-0.21623450569109082	-5.291353617229625	-3.796529318847547	1.3101464465826496	17068.998922600105
2.1223670370700347	-18.289672213691745	-11.932790105148172	4.3553659329110985	17068.994260173138
-3.9788687825572566	-8.808581892339305	-0.03464677147556472	0.41738184690966307	17070.374792088784
3.2297516339040655	9.666490295114073	-4.584375077638768	-17.510484372417366	17068.981091341746
-0.6088013925852138	-5.7786392436408605	-0.8326021068865117	0.7896445421830265	17072.959829562322
-2.1322939497643105	-9.107886480389304	2.8689006182131322	-222.08452396421782	17045.498883577697
2.3650515830296612	-9.421949123166016	-39.65895550074977	49.16927887508959	17099.266814049945
0.03740657887089327	4.982529492045977	-29.974244676386988	-98.78068917208468	16657.656286832476
-3.6219380417465104	30.64322153737602	-170.62079051095662	76.37822997617197	18098.312747542943
7.01155358267583	7.365133078407368	14.84349943697741	114.54677684380152	18175.061473850146
-9.131381816349283	13.092514007283349	-29.034376856746178	-92.0590875346864	18001.132806318623
11.511315134254644	-11.350937529096484	25.533502885457835	48.02395648881114	18252.22378664936
-13.836551444737928	27.05542943529243	-1.5145092424584163	-18.36180323474383	18572.11027125254
13.86463619937448	60.87887658301781	19.873569992543764	23.31267615179621	18000.954902033125
-9.99319888172974	7.002450823388834	-19.319292965139127	6.941092923668805	17622.86973300561
6.997379965474572	-21.33073935241542	21.99138108514434	2.961478701884772	17325.823773089363
-7.639555995360624	-8.574029160968607	60.04549394588146	-23.586800216077933	17015.430690489877
8.18418384855486	6.601588080099418	-8.345874189881656	-14.471225489180753	16816.88951671269
-7.467335704614307	6.620740350638357	10.091656335597705	84.64594949803767	16632.393971994134
8.906618913409027	-18.678680507929954	1.778029098766197	-33.995472811161946	16514.199646525827
-11.770689048399902	3.054561083017603	-6.129799122187848	5.856620240012774	16316.98329839858
8.125376755907311	-14.886410608941276	-10.93572145043079	-69.95972016549223	16193.721835814658
2.568545155884941	2.1969987627222736	-3.590789180676069	-207.3741257305162	16168.454611712867
-14.126848358616463	-15.808600343706331	-4.920814349815188	303.2498645915227	16262.037264232986
28.574434072873466	7.401945655972014	1.8702388571035726	-78.9779695611193	16146.960301494704
-50.24986666198726	7.828029633043727	-1.1262470102333282	32.53425868884568	15932.925307339934
63.802930657595674	6.7005993854909605	-16.717763030739192	-3.6529723518920463	16329.222922073906
-47.05370459784513	5.734434137744671	14.800496129490412	12.611267692305375	16413.236190155483
19.78990787649827	57.80827736657535	-16.20430691425497	1.0354848982845226	16498.130721323116
-11.31282536973638	-9.509501282642915	0.47615884994563373	10.100941765511052	16605.783770029975
9.715532407782177	3.839058579308656	4.622523444837697	-6.3615230464970125	16656.454433391227
-6.328819440018478	13.889908523246518	-24.81081370570351	-248.3780961674085	16698.879417734166
3.3021668088028733	-27.962209050367647	-137.45832343285394	36.9302454032519	16839.20393559165
0.593609268664963	-27.531301210812614	74.68931647992346	8.107612235507034	16484.43145829224
-2.696596372842073	-6.878570716273657	-20.616264497510443	-15.334619678376257	16619.182342307333
2.9199675492350963	27.419834104939397	-5.293622190705236	16.844854050990463	17200.80071488987
-3.8570726415140015	0.950986921948541	-16.567769576428148	-3.5968988375145443	17067.80938076568
4.682429794181466	4.195749045464126	-3.165488519595101	-29.665906772313235	16936.841190894374
-3.6490695344418	8.074443242772247	-23.299934314196946	0	0
1.4199180365283794	-13.527907523393537	3.3476480281618706	0	0
-0.747777572828717	-17.06209529167174	3.854112272646944	0	0
1.2296922774176124	-13.458334423714987	53.46778858005449	0	0
1.0722473239784733	-9.760964566457162	-179.59184410832694	0	0
-2.5078309557445806	16.85922052938787	180.15325336841528	0	0
0.7906822307103525	-17.28845100165279	-199.11452262083907	0	0
3.444077436149918	3.1160783034559216	36.366642274694655	0	0
-6.8259134497708445	-7.092188981998561	23.10089589063473	0	0
6.986679778731542	-3.723540998681031	35.02966318498392	0	0
-5.633831192621329	14.053793296572422	4.652086078241709	0	0
3.9071325649667017	-26.90075775508567	-15.46601329799877	0	0
-2.7711626030113763	1.0145736233309322	4.643804345925204	0	0
4.561656976594222	-19.08333030311099	-4.907988703651469	0	0
-8.673986893632822	21.370159740539115	-0.4995199086634443	0	0
11.370257207719831	-20.822170093195837	4.166142199842611	0	0
-6.712444791804508	-4.3674833692339305	-5.830555445937193	0	0
-3.823172098767074	-3.3905242485134366	15.567142278803146	0	0
10.185647130540751	-4.821805887371745	6.0248876608593775	0	0
-6.860676534985714	15.76636190331486	2.3804653647305116	0	0
0.14289327342941505	10.80974994944232	0.4296147860494557	0	0
-1.7290168277082572	11.88840988227691	-27.958405266098694	0	0
8.222558949099913	6.200072013999716	32.83282751903913	0	0
-10.535213706415732	10.531105696812098	-93.88200522929617	0	0
8.81889635785189	-110.99750150869508	-5.122203531350095	0	0
-5.5132235402390535	44.26404552035	-2.49216213834346	0	0
0.44837767789856997	-15.694565351398069	-10.293512161368753	0	0
5.2571985517869635	-7.498380134940042	12.451678995523608	0	0
-9.827654974786334	22.5578082548041	4.207518673548918	0	0
9.345073305200678	6.717706387555907	-5.205368098307233	0	0
-4.306340051843492	13.597041472038413	-7.3044633419213625	0	0
-1.133970748495436	5.794405313552446	10.20215394119225	0	0
3.4020457718387576	8.414775013812921	0	0	0
-1.1946228141722344	2.993804921489506	0	0	0
-3.135778496977764	7.765102391240113	0	0	0
4.27457486432904	-25.266621789647182	0	0	0
-1.2644883976603793	12.537450055703864	0	0	0
-3.146706231343458	10.282994529186915	0	0	0
7.009426376917304	-7.013456951525988	0	0	0
-8.404029928789285	11.72784794761452	0	0	0
5.9730323328671275	2.2011259415246798	0	0	0
-0.5825278617198606	4.70866744460038	0	0	0
-4.816159523999104	10.088028452218488	0	0	0
9.435850822083523	-142.70956199568417	0	0	0
-12.554310240946137	63.146089466924806	0	0	0
12.61322966191117	-8.36848182879983	0	0	0
-8.1036449087675	60.08197573430528	0	0	0
2.0021327273645966	-74.20911023456921	0	0	0
0.1715716227973445	37.46186898231813	0	0	0
1.4794503733909252	-12.573838321782468	0	0	0
-2.9746508395582794	8.066830443736002	0	0	0
2.8194274420969165	-1.287744692691291	0	0	0
-2.2142897273804536	19.608213946343646	0	0	0
3.25711769160597	13.764594508289662	0	0	0
-4.874047575751405	-19.089319494196204	0	0	0
4.50317939149793	8.061920802570889	0	0	0
0.23824942155867745	5.150146833073634	0	0	0
-5.372171466019019	5.018148261857149	0	0	0
5.703404582001745	-0.17604846834875332	0	0	0
-4.742883589666668	9.244610088721352	0	0	0
4.745681689581112	19.538379019127312	0	0	0
-2.3717403719895955	-15.48558896685472	0	0	0
-2.819104056494723	17.2963951944688	0	0	0
6.1084200876892325	14.385978415849557	0	0	0
-4.008325115844443	6.15880126072738	0	0	0
-2.0914596182906635	-3.1509106393747857	0	0	0
5.768579040646529	-16.0548090562688	0	0	0
-5.923879342821863	1.2168300747577163	0	0	0
5.291877883970642	-20.110472158603535	0	0	0
-3.518523828175006	8.208477140317484	0	0	0
1.1612896694464823	-2.5302266387310866	0	0	0
1.0332760804516639	-11.920235469241504	0	0	0
-4.147488145635663	-5.543728574968341	0	0	0
6.904154826100566	-38.682314129896184	0	0	0
-8.072509574982902	11.869404700113932	0	0	0
8.571346788715395	9.929795848137722	0	0	0
-7.78601126892756	-4.3724218223304945	0	0	0
5.588518671987771	62.40304094179162	0	0	0
-2.850419047249062	123.61270997117508	0	0	0
0.33450466920056954	-13.044229538409674	0	0	0
1.2267818179605072	79.29507225228492	0	0	0
-0.4048863008205714	-61.93490455932457	0	0	0
2.327444362539815	15.273128485973977	0	0	0
-10.309540786344712	-24.32647753641558	0	0	0
6.6218182430805115	-36.69619493772804	0	0	0
11.708550040211492	11.384625789743417	0	0	0
-18.340535269247987	14.774714750874686	0	0	0
8.83256246971559	9.539925410848944	0	0	0
-1.9088000510183178	-1.437380271337517	0	0	0
-0.3844448875466213	14.828526793887931	0	0	0
0.5671231391925318	7.353478801213512	0	0	0
-0.1468844369861202	13.920647256199345	0	0	0
1.129437771329549	-21.24722132918437	0	0	0
-2.2442897129480883	-4.3401649746415245	0	0	0
1.4733666710167412	-11.997336715591587	0	0	0
-0.34059652385301575	0	0	0	0
0.9736529589242764	0	0	0	0
-2.5692665680283113	0	0	0	0
3.4467755738809203	0	0	0	0
-5.349177719540407	0	0	0	0
7.551233880064913	0	0	0	0
-6.334653639865095	0	0	0	0
3.060780081747332	0	0	0	0
-1.076866019643873	0	0	0	0
1.2383077080899767	0	0	0	0
-0.2927393670152938	0	0	0	0
-3.8781134238271733	0	0	0	0
6.127060511855056	0	0	0	0
-4.312238092767622	0	0	0	0
2.625935616444025	0	0	0	0
-1.8754638685173717	0	0	0	0
1.210870698599571	0	0	0	0
-1.9839785543753337	0	0	0	0
1.8918542973300703	0	0	0	0
1.3022103612745326	0	0	0	0
-4.451290622246681	0	0	0	0
5.3461068564507315	0	0	0	0
-3.719031939655011	0	0	0	0
1.4530942552229362	0	0	0	0
-3.795832603242829	0	0	0	0
14.651073269971675	0	0	0	0
-22.07631546653773	0	0	0	0
10.493952425430514	0	0	0	0
2.61750975314051	0	0	0	0
0.4435689044761091	0	0	0	0
-3.557744931091385	0	0	0	0
-1.4073334634847683	0	0	0	0
7.251467271120411	0	0	0	0
-2.444481133448427	0	0	0	0
-6.4388315324551115	0	0	0	0
2.2534604329108916	0	0	0	0
2.493347896437143	0	0	0	0
3.5977128745738227	0	0	0	0
-5.776833055707854	0	0	0	0
2.3266020133226064	0	0	0	0
-1.6848670317901906	0	0	0	0
2.6276615249799633	0	0	0	0
-1.8134750207540407	0	0	0	0
1.0547508062438595	0	0	0	0
-0.5820477324608433	0	0	0	0
2.5351466741082476	0	0	0	0
-9.283263366819604	0	0	0	0
16.391523420622732	0	0	0	0
-14.984104764509269	0	0	0	0
7.695851810041987	0	0	0	0
-3.7142176123245605	0	0	0	0
2.923918724803613	0	0	0	0
-1.722273897975434	0	0	0	0
-0.6456449819083261	0	0	0	0
1.4410282079776948	0	0	0	0
-0.6238384321849679	0	0	0	0
-0.2787690099713771	0	0	0	0
0.7198256914704899	0	0	0	0
0.3584211308352039	0	0	0	0
-2.0616506054011055	0	0	0	0
0.11223584568841005	0	0	0	0
4.606687921444504	0	0	0	0
-8.02636531094722	0	0	0	0
6.30711688886894	0	0	0	0
-2.035555016193719	0	0	0	0
0.7334940169551913	0	0	0	0
-1.7173579062885622	0	0	0	0
1.9691218661140866	0	0	0	0
-2.5474128946047827	0	0	0	0
2.849534834951882	0	0	0	0
-3.6373364952579195	0	0	0	0
5.863361079656144	0	0	0	0
-6.2590713604089885	0	0	0	0
3.847680988821793	0	0	0	0
-2.6370682182348304	0	0	0	0
4.925302893185638	0	0	0	0
-8.698605002279542	0	0	0	0
9.322619842015605	0	0	0	0
-6.603449013076187	0	0	0	0
4.219697805829092	0	0	0	0
-2.7519033294430812	0	0	0	0
1.907067068688427	0	0	0	0
-2.738579621404085	0	0	0	0
2.6030053424476307	0	0	0	0
-0.305546428358781	0	0	0	0
-2.0034729471038517	0	0	0	0
5.0009236773344625	0	0	0	0
-11.664299720989582	0	0	0	0
18.433067363358383	0	0	0	0
-19.38668209694881	0	0	0	0
14.003324501130386	0	0	0	0
-7.0328063996920775	0	0	0	0
2.2751963645730413	0	0	0	0
0.7377656112177391	0	0	0	0
-0.5394619306622417	0	0	0	0
-1.495448704320701	0	0	0	0
-1.8276379396559719	0	0	0	0
7.154960514146659	0	0	0	0
-7.402760020609428	0	0	0	0
-3.0781448251428998	0	0	0	0
15.311755775970859	0	0	0	0
-10.575127247878655	0	0	0	0
1.6822041849160527	0	0	0	0
-4.738852854147964	0	0	0	0
6.25868950339872	0	0	0	0
-1.2352298467224614	0	0	0	0
-1.7306715231394136	0	0	0	0
1.3038036054176914	0	0	0	0
0.6029249351641326	0	0	0	0
-4.4648778453997195	0	0	0	0
9.878276661565998	0	0	0	0
-11.818311070313015	0	0	0	0
7.507934152303967	0	0	0	0
-1.2729954274291586	0	0	0	0
-3.118723663946973	0	0	0	0
6.213905433461399	0	0	0	0
-7.842684193247749	0	0	0	0
7.317185230052068	0	0	0	0
-5.485041052555012	0	0	0	0
4.412122401523675	0	0	0	0
-2.47561025912713	0	0	0	0
-1.3695550534227792	0	0	0	0
1.123893523224055	0	0	0	0
0.311771073217578	0	0	0	0
-2.035184514569167	0	0	0	0
4.162712093948187	0	0	0	0
