-0.05192081481317956	0.552955708847854	-0.04311963979898792	-0.04576254055628226	16911.269292014298
-0.17148304621762378	1.7462258080158009	-0.26661737124769047	-0.32584322852339653	16910.59778252488
0.2039116240071479	-0.8162811222015165	-2.2761736439792486	-3.673622029217398	16910.92083879806
0.15705257778409987	2.1559393173730257	2.3876755355421295	4.472075319077945	16911.675107478914
0.12905659661565494	-1.0130843657871296	-2.2408937613208906	2.104835802583949	16907.045966513793
-0.47538610721647245	0.4076462175473381	-2.246258164034117	-2.3621831549788936	16923.5080643565
0.16815289796795696	1.2660068979382544	8.017533764048437	14.328706950971679	16913.12084173871
0.42510352682749897	4.630666649663183	-0.22987277001061557	-4.753748094646653	16919.17961657313
-0.7066800247182954	-0.23397968716791695	-5.094656952648251	2.9539352943299093	16892.794568369085
0.850645435555542	7.450806231859872	-4.678990925535899	-7.255870851881653	16934.698139669857
-1.1916245765297901	-0.9811021059727807	-1.4665952296440992	7.603907753753717	16923.8425718839
1.0941421215494813	5.563962419804476	0.148359022500145	-8.42311467119778	16897.421160197817
-0.3741182560179084	1.1782748912323768	-2.300786935546512	-0.717260736031264	16913.020806414206
-0.27780845346823213	-3.856699605323456	-5.047528838155387	1.2798472506577951	16923.723420366146
-0.13453158490519712	4.580150179709051	0.1926377714420653	3.502832833922156	16919.352534372476
1.0677153960635195	-0.8610094912266106	-1.4413198572813002	-0.6991589068581163	16925.650050512482
-1.2728969287187937	1.68597468841471	-1.4357283547238637	-0.9743469636266582	16930.57048697561
1.3484638828512132	1.0969922854472784	5.999708108845169	2.383117939585688	16909.594635685637
-1.5399499409255526	1.8830588772167758	-1.76017431409133	3.7415958865950643	16892.112183353263
0.9967451877989078	3.038734981497157	2.62856279658196	10.611205300453662	16883.128837449363
-0.19949116573208414	3.9211608973955805	1.0876714296907295	2.925003746532795	16896.685930165753
-0.19641162468708728	-0.37347538920584356	-8.232890174392367	-2.4137769678008993	16873.84755023461
0.6212720712913509	-1.6263498466801138	2.4034409946179522	-3.9638140660793226	16880.45017471207
-0.23982401960621047	-2.2439892862142017	-2.1913417391173766	6.678601368867234	16911.977266495527
-0.9760449083289586	-0.06524375132685378	1.2341722417275918	2.6418905419603362	16924.412623860517
2.105507503025521	-3.5353266525986413	-1.3586083704470866	-2.178115931916224	16932.819595400666
-2.0063562561514274	0.9418518104537767	-7.474128966532234	4.100781690704352	16904.47124117936
1.5502408084728216	-4.288069350912139	-0.06932181295546513	-2.0868681645032012	16902.382560100104
-1.0032529493303954	-1.0401285013113792	-3.99406494244316	-3.938015808510798	16906.31214842154
-0.17842774469507106	-1.5512781338168509	4.404826907406331	-8.582796877362384	16928.238966690136
1.4969101263092028	-4.133002767647632	-2.601533853612949	5.35566407993592	16922.577220903164
-1.1394329113904789	3.4369272546743233	6.722845910230973	-6.385287079116367	16898.830758113443
0.2395222163806281	-1.012073953163032	3.3922045182866185	-2.1239841840192497	16886.98485132274
0.27834223217526954	2.5137466793809935	-1.509432505407048	0.32485730062754214	16881.827514300083
-0.6877190061195648	-3.8253535505233387	-12.254984475930371	3.937208636362371	16880.953712351027
1.1992883360325806	-1.502379617137045	0.9708648295768114	-1.0341226454142713	16878.904875882887
-1.0160774247273494	-0.9880470836534059	-4.8732450222967145	-4.149617554658661	16867.09290411577
0.5296994372016997	2.1271142760232706	-0.019487582176338947	2.1182620377385604	16879.364021054127
0.38037955426200654	2.986244676835689	1.6745991057368315	0	0
-1.233035965203122	2.4384032722409046	5.441985095973649	0	0
1.739135701160457	2.827910352080437	1.12830485437172	0	0
-1.6568985996193675	-1.8005536820462993	-0.9666449627898146	0	0
0.9557440488397546	-1.6588380684192714	-0.5199668262615376	0	0
-0.26080936710174285	-2.805931927159712	1.5488599752799246	0	0
-0.8170658770552421	-5.043799942112315	-0.1971208382944667	0	0
1.3091071340126348	0.5018523668339441	3.0984850701147053	0	0
-0.878593579324864	1.5522267544280908	-0.08616229601825864	0	0
0.5625920732802641	-1.366067071452754	0.4842120108574193	0	0
-0.9719190611005146	-2.8502150375302406	4.991088184688223	0	0
0.6026464169047898	-1.5619988531860614	3.026355679038275	0	0
0.034889799964936685	0.6122841239317722	-2.201371979046712	0	0
-0.17869839971672974	3.807517868567402	0.7382800995716394	0	0
-0.6804765805911259	-3.606691032032785	-0.10923062466039823	0	0
0.9947781965166556	3.5043481204867177	0.5566253098002107	0	0
-0.5267647119137493	-1.7111577092787158	-0.815989377678136	0	0
-0.537429789440452	-0.6204643353163348	5.825551226802801	0	0
1.6743146641532434	1.3479360237529363	0.5733236749982495	0	0
-2.2219872896941553	1.0576633029436309	3.9118554593742374	0	0
1.8290935400823898	-2.009260450866904	-0.6987903767499546	0	0
-1.092845792433593	0.5584732717947318	5.520944632442777	0	0
0.7447953942325967	-3.4721606267371783	-5.0516307099009765	0	0
-0.7779795878748317	1.6086109084745672	1.605652079658725	0	0
-0.10966990177819724	1.9181548650986784	-2.4266362617547514	0	0
0.5848918874268136	-4.512735978848113	0.8178834423326578	0	0
-0.07022935937646935	-1.907366524230362	2.1158152731258753	0	0
-0.1456593112840281	-0.07819763039451999	-7.369265873683759	0	0
-0.3178186718134981	1.776260947652439	2.412482413299699	0	0
0.8759022061035893	0.0226825153095902	-0.9208372164690104	0	0
-1.1859816038336817	2.2105037510856818	7.078923263391459	0	0
1.8794529191157352	3.01182723786998	-4.494533328924888	0	0
-2.3675024394308224	-4.189090063052966	0	0	0
2.123842388821977	7.548241333201787	0	0	0
-1.4621634617541375	-3.0183782830093406	0	0	0
0.7278589369822441	-0.447382236911551	0	0	0
-0.16615524461600728	-0.2732653374639398	0	0	0
-0.3631088436285097	-0.7941659282942339	0	0	0
0.48764948874590175	2.2184710304670645	0	0	0
-1.0873889106743277	0.6972202240287331	0	0	0
2.211444045547097	1.2397690260711087	0	0	0
-2.05283100379787	1.9841638187059942	0	0	0
1.2613543730320629	2.575292247277872	0	0	0
-0.5895697597935694	-0.22229693809943285	0	0	0
0.5334374718394201	0.3217920248728703	0	0	0
-0.3072223207570133	2.4723940147640135	0	0	0
0.0257076703403456	3.4885391149607727	0	0	0
0.24464001884953035	-0.1815978678095007	0	0	0
-0.789127928099397	4.029260215489721	0	0	0
1.604550153567999	0.46756383751344543	0	0	0
-1.2296323359964845	-9.382856857975675	0	0	0
0.39831172125116865	3.294044863378865	0	0	0
0.4680967336641828	-3.2391596696393563	0	0	0
-1.0067751875371513	-2.7259717981856255	0	0	0
1.1502515632939847	-2.520090547377535	0	0	0
-0.5655194896633873	1.211602430814068	0	0	0
-0.04325353972824786	4.197501098620499	0	0	0
0.3794285531939181	2.8834430139488134	0	0	0
-0.16181349943924062	-1.7208469508801159	0	0	0
-0.5277963012351705	3.0046782301662276	0	0	0
1.2055094123655223	-5.329895568538085	0	0	0
-1.0561119127039902	2.049526406204329	0	0	0
0.6912461797612863	-0.13290368796790375	0	0	0
-0.4667308571019362	-3.603937874692271	0	0	0
0.038122885858939526	0.45081381004752785	0	0	0
0.5314492733490468	-2.6283170085465315	0	0	0
-0.4585006884726468	4.8865494469403075	0	0	0
-0.5070537420362555	-2.854560224404416	0	0	0
1.095427449985202	0.18783525481304508	0	0	0
-0.6572061453176588	2.0912155979343936	0	0	0
-0.2964278994511176	7.667867426472462	0	0	0
0.8638913597918503	-2.326071471638784	0	0	0
-0.8948017229033454	1.4477262090452356	0	0	0
0.48430485843016413	-3.3332729222765707	0	0	0
0.25344036103168577	-3.547511598062904	0	0	0
-0.9876585722305364	-1.0770027953051553	0	0	0
0.9380624498565879	1.1328454203471736	0	0	0
-0.7947807448875466	-4.068060783051543	0	0	0
1.5423241157445347	1.799511349942719	0	0	0
-2.21770884069106	-0.7897149514123925	0	0	0
1.830686436448076	6.956918725785563	0	0	0
-1.4898228205806916	-3.819430248244508	0	0	0
2.0847822355800716	0.06096631251365636	0	0	0
-1.4883664901932434	0.6551202433531742	0	0	0
1.8979722268287418	1.5370262727553268	0	0	0
-2.506907045097698	-1.1750559288290034	0	0	0
2.4073886909591664	-1.9197910703723267	0	0	0
-1.1655890478009425	1.4044925375505812	0	0	0
0.17553789218944615	4.009876218882482	0	0	0
0.6357856649901095	-1.778744451991713	0	0	0
-1.5174689008514832	-1.0954615988301768	0	0	0
1.0393807408591798	1.4438794404640447	0	0	0
0.22536077415509936	-1.6980846560781728	0	0	0
-0.008530766229696951	2.307915712962192	0	0	0
-0.6771025515964553	-0.06234892054739305	0	0	0
0.7019946463238966	0	0	0	0
-0.5117014513297207	0	0	0	0
0.6407021071523502	0	0	0	0
-0.5456246373954272	0	0	0	0
0.023457087152358724	0	0	0	0
-0.4907150914415652	0	0	0	0
1.3494340733047139	0	0	0	0
-0.606133809650764	0	0	0	0
-0.604975848387511	0	0	0	0
0.6959640966497247	0	0	0	0
0.1801217779661286	0	0	0	0
-1.2538205071395083	0	0	0	0
2.1053136185418495	0	0	0	0
-2.59890469970329	0	0	0	0
2.758569296273926	0	0	0	0
-2.1498131717857305	0	0	0	0
1.8832534026315244	0	0	0	0
-1.2972784376566437	0	0	0	0
0.02334985718748328	0	0	0	0
0.5314812364175481	0	0	0	0
0.17757779492467307	0	0	0	0
-0.6916241881365934	0	0	0	0
1.0017491072932216	0	0	0	0
-1.0460362613676253	0	0	0	0
0.8157368813751162	0	0	0	0
0.10874960402106382	0	0	0	0
-0.6209435056675972	0	0	0	0
0.7134323908214384	0	0	0	0
-0.579980533383889	0	0	0	0
0.1788587520610747	0	0	0	0
0.25014744677744716	0	0	0	0
-0.1779523360741706	0	0	0	0
-0.23897484658876067	0	0	0	0
0.5611229322383267	0	0	0	0
-0.5826803080493335	0	0	0	0
0.5051752364719064	0	0	0	0
-0.5030807454095836	0	0	0	0
0.8090333699728589	0	0	0	0
-2.027965339957433	0	0	0	0
3.369100016435617	0	0	0	0
-3.3280845854283	0	0	0	0
1.851464265450666	0	0	0	0
-0.8716038977206466	0	0	0	0
1.0208627478669285	0	0	0	0
-1.476806628960233	0	0	0	0
1.6973322639556798	0	0	0	0
-1.1912885949967986	0	0	0	0
0.23302221865330353	0	0	0	0
0.6893343226573307	0	0	0	0
-1.4776822017823932	0	0	0	0
1.5996046191595852	0	0	0	0
-1.4283316803514765	0	0	0	0
1.1967523597363794	0	0	0	0
-0.874031598377961	0	0	0	0
0.3401580060271385	0	0	0	0
0.10724564023125538	0	0	0	0
-0.17022509328597835	0	0	0	0
-0.4220639319684807	0	0	0	0
0.43439724364811383	0	0	0	0
0.6323078872986514	0	0	0	0
-1.543222537383322	0	0	0	0
1.4406091687782663	0	0	0	0
-0.7383376877115779	0	0	0	0
0.5838718883411715	0	0	0	0
-1.235389407006359	0	0	0	0
1.4154540217941758	0	0	0	0
-1.3634695082831456	0	0	0	0
1.0377939193384833	0	0	0	0
-0.3890374222522084	0	0	0	0
0.20621269151884292	0	0	0	0
-0.6358915215886185	0	0	0	0
0.4425023119701663	0	0	0	0
-0.32048375374267835	0	0	0	0
1.1400240196084965	0	0	0	0
-1.8055488126234138	0	0	0	0
1.464629403074106	0	0	0	0
-0.518311133788508	0	0	0	0
0.13881433634762885	0	0	0	0
0.15389270622144124	0	0	0	0
-0.45768195951456647	0	0	0	0
1.086151413837527	0	0	0	0
-1.1058653162895027	0	0	0	0
0.5280644624087429	0	0	0	0
-0.5754681387531448	0	0	0	0
0.9212109648131559	0	0	0	0
-0.9769881254188277	0	0	0	0
0.810706859428791	0	0	0	0
-0.3765138145807043	0	0	0	0
0.6210475976466654	0	0	0	0
-1.328083546468136	0	0	0	0
2.0009020068589933	0	0	0	0
-2.388314075181462	0	0	0	0
2.7749034615414843	0	0	0	0
-2.2716426405164967	0	0	0	0
1.15474446778898	0	0	0	0
-0.23533164781697025	0	0	0	0
0.4085788618387909	0	0	0	0
-0.6123174268978033	0	0	0	0
0.3942949538182674	0	0	0	0
-0.6707989629635236	0	0	0	0
0.9045108957387242	0	0	0	0
0.32186382246586476	0	0	0	0
-1.4399067415050624	0	0	0	0
1.4146044560197453	0	0	0	0
-0.5603231629184577	0	0	0	0
0.23917078708445416	0	0	0	0
0.1482295464267338	0	0	0	0
-0.23922844893355233	0	0	0	0
0.30575667143447305	0	0	0	0
-0.02405893419698657	0	0	0	0
0.135081865298595	0	0	0	0
-0.23103724593852348	0	0	0	0
0.131083340090008	0	0	0	0
-0.21746257165919047	0	0	0	0
0.2932356592705858	0	0	0	0
-0.0653508998296175	0	0	0	0
-0.6090964567304695	0	0	0	0
1.1445537373280246	0	0	0	0
-1.6628608716022697	0	0	0	0
1.4910399693619638	0	0	0	0
-0.7741573054291564	0	0	0	0
-0.05651354475031667	0	0	0	0
-0.1651502746939073	0	0	0	0
-0.11421982498873007	0	0	0	0
0.21167337419046106	0	0	0	0
0.3450014453739385	0	0	0	0
