0.005354656505822675	-3.1788122520192204	-1.7024075959151475	0.5927109231779895	16921.145152794143
0.9037585980617564	-10.62432294729281	-4.903055486470905	2.2503456111178366	16922.22403253387
-1.9810296929848903	-0.599709330746613	7.812872091686899	1.89967717190639	16921.647742761095
0.7463476971438112	-4.333101121557277	16.71663498479748	-15.866396956992702	16921.342096427794
1.1425704434696797	-3.5378975698121096	4.303280058676876	22.191677025519994	16927.530307655856
-0.9490041878362163	8.40161702182391	-4.479684038596986	-12.527253655759424	16898.375267596395
-0.3879201748635168	-14.702721832135843	-5.959538379455864	-16.137502534555665	16929.88242532727
-0.953828493779362	0.9194027874753061	-25.063260394192625	-1.9804869567181527	16965.904590722435
4.081943458131768	2.217145234463075	-7.289597985593289	37.27942915280015	16968.066614546977
-4.573030557170192	9.936213207746135	1.4945433274089908	-31.66514571940428	16983.729599896946
3.0492749426660097	0.8227973868979035	41.613646062119074	24.537966968697702	16979.47506608498
-1.0919345499288227	-7.850777962305401	-6.224805092548337	24.22462013414163	16940.96910350074
-0.04697906353737835	13.816683528973414	-11.48440022019274	10.851922033140255	16887.267017309263
0.6517062466468317	-8.700993618313483	8.54350880319086	6.17835424481143	16939.892249996257
-1.3482362730782782	12.27019371960872	-34.644457483727166	7.450213745751455	16943.462951814832
1.8896817799359482	12.7733461541888	-4.327652161571834	26.58587715881707	16964.335481087408
-0.27116604050236504	9.108656892759484	-0.792821709457769	-5.552058629735086	16914.537047276557
-3.1390832557886554	-12.376616133535322	6.180291937872909	-23.962232878801217	16985.599848791127
5.5982568811497515	15.930582158629285	7.527447499800502	1.080615981638232	16948.368634355174
-4.934447518421457	-19.513304478758045	-14.188495504924305	4.026018246403879	16891.207802438552
1.1631381192967893	-0.2638536990333904	-3.3557549125699353	-19.155361198335072	16853.676853894463
-0.2853918712310417	4.760962203302881	7.422241512637683	6.32124835253633	16899.303552303787
2.908390793128966	-5.335449383017163	-9.536762068988807	-39.04511996437559	16890.848374853267
-3.0602778775467527	5.0620125161787755	-2.4723289300849842	11.037198227068316	16864.711609736645
0.4706774063986998	-7.463000808957538	17.424408110450372	12.588184752269086	16960.165308731048
1.2634061325389894	-6.756420829067011	-4.265963681865742	2.5132440121872435	16870.330376281796
-0.6096352418513646	-0.3747066162845982	8.565143087740495	-6.347987147426991	16955.24443283153
-0.6901668900171245	3.7541650911160787	6.733179880609256	-36.48047402227749	16914.582013026833
1.846875571837728	-11.10716974243924	10.121865867720217	70.16085630766648	16934.22749255199
-3.6342093182303614	6.764588244054053	-15.679417703067756	-24.467459690190992	16955.984720810466
5.174452795960875	4.001014389690589	-17.34400513523113	-4.371206995293633	16927.35469288524
-5.426526316312838	-1.3435613681245684	-8.85016762465331	-34.33051420385142	16905.295010601916
3.610402097130745	-6.775232045732153	16.26454603020234	-34.20687316763009	16814.760467096115
-0.42965871742027417	-11.402250857833813	7.7370474579444135	12.705913754955645	16743.352807259726
0.33925783940699716	-3.6964345819079796	-40.70976108309709	71.5044697276369	16684.987154992108
-6.087309421370151	-0.3706801095638994	32.386342138099636	-16.32939603100688	16580.44697211661
8.753035601196387	-7.89217805266901	-4.223217021393097	-77.0050897470433	16218.182146411586
-5.531656070449998	3.170116931136967	-13.653092482505429	29.341252868163636	16328.098629707345
2.2214187933473966	-2.2926304016995545	10.432922210168002	0	0
-0.8501722854908351	11.099404617398314	-2.5708881066169624	0	0
0.6059486668316296	4.77158757890448	-6.62042432841838	0	0
-1.4945059864547048	-10.798472435152448	9.542455783850855	0	0
1.1816714130254837	10.704992845816626	20.196553328753254	0	0
-1.6911737439766128	3.2549029001629037	7.735027132090551	0	0
4.049718818458722	-9.625596405053756	-26.178968989104348	0	0
-6.858392732272357	-13.778688965423363	24.799829381970085	0	0
8.317690485263583	14.62806169580012	-23.477051059622113	0	0
-6.532384509669534	-18.336371514293035	11.2169259362839	0	0
2.6988929700104904	10.431589472769915	58.26326218777014	0	0
-1.275118219362696	-7.495072573410418	3.5450758370582065	0	0
0.40867068268708806	-9.285987399958245	-19.177752644007796	0	0
2.299029332297472	13.86591246318855	-25.918041144869093	0	0
-4.2522220766934	-5.298525259275415	5.196840446899586	0	0
3.8154551841392177	1.233998431957609	16.222485849128134	0	0
-3.7716693302914734	3.73763703341524	32.091963885989216	0	0
4.565440445140325	-7.662577499149087	-1.2020015881965946	0	0
-3.353701425362331	11.425350109029097	12.50252296804861	0	0
-0.4665594905487538	-2.9371893007040413	2.9563065214384494	0	0
4.586237355557451	-12.642939299453893	12.336701759567916	0	0
-6.3584501116205985	13.580092346689923	14.020073866634647	0	0
5.98329362542097	5.05011663915672	-7.568439501586141	0	0
-3.596775797815333	0.07567985905686925	10.394594723989115	0	0
1.0280169138412205	-12.248569037230382	3.9468384347999574	0	0
0.46370489557682504	-6.585853048202438	-31.650489705998083	0	0
-0.8030735996106486	-2.3680077938185136	-41.21236483124207	0	0
1.399825277949894	-4.53059552187753	-2.325521429914332	0	0
-1.2962963708077666	-10.153622045262281	4.1408004362433815	0	0
-0.028986199924496248	5.8138832206539774	-6.025366533934516	0	0
1.6739307469999858	-7.006998070442727	20.091974333038607	0	0
-2.254994359003213	8.422533769918324	47.66127512025871	0	0
1.3824668754463971	-6.21153182781196	0	0	0
0.9561113656618545	29.320240501527046	0	0	0
-2.629075621300622	-21.809189074253744	0	0	0
2.258588819759538	7.627779984197467	0	0	0
-2.355344026372677	-14.297047752661378	0	0	0
3.2864403216266282	13.170415667221285	0	0	0
-2.504127699366826	-12.739086106738377	0	0	0
0.6207413095783068	12.499107672779836	0	0	0
2.23967544975266	-13.935145732889112	0	0	0
-3.634847992070263	22.93312310703201	0	0	0
2.2905426718254773	-7.866355779851588	0	0	0
-0.687421802642433	9.480549338401119	0	0	0
0.7271523088546985	-15.069613489169463	0	0	0
-1.8530026359019232	13.622591518638615	0	0	0
3.4048673738090898	5.8407340167282555	0	0	0
-4.445472815428623	8.40491608393102	0	0	0
4.548096182514676	13.661468572528953	0	0	0
-2.8085903349238777	-22.845322984709178	0	0	0
-0.21159932440950513	-4.324841484587125	0	0	0
2.2298425318794983	3.5396782124611192	0	0	0
-0.5734977191443704	13.122944330270258	0	0	0
-3.0423177672869244	19.366724821076566	0	0	0
2.78562968945824	-4.957391814639202	0	0	0
0.45783987429523876	14.357141694579596	0	0	0
-1.3261186961876916	-12.051525405712056	0	0	0
-0.24524342995604798	-40.95525653417677	0	0	0
1.863840905684782	10.071877149834023	0	0	0
-1.057831500795821	1.3510805144284177	0	0	0
-1.4236708060855108	-0.0748666423651585	0	0	0
2.621524358884855	-18.855928122277113	0	0	0
-0.9313707566686489	10.794887267674277	0	0	0
-0.6424799943263153	2.2415401677640077	0	0	0
0.6835826166287049	2.4629699211908616	0	0	0
-0.2875364501623423	4.358127070867397	0	0	0
-0.34218019244452336	-17.142925566063028	0	0	0
1.792938646375795	4.513283782884898	0	0	0
-3.295442428462408	9.75553293225395	0	0	0
3.704726103053609	-3.7612231062384467	0	0	0
-4.27335605138061	-1.4592563748383967	0	0	0
3.583578420043544	13.690506037301297	0	0	0
-0.5787011190910505	-18.91723411199161	0	0	0
-2.3371883514199325	-25.025987941192618	0	0	0
3.634650322607065	1.5730875635724146	0	0	0
-4.53205758099233	-13.224109619139199	0	0	0
2.9393180327835964	21.83454274439422	0	0	0
1.6597386578540991	-3.089501617378694	0	0	0
-4.915305131954852	-3.7825446330508044	0	0	0
3.872341132047822	2.575119123539622	0	0	0
-2.0188119368784427	7.460965667440988	0	0	0
1.4594019702217906	-5.99903419839351	0	0	0
-1.1760760005238708	-15.538368397280692	0	0	0
1.894490650336536	19.87069835845994	0	0	0
-3.77084920010509	-20.872718632285398	0	0	0
4.024503110144174	10.801652711193945	0	0	0
-3.4181623184321026	-41.326413801590114	0	0	0
3.8163563708940558	21.267698254672823	0	0	0
-3.5623745484640494	27.968814309881274	0	0	0
2.7975314134518783	35.14241180507082	0	0	0
-2.1907209619410466	-3.1972958238860514	0	0	0
-0.19158614775751204	30.945804389201896	0	0	0
1.9970423030983682	-42.021737661382915	0	0	0
-1.2078656759872288	4.830299595625405	0	0	0
2.007193009981087	-40.3925547295245	0	0	0
-2.7677084162048047	0	0	0	0
1.1964984256765518	0	0	0	0
0.010775806062518711	0	0	0	0
0.2557675065685032	0	0	0	0
0.8690332642345808	0	0	0	0
-3.2994915237607856	0	0	0	0
4.478812709265647	0	0	0	0
-1.2204898398296606	0	0	0	0
-2.924507324031275	0	0	0	0
1.7514746025158985	0	0	0	0
2.2593894889533246	0	0	0	0
-3.7621041484527495	0	0	0	0
3.412475534477089	0	0	0	0
-5.369690967928179	0	0	0	0
6.760605101681733	0	0	0	0
-5.0385816558288425	0	0	0	0
2.357834989086385	0	0	0	0
-2.7218154271630652	0	0	0	0
4.2997123631642395	0	0	0	0
-3.906372108939024	0	0	0	0
2.5393941008406813	0	0	0	0
-3.3724290067311813	0	0	0	0
5.425753278272836	0	0	0	0
-3.8001458859648096	0	0	0	0
-0.23233019384335307	0	0	0	0
1.2744266386067409	0	0	0	0
-2.29910382356001	0	0	0	0
5.038347382626078	0	0	0	0
-4.338131667946335	0	0	0	0
0.19530218623421547	0	0	0	0
1.9835891796876624	0	0	0	0
-0.5432135256484827	0	0	0	0
-1.4190038802169411	0	0	0	0
2.0757565391311417	0	0	0	0
-0.6788882456264531	0	0	0	0
-2.8508741638407002	0	0	0	0
4.400887235731588	0	0	0	0
-3.4206237410875673	0	0	0	0
3.23462609561512	0	0	0	0
-5.175019033190587	0	0	0	0
8.57858718470797	0	0	0	0
-10.684606885387865	0	0	0	0
10.550207007788792	0	0	0	0
-9.186069897874525	0	0	0	0
7.542353441451361	0	0	0	0
-5.61645256292271	0	0	0	0
3.341774996996385	0	0	0	0
-0.7337594798867926	0	0	0	0
-1.4841295710049707	0	0	0	0
0.7739497337145309	0	0	0	0
0.1678194429836779	0	0	0	0
2.593315920279153	0	0	0	0
-4.204110393750533	0	0	0	0
4.675849006096129	0	0	0	0
-7.615499249134011	0	0	0	0
6.300007828197614	0	0	0	0
0.9724784544921761	0	0	0	0
-4.491872261231876	0	0	0	0
2.1573686808584185	0	0	0	0
1.7620489152451313	0	0	0	0
-5.289098533200786	0	0	0	0
8.504252193800419	0	0	0	0
-7.5364412708363915	0	0	0	0
2.860628679539502	0	0	0	0
-1.4118362001022717	0	0	0	0
3.5139234516213023	0	0	0	0
-4.543398983142282	0	0	0	0
3.9855657643035087	0	0	0	0
-2.54670579877466	0	0	0	0
0.37906741316666626	0	0	0	0
0.44345831133357194	0	0	0	0
0.9595375496734846	0	0	0	0
-1.0097886127842415	0	0	0	0
-1.460103841764095	0	0	0	0
4.135090206023634	0	0	0	0
-5.796199910708928	0	0	0	0
8.007730192277528	0	0	0	0
-9.393517283058962	0	0	0	0
6.700718203329423	0	0	0	0
-3.4489599329815164	0	0	0	0
4.345850677691018	0	0	0	0
-5.801923906095304	0	0	0	0
3.9549489103857667	0	0	0	0
1.0217541710902864	0	0	0	0
-5.836188869579331	0	0	0	0
7.69940952480529	0	0	0	0
-6.572184107633049	0	0	0	0
3.260282893003918	0	0	0	0
0.6116467900759872	0	0	0	0
-1.9627256462939613	0	0	0	0
1.436551230537475	0	0	0	0
-2.0787776822067414	0	0	0	0
2.7212293017467672	0	0	0	0
0.4687560327920366	0	0	0	0
-6.966282916580184	0	0	0	0
10.927551346025162	0	0	0	0
-8.875060865512346	0	0	0	0
4.60735468742849	0	0	0	0
-2.4737936653972668	0	0	0	0
2.5782761124845166	0	0	0	0
-3.922760534140764	0	0	0	0
5.749095608318235	0	0	0	0
-7.001872668724431	0	0	0	0
6.904782162030081	0	0	0	0
-4.786434809207634	0	0	0	0
1.2524343699244227	0	0	0	0
-0.3891244195128749	0	0	0	0
3.8724283168749807	0	0	0	0
-6.140505968225021	0	0	0	0
3.57903233199513	0	0	0	0
-0.6081642804754424	0	0	0	0
1.1968119731554125	0	0	0	0
-3.2675667864649967	0	0	0	0
-0.9777438277985624	0	0	0	0
11.62126697232437	0	0	0	0
-18.114839605412172	0	0	0	0
13.412740359386397	0	0	0	0
-4.995420601876418	0	0	0	0
0.20150404149838153	0	0	0	0
4.319707694531104	0	0	0	0
-7.792931135961034	0	0	0	0
5.896072876708921	0	0	0	0
-0.44988071614684344	0	0	0	0
-0.011634377722835154	0	0	0	0
-3.652245684296396	0	0	0	0
1.499148606547358	0	0	0	0
