-0.11153875904640387	7.832531918939651	-11.567792792806088	-0.13512959766319455	16851.293747747823
-1.8124593161337614	23.83028752254583	-37.23327884921845	0.8793124427280645	16848.65106489147
1.936374540481026	-7.547681815891451	6.832036164706679	7.856817959883443	16856.117949196952
0.6458501571390656	16.716422298495416	22.49055752085644	8.808012905723274	16850.44863090388
-0.8285855294702458	4.919648800034352	-4.864574821219705	-12.012209087076954	16849.369662660876
1.044926480850073	7.589339950753555	5.135157352780496	-17.294405365223284	16855.706870319707
-0.9621167793629581	-0.3185631118069949	-12.956497039660462	-0.329213185598789	16996.33939719462
-1.9301511863059275	-20.22507528015626	-18.9920144459513	-26.125076990050985	17006.771195317797
5.291588603277056	8.012943016966034	-2.3061411302281414	32.98943443002739	16971.405914525098
-7.2859918170706095	-10.824636428349024	42.34806801526064	-21.592046470162856	16922.98343670881
7.818867669196756	7.492295046550126	0.8612388641449371	-0.32464041955888945	16847.438038307722
-5.847784275449023	-9.13798086338501	-23.63274068061625	-15.202188646549175	16906.036047363905
1.1325389828923278	16.435246541787464	17.146281865024363	8.640055253469853	17003.818853641726
3.136365402135553	-16.335114405910673	-15.808185288071172	30.051833647826925	17019.34242279037
-2.98342948032964	-8.215950920031538	4.6428917093269035	0.9536592621965241	16927.5944304889
1.098352556826427	20.39820803510822	-9.671959891877393	15.376313738300425	16979.010820578696
-1.1920090268347465	-7.557489949148412	-22.439782443658444	5.274639856960704	16966.486350200263
2.0288757996396214	11.211475724748297	-11.952236037304559	-16.068958932359465	16937.11615692104
-0.8141209245081882	2.082923435487423	12.928606926135373	17.564624549239483	16970.317019235838
0.4027291184395594	18.36373886579746	11.538777167035292	7.484477257409026	16990.584919595836
-2.6596762224551327	-7.69075992474761	45.19174271838989	-13.360033617394663	16940.41361706809
2.604335602305518	7.787433312574898	3.3678664530244475	20.901626714738484	16864.693612877305
0.6611586839276384	-6.834072288947176	-1.402871159625633	1.550558702332907	16945.250610738207
-1.9883711952184555	10.11664093609896	-20.566527549157314	-2.784966877307511	16949.62296357633
0.390526295708149	8.126260670051941	6.0416441314915375	6.152593702754032	17034.3248914493
2.198253282944549	-9.253972876491396	4.374666551998757	20.030948779525787	17017.13604340298
-5.322764648357875	2.2139399037801724	-29.62014654355815	-30.089219080086693	16855.549461909028
5.657909915652084	0.6420730298544868	25.802406980833823	-20.722056280251138	16893.678318196187
-1.5538089147425467	-3.847760978745036	-8.379308925386994	19.197424263418668	16848.366290433856
-0.7250080131366161	-6.209421679364539	-15.279442589998496	-19.122995267841375	16757.11232032461
-1.2770662781548339	10.300563444495864	-5.577624862442363	28.638432086420067	16828.294189987766
1.7701078816870464	8.706444632758945	23.567785607666707	-3.263765658097114	16902.99199247227
-0.20358340049084944	-25.399729263574244	5.547094978763624	-23.149556275309166	16906.61889956117
1.3806187021318124	16.493094459122474	17.77880531175299	13.566934405888873	16921.251773511714
-3.2709613360006173	-12.925544847863783	4.3460875813524495	28.70726300342784	16864.852318855206
2.9209162567450377	3.3255948511183604	-0.3378137420142906	-9.340300893317632	16880.833335825628
-0.4949163312981355	4.403760323939309	-2.598714295432117	-33.53190013686981	16889.738337821836
-3.071341651351972	-2.3931781025311025	-3.462908990593249	9.642760446657121	16987.149677443096
3.176815240044938	10.045022876073674	-13.359674352963324	0	0
-0.2154923061336902	-18.80684784042981	4.718767321159987	0	0
-0.9273011139939769	8.955471731017127	-1.493746702218104	0	0
0.8009615841070001	-4.890863195554374	-3.4568837649521242	0	0
-0.9166554496398547	7.619159792772507	8.441956252898692	0	0
1.7440048341748877	-11.730124909163465	12.217872753053243	0	0
-2.5709912714803593	-8.797712872955678	-5.347292704074249	0	0
1.5733102348002177	-1.327693734839528	16.516337157145216	0	0
0.7627056321679504	2.065302838496116	-16.79436056603342	0	0
-1.479658268399028	-0.922991588704626	-7.079970302848366	0	0
0.746509379944591	-1.1734427677148744	-11.832779246282826	0	0
0.16536436572256719	-5.801281513062733	-2.5923669183697484	0	0
-0.3999088443391656	-8.35757339752594	-5.462141240981154	0	0
0.37315954338786383	6.46045919769837	11.644136757508164	0	0
0.1230141789149215	9.193562427061778	-0.9364800067089902	0	0
-1.2157471216605273	-3.5718109391262587	-20.493198497581005	0	0
2.21213838730322	0.19027456303557955	25.52557351605755	0	0
-1.288520547495402	-4.059229279194952	36.13770965980069	0	0
-0.7384512255711826	-2.0975784592526736	-22.81831021739258	0	0
1.3183032639925614	-1.2295151941564768	-11.860912668684534	0	0
-0.030439179650755932	-0.0723444649608993	11.76431704248644	0	0
-0.42494260497748115	4.496153979831369	-11.814443263068256	0	0
1.5406560722373968	-5.547250984201277	-6.295727172241328	0	0
-2.841290749987337	2.183806569818259	3.829078837123589	0	0
0.41540994324749647	-4.179384347147767	0.2408698360555519	0	0
3.1334509672093986	-8.48020040681913	-0.7871806397026688	0	0
-2.067091011561864	-2.6564939024641987	-23.299770162369967	0	0
-1.3126562678870286	-0.6765668629136101	22.52558518745171	0	0
2.015958099885303	-3.2027630510993887	-10.096298475544273	0	0
-0.5971473005338623	-14.733773628144853	4.953031278285863	0	0
-0.6537049655614382	6.236540452439613	-15.758533246203456	0	0
1.3675662633625265	-15.398564451464942	29.19348962484709	0	0
-1.2334234003941233	4.433566884169956	0	0	0
-0.9266794964302107	-11.77920672732214	0	0	0
2.1782833119211915	4.096880750951513	0	0	0
0.5057984491910616	-2.692084409447027	0	0	0
-2.44907037868618	-12.572086975485057	0	0	0
0.3223308219810548	9.206831618733688	0	0	0
0.41607689481597276	-5.739395923102521	0	0	0
2.636871727655617	4.407246882780541	0	0	0
-3.759930326836276	1.6614021202676454	0	0	0
1.667099572906551	2.8827231059033025	0	0	0
0.12230272279965959	-0.12619212548283798	0	0	0
-1.0430139595029857	0.9659554133213462	0	0	0
2.919528447187531	-1.7264351662406838	0	0	0
-4.834506996077394	-2.2692633843239918	0	0	0
4.57647883756912	-13.043322162200212	0	0	0
-3.479505104861076	-1.914478284954285	0	0	0
1.940348004892357	-5.586230056598978	0	0	0
0.8772584560112335	5.228576201141351	0	0	0
-3.0990383644272086	2.8921559259869056	0	0	0
2.629430022975214	2.132131630432923	0	0	0
-0.8898469509226885	0.8875714718949794	0	0	0
-1.612334901653611	8.878801986414395	0	0	0
3.168542757604385	-11.167573988367934	0	0	0
-2.4591871969553054	3.617763666856085	0	0	0
1.409281572856841	4.7354692403795084	0	0	0
-0.4770767884818099	10.578192973174694	0	0	0
-0.6883490855540373	-14.250558791418534	0	0	0
0.15519591978087277	-6.795817356966197	0	0	0
-0.004822351231467792	-6.3751866133755115	0	0	0
1.988578041674323	0.3060375588493258	0	0	0
-3.4961409051609422	5.399722853365212	0	0	0
3.018578725576752	-13.024891348804374	0	0	0
-1.785457781847093	11.345395025005182	0	0	0
0.3522053338050455	2.48510345115065	0	0	0
3.1807352925738996e-05	5.971752351397917	0	0	0
0.7148988194123262	1.4813894231016818	0	0	0
-1.0898029688306607	-9.960893526323638	0	0	0
1.0659481251332537	4.382090806219956	0	0	0
-1.133631860164357	0.2569804718150408	0	0	0
0.9103275778081255	-7.169591260200264	0	0	0
-0.9531267171775895	14.901339165557644	0	0	0
2.777485103932456	-22.904969694199096	0	0	0
-4.943508570218107	5.20599542157084	0	0	0
4.863780395503042	-0.5736713918297056	0	0	0
-4.4149705069071885	-10.94291954000957	0	0	0
3.457101270219084	-1.384545148232732	0	0	0
-1.6885782582589712	-0.4123495697166035	0	0	0
0.8900263862991835	4.939317141427537	0	0	0
-1.1734462757053024	-17.139383254725615	0	0	0
-0.5795235728168393	14.443104899049274	0	0	0
3.356000169372436	-9.02429928321829	0	0	0
-4.1450359495411675	-4.625359071112591	0	0	0
4.273332912725365	7.425192055393751	0	0	0
-4.835358557731752	1.07648216576397	0	0	0
4.36414553773124	7.397948099277251	0	0	0
-1.4361926963360148	-6.7894011428382655	0	0	0
-1.4819433222744536	7.985782833009395	0	0	0
1.9985943650552258	-0.04510547822791011	0	0	0
-0.9434964024888401	-7.0764129270311145	0	0	0
0.11131951315375233	-6.418032665409633	0	0	0
0.6086428799147328	9.822107366586039	0	0	0
-0.9953063229918939	3.7306428599162373	0	0	0
0.23331394431622243	-2.2495421513125677	0	0	0
0.7918595902482721	0	0	0	0
0.7633261552537789	0	0	0	0
-3.184905021056551	0	0	0	0
3.3398714850893967	0	0	0	0
-2.960212601945287	0	0	0	0
3.8185113600376184	0	0	0	0
-4.949486803967552	0	0	0	0
4.31244898299061	0	0	0	0
-2.87495364856845	0	0	0	0
2.7511124870264894	0	0	0	0
-3.8468143735395444	0	0	0	0
4.795677382230657	0	0	0	0
-5.418985091792905	0	0	0	0
4.454021890156653	0	0	0	0
-2.260271800588569	0	0	0	0
0.9851501528329081	0	0	0	0
-0.42570027508691055	0	0	0	0
-1.200949905655044	0	0	0	0
3.8576048693136826	0	0	0	0
-4.910199912893596	0	0	0	0
3.576905303721041	0	0	0	0
-1.527046624772666	0	0	0	0
-0.3731642667072137	0	0	0	0
1.6406527453674684	0	0	0	0
-1.9842104252657649	0	0	0	0
1.597240359370602	0	0	0	0
-0.4329560574489051	0	0	0	0
0.04887266857539174	0	0	0	0
-0.4927070079159179	0	0	0	0
0.03140885093365142	0	0	0	0
-0.8662329640336779	0	0	0	0
2.4310173940691584	0	0	0	0
-1.7723241331937487	0	0	0	0
-0.5424276750112256	0	0	0	0
1.7371784232916028	0	0	0	0
-2.130672716906453	0	0	0	0
2.5706169003480994	0	0	0	0
-3.401529934677882	0	0	0	0
3.6076836308616578	0	0	0	0
-2.3196999397201736	0	0	0	0
1.8959831828610874	0	0	0	0
-1.5073408517748774	0	0	0	0
0.5840095323385484	0	0	0	0
-0.21876870273308668	0	0	0	0
0.6568548365002798	0	0	0	0
-1.2091661919460392	0	0	0	0
2.819125767651883	0	0	0	0
-2.835639140202794	0	0	0	0
0.4876564144731219	0	0	0	0
0.7207006749785378	0	0	0	0
0.9648388994533619	0	0	0	0
-2.0230871934136445	0	0	0	0
0.5754240954390255	0	0	0	0
1.0276140517074452	0	0	0	0
-2.4821351524688353	0	0	0	0
4.844488501436182	0	0	0	0
-7.206676394315821	0	0	0	0
6.852337366544873	0	0	0	0
-4.02678642205742	0	0	0	0
1.5475970344835872	0	0	0	0
-0.8089893582330205	0	0	0	0
0.39720193909266044	0	0	0	0
0.3653450167286394	0	0	0	0
-1.0249795764744576	0	0	0	0
0.7758751190282283	0	0	0	0
0.8253126784640017	0	0	0	0
-3.1927187720790045	0	0	0	0
3.072895848827798	0	0	0	0
-0.5098566809840221	0	0	0	0
-0.2925635287386541	0	0	0	0
0.4657947604643127	0	0	0	0
-1.4047735415473213	0	0	0	0
0.8117751195646719	0	0	0	0
0.8875195741866406	0	0	0	0
-1.3848186064407884	0	0	0	0
2.117442472125582	0	0	0	0
-2.529581333709963	0	0	0	0
0.9936371166637343	0	0	0	0
-1.3021914661247749	0	0	0	0
3.2105222954182437	0	0	0	0
-1.636327307361256	0	0	0	0
-0.7736340352994304	0	0	0	0
-0.16947707744913743	0	0	0	0
0.8466839376705693	0	0	0	0
-1.1647172509603863	0	0	0	0
4.0439892693923625	0	0	0	0
-5.14360244794603	0	0	0	0
2.2189865284141135	0	0	0	0
0.8819762830436773	0	0	0	0
-1.097844232327624	0	0	0	0
-0.07480875911768692	0	0	0	0
1.5271583208658157	0	0	0	0
-2.0080731077047176	0	0	0	0
1.135983352054744	0	0	0	0
0.3530236235157034	0	0	0	0
-1.5221189694839623	0	0	0	0
2.451831015382865	0	0	0	0
-2.2529755460538468	0	0	0	0
1.2146735170192784	0	0	0	0
1.1905296133973025	0	0	0	0
-3.543753698851525	0	0	0	0
2.4420834647360294	0	0	0	0
0.9045930049897066	0	0	0	0
-1.0026976499569855	0	0	0	0
-1.902679280600296	0	0	0	0
3.1858143854982828	0	0	0	0
-2.2209210425672836	0	0	0	0
0.09870978723920842	0	0	0	0
1.7519136929070669	0	0	0	0
-1.9378019605065262	0	0	0	0
0.8749213311483643	0	0	0	0
0.40514515382783856	0	0	0	0
-2.1071252680383665	0	0	0	0
4.0463936217893135	0	0	0	0
-4.655082382181597	0	0	0	0
2.7228785731426086	0	0	0	0
-1.6003489391515302	0	0	0	0
2.3340362752749044	0	0	0	0
-3.3426066820697145	0	0	0	0
3.7322428746848857	0	0	0	0
-2.570978020325832	0	0	0	0
1.0609420522671371	0	0	0	0
-0.8392221324852258	0	0	0	0
-0.06407176901684863	0	0	0	0
1.1896539530939805	0	0	0	0
-1.2943830902308875	0	0	0	0
