0.1401184148534611	-1.1092585987879318	0.23045650293103392	-0.06442256984792039	16849.22347459018
-0.05481082037091767	-3.247491367608788	1.2881869672912103	0.44710860981940925	16851.558108143327
0.3877725898857136	5.41491645442801	9.286217024657446	13.461054131075315	16850.506787288043
-1.008881513247104	-6.8892849454011795	-3.65943518881906	2.239700992160863	16848.45015701759
1.0132778501752142	0.5863885763526113	17.130541567348104	13.978779602101312	16860.84645629509
0.09733188352622335	5.451024781686144	20.583744360142475	-32.08884236268378	16812.937621493416
-1.5667782051757015	-3.0681184711211884	-3.0424322057915703	12.414542682102962	16863.236375684304
1.8334075089741688	-9.126297555145115	-9.769863538792436	0.2903205565150273	16930.99002312336
-0.6574293200926604	-1.717361450113792	25.30640240849226	16.133328516843193	16961.698474252808
-0.2282533943054048	-0.6218372567323271	-15.655043944631217	3.8410496030415544	16941.43845679891
-0.04509126269888242	1.239608436145076	0.8427946873335799	10.275070153197248	16911.16672960572
-1.3825454484624444	1.3163063251763134	-10.407502600462237	6.470741177090645	16863.0804818562
3.0998858043603974	-9.784936545695878	0.7447799683283307	4.104197628433411	16824.708873591004
-1.4140661101697063	22.23556029754009	2.4863865806126455	2.7399534050404952	16889.290616920196
-0.8824090914695901	-11.88054346907758	3.0053395279084185	1.9796288364120045	16995.397376747445
-0.04808043785111238	-4.278835878420338	10.259207683783188	4.150723867089425	16964.38015797063
1.4845667844731096	-4.307709711891931	-9.905573317630726	-26.782295672184034	16937.773438606
-0.7461436038339642	-11.866597997613994	-31.698517295364297	22.410334276762185	16957.779674453497
0.3011618089010284	4.070704966681049	20.232755476093786	26.49048775078259	16951.175345106392
-0.7471463883612302	4.662020349987515	-6.00426051417449	10.897182697457978	16986.778566401714
0.8058196951589309	4.630212188504451	-2.7371855674668097	31.656585315184472	17037.430564621696
-0.4930278724648005	3.8103071120454644	9.311718742381743	-3.3706308894807506	16999.95622100319
-1.2828771230485643	-0.18515056397963292	-0.9793759006162759	-2.2379095391302712	16893.384198155534
2.3901563113107613	-6.69087416416621	-14.333138425936184	5.9934559743426945	16865.833762298458
0.14143830240018218	-4.967513871423357	3.262565790217508	-30.68629422028195	16818.12704208471
-3.0600094347059326	-0.008159032792903531	7.240912461035748	20.455939885435967	16880.956929383072
3.432402920030647	-2.502324713244562	-8.085625564205927	-1.0693028062382126	16864.90650885454
-1.7871668660991489	6.352660285852423	4.640696629319507	9.320699573449062	16843.975666577764
0.02251171945634667	6.362195202038954	3.075451663693457	-15.143041626712204	16874.05163042523
0.004239278783593647	-0.8085108029500248	-2.532757042489692	-13.786807363123685	16890.59184148821
1.1304348328874738	-2.2990380774174852	-30.047395001279895	5.5438779656160335	16897.909144108926
-1.1254119777548652	9.446498889337711	-11.196417599008882	27.487446159162644	16901.84125430464
0.5578650100987304	-3.2894725392792594	20.976681348360614	-5.8598793870970525	16936.617589296256
0.08940402429610828	2.7606128222749717	-4.76480046290709	4.466506614260311	16922.06857150315
-1.2443807198589383	1.6663036677600545	5.886544371286874	13.919602366696097	16919.066114384113
2.5593224198627667	-1.1006780043796738	-6.733849745681098	-4.829454619508425	16919.710174874002
-3.1381063651410486	-6.988341629988469	-2.5288446742261783	-15.055080421988038	16932.439654045436
2.5941308049324547	3.0210626849690527	20.304689407458156	3.9601131744981615	16990.014401873526
-1.3556567870895861	-0.1991601312080178	-9.447837961228458	0	0
0.2722448447130219	3.2854844479686562	9.782372870224492	0	0
0.7433012701522514	0.2517866660261774	-1.1186169840209175	0	0
-1.790566428831795	-11.266951469708097	2.620177089209207	0	0
2.505102477160726	1.1436052822303537	-27.34416134820178	0	0
-3.586800896218179	2.821086163376215	10.464557448075482	0	0
3.932108510146975	-1.9524101392637405	8.524378174850355	0	0
-2.7439401437516224	4.6711020029116455	-6.655729642539512	0	0
1.4369878657393897	3.901746211667188	9.275726414353713	0	0
-0.8065403891794674	6.641962646079847	16.23615535132511	0	0
0.272755062516687	-9.93089547247532	-3.256862220366571	0	0
-9.10893227228371e-05	0.9628971319288979	0.259960076708893	0	0
0.043842499274219904	-4.788300255999943	4.655266621361903	0	0
0.24665641884388378	-7.3229867498741825	-2.277094047662132	0	0
-0.2230460790742086	-0.811547522987702	-3.7527426959677115	0	0
-0.05477992706527601	10.788756377202759	19.177799478924243	0	0
1.1485915634324826	-4.65663097222081	-20.826459381179006	0	0
-2.53879750088106	0.7891060373196552	-7.617618268298216	0	0
3.7145869710530235	3.8734036289687452	-5.3953548826684	0	0
-4.368393806152184	6.81351547208331	-11.342692714625713	0	0
4.181423197185936	0.12167779172406767	-12.86218922609224	0	0
-2.5872981040985294	-6.212105977951971	10.620964633287599	0	0
2.0094519468879284	-8.509900009548453	-3.4631179022410663	0	0
-3.807189024930743	2.176938239346896	2.5055318645017763	0	0
3.8883220254848823	3.0504579562198018	-2.1300935090126245	0	0
-0.28746882814039054	-1.1857453189718186	9.041282962951897	0	0
-2.3710739729621864	12.117568511019783	-1.9324843821264608	0	0
2.658139640960485	-0.03156491836379871	-7.59483483330159	0	0
-2.1073722483843156	5.652066420430074	1.109040243802525	0	0
-0.1949218993370181	1.9351799813876625	0.3443440515142555	0	0
2.5230767072056537	4.479796259201507	8.271006675150119	0	0
-2.108079599697099	8.623496670239284	-2.79593089980564	0	0
0.6627560932801941	-14.363460273412997	0	0	0
0.5629170657485929	13.38969038515129	0	0	0
-1.0876585210605185	1.3764980422711801	0	0	0
0.9291621923740294	-3.784589216749353	0	0	0
-0.585139309960411	-10.695887148620116	0	0	0
0.33707031537872467	12.00666941175492	0	0	0
-0.3317169609858013	-3.3287774762643423	0	0	0
-0.21501326999213433	-4.5037618999708116	0	0	0
1.2182294847959625	4.089997280169186	0	0	0
-1.548672923265073	-3.459740669319558	0	0	0
0.17313056838707297	-2.697657591006241	0	0	0
1.6450117881194828	2.0491948156496846	0	0	0
-2.226298629308758	3.6232366825095212	0	0	0
1.9917501753818527	4.35885216745821	0	0	0
-1.3683096374450585	0.1366631962846725	0	0	0
-0.15502312926831507	-11.836264822511204	0	0	0
0.6084049705008567	-1.2899882493742751	0	0	0
0.8710118127241842	-7.773634982442196	0	0	0
-1.0098838570128095	7.679946583969283	0	0	0
-0.3047772165175928	-6.913085423929488	0	0	0
1.1487136026297406	4.559325872000883	0	0	0
-2.3055669646117636	-2.007985871884344	0	0	0
4.689462351935184	4.894622585992494	0	0	0
-5.025385671074709	-10.719347467526276	0	0	0
2.596205888496712	6.624395218709623	0	0	0
-0.06681243990216501	1.5503953906431178	0	0	0
-1.6506781462054576	1.8834786498766931	0	0	0
2.5753226622825025	-5.625319034610612	0	0	0
-2.348650336072751	-0.9129128897894105	0	0	0
1.6784589023520624	-3.0589840401934723	0	0	0
-1.7702328838637058	2.083099025337539	0	0	0
1.9028619102793343	1.9034866448159349	0	0	0
-1.4254095968492422	2.64722004492711	0	0	0
-0.17901222436234576	6.554245358868947	0	0	0
2.368526885195031	2.7832421507056893	0	0	0
-3.777565459150466	-0.08479613717775436	0	0	0
3.9259702050542913	0.30547771441540306	0	0	0
-2.501279682449301	-12.424445489452282	0	0	0
1.053196554319868	-4.6365465738797695	0	0	0
-0.4433756803043991	-8.902522394269248	0	0	0
0.2263145847555137	-1.0501336363549996	0	0	0
1.1030526884095835	-3.9537924402407256	0	0	0
-1.2664647816161079	1.9341955961186201	0	0	0
-1.2004389546822196	-4.825956060005737	0	0	0
3.7411301819576153	-0.45902345639994735	0	0	0
-2.9457673819348784	-0.5705224723797713	0	0	0
1.2262182637832169	10.865408048435079	0	0	0
-2.097491049481839	-8.176220253348909	0	0	0
2.0546155957427956	6.829737732300231	0	0	0
0.08640468609529961	-4.04788555438121	0	0	0
-1.0651506413488931	2.3654893461880135	0	0	0
1.9135352975807862	1.8078309181749717	0	0	0
-2.092370620231293	-5.933369896571804	0	0	0
0.1809805152895123	4.751538043157495	0	0	0
0.7665254245206654	1.0872698538835692	0	0	0
0.7671989309323664	0.2550585210952008	0	0	0
-1.0723059213527861	9.513949521431478	0	0	0
0.5616824372009788	-7.928166310322638	0	0	0
-0.983686420135129	-2.883803153583635	0	0	0
1.224776347382111	0.8341674560072292	0	0	0
0.03975456442535119	-0.6582129324362214	0	0	0
-2.330303951168929	5.793454973660438	0	0	0
3.349781099640623	3.5295790866249988	0	0	0
-2.7899788913421943	0	0	0	0
2.100314888743249	0	0	0	0
-0.9629890309445912	0	0	0	0
1.1654279495956956	0	0	0	0
-3.209682979703267	0	0	0	0
1.831611226952127	0	0	0	0
1.2085256173303165	0	0	0	0
-1.4768556938152813	0	0	0	0
0.9273371687259271	0	0	0	0
-0.6456493454641787	0	0	0	0
-0.5217646389145187	0	0	0	0
1.5340645458442452	0	0	0	0
-0.36456397566746546	0	0	0	0
-3.5045321479013296	0	0	0	0
6.0250074824743365	0	0	0	0
-4.691750629441991	0	0	0	0
2.6681581544877204	0	0	0	0
-1.7483372869451088	0	0	0	0
1.5043290199679191	0	0	0	0
-2.5448784642291855	0	0	0	0
3.8474850667094813	0	0	0	0
-3.260934752712785	0	0	0	0
1.7485204695552383	0	0	0	0
-1.4998423644641292	0	0	0	0
2.5419592160399347	0	0	0	0
-2.6440120185660803	0	0	0	0
2.3799496915697134	0	0	0	0
-1.631399925390248	0	0	0	0
-1.4287804506194348	0	0	0	0
4.8351337617806465	0	0	0	0
-4.456595928168966	0	0	0	0
2.9898301231481383	0	0	0	0
-3.7871488612033346	0	0	0	0
4.441226281315849	0	0	0	0
-4.03137891984057	0	0	0	0
3.126520280838889	0	0	0	0
-1.2508975555283328	0	0	0	0
-0.6613457005394139	0	0	0	0
0.8390969952271519	0	0	0	0
-1.1381538805990985	0	0	0	0
1.69285566727131	0	0	0	0
-0.8650034835433829	0	0	0	0
-1.3328778359956956	0	0	0	0
2.07571574135563	0	0	0	0
-0.4840776697350364	0	0	0	0
-0.7259365569166363	0	0	0	0
0.6561561608771243	0	0	0	0
-1.3085750778180412	0	0	0	0
3.127862998401909	0	0	0	0
-3.4214884760573767	0	0	0	0
1.5781396633961506	0	0	0	0
-1.546275656752627	0	0	0	0
2.7535960302398905	0	0	0	0
-2.297305930346589	0	0	0	0
0.9145338052873484	0	0	0	0
-0.8470963715570576	0	0	0	0
0.5969244399828995	0	0	0	0
-0.008895844998384916	0	0	0	0
-0.5005626048817078	0	0	0	0
1.078322014079795	0	0	0	0
-1.530119201916456	0	0	0	0
1.1053202553003558	0	0	0	0
-0.38758321018767816	0	0	0	0
-0.39786447273403525	0	0	0	0
1.693155364636894	0	0	0	0
-3.0445719662224633	0	0	0	0
3.802531280874341	0	0	0	0
-3.8517965454198517	0	0	0	0
3.2218325838715813	0	0	0	0
-2.774442573479206	0	0	0	0
1.1480178123880407	0	0	0	0
1.0546348338675031	0	0	0	0
-1.1345042613509335	0	0	0	0
0.7058116924244544	0	0	0	0
-1.4402040658206303	0	0	0	0
1.561787617873648	0	0	0	0
-1.6372267221270604	0	0	0	0
2.98623586308387	0	0	0	0
-2.2190065633751885	0	0	0	0
-0.819096862975293	0	0	0	0
1.6396289436797389	0	0	0	0
-0.3326018058898299	0	0	0	0
0.16459464673968682	0	0	0	0
-1.031035792751311	0	0	0	0
1.0381013306444373	0	0	0	0
-0.6257752067496654	0	0	0	0
1.7017747909075922	0	0	0	0
-3.276788153054703	0	0	0	0
2.540291764295972	0	0	0	0
-1.3506437777188935	0	0	0	0
1.6233360708670261	0	0	0	0
-2.4729063614344753	0	0	0	0
2.2229675306011387	0	0	0	0
-2.083452111979746	0	0	0	0
2.6633582966019844	0	0	0	0
-3.5457894614457715	0	0	0	0
4.1242170780387895	0	0	0	0
-3.085352030587842	0	0	0	0
0.8081633751640496	0	0	0	0
-0.22853627594751913	0	0	0	0
1.0381505877757817	0	0	0	0
-0.4755669018525879	0	0	0	0
-0.5404979771250282	0	0	0	0
-0.033042807410581077	0	0	0	0
2.168459581000569	0	0	0	0
-2.843605590599104	0	0	0	0
2.534000009976083	0	0	0	0
-1.9781049517422744	0	0	0	0
1.3345465871197035	0	0	0	0
-1.2894429484075332	0	0	0	0
1.8661097772271589	0	0	0	0
-1.4817263794581308	0	0	0	0
0.10950497121686453	0	0	0	0
0.673941073223908	0	0	0	0
-0.5158330916247991	0	0	0	0
0.3112161992416418	0	0	0	0
-0.3869338561459088	0	0	0	0
1.1443053280045703	0	0	0	0
-1.8300701637589825	0	0	0	0
1.725426259017766	0	0	0	0
-0.7385118737424463	0	0	0	0
-0.1974322908396573	0	0	0	0
-0.1283241315279895	0	0	0	0
-0.3208623033501894	0	0	0	0
0.49797405668700634	0	0	0	0
0.09669898819243627	0	0	0	0
