0.32630483378674313	-1.431916355683768	-16.140165797547354	1.1507716895537783	16873.88100110655
-0.16382680908540692	-6.471337470704391	-50.18182015730591	6.433014295591278	16874.776821314827
-4.659233091961816	-1.264292116386784	32.29103222350362	15.633687117885515	16878.79532262858
4.397133240623745	21.359600265511595	66.04647802439621	12.41294966557463	16875.378916629026
0.6531426527155446	12.151036637886484	-32.74921445428353	53.30866704509846	16879.055623299966
-0.3267177331575226	-21.98484624294187	-6.233046304946299	-7.071945772674226	16853.259991793962
-1.5277858332976848	0.6796443528516178	-11.20321138374237	28.21775194719376	16739.248865380156
-2.4821061923108303	4.717632066907143	15.116750750840382	-32.805777081329765	16690.942284639426
4.106089899065104	-3.9571789943020335	-4.559714018261133	19.34490646902526	16858.61098487229
0.12034222481313606	12.878546804654512	-4.528997952334166	40.76179532172564	16660.947048036458
-3.105863118890447	-6.506017727001513	14.063482786114605	36.55538014105052	16749.613467853047
2.4298399789891647	7.323684405496955	-16.95419169651157	-22.65904480248561	16712.724708571255
-1.243574675749315	5.634866226763016	46.40091281414193	4.88262143406547	16795.186859757887
0.08783658634326486	-1.1322434819119778	-19.24487143634559	-21.64691668934246	16753.22991902539
0.7240171538980604	15.706390585994043	24.114604001818464	31.57389714780534	16809.184433097034
1.5808598056299061	-10.5637691630805	-6.8017308361910125	-8.746557362507005	16801.67805429266
-4.237396380602938	10.488899093632348	13.390772704189956	16.207060524006863	16850.75386873469
2.468446315096216	-9.197931443971399	36.7597527967405	-11.399308982425566	16783.034863072764
-0.2313003017466002	19.838551647389238	-12.774225743893936	-17.447130725595585	16740.096642203116
0.1684698897419281	-9.08091949929527	15.630133071377529	-12.122443091064284	16791.94273499755
-0.19704238167771848	-4.258745228851723	15.08628209196128	5.717260550401747	16784.404958333587
-0.6041445067029017	15.047134825940674	-22.96541867493481	-17.479595455199416	16775.01055881541
1.4342853736345091	-8.17520853032088	16.088083016041082	2.4494034389756365	16869.162633749354
-0.7268289846726219	4.014794514609221	-3.922905948319837	8.67059280263176	16941.868766625397
-0.835984143946348	-5.266740913186084	-6.721848682660905	-7.627385367674421	16967.435503657758
1.0021165209025753	0.7866724799945999	4.750324494105399	21.41828906880646	16991.363693514777
0.35290678192345837	-8.38823282788443	15.842014785042196	13.011430438153042	16953.205521626696
-1.4868251542190407	10.99383064234474	-11.513458827049362	37.884105553621865	16991.16501432501
2.0758007178160796	6.96819297225332	11.529428101660216	-15.878348912820996	16450.92190451438
-2.639605589448969	0.6011754176058872	-13.683556600825625	15.031751745764552	16409.83678769991
3.559308773020639	-0.2109914860043034	3.0972355987738496	-14.39903799767174	16529.0056141503
-4.8368501066093685	7.813479503835595	-18.83593174860144	-40.92224134993104	16684.1973744286
4.604177613031041	-3.536217438850933	11.249652112422382	-22.82028777583426	16948.936610355242
-2.2169063032233254	-0.6971142591927801	19.874011638647133	27.07491296169296	17060.58030544033
1.9422995211118703	-3.530254335914009	-1.5308818758521596	-7.954236086055175	17400.133154823612
-4.733649714669262	6.534471814638209	9.758499834700828	2.2879044167857785	17267.357774996966
4.908546778503144	-10.185497502745854	-13.47673753430027	6.221061271763716	17196.382794975212
-0.9878014015175509	-1.0891034096768664	13.268420704364914	-29.004965153416578	17166.30413043311
-2.479494916477641	10.335693714345787	-14.927579172195792	0	0
2.096389284639308	2.001339210586373	-4.984831185880978	0	0
0.2767674488917393	1.8554121123716314	11.004978028690871	0	0
-0.22283722550447038	0.04440746032384624	-2.234629536969024	0	0
-1.3703810492288753	-1.3269748108120112	1.8495210426439996	0	0
1.9983097251966058	-3.367061750203206	-0.46229649566640774	0	0
-1.778864117309567	4.393141168824862	4.953536950134492	0	0
-0.0946516434691489	9.127554810912926	-5.907577340867576	0	0
2.345234228699738	-6.931256683235766	7.291897921145505	0	0
-3.21067995488184	3.1015986705141714	-4.513272854824365	0	0
3.759597131751775	-11.463320037367744	-61.59970321379457	0	0
-3.2274513085832837	5.304312095388184	9.652377628519261	0	0
-0.12044899913863816	7.758154317355746	13.55577870567042	0	0
2.544918193224227	-14.415643448002058	13.163585346149347	0	0
-1.7101314806458277	3.825601877612243	-8.886162396098058	0	0
-0.11343444478134046	-2.0452295440626216	-9.009013475313196	0	0
1.0139695049828887	5.729671052337061	-11.5513063889033	0	0
-1.1119392822968308	4.521677950015537	10.680967689608906	0	0
2.0917019681829814	-10.250617855512772	-5.637280302318089	0	0
-3.0561702461279765	-3.0529762726703993	-3.379629627735355	0	0
2.0656620520543854	17.6182156961557	-1.969151385238419	0	0
-3.8569151686807146	-16.074019997988877	-18.662227879328242	0	0
7.605903845804683	1.1389244240937444	4.840810476735967	0	0
-5.3562802276070585	-2.642522660030302	-17.02998069079132	0	0
0.6699094124105471	2.863594882259626	-4.556285502023698	0	0
-0.0590937717456228	12.675117257928832	4.633791289034519	0	0
0.028115041119590956	-9.26746444051011	31.0681539754993	0	0
1.9578948413837196	5.7325380735146965	-19.88081469320241	0	0
-3.5853471736087243	7.416822334755366	7.663085674537712	0	0
3.4412265112704716	-4.1609825574435035	-3.0919188341723896	0	0
-2.546205128293302	-4.186718920837919	8.83474848098848	0	0
2.4704253209778386	3.5783715594296055	-33.41199335729867	0	0
-2.5808766613766636	-8.496543325911347	0	0	0
2.3697327828142534	14.09237648093572	0	0	0
-2.7643896365138616	-7.192187172370673	0	0	0
3.230222707169979	-1.6593597852615076	0	0	0
-2.3382780644673957	4.1255614091122155	0	0	0
1.3036112711158765	9.115326235722172	0	0	0
-1.1366889835752474	-4.8711092312846915	0	0	0
-0.5592677168174376	10.517325626532234	0	0	0
1.295926667947171	-2.4737139548421396	0	0	0
0.3504303628106271	-3.388066688128063	0	0	0
-0.888006788511781	-8.107235359955915	0	0	0
0.07914189226099211	9.446312012230003	0	0	0
-0.31438489560409266	-2.8484859845648174	0	0	0
0.6022316931703813	6.27669087499784	0	0	0
-0.5541376537813179	-3.140425590094587	0	0	0
2.4946923360626627	4.789864128058717	0	0	0
-4.946041674598192	-0.014675251670027478	0	0	0
4.492555575501818	-1.9406204153174684	0	0	0
-2.1878044999901007	6.9819036652720285	0	0	0
1.0589432310244007	4.62095748148888	0	0	0
-1.0989832710734149	-4.986752879700894	0	0	0
1.0495054877267265	-1.9498848818107817	0	0	0
-0.08303838109751638	-7.938790306812642	0	0	0
-0.2624395798603132	-4.897246802108683	0	0	0
-0.5835676077104779	9.450459072860475	0	0	0
1.9462328191068963	-7.517287432668624	0	0	0
-3.53347655433668	-4.5326436256002225	0	0	0
3.496139403358896	-2.329981631702559	0	0	0
-0.6070952806976777	10.594200666724667	0	0	0
-2.7957015473344384	0.09190436679249814	0	0	0
2.867560178533097	-3.843073889287595	0	0	0
-1.615795990883484	4.549993959170699	0	0	0
1.7978567700763008	6.798890091753982	0	0	0
-1.3888423428227767	-3.934183836279736	0	0	0
0.3273575815800598	9.789708731920399	0	0	0
-0.2552609054804478	-10.038246940968286	0	0	0
-0.593225786948544	5.2336009068519616	0	0	0
1.2059612258736507	-1.4706550180599507	0	0	0
0.31595683961340626	0.05841428220205813	0	0	0
-2.2123848728257514	-2.741849306296544	0	0	0
1.6572009639599372	-0.9266433285871685	0	0	0
0.7128275571657099	-1.093523296781207	0	0	0
-2.775624873563551	6.253599759687106	0	0	0
3.1329606281128406	-6.631349838872723	0	0	0
-1.0759786149236206	1.748808360529452	0	0	0
-1.645152231855711	-11.068403727435992	0	0	0
1.3948543759934964	6.650384949046007	0	0	0
0.8874052647860893	5.461152214564692	0	0	0
-1.3657084550114789	16.757673870115212	0	0	0
0.3619612772625942	-12.426589667715035	0	0	0
-0.8121686884885193	-1.7605898817935781	0	0	0
2.0494847873464863	6.922581377337522	0	0	0
-2.2417490467870422	-7.39185118917338	0	0	0
0.39241231076234584	15.858036440717626	0	0	0
1.7762795323482408	-10.735287019285465	0	0	0
-2.2149450052955117	-0.9892994129562283	0	0	0
0.7987209230803174	-1.4938666980422965	0	0	0
0.01804551868649895	-7.500793958989689	0	0	0
0.28565363149230194	-1.378015384240868	0	0	0
-2.01206127166666	7.0200197507617474	0	0	0
4.275822770132635	-9.143657343333317	0	0	0
-5.034288117583337	8.111768109069516	0	0	0
4.652976679387393	4.423001004302307	0	0	0
-3.646097844083151	0	0	0	0
0.542978891970229	0	0	0	0
1.6623542267000957	0	0	0	0
-1.5124740345378953	0	0	0	0
1.3801146494277248	0	0	0	0
-3.6282839826656357	0	0	0	0
4.966970289930828	0	0	0	0
-1.775835682096094	0	0	0	0
-2.088035538374413	0	0	0	0
2.736663694599656	0	0	0	0
-2.572609805122326	0	0	0	0
0.8175255588475778	0	0	0	0
1.7161321665905191	0	0	0	0
-2.383865033624474	0	0	0	0
1.6275922793563637	0	0	0	0
-0.6045390024719808	0	0	0	0
-0.6958433939288611	0	0	0	0
1.6483497115652526	0	0	0	0
-1.2099165630994548	0	0	0	0
0.6499357880031695	0	0	0	0
-0.945330096877349	0	0	0	0
1.3634203592109984	0	0	0	0
-0.5781391539377552	0	0	0	0
0.169844887835076	0	0	0	0
-0.3054228138537667	0	0	0	0
-0.49809592134923264	0	0	0	0
2.334152784235222	0	0	0	0
-1.9339498460132987	0	0	0	0
0.5163802261508152	0	0	0	0
-1.3491606190929488	0	0	0	0
3.662524468776418	0	0	0	0
-3.5397249905412096	0	0	0	0
3.1946510580296987	0	0	0	0
-4.178170891792782	0	0	0	0
3.795122474771084	0	0	0	0
-1.3028352889310426	0	0	0	0
-0.44760095609515105	0	0	0	0
0.7822097592539308	0	0	0	0
-1.3615413486232697	0	0	0	0
0.4333889217937994	0	0	0	0
2.017243405148612	0	0	0	0
-2.2834628835091877	0	0	0	0
0.6954548837093242	0	0	0	0
0.39554278390922804	0	0	0	0
-0.673906233121393	0	0	0	0
1.3719982300784679	0	0	0	0
-1.7053728644949828	0	0	0	0
1.2877982701277944	0	0	0	0
-1.7154311442274448	0	0	0	0
1.9371508970868945	0	0	0	0
1.5829883210183482	0	0	0	0
-6.506135480157759	0	0	0	0
4.29631247564874	0	0	0	0
0.9785140444248128	0	0	0	0
-0.982176036740988	0	0	0	0
-0.30161959294984086	0	0	0	0
-0.353249444017834	0	0	0	0
0.4472345697858202	0	0	0	0
1.235444820282872	0	0	0	0
-2.051678571171209	0	0	0	0
2.8108809458447013	0	0	0	0
-3.4661871021228166	0	0	0	0
1.3289975124505062	0	0	0	0
1.4902252687578041	0	0	0	0
0.02431725124635875	0	0	0	0
-2.6512379427327986	0	0	0	0
2.5681004674044132	0	0	0	0
-2.2684973630717096	0	0	0	0
2.615254043637165	0	0	0	0
-1.4425705806769358	0	0	0	0
-0.08254165420188286	0	0	0	0
-1.2233232408202284	0	0	0	0
1.654318259373909	0	0	0	0
1.3619566496882882	0	0	0	0
-2.6716848401215927	0	0	0	0
0.6794518161442724	0	0	0	0
-0.29160238654732495	0	0	0	0
1.6377554835322954	0	0	0	0
-0.5491549602999086	0	0	0	0
-1.296915956559289	0	0	0	0
2.1418065473276187	0	0	0	0
-3.0881183658597138	0	0	0	0
3.802596633372353	0	0	0	0
-2.871971941098856	0	0	0	0
1.1478774331383903	0	0	0	0
-0.9282593042584608	0	0	0	0
1.1066009544384556	0	0	0	0
-0.7180844282822747	0	0	0	0
0.6914192147922193	0	0	0	0
-0.20774211048548352	0	0	0	0
-1.2668766124012478	0	0	0	0
2.060843000484759	0	0	0	0
-1.0257659352557127	0	0	0	0
1.523059519017984	0	0	0	0
-1.9190459039477687	0	0	0	0
-0.45422082016793297	0	0	0	0
2.893795306352942	0	0	0	0
-2.2948192495560207	0	0	0	0
1.1590396997544374	0	0	0	0
-1.3708232223953374	0	0	0	0
-0.15757862559193825	0	0	0	0
4.754960555583402	0	0	0	0
-5.695849832391829	0	0	0	0
2.036940501702219	0	0	0	0
-0.1296129399618806	0	0	0	0
-0.5144218147079869	0	0	0	0
1.3058346050914054	0	0	0	0
-0.0043222093996320154	0	0	0	0
-1.660424925168364	0	0	0	0
0.15405108985729754	0	0	0	0
2.3855514413818213	0	0	0	0
-1.0670228957538654	0	0	0	0
-1.4711924663415843	0	0	0	0
0.3853625923244337	0	0	0	0
1.2750558008459834	0	0	0	0
-0.718645277732989	0	0	0	0
1.359994558051568	0	0	0	0
-2.4063634141598342	0	0	0	0
0.32242958078742134	0	0	0	0
1.313864741889212	0	0	0	0
0.7261982684644508	0	0	0	0
-2.218178363005535	0	0	0	0
0.5774734624490421	0	0	0	0
-0.3495709322667082	0	0	0	0
0.1992697203083651	0	0	0	0
1.9404676454125678	0	0	0	0
