-0.2026195226683214	-1.0217187009729471	-4.479541307693381	0.6961750772274655	16917.181555876356
0.9414562703106242	-4.304569246161364	-14.255061007679288	2.5700387787785814	16916.694588613856
-0.9217610184482226	-7.00625105191245	2.7244674874205828	0.06837496941457744	16918.69520297948
1.3783315440484927	3.64146367902395	11.230245570987108	17.242461723028896	16918.5868038584
-0.7066777078327107	-1.2886854396582024	-0.8842887552637393	-8.4883581334132	16910.713393730537
-0.33196239179410725	-1.5983816093450187	-5.565999992358272	12.407295125694375	16939.48845841992
0.7971916125428606	0.15091281718743943	-11.092905496493728	7.7460797445676945	16943.313000982824
-1.3008994154033857	-0.4734397500394323	3.2595082904616675	0.266933083134532	17020.195264349477
1.646710731535201	6.467286366470475	-3.382261557289084	8.476678917581367	16995.049711842435
-0.9915220895849544	-7.512110921144824	8.995220476963752	10.782312033078028	16920.493243245175
0.7842863735532362	0.02030060699406988	-8.333886012805124	23.10860943435773	16919.251765531655
-0.5527923663381884	0.8484558317807327	7.066898981475319	-3.506575145259106	16925.103442719796
-0.1641420546289467	-3.2818080473712996	-8.088923193285424	6.4743546482183945	16949.450669968213
-0.001316630627520965	7.512628529131213	22.53330531522292	-0.1855690902423106	17008.437971708405
1.1174973502256336	-2.373143154222632	-11.4202975570862	-5.3685725335897985	16994.33767931274
-1.64077607923862	0.30053704562695316	7.654145395468362	9.333349429621151	16968.894702706886
0.9665169800847835	2.3959475425659775	-8.687409975856795	-9.526439449473088	16983.149055402508
-0.0818030730075634	-7.606228605515419	3.9963036695784098	10.12227724104956	16958.550760870472
-0.31066781711179914	-6.8018783212060185	-1.8365025655243556	-8.875394521062631	16886.804058269114
0.9692847703459435	3.0558325524890293	5.488064228834517	25.593563008040206	16895.990141277787
-0.9660208135004211	3.1866754684848786	3.652413175420378	-12.570309297442336	16892.17872175073
0.3515138997284808	-7.316614150433708	-0.02857348726220721	28.911758947334164	16914.453357371895
-0.23258556073797365	5.7156599012779665	0.8774810924142571	3.468823150142896	16900.252301705164
-0.09856999164013303	0.8643164042841818	0.26867878053921856	6.852028558831904	16861.964135573704
1.3886795114682826	-5.441945641906592	-4.28633712060271	-3.6861406075452408	16901.859729624535
-3.112406185015452	-5.01345586323346	-1.2697473886669712	25.66266648696282	16856.495285663503
3.995650357878475	1.7511200014453436	-7.172481660734505	-32.33686269387857	16754.77515293302
-3.8632212741989136	4.585300426404942	-1.269271449226764	1.8037760456476377	16825.271799820577
3.1275196019778804	1.3882291610063007	3.927214303055294	-1.6088641570056978	16849.884310498364
-1.7715129414028397	7.349783477900793	-0.7079572277715158	1.8987573684744348	16911.74386219122
0.8426469070320621	-10.290639878110923	0.7524099706005671	-5.456827113827103	16905.19232895049
-0.36700677540405025	3.0344202761194268	0.733972892921841	-6.883736270733394	16825.990173909835
-0.7924667406464536	1.8174281694069592	-4.096451123384227	8.844189471608388	16884.283040396364
1.9705682963043714	-0.3645481678245446	-1.8262196829231527	5.049225635319104	16825.09542337105
-2.858330896864537	1.536736858801575	-5.922469534440424	-13.064988722382992	16828.881362150372
3.5610019879333947	-0.06042084773635992	6.6392065237066475	4.41179058486685	16837.14895941373
-3.1318662366203824	1.4110862608803885	7.626880569248044	10.955316879417325	16835.85328012694
2.074152027213138	-4.179923666205312	-15.594102341454459	-13.977256199203723	16788.167741094618
-0.7498776167507089	-2.1438146175267363	8.204039087866803	0	0
0.231116480119681	3.7859700153201317	7.976073241546075	0	0
-0.6567567343758896	-3.656619498009725	-6.646726747004692	0	0
0.8978839049453669	4.401802954951471	-10.366599356266363	0	0
-0.20361275044363225	2.795621360463713	-0.22603028105469036	0	0
-1.211736503412311	-2.1665263786697366	-9.750186971087757	0	0
2.744941157878202	1.7792993214923882	5.028893602472763	0	0
-2.578870093508179	-4.106838684085901	-9.792656287798266	0	0
1.4504930380073802	0.4632076090409072	11.313345295176617	0	0
-1.2867391856965256	-7.206783540188027	4.551100326578421	0	0
0.6303034351759749	6.686609479528485	0.47911643847510277	0	0
0.7550152258798448	-0.7397130499248235	3.208633928985819	0	0
-2.170931395501654	-6.584007018138919	6.848493779751053	0	0
2.32064341233923	6.015287178402609	4.017500335474793	0	0
-1.7982988028013196	-9.037480254588289	3.85366277192864	0	0
1.6069544307149712	6.898915258922429	1.8996576764896815	0	0
-1.600784181107585	-7.171628379005675	-25.526422327552936	0	0
0.9986399065413423	-3.832462003767226	20.966617556114358	0	0
0.49429579203865615	-1.2935187795158356	-5.154389584482473	0	0
-1.9506398104476048	-7.408004531755438	6.117868662484568	0	0
1.605859170067653	3.7966470179594722	-2.1781827874935686	0	0
0.4234802060933873	2.6397106934925816	-1.9695596946558425	0	0
-1.5534565149324706	-4.2503591388748845	-0.1871405080370181	0	0
1.24173447166838	1.940235807462095	0.2115293859601195	0	0
-0.5107971088002401	-2.8591833204483805	-2.426584439428197	0	0
0.5958161683782848	-3.9967230856605482	-2.7889485392368982	0	0
-1.372279978948015	0.28656843547161515	-5.582466488970937	0	0
1.8445694872616656	2.3017122611172454	11.324671944532255	0	0
-1.885596291487623	2.9655163766082637	-2.848384656620155	0	0
1.5005964969392096	-0.18933674276561163	0.8980440579812097	0	0
-0.521116879026529	3.3184012817578576	-10.440695096002969	0	0
-0.11523520416075428	-5.195804121602258	9.537020367323692	0	0
0.5761745207016418	8.078704850962872	0	0	0
-1.3475575154792168	0.9520480437096879	0	0	0
1.4897408264369005	-10.034497820947543	0	0	0
-0.35396295105379494	13.67664643582193	0	0	0
-0.8055737640866241	-12.558584948368761	0	0	0
0.8264950184305349	5.501795387074843	0	0	0
0.4603939625839786	1.0540404428755465	0	0	0
-0.9580207511963579	0.5466459441272988	0	0	0
0.012797905080290661	-3.558098046922815	0	0	0
0.9386901821518521	-3.6691582140755727	0	0	0
-1.625605167078028	-9.775841368186931	0	0	0
1.1190929726432444	0.22731585374619812	0	0	0
0.13064904844728176	-9.434698476444282	0	0	0
-1.2971881451679934	6.945825090877911	0	0	0
1.449406022904867	-9.419175034867308	0	0	0
-1.2030225543060382	6.231496678833352	0	0	0
1.3095208541813292	-13.16725472380601	0	0	0
-1.678633471595866	-1.1789742053624295	0	0	0
1.377378180992018	-8.827331815978717	0	0	0
-1.2690395746667136	6.575880104684714	0	0	0
1.5752215135581054	4.690952615362718	0	0	0
-1.0811774105064558	6.905406775210025	0	0	0
-0.33662792824733145	-0.5538012720039234	0	0	0
0.7261036768666997	2.102423011199484	0	0	0
-0.18328224758750622	2.3957585978720672	0	0	0
-0.2428641899880617	-7.444671463713682	0	0	0
-0.18670584765471432	7.503206476568394	0	0	0
1.25991510925207	-1.26604907503814	0	0	0
-2.9600525253005614	6.104440250907544	0	0	0
3.669003001730985	-7.763883418317029	0	0	0
-2.3335920306182913	5.881701484563912	0	0	0
0.14173172428506575	-3.486021534752844	0	0	0
0.1575450978506865	10.048518006328408	0	0	0
1.058465648967811	-6.411682903237953	0	0	0
-0.9589914642020716	7.545064836410717	0	0	0
0.36330784208638534	-8.847288316162	0	0	0
-0.3657442925336625	-4.836839449709792	0	0	0
0.5074019660491089	7.8815765455762445	0	0	0
-0.587174501983128	-10.095731719542151	0	0	0
0.5869190228241763	3.9898122235937166	0	0	0
0.20969430559564728	-0.48124781026549357	0	0	0
-0.7953562423713691	9.20670171946913	0	0	0
0.11239659007117098	0.7750589567962365	0	0	0
1.423568768427451	-2.07578347625919	0	0	0
-2.7901156308046637	-1.4977635115904206	0	0	0
3.0105914721352605	-0.6496036155948772	0	0	0
-2.2296139325455044	0.13544595514881763	0	0	0
0.8698955917694207	-1.5784204550005114	0	0	0
0.014835845748315535	0.9120511406566152	0	0	0
0.3953350630323911	-0.019645926319945772	0	0	0
-0.7788894976700078	2.9023913318610894	0	0	0
0.5833927220037864	-8.028475854694044	0	0	0
-0.3332806125726435	-1.162824249717623	0	0	0
0.30558642292734817	1.2666257975647994	0	0	0
-0.12936736199579713	2.955897266788071	0	0	0
-0.1308977321275151	1.9589462234847161	0	0	0
0.269186340139413	-5.229866447634045	0	0	0
0.10803109151281376	-2.6538610690395004	0	0	0
-0.43967309054529125	0.42328719583512253	0	0	0
0.11000006188415767	-4.500051803636531	0	0	0
0.607996846360976	6.204758620844132	0	0	0
-0.39534286781980654	-1.7098833005147043	0	0	0
-0.07903030477024942	4.629639823606965	0	0	0
0.40789913644005793	0	0	0	0
0.6392895461244308	0	0	0	0
-2.2075706647187374	0	0	0	0
2.5539951505115965	0	0	0	0
-1.1658319716628185	0	0	0	0
0.9416303999345672	0	0	0	0
-2.2713268729789675	0	0	0	0
3.7996540227304294	0	0	0	0
-3.6260310604127284	0	0	0	0
1.3239003866211903	0	0	0	0
1.1497184898776922	0	0	0	0
-0.8340263853688086	0	0	0	0
-1.5163108116791832	0	0	0	0
1.7560876607373075	0	0	0	0
-0.43942606951788576	0	0	0	0
0.4569369502519365	0	0	0	0
-0.7055585685753485	0	0	0	0
0.4899018938733519	0	0	0	0
-0.7516790799773787	0	0	0	0
1.0946560060932953	0	0	0	0
-1.443830429524965	0	0	0	0
1.3370010093749087	0	0	0	0
-0.5095664783033271	0	0	0	0
0.010298969012247028	0	0	0	0
-0.14115642856846478	0	0	0	0
-0.40145167844688245	0	0	0	0
1.4280879932242954	0	0	0	0
-1.9758327663822328	0	0	0	0
1.7814471548411888	0	0	0	0
-2.4966165351685774	0	0	0	0
3.3278820780850893	0	0	0	0
-1.9157003110052102	0	0	0	0
-0.7866202343802158	0	0	0	0
2.1296188374634895	0	0	0	0
-1.8572515347373653	0	0	0	0
2.2883387435354123	0	0	0	0
-3.3382904336441896	0	0	0	0
2.4251151370770856	0	0	0	0
-0.696874328993232	0	0	0	0
-0.16062744269230933	0	0	0	0
-0.07241269334713252	0	0	0	0
-0.45354254912152925	0	0	0	0
2.1361828587250784	0	0	0	0
-2.5157515377414015	0	0	0	0
1.8073593531507015	0	0	0	0
-1.168673219826367	0	0	0	0
0.134839977282887	0	0	0	0
0.9556664420430963	0	0	0	0
-0.5038084564602343	0	0	0	0
-1.197595312375796	0	0	0	0
2.2455411362360493	0	0	0	0
-2.362204395789469	0	0	0	0
1.6313886111151348	0	0	0	0
-0.7276394160902342	0	0	0	0
-0.03588273569650369	0	0	0	0
-0.8628320778929961	0	0	0	0
2.7649134789524368	0	0	0	0
-3.239426406910887	0	0	0	0
2.0726779400063506	0	0	0	0
-0.9568069486991178	0	0	0	0
0.8888953086015334	0	0	0	0
0.2483898078463227	0	0	0	0
-1.2914638310949798	0	0	0	0
0.1729702498061627	0	0	0	0
1.8343912470128316	0	0	0	0
-2.3630853039624924	0	0	0	0
1.7329648966290634	0	0	0	0
-1.8231999675747588	0	0	0	0
2.7599779706185785	0	0	0	0
-2.615619529689276	0	0	0	0
1.578383112193606	0	0	0	0
-1.410791941593942	0	0	0	0
1.9734407188733698	0	0	0	0
-0.5474454405928384	0	0	0	0
-1.4519528425135704	0	0	0	0
2.441278292205091	0	0	0	0
-3.260568452747151	0	0	0	0
3.22105270857584	0	0	0	0
-1.576217920419488	0	0	0	0
0.678063548398697	0	0	0	0
0.07586226204929147	0	0	0	0
-2.64014051462501	0	0	0	0
4.072163972610703	0	0	0	0
-3.535267169066607	0	0	0	0
2.46781729673539	0	0	0	0
-1.517300929881209	0	0	0	0
0.5637088607858445	0	0	0	0
0.9684609095276855	0	0	0	0
-2.240245487939063	0	0	0	0
2.828264951790665	0	0	0	0
-2.890932330494117	0	0	0	0
2.3951790568571525	0	0	0	0
-1.4605432680560284	0	0	0	0
0.4811502392928091	0	0	0	0
0.04304875617609838	0	0	0	0
-0.29706264672280014	0	0	0	0
-0.41873197966845055	0	0	0	0
1.372729375105088	0	0	0	0
-1.590347510433638	0	0	0	0
0.9784619216905313	0	0	0	0
-0.3407235311584813	0	0	0	0
-0.5540349569207592	0	0	0	0
1.5458360273763248	0	0	0	0
-2.401978880195543	0	0	0	0
2.2376730367069584	0	0	0	0
-0.8151662624633431	0	0	0	0
-0.6302931427796352	0	0	0	0
1.0358317700646253	0	0	0	0
-0.19821949539981176	0	0	0	0
-0.4994696802291827	0	0	0	0
0.3944791079718115	0	0	0	0
0.424175331536361	0	0	0	0
-1.5683172568446722	0	0	0	0
2.9603583961687647	0	0	0	0
-3.7645200849912186	0	0	0	0
3.909191713381645	0	0	0	0
-4.053331770269949	0	0	0	0
3.757035518980281	0	0	0	0
-2.4116705078576786	0	0	0	0
1.193317548731173	0	0	0	0
-0.4789873833184046	0	0	0	0
0.20741215044030525	0	0	0	0
0.05338945764811598	0	0	0	0
0.1542966341941039	0	0	0	0
0.1403279245719986	0	0	0	0
-0.6472476665706779	0	0	0	0
