-0.050416421731696914	-3.7058337586200736	-13.501683930074876	1.530906933145971	16855.298268465154
1.3483655672338273	-14.011960143454885	-41.65265707876611	7.982610421812723	16858.226707917307
-3.818704139989258	-5.97631993685588	28.877186512600844	38.05114109814946	16863.610385882057
2.0677977041053808	-0.3123375819038188	-2.891830237890332	39.147554451551144	16854.998568508483
2.0260682893308797	-14.94860872677787	-18.720868214631807	40.28035688416762	16872.62320793384
-1.575943088953963	16.385575209416793	-8.471018590707189	24.41340342513712	16804.520999095937
-1.837410428892099	-19.14987809967102	-5.462536878126642	-0.12095603362477902	16930.330208803993
4.520163406025645	8.575929055333233	-21.850039045045406	-45.748540229974765	17222.00429459443
-3.428327819308521	-10.504845945743561	30.506457854716274	95.11355513698703	17409.786406471212
-2.1137988449008844	6.534492641015369	-26.88319805488898	21.661648968720698	17110.44456824488
4.720628339763529	5.225332614500658	-14.509987419582671	-56.831409629863316	16822.356876330796
-2.6744097314114086	-1.8113264760588308	-8.124150069133563	39.980139242614044	16870.381862611615
1.7544953905784695	6.672597207444213	-1.830410815618066	8.225686134749651	17121.07066650353
-1.970938399523348	-1.2494312360376512	15.65135647670678	-10.466451675971228	17270.644465934416
0.5998391416507687	7.9636692743168	4.891503948436608	56.2563950056373	17319.635986347577
3.395675029759417	-3.6463853650229936	13.730180532069213	-16.759558196908756	17025.35581980487
-6.182052546909844	-0.13563775256051258	0.7976201372929523	78.96833820415758	16889.16373772533
4.1706077884212505	1.2089303651841306	19.06517791484559	-77.55764899085676	16934.516037661375
-1.464987052433635	-4.786304652905585	-10.836905510589617	2.753115781084148	16891.80435395993
0.6332043332063222	12.058939702975096	-25.886356973084872	-7.556371244106842	16880.446795618933
-1.6649683141354643	4.661842939572978	0.19242887595076752	50.12918025631993	17016.404847199283
2.2288789538789615	2.6999567774184783	14.87612008952837	-2.950035187590629	17120.732047408324
-1.5829073512136276	-5.797364775884702	-4.822820258928147	38.63892056485173	17102.34470147087
1.8843144118351134	-2.1929395064641852	-35.9107528977503	-14.59157669710632	17142.75678723781
-2.407008253284914	1.949852022646951	-12.008258432471877	-10.217647608446498	16874.254250106955
1.9507515327077556	3.56211704905202	-5.342269681629716	-86.61335228937142	16691.655264086985
-0.06614224252857781	-4.60753918065371	18.30979929460375	31.903330073879758	16892.26865382346
-3.1885000558986434	-3.9840996411573357	9.499782694713076	-43.36458454307838	16802.788241572813
4.372791188660607	2.4064300186164473	-1.1075983370113818	33.23806631300431	16736.971606028816
-1.8739029056097323	11.09776232849186	21.550927767996598	-12.726881430472247	16959.74912519431
-1.158469496515984	-13.165285612426821	12.693964413711825	-23.60691559086598	16957.43616382171
4.856214888241297	11.397609665592526	-43.71634196153488	-30.157245011072277	16965.609793315645
-7.500507804130571	4.680071232306005	-0.7343801796063758	-15.375647490915071	16801.979617636993
6.203267890384041	-0.005434644410641454	2.0960750351240023	9.037258383737154	16760.76886471388
-4.277137704896106	-2.23311232665894	2.282925688494487	10.742930457200558	16757.698629928553
4.630706890587483	-8.458544230390473	-17.24178315271905	-6.9087255196333075	16574.31709671645
-4.239508876533918	-0.2286202614494215	11.369708013811263	-7.87130495410382	16602.032476926222
1.7148453132118107	4.3158072469638995	14.507274382674183	-1.00409653285962	16651.13107459837
0.6033008910528324	-12.587153176941172	-0.6909221352980239	0	0
-1.2747149164037452	10.638038396288053	3.5683528048537454	0	0
1.6362592637943223	-14.131189440016328	49.253761772037805	0	0
-2.3701589057417607	9.99402082408352	5.096585713930807	0	0
2.3235890850674323	-2.8567592952884695	30.131427302377105	0	0
-1.0580020418681784	10.786464501066803	-49.97298761131913	0	0
0.02832681942832238	-16.439999374545337	27.172906033119673	0	0
1.2701422142119583	-4.690119298651311	-7.431789364952664	0	0
-2.4628491194950755	-9.343011388092357	1.8458329489591279	0	0
2.134988838492937	7.574421876529158	-44.046346198636655	0	0
-0.8586978748669694	-2.549754712980075	5.102806366004103	0	0
-0.5804432382598463	19.309636656354442	-10.047461105187764	0	0
1.0027873334626491	3.4677225011902095	-18.16786207413945	0	0
-2.7550376265800907	1.6311159207546382	24.485833434790493	0	0
3.844422439540935	-4.175764324286106	-0.15590032805310727	0	0
-1.2425269066652689	3.651576007919445	3.5726954099921784	0	0
-1.7918529117182516	0.8955108941529417	8.721391528010258	0	0
1.563433146330901	9.27241729849382	-41.39930435498037	0	0
1.4049195036499071	3.63597585609196	-16.338208689910132	0	0
-4.094458244834641	2.8387024568002133	17.39474231766097	0	0
3.53506304614384	1.6402438903098897	-25.148975590094068	0	0
-1.634104827797131	-5.7831348655197345	39.504412033158445	0	0
0.875185853224572	-2.1670119768657727	-2.91570269570947	0	0
-0.20688734314164492	-13.186807480413961	10.35617926951717	0	0
-0.6259984967144092	7.268831593884471	9.596073125072621	0	0
-0.3295543823900857	5.993352683369032	13.589851243179567	0	0
1.001899757489774	-9.327393756777518	3.6272331117388887	0	0
0.33620514978449023	9.96163152239621	26.469245295836586	0	0
-2.0335642327826235	14.856958244800282	-12.59940107642069	0	0
5.08403107762868	6.422756311832714	6.7512304790205775	0	0
-7.9330046148038775	-4.775106679936783	-30.28041358206555	0	0
6.366623301307264	8.793285987442843	3.1682202375106527	0	0
-2.80614209362502	-2.960694142595713	0	0	0
1.1776019124991777	4.481675534367469	0	0	0
0.5098323136234342	-0.7127635939056916	0	0	0
-2.8522097961458073	4.562597688047909	0	0	0
2.808586257524773	-1.9646065733695295	0	0	0
-2.1599624021799286	-0.5859393369581767	0	0	0
3.591045867864189	-2.4532656106627684	0	0	0
-3.616777061656599	6.671525021429858	0	0	0
0.6144284736942822	0.4609323948878483	0	0	0
1.8420913125148743	-10.210600203736846	0	0	0
-1.3202895631088154	3.106923800227392	0	0	0
0.06742725597145949	-26.215790552761575	0	0	0
0.48822056799563995	21.756142926302594	0	0	0
-0.4929769596872191	-7.5439805346202675	0	0	0
1.5439437382521746	-6.878288308388591	0	0	0
-3.801282968412586	-2.8569306306137747	0	0	0
3.973836451248964	2.309038774434846	0	0	0
0.9126642618764436	-4.560024241156228	0	0	0
-4.885380905694902	-2.4951581686395556	0	0	0
3.423543095922952	-6.722584099959768	0	0	0
-0.9900236067940469	5.821176955020107	0	0	0
1.4115752492350992	-3.647243952697238	0	0	0
-1.8476360575562936	-13.880290775972576	0	0	0
1.1124529914137682	10.809385827941306	0	0	0
-2.298806015910941	-3.9281516806526113	0	0	0
4.616944188379804	5.0643498935597435	0	0	0
-4.361329821924116	11.237275639397488	0	0	0
2.0461900542698785	4.479559973225577	0	0	0
0.1191108200460107	-13.003478988043568	0	0	0
-2.9087908035164673	13.630240940311744	0	0	0
5.459334625150468	-9.527711137542852	0	0	0
-3.977671224764862	10.160212959938796	0	0	0
0.3727332718934804	-7.910419671378669	0	0	0
1.8471834578771364	11.779124853923001	0	0	0
-2.224876557603338	-20.65887527811509	0	0	0
2.3377593847897202	-1.3602720042586185	0	0	0
-3.438806101063264	-11.119650389573579	0	0	0
3.5223570041386196	2.0969269970063067	0	0	0
-2.743881911502754	-22.352520323333522	0	0	0
2.9922111395494326	0.9045071084256904	0	0	0
-2.527628187105499	-4.685638183990278	0	0	0
-0.3684159120549282	8.520387982063205	0	0	0
3.8632865288564204	-1.1021202049464662	0	0	0
-5.910181724264703	2.017440136475784	0	0	0
6.55124306509861	-2.56625368943606	0	0	0
-6.9767472080918225	-8.139450387199268	0	0	0
6.077341459852057	-3.9702792693221056	0	0	0
-5.819912810137851	-4.282990737741933	0	0	0
7.2793963540475275	3.3133449215737585	0	0	0
-5.190141631668624	-4.078772839121179	0	0	0
0.5917923737137301	-17.19491962525096	0	0	0
1.7586464565264848	4.0293987796106805	0	0	0
-1.6595844273278715	0.2771249924377841	0	0	0
2.342892922879301	-8.676027566252735	0	0	0
-1.9844646262200953	-2.681490254352191	0	0	0
0.8436055032779279	-4.330596835082453	0	0	0
-1.5171209442591902	2.8949976553888135	0	0	0
2.4871612570727777	-7.358552470002337	0	0	0
-2.2541676208482144	5.285149118518525	0	0	0
2.308432316225108	-0.9424593648254103	0	0	0
-1.5688523734587463	-0.9768101672751399	0	0	0
0.15348283007116947	-2.065786387662911	0	0	0
1.4234519376954253	6.064763465958819	0	0	0
-3.6006328889803	0	0	0	0
4.19078119949625	0	0	0	0
-3.029093308125198	0	0	0	0
2.59855855859049	0	0	0	0
-2.0154854349968687	0	0	0	0
0.08238270044522977	0	0	0	0
1.136495277848823	0	0	0	0
-1.1284363552499528	0	0	0	0
1.8130837557008306	0	0	0	0
-2.43559091808946	0	0	0	0
1.8826953757461098	0	0	0	0
-0.7646273333342961	0	0	0	0
-0.39344341000903427	0	0	0	0
0.8084931251870131	0	0	0	0
-0.990532634330755	0	0	0	0
1.4757738567357208	0	0	0	0
-1.4811933271262134	0	0	0	0
0.38918233554048953	0	0	0	0
-0.4861821988092885	0	0	0	0
2.148081486389806	0	0	0	0
-1.548907331743223	0	0	0	0
0.27849681249993097	0	0	0	0
-3.405226070875969	0	0	0	0
5.73624409843071	0	0	0	0
-3.7821741717987507	0	0	0	0
2.8235226533068243	0	0	0	0
-3.9212339799624374	0	0	0	0
2.4794208654988736	0	0	0	0
1.1451068163720208	0	0	0	0
-0.8921187618070618	0	0	0	0
-4.414138038058752	0	0	0	0
7.17084487541112	0	0	0	0
-6.884193567948763	0	0	0	0
5.189172774665941	0	0	0	0
-1.1543424394538633	0	0	0	0
-2.174551406623003	0	0	0	0
2.055238001859408	0	0	0	0
0.012186149640591282	0	0	0	0
-1.4723947228042746	0	0	0	0
1.2498834541316626	0	0	0	0
-0.1852450210446932	0	0	0	0
-0.7705726973159628	0	0	0	0
0.6143554293963405	0	0	0	0
-0.3063315656526697	0	0	0	0
0.3735041741819529	0	0	0	0
1.1463302899287129	0	0	0	0
-2.136497293221467	0	0	0	0
2.357874050608551	0	0	0	0
-3.891303403603665	0	0	0	0
3.757257870165162	0	0	0	0
-0.9148465465491711	0	0	0	0
0.17607959770330694	0	0	0	0
-2.238980226069444	0	0	0	0
2.8514223474096525	0	0	0	0
-0.2529740922462693	0	0	0	0
-2.958437005307232	0	0	0	0
3.0538463644479634	0	0	0	0
-1.1825705816727847	0	0	0	0
-0.6471352837528954	0	0	0	0
2.1071962658663423	0	0	0	0
-3.4275464184237805	0	0	0	0
2.1644832622331123	0	0	0	0
1.1734179575901749	0	0	0	0
-2.634639029078919	0	0	0	0
2.5394490594712735	0	0	0	0
-4.169203717134877	0	0	0	0
3.8491013406577324	0	0	0	0
-0.9658419553640627	0	0	0	0
0.19714124398689137	0	0	0	0
-1.865942719156017	0	0	0	0
2.6826418496873856	0	0	0	0
-0.4633383006723548	0	0	0	0
-2.6534815732087864	0	0	0	0
2.1408598747902445	0	0	0	0
-0.0074175000990166495	0	0	0	0
-0.390589168628928	0	0	0	0
0.06977429236866328	0	0	0	0
-0.4898420532906087	0	0	0	0
0.23023208476573132	0	0	0	0
0.9180337622948684	0	0	0	0
-2.777791103433046	0	0	0	0
1.4383779580701628	0	0	0	0
5.113453261898819	0	0	0	0
-10.190047474344496	0	0	0	0
9.202007527008945	0	0	0	0
-6.662902577642917	0	0	0	0
6.141429543681426	0	0	0	0
-5.611127373464242	0	0	0	0
4.637257845906284	0	0	0	0
-4.736192643689485	0	0	0	0
5.156865469257603	0	0	0	0
-5.151076041097603	0	0	0	0
4.061946340392716	0	0	0	0
-3.181776020425744	0	0	0	0
4.433069397532172	0	0	0	0
-6.540003237695103	0	0	0	0
8.009954662922027	0	0	0	0
-7.906716992103043	0	0	0	0
3.8409062674931533	0	0	0	0
0.9040043735664796	0	0	0	0
-2.543368304964403	0	0	0	0
3.089001123147071	0	0	0	0
-4.015475410011106	0	0	0	0
3.913920010662771	0	0	0	0
-1.4233146807076835	0	0	0	0
-3.1957867290751096	0	0	0	0
5.685692103690947	0	0	0	0
-4.449686194729267	0	0	0	0
2.8296898441849336	0	0	0	0
-1.0444590399448757	0	0	0	0
-1.882569790649633	0	0	0	0
3.8614764302700237	0	0	0	0
-3.1858274638035127	0	0	0	0
1.9877646879807003	0	0	0	0
-1.4618115003523968	0	0	0	0
0.5754261648077943	0	0	0	0
0.9836706862156674	0	0	0	0
-1.590700673013302	0	0	0	0
0.3780930416734307	0	0	0	0
0.14368110618468677	0	0	0	0
1.621842496742552	0	0	0	0
-2.576517685217368	0	0	0	0
1.3026842503393894	0	0	0	0
0.1472883162025056	0	0	0	0
-0.5105020639229281	0	0	0	0
1.4765152414553384	0	0	0	0
