-0.04040057959967669	-0.3584601275736716	-0.13932126039911452	0.09186308678175692	16925.34899408125
0.10379823999753768	-1.2308856264302364	-0.43437178310898616	0.33347972849382757	16925.626850519384
-0.1975614900296918	-0.7339048519828921	0.7109451186737488	0.8620632431880608	16925.508777213563
0.33325134977986437	-1.5746026442226224	0.666789873330984	2.214966135202161	16925.537685019648
-0.2674820143195049	2.3832546611007217	3.136474603761883	3.2347752518846846	16925.72412095334
0.2774592464746135	0.24719037482641681	0.15527457031002712	2.5439983743350894	16924.392412462494
-0.4193559294046665	-0.5856432945642638	-0.5672972198649688	1.8333953609089662	16922.71014755523
0.48268455943027533	-2.6177323929267615	-0.2618712319136449	3.5671325385027615	16918.899834465188
-0.321949131675332	1.0911622918763513	-1.7416278789856392	1.8701580564705296	16915.634867104953
0.27929894660898213	1.2855268535046989	-2.6130378626323534	0.410767266758441	16914.884768834796
-0.29140656843654966	-0.3645707286915183	2.529892118122717	5.020489455216932	16905.044621932964
-0.26493244482466594	-2.550410693326519	-1.3726920680488774	-0.16281269126653797	16897.96907183974
0.6423462705280585	3.7224057383922258	-0.8407523600885582	1.77713435294217	16891.158572748896
-0.14908748405510153	-1.5265725453635284	-1.8312957918366521	1.5100094004716027	16884.88170888546
-0.1325063910503559	2.7089149569134747	-1.8967516062033951	0.4040754167987757	16886.33686948024
0.07190907265367485	-0.3843850551747181	0.8257796810454892	0.6135349930001581	16876.71856805682
-0.2904287324185333	-0.8300561644024924	1.1117086148814224	-0.44957850836703983	16876.2212853911
0.7356364523932513	0.7026481521334915	-3.650320446577396	-0.8888054498047921	16878.928959708646
-1.0841494132755614	-4.430769477128607	-2.7493562937956426	-2.179067878415836	16878.27725327177
1.3193762596355327	2.3570232933108883	-0.2556124422772683	1.3385108820585714	16880.790346278016
-1.8961633110153215	1.9323339316311703	0.6516324924403278	1.3455124304314552	16883.48513725033
2.047366289720017	1.705789475766089	1.4011534477795635	-1.3476727462551281	16886.90425609711
-0.8712634466532663	1.7044092011705914	-0.93689434213303	-1.3890956378640311	16892.138085953833
-0.24615089495527798	-0.7968731368575348	-2.4361783943482607	3.557584371182628	16897.031632249964
0.4549991107764342	-0.9884503126097997	1.0277447758696496	0.6215803088234964	16899.43683055309
-0.4581753921715759	-1.2220335698358369	0.42658450819918414	-1.626215963413813	16902.413166838138
0.621359281129763	-2.6368826305101933	2.7225907933035955	-0.6617114049005295	16905.103138848765
-0.4943145488716212	-3.611420512861031	-1.018804932814291	-0.14243508980037234	16897.88669048225
0.2545538640499245	0.7572301968186181	0.8075611586065037	-0.15794638740862865	16896.581894422943
-0.3070317940414995	0.409423451966866	-0.7891060903854168	1.6604174200469117	16908.175139586616
0.3594076359033238	1.2998813013878987	0.3308097171832429	-3.4940706086636766	16906.276617581167
0.10823034611086513	-2.812035754678071	2.193368785762246	0.40476658548523403	16903.000140973338
0.08872061882834714	-1.7725859006945583	2.8893348875928098	1.2758094814175678	16911.489246793593
-0.05188946479015044	-2.2167217040407508	0.43602511146610823	-0.23811419997981886	16900.245061892347
-0.48835605545279037	0.11426597110755665	3.0782298233387024	-1.2811864412005178	16906.82383333951
0.883826360915343	-0.6914334679486984	-0.6334044655601048	0.24346518978840948	16903.687692209587
-0.19885746829128692	0.022790009817100554	4.403456863679409	1.6165673809757806	16909.066847527978
-0.2218395540434983	-1.5712292503838228	-0.8043291989798433	-1.182525063611081	16905.738313540583
0.29178975982627975	-0.45187600813365947	-1.0789939047330108	0	0
-0.1175469857819138	-1.2489780892076041	0.1579002222711665	0	0
0.03891584557841554	0.35755151335469293	-6.214028555517814	0	0
-0.07026555340996765	-0.2780095691046327	2.1992178173163666	0	0
0.304338923836724	-3.590864250165396	0.20253879974239908	0	0
-0.48913950210869217	0.04039148026656392	3.170509333562066	0	0
0.3013662717239569	0.3453666524926646	-1.5102882989369704	0	0
0.03445100121964373	-1.061015830350705	-2.3864244442995073	0	0
0.06008960360266968	0.8050062575276371	-0.6342913247091104	0	0
-0.08704963507345553	-0.17296608420857496	1.214141839116948	0	0
-0.24286417098054613	-0.6750747716300225	-2.443849431700528	0	0
-0.04625390556176967	1.258057608353262	2.002065154860915	0	0
0.5453020458347666	0.8287226956663432	-4.090743890419816	0	0
-0.4859961989337762	3.4611627336758133	-2.423297250873887	0	0
0.029534471670736195	0.16770609983768026	0.03474147556103446	0	0
0.16373365245805616	1.5989320301247218	-1.071412400813145	0	0
0.10536571497731728	-2.7693903299630165	5.415265491374811	0	0
-0.08477579902170618	2.2035137982852007	-1.982966060848895	0	0
-0.03719280054158247	-1.2651954076654022	1.098220209875663	0	0
0.04283496733248171	-1.270476966868877	-0.1117731077363544	0	0
-0.11950620230411602	-0.3080710481300315	-0.6203857568687283	0	0
-0.013152925047066333	0.9298973090304017	-5.41527123038091	0	0
0.2739730497506514	1.6200634442838222	2.822234295555873	0	0
-0.4389014114840961	0.36100897547178334	3.6006043330160082	0	0
0.5267606413070638	-0.4904068988979944	1.8207923747037427	0	0
-0.2587146426017881	-3.2549475169517663	-0.4711570950325381	0	0
-0.22567181293463534	0.3376640007887417	-2.4499528815013463	0	0
0.2589565464380641	0.2899216255722834	1.6165657726887588	0	0
-0.13638454628607377	-2.2141364047677996	-0.3476107954357417	0	0
-0.2738423947602371	-0.05267975480554554	-0.05152517657455746	0	0
0.45407791992738566	0.5564319947382472	-0.8782195296003437	0	0
-0.31976810962228086	-0.7074119545725637	2.9255304541706693	0	0
0.1004112695126409	4.309188540932482	0	0	0
0.0486960945850754	-1.6889743641401722	0	0	0
-0.4672842061201763	2.2815611798645676	0	0	0
0.656136478563468	-1.4690128409888459	0	0	0
-0.3062247448107982	3.4113866529130803	0	0	0
-0.1393530715648339	-5.262692384836832	0	0	0
0.17610421143871946	2.4531405283652816	0	0	0
0.06421332036786964	-2.8447250174047554	0	0	0
-0.10205710935507284	-0.5489484275275913	0	0	0
0.2541541091992414	0.6425672665809969	0	0	0
-0.22294308447488476	-2.6722706576209205	0	0	0
-0.048016170514571854	-0.5194111064101747	0	0	0
0.12983466975411062	-2.5215623839457066	0	0	0
0.23016334928450277	-2.1485487189906323	0	0	0
-0.5227417227409248	3.076322746122834	0	0	0
0.3198455923736674	-2.1029833822437283	0	0	0
-0.30260014747072006	-3.9990422184001346	0	0	0
0.3836950267351753	-2.479936168746285	0	0	0
-0.42287792421369375	1.1769227838158258	0	0	0
0.2102613470731356	0.22178269032862374	0	0	0
-0.2249117243007035	2.8264309754913484	0	0	0
-0.0489913994412845	-3.561715653697661	0	0	0
0.6804246430828655	3.2926441276337144	0	0	0
-0.8517681449647654	0.5425075251352425	0	0	0
0.8230602209521436	2.0206581644109036	0	0	0
-1.0081109334316736	0.7388347039837129	0	0	0
1.173797380557005	3.1417658386541873	0	0	0
-0.6576439461670489	-4.1617242083953485	0	0	0
0.236576260543373	2.4853343870003926	0	0	0
-0.07608146874061106	-6.346771160006384	0	0	0
0.17513136605461455	2.321672625817591	0	0	0
-0.2307053210648462	0.53941337908919	0	0	0
0.46452062765748536	3.2628556434179927	0	0	0
-0.6272876277706274	-0.1426788338820728	0	0	0
0.6770522407527224	0.5584204848174679	0	0	0
-0.8183731841376698	-2.4869352155456	0	0	0
0.42375703895987726	0.715012580515392	0	0	0
0.07107410378986856	-2.5771954393205903	0	0	0
-0.1226621390605871	0.44652440560603424	0	0	0
-0.4964372418815657	0.06811832531746376	0	0	0
0.7289427801056974	-0.5429625107515719	0	0	0
-0.1955974987012965	2.730885667289897	0	0	0
-0.33185650636588093	1.8809558270205642	0	0	0
0.6026908323226223	-2.8314827282942403	0	0	0
-0.8518888109386253	-1.3668061602357824	0	0	0
0.6292590503716866	0.5220655205862386	0	0	0
-0.05215308685194486	1.9053550824999306	0	0	0
-0.3454113110216781	0.8162744825387165	0	0	0
0.17458716919408346	-1.6491073802804834	0	0	0
0.004189033642703066	1.069979240915771	0	0	0
0.026529317017846665	-2.9480033926221907	0	0	0
0.6614171211658331	-0.7220603523394544	0	0	0
-1.1596943714438268	1.6029669905362525	0	0	0
0.7297356389619907	1.1475831047764657	0	0	0
-0.5095915497081904	2.6835909119722317	0	0	0
0.7974864201870702	-2.100642389716768	0	0	0
-0.6799943554793302	-0.8768611321239561	0	0	0
0.07457108127069745	1.2376351243120567	0	0	0
0.3649418837724312	-2.186354913657766	0	0	0
-0.34938537346202736	-0.6034838818526325	0	0	0
0.09411810807254994	1.6130706648683386	0	0	0
0.15801298774441364	1.119936461758293	0	0	0
-0.32557590382403845	-1.2806509200684317	0	0	0
0.010866911411483215	0	0	0	0
0.7628154560629525	0	0	0	0
-0.870333312672571	0	0	0	0
0.42841113954280274	0	0	0	0
0.15922270813960182	0	0	0	0
-0.42989810720112587	0	0	0	0
0.3231283420584461	0	0	0	0
-0.25441556228315676	0	0	0	0
0.3637152496169236	0	0	0	0
-0.4171468173343271	0	0	0	0
-0.22374804734417353	0	0	0	0
0.8497026826132554	0	0	0	0
-1.2574655800904608	0	0	0	0
1.9710877418022363	0	0	0	0
-2.3831617364491535	0	0	0	0
1.8087816531656529	0	0	0	0
-0.5209673650525062	0	0	0	0
-0.02895642631758477	0	0	0	0
-0.08986195541857	0	0	0	0
-0.48677702923610155	0	0	0	0
0.7731639996761217	0	0	0	0
-0.3089455929146183	0	0	0	0
0.13277603522741543	0	0	0	0
0.2474751031015785	0	0	0	0
-0.5789477492357307	0	0	0	0
0.881418005101338	0	0	0	0
-1.0192790602952115	0	0	0	0
1.2296735007450863	0	0	0	0
-1.4434632096879554	0	0	0	0
1.5582746804313743	0	0	0	0
-0.8703605428506549	0	0	0	0
0.02962708288877991	0	0	0	0
0.5258724009929665	0	0	0	0
-0.613830827372567	0	0	0	0
0.31015237087213166	0	0	0	0
0.4250118662887985	0	0	0	0
-0.6084888219853184	0	0	0	0
0.009088772255452682	0	0	0	0
0.6873832396222923	0	0	0	0
-1.223847411570219	0	0	0	0
1.1172023401554796	0	0	0	0
-0.17896214399628718	0	0	0	0
-0.5725148561257853	0	0	0	0
0.7960623466945123	0	0	0	0
-0.37512532774638174	0	0	0	0
0.4920165166097519	0	0	0	0
-0.9835443627241389	0	0	0	0
0.9303408603192906	0	0	0	0
-0.3630021766483509	0	0	0	0
0.4738634595765845	0	0	0	0
-0.48821967248613873	0	0	0	0
-0.09301667798792579	0	0	0	0
0.49377557884437095	0	0	0	0
-0.26080237691901687	0	0	0	0
0.20699997801627745	0	0	0	0
-0.13354110432040045	0	0	0	0
-0.40530002801210685	0	0	0	0
1.1663952208062298	0	0	0	0
-1.1595221336414028	0	0	0	0
0.3533509146687308	0	0	0	0
0.19315750152448175	0	0	0	0
0.21111734170942498	0	0	0	0
-0.6552678799262921	0	0	0	0
0.16627043973428357	0	0	0	0
0.3470416409921171	0	0	0	0
-0.5359359303982814	0	0	0	0
0.217255610507884	0	0	0	0
0.2249129340536129	0	0	0	0
-0.4211910242260828	0	0	0	0
0.5848360187947819	0	0	0	0
-0.8465764756449161	0	0	0	0
0.5557543519212373	0	0	0	0
-0.21723907743798065	0	0	0	0
0.173354837666146	0	0	0	0
-0.2918013993487705	0	0	0	0
0.13434508115896904	0	0	0	0
0.5904440487830769	0	0	0	0
-0.5088284102458616	0	0	0	0
-0.1882861736393977	0	0	0	0
0.017898664192813385	0	0	0	0
0.13777527250935862	0	0	0	0
-0.29219672429465504	0	0	0	0
0.2978474901024484	0	0	0	0
-0.042731297459887685	0	0	0	0
-0.2560876174703779	0	0	0	0
-0.1785221311960541	0	0	0	0
0.9616264205448246	0	0	0	0
-1.3859129754736301	0	0	0	0
0.8762408869072047	0	0	0	0
0.027940513476593765	0	0	0	0
-0.7821754572414577	0	0	0	0
1.3105189475327563	0	0	0	0
-1.2459328783209713	0	0	0	0
0.9880346216433082	0	0	0	0
-0.8533185586523118	0	0	0	0
0.7124522005556244	0	0	0	0
-0.6272183849029673	0	0	0	0
0.6732132101069155	0	0	0	0
-0.7707496273987502	0	0	0	0
0.4925007149584886	0	0	0	0
-0.012794268161108846	0	0	0	0
-0.6700641798523534	0	0	0	0
0.8642927443269315	0	0	0	0
-0.755875887939176	0	0	0	0
0.1612299317328194	0	0	0	0
0.12359324109068126	0	0	0	0
-0.5683674256344844	0	0	0	0
0.5066619304360955	0	0	0	0
-0.11418369701782893	0	0	0	0
-0.21401030993128956	0	0	0	0
0.2876019217266972	0	0	0	0
-0.33134487482723074	0	0	0	0
0.06492151372918187	0	0	0	0
0.4737031994473213	0	0	0	0
-0.8629126726867682	0	0	0	0
1.1092532742640628	0	0	0	0
-1.006478281522746	0	0	0	0
0.5189939554823013	0	0	0	0
0.22327319603760287	0	0	0	0
-0.12873734413184224	0	0	0	0
-0.2838283561629993	0	0	0	0
0.3336417073692459	0	0	0	0
-0.06732301687033271	0	0	0	0
-0.046474719912183104	0	0	0	0
0.11594228112019778	0	0	0	0
-0.32554859177767526	0	0	0	0
