-0.09715858133196775	0.869193813002731	-2.5518105086219833	0.09432640963892425	16903.7001054346
0.3118110335855633	2.335223839273759	-8.159539327890329	0.7093869102802586	16902.901181494744
0.9543683770129263	-2.6483745176712716	3.3864903735576632	-1.1481456716724523	16903.706817952578
-1.1399116662309865	0.08402662699430152	12.52900111817604	8.842147973642682	16904.212929915084
1.072314695698033	5.484316913166239	-19.70720491664305	6.213745030416348	16898.96701676975
-0.72408674018223	-4.1928004855755034	10.832002634306903	-7.815325715192387	16916.95171299001
1.4536022828459352	3.4075842216054752	4.011209809320931	-15.845830486573973	16905.75063408084
-2.012470862526598	-4.139840704537285	-9.82100735567046	8.532358822390137	16949.739595547864
0.685011049896076	-3.8775998673491614	1.9913136730421144	-24.85042827387835	16932.446592817996
0.20925089017223542	-0.6375392612176896	7.105586295897766	2.6467869966127324	16955.489350788415
0.0899576024188562	1.163011945454059	-8.768969224711498	-2.885050692074074	16961.349380151634
0.07443203868047021	5.059378683431248	12.854772877034506	17.917549209674775	16918.243248902465
-0.4682848501278585	-4.542538308081873	3.8470424451536616	-13.707985766734168	16961.565692785534
0.6093527646707173	-5.988129095254266	-4.474976927434	8.161869933709397	16948.967213757103
-0.7646125850014087	-1.009983609622708	-0.6593516965841815	-31.666655607354812	16941.691752740804
0.7173867288404026	1.7630644381267118	3.193235464286488	-16.94540993441356	16986.944872096276
0.0663670576315667	-8.207723681406776	9.50384083850814	-44.18991257181942	17013.108655046268
-0.578676065058545	-11.281311366955713	6.122974674958115	12.874393208409188	16978.734456428792
0.15438620824242832	11.324574148102002	-1.5073156282133766	-21.76987325294664	16924.740553698284
-0.2613126448488998	1.8792697803055844	6.545919541536108	-7.307492682711782	16930.889440533072
1.4255947425889062	-0.029333923356162472	16.155184129891268	0.6840188471210809	16886.073929749935
-3.166351674307464	-0.006363219174055246	8.025063800167914	-25.1218054356992	16871.512683782305
3.8565956502790186	4.468820939805198	-12.636969159727641	9.587950990698786	16815.347262230596
-3.4111587370391447	-0.7560017477659216	2.556042911103475	-0.08568765141433232	16854.126111177986
2.6224320183440213	0.013117602756494762	-6.652113076738232	32.346400775892974	16874.57975021251
-1.6125590070044638	-0.5881030385222985	-6.536960712674045	-7.0414701231570405	16880.000286241644
0.9469651055069335	-0.6047786069921202	6.160022447856733	9.959350172201965	16991.4997751879
-1.1907949324982283	2.015866742515442	2.9075644046780553	10.652490978456754	17028.81538533111
1.6933288382245237	-11.89429284508924	-11.3375790621418	-0.6184177180451798	16959.184971867373
-1.59522506200679	-2.9535769809764503	-12.271539680054318	3.199912543479172	16959.64271395963
1.3897501194396327	6.778436463299933	12.854242645273501	-0.915227938560065	16991.45947482874
-0.9603910219521339	2.261682944372339	11.173017206217338	3.1313536721175836	17007.542947777714
-1.1445508700155713	-4.166707949582559	-1.1979013814380437	-10.383802180423558	17043.459480805373
3.2412141624802047	-4.531424352770401	-1.4503842446993787	-7.375916289788762	17212.750417442065
-2.1803047484880693	-1.6478878760130513	3.5295155547571255	13.692406307479018	17476.0821403749
-0.01845233294970683	-0.6051008042789263	0.4195646823662855	-6.4678096397545914	17723.499416444087
1.6432546948109703	0.41810601625279986	-11.197547559247553	-10.306989417462063	17965.24564165825
-2.566212429057323	6.343350380148642	12.221389845048122	13.309364485592425	18088.355023235123
2.085710528694534	-4.621958644671032	-0.4418731867147727	0	0
-1.0227930181582252	3.4756457474321394	-32.1825460983776	0	0
0.0816628324933859	1.2107126089201259	4.732999502245647	0	0
0.8887904000976263	4.32454058033516	0.2599455732920859	0	0
-1.0095870871452206	4.705855781008694	0.49334270905040967	0	0
0.39423368941486814	8.337239565568872	2.5032840482479344	0	0
0.16332818940707483	-2.4579947167011156	-1.068038135254369	0	0
0.36923788436026683	7.131463130381199	-1.1730986160724513	0	0
-1.8796832173208173	-0.007003445625706206	9.37955563141783	0	0
3.3770472042820145	-2.637678551285312	18.317532301073086	0	0
-3.6898055774759086	-2.857198812324505	-7.3262931578661465	0	0
3.5248120566082406	-8.4537348624185	14.126471960654598	0	0
-3.2996986871855043	4.823434610698385	6.098384762620853	0	0
2.5500984854945727	-0.40320861388772045	7.470945916555365	0	0
-1.1257439125513855	1.982795985996674	3.5887733523323817	0	0
0.47366548180361434	-5.483633844841428	5.67216021009466	0	0
-0.7006213363715332	20.607275849550057	-4.0625625111592	0	0
0.9740912191279136	-13.269676944596348	-1.3241239881026559	0	0
-0.8093890682488549	5.291430800340038	3.7313459888209337	0	0
1.2378187167078352	4.385749438677053	-14.408851179332075	0	0
-0.7658126549011541	-6.228938659111478	1.1274084669836668	0	0
-0.8939839778174345	7.970478162956056	-0.9580689169639101	0	0
1.4854350745910594	-8.48283369592339	5.802737217040132	0	0
-0.5521184439660303	4.86860215579059	-8.645045808771599	0	0
-0.4224309972825253	-2.5101784598758883	0.9696060137993925	0	0
0.8825408991923354	-4.92250231706079	-0.5000426936921798	0	0
-1.248643721529433	1.4822443884135197	-3.349182573562331	0	0
1.7910888423244629	-13.215243399930628	-2.3734600170593865	0	0
-2.5567956633044275	1.5556394059039818	-1.7608370491965388	0	0
2.9673976324534124	2.22985369410997	1.7076818909260965	0	0
-2.4825622194942696	-0.9636949766601575	3.4152935374693385	0	0
1.624260655245898	1.5263067588937531	2.8050155584856924	0	0
-1.202990405152704	-4.2301431391311795	0	0	0
0.4930787946030364	4.461286427207355	0	0	0
1.3050133766531502	-5.070500606152784	0	0	0
-1.8348065405786613	-5.377777181221241	0	0	0
0.24018321832143386	4.075025518904759	0	0	0
-0.02985976343677521	4.5326768838581515	0	0	0
0.9580479709798837	9.123589862035082	0	0	0
0.14352428878200385	7.8568639316784115	0	0	0
-2.195562447738155	8.71644761358369	0	0	0
2.3087474413480464	2.2207012206476193	0	0	0
-1.550668054023312	-10.037556794743836	0	0	0
1.0136630876685402	-5.492335719181199	0	0	0
-0.4672419481845509	-1.5219589566870866	0	0	0
0.16344805362101766	3.38502878051402	0	0	0
-0.1656932346691633	7.935189702005829	0	0	0
-0.10297352910939139	-4.832044747126147	0	0	0
-0.22765473500710698	-1.7739286584680372	0	0	0
1.217430706052582	0.9539369263674828	0	0	0
-1.7507808920882795	-3.310132476467082	0	0	0
0.5093770309953527	-4.997313949399661	0	0	0
1.730253751558557	5.470291209433547	0	0	0
-2.4575539376847644	9.484254774212268	0	0	0
2.385183675198732	5.3539158890273555	0	0	0
-3.513971791689997	0.4739192313130829	0	0	0
4.079786589161522	2.412552986567505	0	0	0
-2.9904554089582547	5.464968909333663	0	0	0
0.9815938902884014	-6.5993921751258355	0	0	0
0.6890253020699717	-0.2349410264606675	0	0	0
-1.3349010639545256	-3.4873998597663345	0	0	0
0.716087424367565	3.50719887346947	0	0	0
-0.2047469779932527	1.9537748434123756	0	0	0
-0.021538193041713782	-7.012428518616922	0	0	0
0.2537786102004418	0.005082730923547274	0	0	0
-0.07620475590849907	-5.850342652086304	0	0	0
-1.5765451422661343	-4.700749896164581	0	0	0
3.169498733212251	-6.496350685825291	0	0	0
-2.0195455592330944	-0.3286631858654445	0	0	0
0.48171841366019663	10.14323416118416	0	0	0
-1.4677245732164366	-7.690150639606429	0	0	0
2.513292390064379	16.176539518444272	0	0	0
-1.629209676673014	-3.3464107114651824	0	0	0
-0.13973392371381266	-3.2567648820722823	0	0	0
2.0159837684880983	2.491639309041588	0	0	0
-2.42574192232599	8.024699853590946	0	0	0
1.3666073250583892	7.271931686813488	0	0	0
-0.26392293659005617	-1.6947164876085665	0	0	0
0.13691612893436655	-4.427618340892138	0	0	0
0.25552918177247363	2.8516840648299677	0	0	0
-1.2868184453317113	-0.5132791229728468	0	0	0
1.5907658659165378	-7.82879116294103	0	0	0
-0.4592100556800176	2.201442792505773	0	0	0
-0.9570128169687138	1.0780407176985136	0	0	0
1.5188284055774304	1.6346903973740297	0	0	0
-1.461642391833145	3.930789559572517	0	0	0
1.5011853000292987	-4.316081194754318	0	0	0
-2.446111200084367	0.3013205466758251	0	0	0
3.7147370501287043	-6.932864826523101	0	0	0
-3.998721006935966	4.581837219185388	0	0	0
2.4502789548434407	-7.942697670222117	0	0	0
0.8047390725855408	6.877479935402306	0	0	0
-3.180738003277469	-6.850841178788841	0	0	0
3.6077709434056686	8.352173107768522	0	0	0
-3.0137285374990412	-4.435903844305315	0	0	0
3.0436332597734435	0	0	0	0
-4.866630704379929	0	0	0	0
6.241160261254137	0	0	0	0
-7.117280594484306	0	0	0	0
7.211475857828205	0	0	0	0
-5.907513337709311	0	0	0	0
4.47549553621775	0	0	0	0
-2.4316436241127732	0	0	0	0
0.726423005010858	0	0	0	0
-0.01325983414560028	0	0	0	0
0.3133370866322096	0	0	0	0
-1.3577018450866376	0	0	0	0
2.199898293191694	0	0	0	0
-1.3017516001338123	0	0	0	0
0.9992802310418654	0	0	0	0
-1.398708903075672	0	0	0	0
0.10980146102438226	0	0	0	0
1.0068006017468107	0	0	0	0
0.9651237799431911	0	0	0	0
-2.9386927011686836	0	0	0	0
1.8654515860475414	0	0	0	0
0.31349654935997506	0	0	0	0
-2.6615554640056445	0	0	0	0
5.401195959655709	0	0	0	0
-6.60496465838024	0	0	0	0
5.86457950780342	0	0	0	0
-4.5805426606119966	0	0	0	0
3.8415061170634317	0	0	0	0
-3.27897355391093	0	0	0	0
3.1920748024290333	0	0	0	0
-4.149639853897966	0	0	0	0
4.907886332153588	0	0	0	0
-5.337936414129331	0	0	0	0
6.111561536886832	0	0	0	0
-6.096371590443731	0	0	0	0
3.831273265073797	0	0	0	0
-0.9473068691815811	0	0	0	0
-0.42336139730449673	0	0	0	0
0.8470730246515927	0	0	0	0
-0.8030943023174473	0	0	0	0
0.32845764584830306	0	0	0	0
0.35969604622643914	0	0	0	0
0.04605149004532194	0	0	0	0
-0.47354071248913954	0	0	0	0
0.5408649814646296	0	0	0	0
-0.76490514679368	0	0	0	0
-0.294112187993683	0	0	0	0
3.088628910624834	0	0	0	0
-3.3199916921380748	0	0	0	0
2.202894932722181	0	0	0	0
-2.7060965956492	0	0	0	0
2.824379910295825	0	0	0	0
-1.5724477967368458	0	0	0	0
0.16170561316376109	0	0	0	0
0.07249817948953563	0	0	0	0
1.6174838144883736	0	0	0	0
-2.295246755279024	0	0	0	0
1.2721668942606357	0	0	0	0
-1.278262798303075	0	0	0	0
1.2185428212393603	0	0	0	0
0.2928433207880303	0	0	0	0
-1.5991379058544126	0	0	0	0
1.8062543765153833	0	0	0	0
-1.3659425396141884	0	0	0	0
0.9853710853966646	0	0	0	0
0.2117295079199053	0	0	0	0
-1.7152014869087182	0	0	0	0
1.9829832773340854	0	0	0	0
-1.4239991509320546	0	0	0	0
0.7359925477865161	0	0	0	0
-0.8447117213053659	0	0	0	0
1.3762196586313706	0	0	0	0
-1.9515386010529596	0	0	0	0
1.9858090993676143	0	0	0	0
-2.0174424537096414	0	0	0	0
1.28901368124221	0	0	0	0
0.01745850463800025	0	0	0	0
-1.9611884089728804	0	0	0	0
2.1581580848886333	0	0	0	0
-0.13811529539116663	0	0	0	0
-1.3278384808572312	0	0	0	0
0.31558795698266806	0	0	0	0
0.8754866120210494	0	0	0	0
-0.0011152440840689337	0	0	0	0
-1.642789155554297	0	0	0	0
2.2290720049641024	0	0	0	0
-1.7583491273354568	0	0	0	0
0.1328713408497464	0	0	0	0
0.564209276882913	0	0	0	0
0.2146107111453901	0	0	0	0
-0.5899578309380544	0	0	0	0
0.8743539417808606	0	0	0	0
-2.3231660242921635	0	0	0	0
3.7196375372628836	0	0	0	0
-3.0199061737113553	0	0	0	0
1.5168514543123948	0	0	0	0
-0.3241801458489135	0	0	0	0
-0.9221376876979548	0	0	0	0
1.5357218831857793	0	0	0	0
-1.2997388333078064	0	0	0	0
-0.015540156634216373	0	0	0	0
1.3249908547595055	0	0	0	0
-2.121387337510086	0	0	0	0
2.796065722303382	0	0	0	0
-2.6409182179849324	0	0	0	0
1.8040660595857645	0	0	0	0
-0.9197872078125187	0	0	0	0
-0.14484256705696197	0	0	0	0
1.211145936726325	0	0	0	0
-1.7612312304160866	0	0	0	0
1.0757034288455074	0	0	0	0
0.07686872540357825	0	0	0	0
-1.0934068747662167	0	0	0	0
1.1206939536736513	0	0	0	0
-0.6684483937355736	0	0	0	0
-0.23929498909667046	0	0	0	0
1.2014973625656253	0	0	0	0
-2.2815194035055413	0	0	0	0
2.7831124114283696	0	0	0	0
-2.194837883837451	0	0	0	0
0.6391911320931527	0	0	0	0
-0.862553682056614	0	0	0	0
-0.061426143271020806	0	0	0	0
-0.3224129680623591	0	0	0	0
0.461774264906623	0	0	0	0
0.9553893205682513	0	0	0	0
