-0.33174871001997275	3.7009782380294283	0.4619905389685215	-0.4386790763708177	16949.434203142486
-0.11286562539469713	11.757363613609996	0.8938467535922996	-1.7982869359250628	16947.22223239424
3.869874451415221	-3.734420574388004	-8.761634869271958	-5.793490241248705	16949.10234030204
-4.316389260598271	0.07446981042417633	-10.538572660444984	-34.61785571504875	16947.17915380212
3.7693591099857713	-6.651363097668515	-11.992734928497782	11.274371430559441	16953.5291662276
-3.91620155829974	10.158440248805618	-4.691483871848391	-9.21748813697296	16930.258445537915
2.9817781609097977	-6.285000244355885	-25.298158856747747	4.945753399503104	16950.123773833442
-0.7178762899800688	19.08838175981473	24.953839002389728	13.669873355690669	17034.64148614028
-0.498372931890529	-2.2570777517286373	6.205752789777648	-15.200129018617574	17115.56221679596
0.3912681599142047	0.7448843830787979	-21.66228354334781	4.1290302274525175	16947.782373771985
-1.9471098193994791	-1.9531121822749284	-8.688955191849587	-14.038960016879415	16870.34934644052
5.192076438462678	8.809476304742681	-46.03782025817199	-13.396911776920419	16818.313691444462
-5.4078110994321165	-1.443599900986662	-3.436034194242822	-22.38481313923988	16826.263142843436
1.7599979476882481	-11.161180831713018	16.0441351289726	-9.148484245605133	16887.559629578227
1.4755429584101662	10.062945685243825	5.0164522361598785	0.8486302328623765	16896.373396721967
-1.829497793634765	-2.808905057658947	10.628896425744514	-14.338280565605942	16937.342981602975
1.0966293408375378	3.552956756751726	0.15241005021017884	-3.737200336885124	16921.276681156964
-1.7297532989840647	14.594660508871968	10.077212055803187	12.854912137011809	16925.890843233024
1.518779224427675	-1.1656288957602072	-12.556492652389167	-2.2000747723034095	16918.52413204254
0.43882543494601833	6.739342502219536	-8.811367630425238	9.110287308581263	16944.25307811686
-0.44042572046123496	22.831739308522913	-16.72875573284179	2.1690364425250124	16899.083693709243
-1.0592613116788172	-32.315351146044385	1.2594126813229138	-7.80334157666077	16967.62034214832
2.540860361699117	-12.295594351116037	-10.347473492395665	21.49667280113124	16967.522106761622
-3.671255256135204	5.574726691721402	-5.278988167238282	5.515337485761648	17005.373298965216
2.807657890213555	-0.38706551421508806	0.8436239560205081	28.994479797977377	16947.35184027654
0.413638552057364	-11.39991813978886	2.3290773777303997	-24.765446353732315	16939.536332514675
-1.3043913246288454	3.5150108913371128	23.941698311677555	-3.1470731403455545	16903.04269715326
0.09681384179425123	5.640103909443972	-6.7168877744092015	8.233566890371549	16875.300237671032
0.22233519439974714	-5.407335975020388	-14.464024582853966	23.593827498379127	16816.19287249145
0.4645441378505808	-8.591482421256003	4.083212005310003	15.22335416822537	16903.94315766252
-1.4741699702837678	2.0819472702029174	-16.54888955771436	8.379572549996482	16871.86327597483
2.874001135407944	-6.102096058921937	-18.601390854595422	-8.90050950876389	16836.18284118796
-3.014947123771236	-9.067362167972014	10.767124581215043	-13.071030075989867	16810.37919684799
0.724567111611421	-1.5798884914273046	-50.92113555361473	-23.75619837775436	16833.750802020313
0.7100461448087003	11.48493826501386	17.285242476037027	-13.064139638807973	16884.281163567466
1.8861400608844434	-10.063355827111032	-3.6062424096684396	2.2147964768439294	16844.26143649384
-6.12654297229394	-1.6292643310296953	-0.2412193824817308	23.626744249356577	16905.617981634743
4.220382687701665	1.2808250370804402	0.10103111089131289	17.90888419416467	16871.277835738285
2.596051386513274	-2.7830547784085127	-6.875201946808673	0	0
-4.6104485041439744	0.25798153091569986	27.528576755342797	0	0
1.2984604549471541	11.373613675854216	-12.320031858542052	0	0
0.5207602415982109	-26.49990896494272	-16.311593136416008	0	0
-1.1578330444182896	20.90166955910155	16.059191874223316	0	0
1.568314191657194	-0.04121722313380616	0.7065069713127912	0	0
-0.43576091515675586	-3.986618980140257	20.411917753549844	0	0
-0.650454708353422	-4.340931192181358	4.5210692338572755	0	0
0.7344837309797541	-4.118787340276512	-12.953763435817422	0	0
-1.7343204330238606	-1.6375297085121545	17.076543805351903	0	0
1.1769798590798217	3.427443657307741	7.213962977447679	0	0
1.392507728664782	3.0398585009888848	-0.20710358871342294	0	0
-3.000717287922761	1.6698461950731982	-7.9661358313639425	0	0
2.3117559119935294	-8.615089557974905	2.783443743514738	0	0
-0.2587137898487484	-4.599083154257116	-16.467449431490707	0	0
-0.47568805405287407	-1.4374144944540248	1.257856934985952	0	0
-0.051095056636320635	-0.4347188084499365	-6.658865893102174	0	0
0.28354718055040706	2.8998569080351544	-16.851083422228555	0	0
-0.9089883881051364	-4.748387095455435	-26.325603823299247	0	0
1.9463172690890858	-13.999217909119338	-1.6806813183787739	0	0
-1.7536230291994883	-2.1945168646020647	-0.6950813226934685	0	0
0.4553983748489756	-1.394300685552743	21.543589673772246	0	0
-0.11114359821098674	-6.539238519324108	-9.256762552657264	0	0
1.6341471012633377	9.530857651115099	4.487089135968375	0	0
-3.562875454740201	-1.6614449916012077	-7.309581375020741	0	0
4.750106576628653	13.424113266967936	-13.818946308359884	0	0
-4.985609775691344	-4.089630073193661	15.82872089164961	0	0
3.2816465503923595	6.624423552458836	6.44402451141427	0	0
0.20401111753552925	-3.9673755907593247	-3.4596517888633684	0	0
-2.2646964080184944	3.702574657855351	1.977925477743284	0	0
1.533904148137303	-6.0335328757274524	-11.629936981720192	0	0
-0.6463595092793142	6.003447272253169	-9.022587204025399	0	0
0.26120329959714894	-3.9012160991818305	0	0	0
0.8931619116897025	11.035466438461235	0	0	0
-1.4495872524512876	-7.66045164858614	0	0	0
0.7543817927169769	1.1030001024812748	0	0	0
-0.21644044235497262	2.149411019776686	0	0	0
1.587410854881341	-10.627431901128077	0	0	0
-3.7056179505679765	13.244600588553467	0	0	0
2.7300691836672613	-5.69869116616109	0	0	0
0.7596228044510553	0.7024533617090256	0	0	0
-1.724204916351347	-4.456583883070174	0	0	0
-2.18219740995864	23.14404766709498	0	0	0
7.318822622809371	-2.0639565566488045	0	0	0
-7.8020339385737	-5.189058305141927	0	0	0
5.7323960430347185	0.9141209927768799	0	0	0
-4.416764827141769	-2.039536151215664	0	0	0
2.4282409739875277	0.3008152211063404	0	0	0
-0.17344027544651652	13.040261022834223	0	0	0
-1.5777852637427472	-31.69998562234982	0	0	0
2.9058333400347536	27.729388606552448	0	0	0
-3.106746712642753	-4.287946193052299	0	0	0
2.5970269513680933	6.912509568078043	0	0	0
-1.6712519426949228	5.5179940389357895	0	0	0
0.3773290673701837	-3.3190354542807157	0	0	0
-0.04175605494386048	12.015030707307957	0	0	0
0.06653695771930046	-6.34170838772868	0	0	0
-0.38503046033119404	3.896072282005278	0	0	0
1.225076438755842	4.061952278659369	0	0	0
-0.4807974902132415	-8.771584509591214	0	0	0
-0.6867758573769507	15.38896435309946	0	0	0
-0.3708440249539251	-2.2656138446709804	0	0	0
1.3559625984539494	-8.611511104871589	0	0	0
-0.26468346079414573	4.709165885902635	0	0	0
-0.6722615988421978	-7.8039285607232145	0	0	0
1.439106980735147	-1.5907506933122377	0	0	0
-2.3041541532529877	10.65514270135099	0	0	0
2.42975474551789	3.2660565251244904	0	0	0
-2.537204829182791	-7.643731602627724	0	0	0
3.254827140551413	6.680259038266058	0	0	0
-2.949327858360526	-11.57087013326474	0	0	0
0.8832690985716098	19.953962255069285	0	0	0
1.1677738557155877	-19.233077863620125	0	0	0
-1.5892658341216332	11.199309542656628	0	0	0
0.05268812158207936	2.669654173070896	0	0	0
0.9447042480872341	2.47771583564311	0	0	0
-0.13150623794057026	6.1622686615785085	0	0	0
0.15014829122326745	2.0650274841157383	0	0	0
-0.6897519533984209	-0.8082355470082021	0	0	0
0.0600947776037799	-0.5234466282711381	0	0	0
0.06081998044498249	0.21281737961628266	0	0	0
1.5381979558006762	5.8343225363409275	0	0	0
-1.754492998832795	-7.82817937801682	0	0	0
0.6915385123951054	14.269843239196433	0	0	0
-0.638906238297487	1.857686967071487	0	0	0
0.8358758645004514	-9.109784902514583	0	0	0
1.3512382079041743	-11.079731524172182	0	0	0
-6.806190034251159	9.389665218571608	0	0	0
10.226960335443067	-13.880785637145564	0	0	0
-7.009822151674918	10.282099025230735	0	0	0
3.025179185998681	-1.5392621807948998	0	0	0
-1.9293468087011263	-12.998914435402916	0	0	0
1.555881198572365	18.4877541192785	0	0	0
-1.0525127247973955	-7.984933908996865	0	0	0
1.5920398880408584	-4.886546458257982	0	0	0
-2.050305335488517	0	0	0	0
1.4749943617522874	0	0	0	0
-1.480296332990342	0	0	0	0
2.201657396031166	0	0	0	0
-2.0522229806496455	0	0	0	0
0.08777726867334223	0	0	0	0
1.5076880228192806	0	0	0	0
-1.1156464943637516	0	0	0	0
-0.4898001955436371	0	0	0	0
1.0249626258191569	0	0	0	0
0.37907073115995615	0	0	0	0
-2.100586557269189	0	0	0	0
2.1418650479795716	0	0	0	0
-2.0561315375922504	0	0	0	0
3.5172019596901762	0	0	0	0
-6.643381243464887	0	0	0	0
10.258147247748177	0	0	0	0
-10.60762284808424	0	0	0	0
6.9193923168254585	0	0	0	0
-3.79626613907233	0	0	0	0
3.25349933855491	0	0	0	0
-2.8108101309478357	0	0	0	0
2.7058900144973492	0	0	0	0
-3.8209492734782415	0	0	0	0
2.239596247760403	0	0	0	0
1.7149969179501312	0	0	0	0
-4.57424056781273	0	0	0	0
4.606145653977983	0	0	0	0
-2.2520966812395287	0	0	0	0
-0.6028107273241758	0	0	0	0
1.9369037423174618	0	0	0	0
-2.197742989215776	0	0	0	0
3.3267509025556166	0	0	0	0
-4.348019617909138	0	0	0	0
4.407328510938235	0	0	0	0
-3.943751785123986	0	0	0	0
2.7479848834122933	0	0	0	0
0.2500730052707567	0	0	0	0
-2.7537923546531076	0	0	0	0
-0.9639073492205483	0	0	0	0
8.20214495959852	0	0	0	0
-9.5893489481303	0	0	0	0
6.122840137382134	0	0	0	0
-3.7179671436589103	0	0	0	0
2.5952802843683216	0	0	0	0
-1.6484597025598333	0	0	0	0
0.6223244741220242	0	0	0	0
1.5080435228276343	0	0	0	0
-2.295514471391762	0	0	0	0
1.5097579474872305	0	0	0	0
-2.206987699687133	0	0	0	0
4.880433415334359	0	0	0	0
-5.785500199858994	0	0	0	0
4.4405963056626945	0	0	0	0
-2.5043894056808256	0	0	0	0
1.2530528633173645	0	0	0	0
-0.7978268037867551	0	0	0	0
0.9036360576289866	0	0	0	0
-0.3532093344621572	0	0	0	0
-2.6195566284034086	0	0	0	0
5.130537291016147	0	0	0	0
-3.8546894828199783	0	0	0	0
0.9032722970477209	0	0	0	0
1.5961318965384876	0	0	0	0
-2.4186306337299897	0	0	0	0
1.4719991279325342	0	0	0	0
0.39106092157377503	0	0	0	0
-1.0829373145608514	0	0	0	0
0.278927096168907	0	0	0	0
-0.11937858805610091	0	0	0	0
2.045031888476352	0	0	0	0
-3.901908740301792	0	0	0	0
3.126734615920846	0	0	0	0
0.00214176212845274	0	0	0	0
-3.125528017067765	0	0	0	0
5.907285914740342	0	0	0	0
-7.0180108346356604	0	0	0	0
5.546253391011625	0	0	0	0
-3.3944757642925794	0	0	0	0
2.5189075816474826	0	0	0	0
-2.377191423996692	0	0	0	0
0.42985520498107377	0	0	0	0
3.420988816746359	0	0	0	0
-2.8691533427888913	0	0	0	0
-3.0274135502709854	0	0	0	0
6.359133654645241	0	0	0	0
-4.565300852087006	0	0	0	0
2.3198654864772124	0	0	0	0
-2.9753378185986037	0	0	0	0
3.7824785156409177	0	0	0	0
-2.68178154536794	0	0	0	0
0.8290377916437706	0	0	0	0
-0.15462672849471915	0	0	0	0
-0.23337108038885646	0	0	0	0
-0.08762402555967697	0	0	0	0
0.9133755053262149	0	0	0	0
-0.5634808282632164	0	0	0	0
-0.3839190857466832	0	0	0	0
-0.28179979720988513	0	0	0	0
1.675300254515598	0	0	0	0
-2.3429797677023743	0	0	0	0
2.6127766572486877	0	0	0	0
-2.6053892339268003	0	0	0	0
2.9093765504454296	0	0	0	0
-2.9010243479672226	0	0	0	0
1.3863888195174994	0	0	0	0
-0.49000555355313224	0	0	0	0
1.9132717882563384	0	0	0	0
-4.0357138627156885	0	0	0	0
5.171353712056053	0	0	0	0
-4.185570040534138	0	0	0	0
1.7354321655959666	0	0	0	0
-0.1224291957143322	0	0	0	0
-2.1298138128776785	0	0	0	0
4.171567348269491	0	0	0	0
-3.529599853624653	0	0	0	0
2.587149576418298	0	0	0	0
-3.132984795222079	0	0	0	0
3.5437395858223155	0	0	0	0
-1.3173849336687553	0	0	0	0
-1.88250693898123	0	0	0	0
4.586512926456393	0	0	0	0
-1.1815191607301472	0	0	0	0
0.4523215474721525	0	0	0	0
0.11878086023257595	0	0	0	0
-4.534954247394886	0	0	0	0
