-0.07500648148212719	1.0447067255229783	-3.7289117287384954	0.18454073355040634	16868.012009475864
-0.07025317310823453	2.846176015528364	-11.724716325542545	1.5865601915952823	16870.05721534742
0.48891236021481177	-2.290549538757375	8.11174795061821	19.534442181789146	16872.09650179016
-0.2696129979902011	-4.6813787440449985	-12.662979495366955	0.11283823913376523	16866.62385538092
-0.650236982940406	3.3560406091740234	19.210082392177966	2.9102389782103586	16883.474555140438
1.0598288331413457	-2.3630566533091226	-15.804108085303483	28.551014730780352	16823.64425433424
-0.30256044126711856	6.140461480865561	-1.9579501137009743	-31.06368397354906	16831.61705856044
-0.2882965847424259	0.3457415100979304	-0.7677667359919411	21.413006297465984	16844.461360824218
-0.18759112185425408	1.1318466201799424	1.722188485712735	-19.091168723707	16937.695269986616
0.8460664877287911	-1.3407052769426713	4.6963825110043445	14.820332793248909	16916.202509108225
-0.9385314476786064	-3.4371019909929004	14.968097666893726	3.0696785531747537	16843.26436264698
0.12150892958214143	-0.5833008154574131	20.065561954792557	-8.668527486882141	16910.206231896325
0.4061568653662775	-1.4772677815162822	-8.587912778810832	26.237194485240252	16933.134832253785
-0.4967119132648179	-0.1298306707490937	4.5537558778706	-2.815491225433462	16937.5958898616
0.4309058283821443	-1.2227064701588688	10.64776997254036	1.719109995627889	16912.821023857894
0.24021842721655418	3.7306752669802776	5.747775371215738	10.698640719706006	16994.416408124907
-0.379688504160562	-4.0309715099116445	-7.02201158170611	2.1299988565074415	16933.948087272533
-0.3230497561466308	-4.280233987989462	1.7295417134562001	6.448658156181594	16935.8963500565
0.6661225922514831	5.396954070432464	10.471338772541372	19.631433581426194	16969.663581764464
-0.761498062438335	-1.701673973141716	20.6830791170878	-48.63286719407361	16962.508187115036
1.2459115127955869	-8.087051953131457	-2.51347256880274	0.9765651638088144	16949.892398933793
-1.864743341731618	9.475754808842154	-14.937649492695087	-11.492560756622495	17058.57725704713
2.013662490545684	3.2897698795838437	9.586613210433413	27.030527475288537	16989.3907126607
-1.6223334174636435	0.7812852327750122	1.2420309557463298	-16.230480375845843	16975.55427362038
0.6818766218543928	-1.1948330132493936	7.151722504771243	13.431553684076746	16953.635760513716
0.24367326658579458	5.266119246287843	-19.079649464761786	18.971522819358924	16953.46215258865
-0.8243048406412754	-0.9419526504990898	-1.9603804694364442	-29.006858212003593	16908.658712418655
0.1367440921045997	5.348732258085988	11.87628336044304	26.259046256033457	16875.541461075027
1.1209297305487311	1.9362920435117204	-9.347506346570214	-15.380105008868298	16930.577881385165
-2.0508042544912612	-0.7333864232689606	-8.74895731488661	14.556965005388179	16931.979050348727
1.9237369515915361	-3.532811161342174	3.786014056052892	29.52532741745887	16913.00887574658
-1.5131057113425612	2.8957394327680532	-7.025952784321049	-31.82180839009328	16959.12819047072
0.7322067685462699	-3.9469202720594154	0.7006985543952169	-1.984272357007839	16945.47875389182
0.771538137628049	4.381853655069385	9.859327656002975	4.57798488150209	16972.206095980648
-0.9852976705788379	-5.076756236213015	8.994502654537612	5.806955379416479	16959.69546519917
-1.1488117066078445	6.097063873638604	10.197638699332458	-2.2682048479140065	16967.369066122155
2.9847005012513748	-1.4285241287955515	-0.4312257795777015	-7.22857490654647	16987.96446040586
-1.1398519124401432	-5.395190768954393	-16.311802630885055	-0.15491391027913437	17013.408462317475
-2.844637582173604	7.933854654324186	0.6856544927480428	0	0
4.326539067890614	-4.036868254975808	-2.5192117862018364	0	0
-3.2974069240129324	6.360093436967539	0.8879925413340146	0	0
1.592194885286915	-0.19806479389062304	-8.249180925083195	0	0
-0.7170992801043212	-6.859494436972405	3.8356119080126803	0	0
1.0051988103314642	-5.190495056469615	-11.249600064175183	0	0
-1.0982715086081285	-2.328138436441961	15.653786960689658	0	0
1.3309509933764758	-2.661515327598316	3.5926594622254413	0	0
-2.257434425987107	7.408508479612394	-6.873239699353107	0	0
2.1901809120046494	-5.5980523223308225	9.068485178478397	0	0
-1.024221151550634	-2.2345857180833875	-3.9995020922920475	0	0
1.0611191123632793	-1.2831375702774608	-10.6319643452739	0	0
-2.0893257462086154	-1.9582333498350266	-2.1404203906178054	0	0
2.2636076897447737	3.4276005602679547	17.473323292984816	0	0
-1.8167715653414334	-1.952912686157788	-28.251522574691734	0	0
1.9665337208674245	-5.326389566013923	4.528207629440331	0	0
-2.280183991488741	1.5587125646395208	15.043321613140677	0	0
1.5598025887810039	1.146779963215252	-20.48727055247744	0	0
-1.0139172466807267	-0.7864309293051193	0.41195137777226876	0	0
1.3816843662701999	1.5650564891478922	-1.9020553678768124	0	0
-2.136680235796213	0.12763315928980035	22.830132128765513	0	0
2.923040786709805	4.176623341142211	-16.28281130532646	0	0
-2.8445982751332792	-1.1521623854914225	4.378610929861836	0	0
1.7116034562263636	-0.701373054532624	-4.878895753681348	0	0
-0.6129756467943039	-4.55143502094451	-4.975869840579321	0	0
0.10217553346402042	-2.9611074732333122	3.173575116087193	0	0
0.8393647009341123	4.614255510211578	-12.888106780167845	0	0
-1.4098211768965285	-10.811237152874227	8.172918241055811	0	0
0.6039010120863963	4.273897649503219	-3.100161033151835	0	0
-0.11625225983227949	3.5248617120084873	1.177341695873551	0	0
1.1204960662270054	2.6785320665418197	-4.301019612847213	0	0
-0.9684936403501183	-1.8439451450422695	13.343637193612423	0	0
-0.03987182159999492	-2.149274792609475	0	0	0
-0.6463418895371831	3.205963903832199	0	0	0
1.0525558034657294	-2.7236728897416356	0	0	0
0.04564121057694592	-3.038930867348384	0	0	0
-0.5769871040722947	-4.606170055456445	0	0	0
0.1052640084460279	2.9881167876804113	0	0	0
-0.05008828123490616	5.693265042024144	0	0	0
-0.5536456731175647	4.248155785674619	0	0	0
2.173279055994655	5.67597221516003	0	0	0
-3.1260563266685466	-0.31719720042814714	0	0	0
3.1384583422320986	2.3017609246932764	0	0	0
-2.395157137140309	-11.272190977384007	0	0	0
1.0840722265333298	2.5822025403855733	0	0	0
-0.22530918137754696	-0.08008982975351842	0	0	0
-0.8467117983858756	3.639606800289293	0	0	0
1.7903984809499462	-12.647360807199071	0	0	0
-2.337221384874667	13.479642746742769	0	0	0
2.155851102693447	-7.458860281013401	0	0	0
-2.341167702767301	10.520994126702476	0	0	0
2.7571908672045637	4.277432257593198	0	0	0
-2.194393962501593	-3.512547645360243	0	0	0
0.8637718069663265	-5.026173683871534	0	0	0
-1.0413265588089402	0.5422115706746524	0	0	0
1.089775906687926	4.261844119476272	0	0	0
-0.486101763487639	-6.803350997208327	0	0	0
1.195352292423884	-3.7369790579814293	0	0	0
-1.7327777830077622	4.270710317239455	0	0	0
0.17906994897447248	-3.785223183504904	0	0	0
0.4498910090517114	-0.0954684827824579	0	0	0
-0.23304817638017283	-2.8983343639665833	0	0	0
0.8540378563715834	-0.23696478514050767	0	0	0
-1.054573349145393	-3.4050785159179853	0	0	0
0.9808201027555796	5.71517245286126	0	0	0
-1.2643738695557971	6.16766224354533	0	0	0
0.9992439093625833	5.487035009178825	0	0	0
-0.33143668317585195	2.9249012317794225	0	0	0
-0.10633050495695073	3.53033087042477	0	0	0
0.5369261478737783	-0.9315840328193659	0	0	0
-0.8679783706397401	-0.5643534780161659	0	0	0
0.5029526836758293	-0.662703617634925	0	0	0
0.08911507112660644	-8.204850105496128	0	0	0
-0.023864315581619167	3.6600584906906377	0	0	0
-0.561517194165809	0.4671730000808836	0	0	0
1.177262028019456	6.12487527035627	0	0	0
-1.3013988255576265	-6.072306956173762	0	0	0
1.2417643989755476	-0.1438601905122212	0	0	0
-0.8632906121386483	-1.6990102490410806	0	0	0
-0.2987881419171359	0.1666046955816043	0	0	0
1.5924268404067092	-4.209198421009091	0	0	0
-1.9857562421873993	7.55658588993888	0	0	0
2.585310623012383	-1.390687740408616	0	0	0
-3.408426661411646	1.1674235363294798	0	0	0
3.2130331365540243	6.52075475383721	0	0	0
-1.7223307064902187	0.6162970608368141	0	0	0
0.3321102998452403	-6.452244078367642	0	0	0
0.3949992271082152	2.214489781821257	0	0	0
0.41532447145925744	-7.29792500332168	0	0	0
-1.8055891813243434	2.41650300354182	0	0	0
1.9404346127469196	-2.0922582165963917	0	0	0
-0.14384996194161914	-1.061187190760144	0	0	0
-1.5683403033623051	1.9806801054992462	0	0	0
1.5937905129520757	0.32027823159483404	0	0	0
-0.9534603021884749	0.44612923258187465	0	0	0
1.925621008120622	0	0	0	0
-2.8354306270178853	0	0	0	0
0.6881560423947519	0	0	0	0
1.7274926151471348	0	0	0	0
-1.6064348765127647	0	0	0	0
0.9626815473934656	0	0	0	0
-0.3142582598228003	0	0	0	0
0.0969563128310682	0	0	0	0
-1.2558647205445368	0	0	0	0
2.3868339599409083	0	0	0	0
-1.4162403041106941	0	0	0	0
-0.21124287117596907	0	0	0	0
0.9488710186270879	0	0	0	0
-1.0140206060367163	0	0	0	0
2.073976634345833	0	0	0	0
-2.795547217128096	0	0	0	0
1.5910413218278165	0	0	0	0
-0.24047000758218928	0	0	0	0
-0.46705628792910403	0	0	0	0
1.000448669721024	0	0	0	0
-1.028295892619795	0	0	0	0
1.3187383604572815	0	0	0	0
-1.3793573118329192	0	0	0	0
1.1579608136595283	0	0	0	0
-1.8864217593151622	0	0	0	0
3.0594760165607013	0	0	0	0
-2.7968405187927132	0	0	0	0
0.8305116514780906	0	0	0	0
1.3754122905851816	0	0	0	0
-2.2798524915295033	0	0	0	0
1.730604809031334	0	0	0	0
-1.750740122092175	0	0	0	0
1.8281633295302129	0	0	0	0
-0.914758197470384	0	0	0	0
0.6283066267775013	0	0	0	0
-2.6098122275429816	0	0	0	0
4.946325268104722	0	0	0	0
-4.7803620173163	0	0	0	0
2.319976759898978	0	0	0	0
-1.5699558022383329	0	0	0	0
2.7882067897711167	0	0	0	0
-2.7575882000820116	0	0	0	0
1.4354823181412755	0	0	0	0
-0.22373279907014876	0	0	0	0
-0.8640326144238912	0	0	0	0
1.3027151688448342	0	0	0	0
-0.8907038151690827	0	0	0	0
0.31136512295170604	0	0	0	0
0.3497087767701572	0	0	0	0
-0.6401189016096396	0	0	0	0
0.07940407042713105	0	0	0	0
1.5104281880245765	0	0	0	0
-2.3021014897270646	0	0	0	0
1.5366879046029709	0	0	0	0
0.35135764541428927	0	0	0	0
-1.8277497992615324	0	0	0	0
1.2697615016946315	0	0	0	0
0.7832944429273709	0	0	0	0
-1.8671601277543175	0	0	0	0
1.8756054968479106	0	0	0	0
-1.2419660089460507	0	0	0	0
1.1281395524050666	0	0	0	0
-1.886170852981948	0	0	0	0
2.110068971129074	0	0	0	0
-1.1899128593823391	0	0	0	0
0.8649106124846782	0	0	0	0
-0.6708358315675369	0	0	0	0
-0.4043493447773372	0	0	0	0
0.6699490788037821	0	0	0	0
0.4446588795886228	0	0	0	0
-0.520529150182135	0	0	0	0
0.2080609219771361	0	0	0	0
-1.5260489219244349	0	0	0	0
2.274097801834678	0	0	0	0
-2.2498531644073196	0	0	0	0
2.2789936269936675	0	0	0	0
-1.4248913020820524	0	0	0	0
0.6846274124825058	0	0	0	0
-0.924781523644171	0	0	0	0
1.5474812363932955	0	0	0	0
-2.294340829963936	0	0	0	0
2.745977197165253	0	0	0	0
-1.8275017721694269	0	0	0	0
1.2195240714769042	0	0	0	0
-1.331632635591852	0	0	0	0
0.7177610954133797	0	0	0	0
-0.0369412095813928	0	0	0	0
0.23410098850091998	0	0	0	0
-0.21545094297648149	0	0	0	0
0.2334365665003233	0	0	0	0
-0.3481643225021287	0	0	0	0
1.3351531808904866	0	0	0	0
-1.2653921629541074	0	0	0	0
-0.15946303663915984	0	0	0	0
0.476355809133743	0	0	0	0
-0.113845930905903	0	0	0	0
-0.42690844383039916	0	0	0	0
1.4222003643549925	0	0	0	0
-1.4285492742144044	0	0	0	0
1.3526094283841914	0	0	0	0
-1.7476416014477039	0	0	0	0
1.342504061302364	0	0	0	0
-0.606769662729576	0	0	0	0
0.31510561257186964	0	0	0	0
-1.1588894955740443	0	0	0	0
1.0136114951697834	0	0	0	0
0.5586984184284773	0	0	0	0
-1.9422011394329886	0	0	0	0
2.140101162977558	0	0	0	0
-1.821131257613942	0	0	0	0
1.1781966519556306	0	0	0	0
-0.3803119928552974	0	0	0	0
0.5071690191768212	0	0	0	0
-1.3950457111399999	0	0	0	0
2.025140865848435	0	0	0	0
-1.6779792405060618	0	0	0	0
0.44199591549663353	0	0	0	0
-0.11002817853393765	0	0	0	0
0.2982867094976882	0	0	0	0
-0.4396211817122264	0	0	0	0
0.1818605422334585	0	0	0	0
0.14155850533980185	0	0	0	0
-0.2293874288066604	0	0	0	0
0.025017363547384264	0	0	0	0
0.29039926927654847	0	0	0	0
-0.3611328066460686	0	0	0	0
