-0.05060701532661227	-0.5777024735142504	-2.5105218749101397	0.3789895923835047	17100.921288622303
-0.005909885155531924	-2.311747488199046	-7.958589059805533	1.3920460488839979	17101.09402176662
-1.5839512702942002	-3.0293615408870664	3.110635762985126	-0.45357395047983573	17101.75179321514
2.3057360743872692	1.4712672605714516	13.863116209515056	35.80708138747667	17103.36805419227
-1.9214505909260353	5.9328319959534355	3.1032284418763396	-77.91029311904052	17087.067691328983
2.167587534859827	1.7054139567562032	-20.170575302214914	50.20657701281985	17157.840472722804
-2.5385435298131185	1.0695983636132524	8.811715669830193	-33.049931586440096	17056.951608916817
1.3569599734809827	-2.444797048998282	-2.216235664441939	21.414335632362054	16772.475571050334
0.630138738022552	-5.810618449812338	1.503390220154202	6.875556170787775	16727.066338838555
-1.1796904288580876	7.850702696979894	-8.304890722537493	-5.368065677815679	16717.344351537962
1.1183071501520203	4.817423157005791	-0.2713862937502114	8.029609332496747	16768.87580901769
-1.5706366192927348	-0.1353468570608527	-12.99307767939412	-41.758527563561955	16808.446700498112
1.8316359705831644	8.914952453449814	4.135231546234138	10.459664908753439	16810.830852908846
-2.169992127424088	-4.433970096936655	-5.398872850098613	8.307865705552146	16787.48025388158
1.711543281470128	-1.7547727001758204	16.024617780973244	-8.723920798285562	16841.864622372148
-0.5586005507712102	2.0793937802796876	-4.694319616140518	58.04159955619578	16945.360076932604
0.19346285482733094	-8.67800596219859	-20.481315702114614	-45.874858353523834	17075.54627504414
-0.394376496889393	5.083072267264576	3.2360349134324053	18.55340171008484	17161.690014578176
0.8327608865920766	9.02420336418669	-0.6475350819143557	3.100086410121577	17305.457425499346
-0.5431734789095515	-4.837557114588833	-4.0847463591926925	3.1687890285793117	17147.741942419372
-1.2447686614882798	-7.095122349444793	-1.776399935440537	5.591346302028143	17018.989449977886
2.099691094910739	3.271031153471519	-13.070557898926381	3.852682284409724	16925.68245893342
-0.5532567606557848	3.6050966299520297	-0.10230739531753841	-1.500324974965011	16912.41752831574
-1.1558017642412466	2.962808063410762	6.322861462290746	0.6284952423091141	16937.692901201703
1.5694885007120618	6.906915798114234	11.044051832405998	-6.915307642024757	16900.023086482874
-1.825775036023174	-5.780584927239055	0.4070541423206322	-0.17297307539416806	16952.03869856168
1.8988262253867276	-3.148782367675267	14.467318017128193	11.112979582768133	17058.239543950636
-2.2184602217843903	0.8524765267900278	-4.859232749127216	-22.75005060856023	17071.186246387282
3.2534659486657347	8.010224052052749	2.791886417052339	18.65783020557518	16955.789386729208
-4.080806130941909	-1.6658975106906269	-12.047253390863645	7.497242578779748	16914.18168618039
3.2057529583924946	-3.0983114623911305	19.011860253909774	2.432359584209024	16688.643919987917
-1.302907204581203	-0.7653862139749705	-0.7642924891243013	-18.82177745973216	16675.85236995212
0.634315671033896	-4.122657592661113	1.1377694206196622	14.250985841756133	16620.549107274288
-1.074840289252812	-3.4172904318445134	7.088674139448528	-28.240355581771695	16659.931021901215
2.134074467497456	-3.1139518528767667	0.504646581837747	16.415392450754155	16757.29623135519
-2.1160227086255574	-0.23891887088620933	0.37109138918091844	-2.0347365722772395	16902.68870963258
1.6304052231224304	-3.7841642616483213	-2.5708883330876233	-9.592420659745827	16854.540999752415
-1.6029828450560615	5.42871993803621	9.62806820829799	25.928538268386646	16868.446349990307
1.0333148164910853	-0.3506122824962503	3.6579994124859923	0	0
0.3051431465408285	-1.3636900625855546	-0.39184802574642674	0	0
-1.6063550049835058	-5.49077673786649	-2.1351276582419842	0	0
2.2964518917999612	0.9638752174572645	-3.9915023552150757	0	0
-2.184544823755438	-1.7758604559510047	-1.655660875511714	0	0
1.9713286750300156	1.5780843491019994	0.1695096585521867	0	0
-2.1209703937593716	-2.470946280485805	7.3747748355761615	0	0
2.1939259694049866	-6.578228728763754	-3.27366433792929	0	0
-0.6688269153766768	5.8558061184636045	0.29948147231765176	0	0
-0.4166069765879783	-4.278427503047702	-1.8654971691163524	0	0
0.37671140640129863	6.2156406243063245	-6.364922579444482	0	0
0.20952151002215658	1.297877222270742	3.747567819203809	0	0
-0.7269574060291859	4.631755908011016	2.3418880967283116	0	0
-0.3287601917298062	-3.0424232267076405	-2.2571098523928868	0	0
1.6329034705803522	0.45187134180065414	-8.928753921517753	0	0
-2.3179435891821285	-0.6657312448469668	10.877980155050835	0	0
3.1930857863416975	0.1776258486425064	-9.389650908461036	0	0
-3.294647396610017	0.27376310099595	11.799062471359477	0	0
2.723343535075749	-4.450947429134089	-9.537342597594119	0	0
-3.114060527425167	13.494303743020751	7.483947801295585	0	0
2.87086116697985	-10.356525166411728	10.083439791765684	0	0
-0.818811499425415	-0.4137138556928477	-2.0608204283884106	0	0
-1.1720371454984146	2.705477790646654	-4.156124258950129	0	0
1.6185126840528952	-1.3064886248553904	1.7746402394463985	0	0
-2.0734510362075014	0.4468666123767804	44.04154846089587	0	0
1.9452884024662112	5.140340047166717	-15.990345696614057	0	0
-1.2351485091148362	6.443241362470616	5.5217259122798765	0	0
0.4975329733051268	8.056841045184868	0.6767449986041356	0	0
-0.06475998468150124	3.673891552954423	0.825346052266184	0	0
0.10046243047406733	6.876951130854117	-1.7144178918993163	0	0
-0.3986478898245167	-2.581933202602471	-0.3055963059861142	0	0
0.7221119102632372	-1.7835422633028273	-0.17443626487818165	0	0
-0.5975786338489684	1.5527780514262162	0	0	0
0.09692897775748577	2.7409109839914834	0	0	0
0.7921065709904411	4.664998915798101	0	0	0
-1.9293167858009213	3.5576566819643247	0	0	0
3.055355782896349	-2.2629360732136092	0	0	0
-2.556350022035666	2.771487039705967	0	0	0
1.473447566622255	2.272715730255115	0	0	0
-2.0586414507490005	-5.188231182876635	0	0	0
1.9130272861584672	-6.948329311411804	0	0	0
0.203799483830025	6.473427550746891	0	0	0
-1.8163298347107428	1.9529981873749094	0	0	0
1.7475961200792298	5.598776675147754	0	0	0
-1.3133250230390843	-5.409115197766326	0	0	0
0.9363407410631552	5.269544530222824	0	0	0
0.1895393672877006	-0.8839810499526735	0	0	0
-0.9734885027117741	-2.405582549350086	0	0	0
0.8813555119368104	0.32327715978275506	0	0	0
-0.9123975468251331	-2.9777725709636726	0	0	0
0.7311569790207386	8.788867754734405	0	0	0
0.3945556158425916	-2.3026340308496245	0	0	0
-0.4206524977331938	3.143427928769526	0	0	0
-1.561703272126742	-2.926785418598925	0	0	0
2.380139820007116	1.3912420205970406	0	0	0
-1.2249802609635054	-7.223067699762495	0	0	0
0.8353580912204635	-2.388199851112823	0	0	0
-1.871178598640725	11.953413614264292	0	0	0
2.776998341781983	-9.26540511983427	0	0	0
-2.421422413524489	13.417443278139594	0	0	0
2.3566707102152264	-14.215154688608528	0	0	0
-3.3820783825954663	10.616156206195754	0	0	0
3.642301359715013	-6.444096172444269	0	0	0
-2.5591066235041353	1.525824097382909	0	0	0
2.545915887401705	-3.2453467513018666	0	0	0
-2.6065414063898373	8.183177044141729	0	0	0
2.6019441098053093	-3.722966810634553	0	0	0
-3.452287287621921	5.1733886253264885	0	0	0
3.543079916206743	-0.9114301513552974	0	0	0
-3.013628703733005	2.0904640369525254	0	0	0
2.773501375785685	-3.2628884910113385	0	0	0
-2.1222310336656918	-7.611749500269603	0	0	0
-0.830423161377972	1.8043706142859008	0	0	0
3.188948328249033	6.762342321627095	0	0	0
-2.439932878217782	3.140055802148048	0	0	0
1.2787791582888701	-8.416441985126347	0	0	0
-1.5828382864019233	2.7066360766083832	0	0	0
1.6714171249391327	6.041969563538039	0	0	0
-1.0931223404883852	-4.175048682407457	0	0	0
0.9861160945988061	-3.0844256880034777	0	0	0
-0.23795702929003681	9.509466453159256	0	0	0
-1.0371301706376954	-1.3232513196411162	0	0	0
1.6001157645198987	5.971485105659198	0	0	0
-1.2785345670383705	18.598405532573516	0	0	0
0.7457693683295616	-15.279852443942225	0	0	0
-0.4255555780795106	-3.735381184521934	0	0	0
-0.05056237201351621	-1.5562252413936761	0	0	0
0.7231467922879631	5.2985074275571975	0	0	0
-0.8844925474016918	-3.043457557035012	0	0	0
0.4405760840084554	5.031747107502113	0	0	0
0.30525598018487443	-4.54883878895113	0	0	0
-0.6241930533468647	13.018876246339396	0	0	0
0.32126764353100157	-16.09930859364718	0	0	0
0.049253464601271446	8.282476609422076	0	0	0
0.7093162502562436	-6.383037892688776	0	0	0
-1.3935494018384205	0	0	0	0
1.003660988327809	0	0	0	0
0.24787951921308604	0	0	0	0
-0.9558722206544772	0	0	0	0
0.7034192143181315	0	0	0	0
-0.053767450560734176	0	0	0	0
-0.6332442536336629	0	0	0	0
1.4916015010884678	0	0	0	0
-0.9766420941508613	0	0	0	0
0.2590872277736054	0	0	0	0
-1.2647701936482534	0	0	0	0
2.242904813927197	0	0	0	0
-1.6951282178719822	0	0	0	0
0.5526411053099949	0	0	0	0
-0.06025581325581442	0	0	0	0
-0.3313891166090812	0	0	0	0
0.5229621727932212	0	0	0	0
-0.3331074011978217	0	0	0	0
0.23702911947253114	0	0	0	0
-0.631317069586423	0	0	0	0
0.8075632708907179	0	0	0	0
-1.1389260115671433	0	0	0	0
1.486754565661343	0	0	0	0
-0.8802946092187227	0	0	0	0
-0.4023488906595034	0	0	0	0
0.254391785315633	0	0	0	0
1.2640145329737749	0	0	0	0
-1.6990267930850749	0	0	0	0
0.6927634925971162	0	0	0	0
-0.5699041971592251	0	0	0	0
0.7985866595593336	0	0	0	0
-0.3172583428938154	0	0	0	0
-0.39098592633230567	0	0	0	0
0.5772993336516805	0	0	0	0
-0.879215307884742	0	0	0	0
0.7609046151135246	0	0	0	0
0.17691767346799026	0	0	0	0
-0.913687640542129	0	0	0	0
0.8726991670315272	0	0	0	0
-1.757033799802116	0	0	0	0
2.4014214726155956	0	0	0	0
-1.516976744615235	0	0	0	0
0.14821228363565808	0	0	0	0
-0.02419441529720956	0	0	0	0
0.2730104309426551	0	0	0	0
0.6574882387239214	0	0	0	0
-1.0810832340374077	0	0	0	0
0.9228605218029031	0	0	0	0
-0.8900608303412838	0	0	0	0
1.416339770536247	0	0	0	0
-1.1421224299513497	0	0	0	0
0.38050377204024244	0	0	0	0
1.1713112110548352	0	0	0	0
-3.3186718221531635	0	0	0	0
4.519751602360138	0	0	0	0
-2.9570324837677546	0	0	0	0
1.1213800499325117	0	0	0	0
-1.6789982453158245	0	0	0	0
1.8695266595996998	0	0	0	0
0.5987595798066465	0	0	0	0
-2.621617719409869	0	0	0	0
1.0131042383334616	0	0	0	0
1.6745913240126384	0	0	0	0
-2.4871337101473046	0	0	0	0
1.7670853452807052	0	0	0	0
-1.4697768036353764	0	0	0	0
1.9389479973373653	0	0	0	0
-2.1136395515210538	0	0	0	0
1.3277530089069458	0	0	0	0
-0.6199085223039944	0	0	0	0
0.32514494763133683	0	0	0	0
1.029759086352236	0	0	0	0
-2.7647726067504053	0	0	0	0
3.304508642602279	0	0	0	0
-2.882524976057802	0	0	0	0
2.78374058618774	0	0	0	0
-3.4394075896094947	0	0	0	0
2.7904649111972404	0	0	0	0
-0.713462153038769	0	0	0	0
-0.44136753190712597	0	0	0	0
1.2127181035981778	0	0	0	0
-1.7400718468836516	0	0	0	0
1.5571992623899504	0	0	0	0
-1.2612564605511523	0	0	0	0
1.3568302903632556	0	0	0	0
-1.2297702742320453	0	0	0	0
0.7705694704124539	0	0	0	0
-0.2457889279303629	0	0	0	0
0.6251372653944784	0	0	0	0
-0.26871560955923	0	0	0	0
-0.48079882165977494	0	0	0	0
0.08171007962889121	0	0	0	0
1.4213450580487859	0	0	0	0
-1.8850877224446947	0	0	0	0
0.7960799810239365	0	0	0	0
0.9802912973788125	0	0	0	0
-1.8616774207713291	0	0	0	0
1.7968009800230789	0	0	0	0
-1.0685384341266655	0	0	0	0
-0.05745629877838354	0	0	0	0
0.24991330323165784	0	0	0	0
1.1123984820495352	0	0	0	0
-1.9228335511503118	0	0	0	0
2.3995558169026268	0	0	0	0
-2.9781116242613948	0	0	0	0
2.713567199193392	0	0	0	0
-4.507815405568337	0	0	0	0
8.432470949147557	0	0	0	0
-8.57403472347292	0	0	0	0
4.088507400113244	0	0	0	0
-2.1396622195271107	0	0	0	0
1.5160859700537728	0	0	0	0
0.3200828201521517	0	0	0	0
-2.1510355729139263	0	0	0	0
2.1934625331022346	0	0	0	0
-1.1386168234770793	0	0	0	0
-0.5883250609777875	0	0	0	0
1.2110186064274657	0	0	0	0
-1.5676201149612794	0	0	0	0
1.5110525286763519	0	0	0	0
-0.5950904293585637	0	0	0	0
-1.3183197367418273	0	0	0	0
0.617551980098078	0	0	0	0
-0.214120122673215	0	0	0	0
-0.5189639370519643	0	0	0	0
2.4422589697777823	0	0	0	0
