0.06806910100748098	2.289189543483417	4.55062847252853	-0.5924088990909127	17179.18824491738
-1.3530588756901807	8.163711182910333	13.75031775103865	-3.172203399489689	17176.86508988337
0.03864861826214394	0.6318190555046641	-13.342907995470568	-20.20041114294324	17175.2967360372
3.3700388660996126	2.8134134187560704	6.384435908077265	7.1750055459006035	17180.612899867552
-5.306652262610044	11.295535018008565	-9.791086175576325	4.52930630562264	17162.258727686556
5.836780692903652	-2.0344975325971433	0.8403146377368103	-2.197399525642169	17228.573810716774
-5.914520851221489	-1.510233778622947	14.59870637579283	23.221445965446662	17205.239274800526
3.9345876905090122	11.52764277343519	2.5945187988769476	-6.951193849881804	17176.508430158283
-1.900246288610603	-3.614759032937627	-3.998517660611043	34.71369599783506	17244.738956704678
2.648301266361834	-10.739227525314703	-21.6471490072894	-7.258359616436195	17273.830096807276
-4.579123458198374	5.38933356048156	4.158751244243305	2.602882151024147	17266.001063868156
4.644663498706294	-0.8060551877020288	4.239726902864504	-10.812758974699591	17220.33261425292
-2.8689528781227835	-11.761463181813383	13.002250423698825	10.046310638852077	17167.771548069682
0.08106576239790542	-4.556152669863849	8.017403590597752	11.77134821166726	17162.037231542618
4.069067397166634	-0.989294639313016	-2.7839652273832485	15.002055282869208	17249.7844768803
-6.845427300594089	0.5384116335155653	7.318907945717882	5.01555244768258	17299.749783591702
5.207008649123075	-8.219432385636779	4.172990556536803	-12.893542935054683	17216.334816149563
-2.079545830784639	7.745957886701689	-1.2341810287539658	20.16749423253941	17146.836110413362
1.7895069825709768	-11.570990027445305	6.941391122099745	-54.96954516115551	17126.16439461684
-4.069350544597484	4.765940603795542	-9.068657498309605	-68.0392940254055	17126.36787565555
5.54742011512198	-5.359130192834556	8.383746360275197	463.6613323892091	17297.97282000106
-5.161896024696375	-9.72786946042578	13.551428493237111	-242.75519320989875	17470.09810691211
3.657093459311163	-14.204694696463235	-4.942219598505247	18.578403003683178	19310.66773015397
-0.9724945668770886	2.02435587685747	-5.479801427235273	47.12057954629557	20610.50843905685
-0.6656225836400722	-1.5542681109111243	13.4678252470828	-23.968892581190318	19874.251787262856
-0.39437835707128954	-1.8823475361727162	3.771267909067248	104.5856703346179	19172.212683308455
1.3304141544092758	-3.184076902451821	1.1403392039305231	72.50984623155114	18408.48990888017
-0.38958712252220806	5.219677489471437	-2.9503725331734074	-32.25730009986813	16560.9524116038
1.592513331752592	6.563714901232572	2.2268373888702087	-4.967806646373845	15551.79495602354
-4.130828331880345	4.214221488562373	2.094335309637259	6.154403275274589	15373.710859559955
3.6051442644399714	-7.959480764229156	-8.410023807168116	3.4711036045665793	15496.987115756438
-1.4255335702347551	8.715085912093585	-17.378747406251293	-2.2964022357843277	15645.931769353614
1.8992024054139591	1.1324663159680313	4.961027974140507	27.236995202856207	15772.277172645343
-3.0806657110445954	0.36909146579395724	-0.9540868399231783	2.010638510829253	15855.443377508529
1.3723765813585374	-0.35754578074703147	-28.48149468531787	3.7670620717068033	16027.937993337739
-0.290149273848769	4.760640862510385	-86.38383480027662	-2.309275962963696	16053.596216364273
1.1994954615074107	-7.072230316717423	-49.28917476511069	-1.3916733758733102	16115.554384036597
-1.3314358145825764	11.68272558227541	446.6285652995098	-12.914245801523037	16142.580710053395
1.129734353644487	-1.4768755974316718	-166.0660265543802	0	0
-1.759947600203752	-7.797143420451263	16.974789352781897	0	0
1.1344501910144231	3.243128002975027	-18.36680796696342	0	0
1.1894869470001765	-12.955838973063578	-12.098204368576276	0	0
-2.3109325607725637	19.336621696149138	-19.52587247953194	0	0
0.9695424123476997	-8.554481201711255	1.0373783633911131	0	0
-0.21769736887394942	8.079109985997007	-34.27861910348123	0	0
1.0578842292208037	8.904019571793825	19.98368864923998	0	0
-1.5873491347165185	5.910088239892588	147.3414208147558	0	0
2.8740613808397413	-1.7043072973909545	44.634575924151676	0	0
-4.43138833293375	1.621613207910201	-90.19497586998	0	0
3.788718980932721	3.9210541489360935	46.14662576531239	0	0
-2.97929145370982	-0.7587648170975569	-26.70576666202905	0	0
3.469491633023665	-1.4045448635190922	-0.9303385089449421	0	0
-2.8498380492469693	4.2269205709195745	-9.701133835336577	0	0
1.3062598878280696	10.638151350525774	15.73284838530914	0	0
-0.8228335775897904	7.243919997753167	-8.52749548629555	0	0
0.13329161528361055	2.664549797344179	11.846571435222515	0	0
2.721608586893595	-6.629102462258132	3.0685286318847034	0	0
-3.3540456027187275	0.918875417716464	8.673062697828556	0	0
0.04082921594940103	3.6548572928223706	-11.481248093166258	0	0
2.030071870889536	-19.52293707011721	16.877474096250324	0	0
-0.36230329650013715	3.9454954119241563	4.429972783082846	0	0
-1.5814318034609371	5.240253255224104	9.781517484479863	0	0
3.085462165400372	-6.671687474829824	-3.748045485540473	0	0
-5.936845577105956	-2.511444266730649	1.638848913900972	0	0
8.390066780192818	-9.827064080295756	-17.835005224341927	0	0
-7.7735903089822	-10.725236627694358	12.909794365848995	0	0
6.821433774475821	24.865022705109283	-2.763555609500415	0	0
-6.735684465834339	-25.164344619256823	-0.9145088368253624	0	0
4.8618777356668375	-4.117044569656144	-7.6500978324620235	0	0
-2.396353388409544	13.658202309104325	21.980392836785725	0	0
0.855896323229075	31.435032926365366	0	0	0
0.6828843241096436	192.94072899650703	0	0	0
-1.4416155655060834	-125.30090067825076	0	0	0
-0.21781576301228966	13.128286289361682	0	0	0
1.9919431805411563	-8.320624526213635	0	0	0
-1.308199737877203	3.3320207205162404	0	0	0
-0.38860733746720655	-9.587335273093927	0	0	0
0.9824932181986199	-1.722829212477535	0	0	0
-0.8379819124240342	-9.02990263445055	0	0	0
1.172314723810679	13.243248266022903	0	0	0
-1.6855712514825	2.3499968370726805	0	0	0
1.043396265007388	-20.80881994800157	0	0	0
1.037271540605559	8.654649175402866	0	0	0
-3.925229377096528	-14.235379146546023	0	0	0
4.929316097009092	-4.704769285503147	0	0	0
-3.090591291078674	12.873494461972086	0	0	0
0.6326298302364322	-4.835794925245551	0	0	0
-0.9911315110404004	15.554403370747963	0	0	0
1.5633910498138093	-32.649138563346085	0	0	0
0.07416779867558887	6.483978516038974	0	0	0
-0.9919903855667656	-8.165301590862285	0	0	0
-0.9417573615547994	46.37012558692419	0	0	0
2.1720755100988356	10.238624440997043	0	0	0
-0.8798764613657823	21.348380354110894	0	0	0
0.14145147593037422	-4.486112432616572	0	0	0
-0.9117753704228164	15.782587019433294	0	0	0
0.8342679611388419	-12.135431388390785	0	0	0
0.04814298394672534	-4.029010335775354	0	0	0
-0.34805827667287303	-10.470262802549932	0	0	0
1.1804419358765017	19.523560207547114	0	0	0
-2.3997713575947017	-5.812528768835527	0	0	0
0.9689137425534682	-2.6835456829375985	0	0	0
1.263704730011888	6.285212009177322	0	0	0
-1.1009853385858364	7.835691183244293	0	0	0
0.8534484506951614	5.098755301494073	0	0	0
-1.935344730718974	1.4691555729632526	0	0	0
2.151086116784313	-2.2157064817510204	0	0	0
-1.683669367257572	-4.205623117536376	0	0	0
3.083501635609913	-3.7778436670564375	0	0	0
-4.152685598662202	3.6778292080090367	0	0	0
2.023975206812949	2.64263677343898	0	0	0
0.34027320107437475	-0.0764387860007929	0	0	0
-0.5775106617439789	-6.695312712517676	0	0	0
0.314646931266779	2.3389301603040096	0	0	0
0.864630151377817	7.4288661654975385	0	0	0
-1.5908715957045843	-8.626616826730547	0	0	0
-0.38839106245024624	16.049445934804744	0	0	0
3.5613313584113726	-13.356378850362908	0	0	0
-3.5368734379964692	8.022710435805735	0	0	0
1.6544142785626335	-15.156924534411665	0	0	0
-0.5741714220678915	-0.19241574607617196	0	0	0
-0.7687840318832926	1.092197709440967	0	0	0
3.106238862297893	3.54288378816279	0	0	0
-4.506456479133725	2.3630622798674423	0	0	0
4.180984563998386	-13.404961367891651	0	0	0
-4.73397002837855	1.6581811293405337	0	0	0
6.122749191367745	-6.854453557962401	0	0	0
-5.755862509327578	17.659435700461394	0	0	0
3.1997047592714694	-11.483849278206051	0	0	0
-4.343281727832029	14.11749704575032	0	0	0
8.520264469633211	-14.810380171970571	0	0	0
-5.246519654372463	9.803377724104706	0	0	0
-4.647851281184124	-17.77742398878619	0	0	0
5.506925154227183	0	0	0	0
-1.2602042604121522	0	0	0	0
2.5607282805344695	0	0	0	0
-1.6643162580958233	0	0	0	0
-6.681983574415831	0	0	0	0
9.569720783199372	0	0	0	0
-28.002792534096493	0	0	0	0
71.16893867326078	0	0	0	0
-77.38604948722923	0	0	0	0
40.660666208446514	0	0	0	0
-17.272327722532275	0	0	0	0
9.083459743109536	0	0	0	0
-3.226826583125657	0	0	0	0
0.11969411336346525	0	0	0	0
0.6522354727614825	0	0	0	0
-0.4382948440953953	0	0	0	0
-0.41309152821388295	0	0	0	0
1.7684698234279494	0	0	0	0
-0.5540889658529906	0	0	0	0
-1.1874397107285901	0	0	0	0
-0.640234356488115	0	0	0	0
2.9803564291368403	0	0	0	0
-0.6876409368710128	0	0	0	0
-0.5931329154811067	0	0	0	0
-4.437060772399114	0	0	0	0
9.40039501341618	0	0	0	0
-8.625159010641234	0	0	0	0
4.942549850822722	0	0	0	0
-3.1405230471191317	0	0	0	0
2.8573376258464904	0	0	0	0
-2.3585820971728495	0	0	0	0
2.0092799218956685	0	0	0	0
-1.205235322879588	0	0	0	0
-0.9064857446748604	0	0	0	0
2.4174225542320897	0	0	0	0
-2.153151858028906	0	0	0	0
0.8452329109277557	0	0	0	0
0.21021104909097232	0	0	0	0
0.1198184050877984	0	0	0	0
0.033780359771647284	0	0	0	0
0.7128486561958738	0	0	0	0
-5.383637816587807	0	0	0	0
7.672419591536666	0	0	0	0
-5.475061843997331	0	0	0	0
11.930533587544147	0	0	0	0
-23.078523675523982	0	0	0	0
17.44923992393712	0	0	0	0
-3.1091480734390444	0	0	0	0
0.29554499720814675	0	0	0	0
-2.176170034887818	0	0	0	0
2.4979120902596463	0	0	0	0
-0.7655987626232204	0	0	0	0
-5.628324353630987	0	0	0	0
7.993617185977108	0	0	0	0
-3.0469553189460754	0	0	0	0
1.2610197045809528	0	0	0	0
-1.7641889725572426	0	0	0	0
-1.0036341016369192	0	0	0	0
4.146536613123985	0	0	0	0
-5.2508578763420175	0	0	0	0
6.2103959756207345	0	0	0	0
-8.186818488661174	0	0	0	0
8.176604485877142	0	0	0	0
-4.8688233959299865	0	0	0	0
1.288658077190881	0	0	0	0
0.9571695510866363	0	0	0	0
-1.244841489912396	0	0	0	0
-1.5222212564104964	0	0	0	0
3.2582384843336314	0	0	0	0
-1.901843726795093	0	0	0	0
1.026565667132168	0	0	0	0
-0.8419617736065348	0	0	0	0
-0.5175422508570762	0	0	0	0
2.8468802109347777	0	0	0	0
-3.92183851895026	0	0	0	0
4.248526746397381	0	0	0	0
-5.119784409221843	0	0	0	0
4.942743761105078	0	0	0	0
-3.3656122623331015	0	0	0	0
3.531205196819954	0	0	0	0
-3.1348520521205074	0	0	0	0
0.7177258167718819	0	0	0	0
1.1528955214005094	0	0	0	0
-0.526468674953442	0	0	0	0
0.35662508773752677	0	0	0	0
-1.038333501986429	0	0	0	0
-0.178974917956495	0	0	0	0
1.8900911105085285	0	0	0	0
-0.6004582960939189	0	0	0	0
-1.7058735260784275	0	0	0	0
1.7630560390784638	0	0	0	0
-1.512596524615411	0	0	0	0
0.7040446925486776	0	0	0	0
2.976314465734177	0	0	0	0
-6.288464859528652	0	0	0	0
5.891820275237265	0	0	0	0
-4.621143961593937	0	0	0	0
6.797726308242169	0	0	0	0
-8.807695390258232	0	0	0	0
6.708525750542414	0	0	0	0
-3.716476821980791	0	0	0	0
3.8994014776512955	0	0	0	0
-5.044998637528472	0	0	0	0
4.1966570467062	0	0	0	0
-1.7613908100476863	0	0	0	0
-2.0315561894380707	0	0	0	0
5.448392037993251	0	0	0	0
-5.719849021127949	0	0	0	0
4.333067526015299	0	0	0	0
-3.560786617299698	0	0	0	0
0.8183073020714318	0	0	0	0
3.3429636345763285	0	0	0	0
-3.032326300998143	0	0	0	0
-0.9950418591241501	0	0	0	0
4.164349011275988	0	0	0	0
-5.435094203255353	0	0	0	0
5.427555481113828	0	0	0	0
-5.334611219375795	0	0	0	0
5.202445360009946	0	0	0	0
-3.81706651834444	0	0	0	0
3.253336674159087	0	0	0	0
-4.166074295611843	0	0	0	0
0.820124273758168	0	0	0	0
-0.31783118156729984	0	0	0	0
0.4079638699392021	0	0	0	0
4.060152404341935	0	0	0	0
