-0.016980995603191218	-1.8410757853345814	2.918988096424698	0.20089996873613813	17104.582930636672
0.6934911728221635	-5.803883448661168	9.104195606263318	0.08378927035559514	17104.60010349474
-1.4794932362454176	-2.2677450966501453	-5.153755131427246	-6.328685410853382	17102.92012175545
1.2290485384967909	-6.847673667912801	-4.912423206771152	-8.955587969046974	17104.850275892706
-2.428259024640411	2.8675088009458776	-0.16470023496476927	9.69808467123707	17103.47285602801
3.4248858045800077	-3.612457946146222	2.680189999854548	-31.357468450955338	17104.81516323339
-2.6923431273855485	0.1492942675465514	0.7210278592082346	24.585004863429504	17081.60200264631
1.5771076475064802	-2.384704809850561	5.076174635085792	-33.897895636094816	17016.037759106755
-1.952762078049254	-1.0242891893472148	-10.630519719463152	44.34237937785906	17134.443822298093
1.6363647632209748	-0.5164912231319292	5.880411960845777	-11.10027389816824	17001.280982990313
-0.07674140768551752	-6.655584663417621	16.796413661183166	-26.46244959277027	16848.931423687492
-0.8365193000927817	-1.7211659922760063	-37.76181027800898	5.294308762729031	16870.236848146204
0.37170692611650935	1.4083161266621858	10.688084048191783	0.6767411986753729	16858.525322671827
-0.6159876982741892	-1.8567333521396137	-4.921965660224316	-0.6858577142107976	16913.322935602635
1.1389399114988095	4.759470557027058	11.767589970289805	0.8229938009231148	16878.499032188836
-0.8812977207982868	3.602923153023511	-9.52620932193183	-5.130896734978492	16859.719660678595
1.359039934463297	-1.037914557831641	-3.694920927679661	2.9855169894013756	16812.139202475442
-1.9750178500799436	9.54895830772162	6.509028584741941	-8.875788312698702	16839.974376665163
0.5449699321166577	18.00272147069117	-3.023511604182758	22.013001567312173	16851.574030405096
1.4040672015836932	-18.991117944491165	-1.6764879530380625	-11.404375988335829	16884.75030889268
-1.7575185190586566	14.292848886369185	2.0498599876393087	14.246919493783707	16881.5075958793
1.4103035390018661	-4.8855372950525435	-5.965393649988101	-11.600315389619496	16839.142217596233
-1.2072716587115124	-4.053311181532884	7.878985217201404	-10.588696990409446	16898.446910289822
0.15795109826940745	2.216350498255089	-17.335152163440725	6.871418633207526	16941.152461082755
0.6998407099411423	2.5560903686855383	0.1934523251106981	1.243169345731289	16949.11457731333
-0.19348745127180678	-1.5930958248540605	-13.196932790213367	8.192654423218542	16910.67945468951
-0.5259210362451725	-0.16993273857916336	0.2675854427674125	8.731983857730185	16852.998876841782
0.6760512337734852	-6.656170145756185	3.8706490204556445	-8.98678127105724	16879.460546511178
-0.6502732840794039	6.868780147190435	-6.708332739194901	-13.33094555793268	16903.631056323284
0.9863661561177182	1.7723955317923767	2.622520172600602	7.833999046217173	16902.971443804337
-1.661867363094288	-7.259041747508512	-3.438476200568118	2.9068420607360963	16872.83481538069
1.6442005367420336	2.541466435566406	11.529418999851387	-7.725935567232867	16877.146238674522
-1.869088137227358	-4.060574543167249	2.455834958058361	-19.778828557077617	16813.337145169924
2.234190509207039	-0.9815422403917111	-0.8373838090333265	10.408654316028233	16861.710145419485
0.5528100344863063	5.268695226652177	-9.859990257563595	-8.757183577627586	16871.802633269832
-3.4991458362651713	-5.004584130348931	-6.205535952668868	-1.1910915399892588	16754.326141241603
0.9570385132251644	2.2853708983778844	-1.9133063437431588	9.4571829884013	16851.405763276627
1.7203897653212223	-0.5626684380451579	11.75882254520829	-6.3675388007729765	16882.513769824178
-0.48004200623753945	-0.9569001592444621	-3.6894027132540543	0	0
-0.44753623414061394	-9.886893413408878	29.05286460912545	0	0
0.10415608125107667	3.480783791059743	5.963912899563752	0	0
-1.1718362167678364	-0.9645254914647055	-3.198651410018897	0	0
1.7444880589001812	1.5351320091326315	-10.338285498758694	0	0
-0.38058385405107487	-2.28217174130355	12.234583757437306	0	0
-0.4883610365120745	3.9312876801865357	-9.209155054215671	0	0
0.27164723041398986	2.0740496500104086	4.172652746071364	0	0
-0.9045157294454	-0.7893007599042079	8.398172412554956	0	0
2.1320105409502332	-1.6551921435558796	9.909118529045614	0	0
-2.1601384781925432	-0.6867742790639468	5.5519753882165475	0	0
1.801490983809309	-1.388781514415811	-6.834827401072744	0	0
-1.7329827484853837	3.3361488715901046	-0.7153386201939043	0	0
0.18347068957187673	-2.3597556526401675	-4.6459940771731425	0	0
0.38335299286588054	-5.3456353223011845	0.3372678447551891	0	0
1.0083438868101595	-0.8438743760746377	10.208635690203664	0	0
-1.6786870705753998	-5.480423773056323	11.40174449296417	0	0
0.5164009413079356	-0.25504672461610767	14.819476011947614	0	0
0.6924217147008136	8.397013176478055	-13.904274915434911	0	0
-0.9406255506899797	-6.298344226268966	-4.714443879373334	0	0
0.4519247587593753	6.054674043531179	-0.013494172356416811	0	0
0.35742985029853	-3.6075238094441886	0.48793822000681075	0	0
-0.786921981481072	6.146731466754602	-17.474269822293692	0	0
0.37272542120902585	-8.273008870454333	8.689288349711902	0	0
0.5376356843163848	4.890282133496484	16.851316684014748	0	0
-0.8842058902819687	1.2322993241338551	-5.04401381547747	0	0
-0.3858902076794024	2.7992274618043425	29.654694190034093	0	0
1.591003231757817	-5.6509661345859215	-19.558157202010506	0	0
-1.1496809555437295	1.2046375843013735	4.2758338660109985	0	0
2.197624039499509	-6.039802661350912	0.07515349870124055	0	0
-3.9716856282486503	0.032189542554874606	8.91681557381699	0	0
4.110047175744043	-4.321435031745587	-30.566987262300856	0	0
-3.3538997933573995	-3.197102006127068	0	0	0
2.750350248761613	3.590540788212884	0	0	0
-1.697401194947652	3.952864954570593	0	0	0
0.5150101179955229	-4.986955430122926	0	0	0
-0.07096793221537467	-4.062840849150717	0	0	0
0.47033056124217865	3.0892312913475877	0	0	0
-0.6524248913248627	0.6390597168690206	0	0	0
1.4304886614670806	-6.325210216688006	0	0	0
-1.5159802721682638	5.906152335023663	0	0	0
0.45553300805138974	1.2670987006369216	0	0	0
0.7538463657425325	-0.07715080611607306	0	0	0
-0.12066674682808554	-6.456538004134714	0	0	0
-0.6417661324617683	-3.0835993369325507	0	0	0
0.3227342859603155	1.8299871570334645	0	0	0
-0.8279701750033723	3.4210179845276727	0	0	0
1.395281861665616	0.44480835796870366	0	0	0
-0.35940438566078825	-4.870640165149972	0	0	0
-0.11555456716792634	-3.253290734542368	0	0	0
-0.4179017198119084	3.5805583538859125	0	0	0
0.17254569389552898	7.456598682457695	0	0	0
1.3186773311151967	-8.531247409970632	0	0	0
-1.157170162630095	1.7774730538543793	0	0	0
-0.014215782026781199	4.917686416484095	0	0	0
-0.5550404937591509	-1.438290200166847	0	0	0
1.9135400900640107	0.675055773619647	0	0	0
-0.9011129369494952	-3.9147960582520156	0	0	0
-0.8360663121369427	5.366796983509744	0	0	0
0.4242559714817489	9.80448698991892	0	0	0
0.5627463210373946	-2.1052282643143343	0	0	0
-0.6696551812725104	5.927932815535506	0	0	0
1.680511451760644	-1.5413060053596794	0	0	0
-2.2768943120804153	-3.8473677652323843	0	0	0
1.0524109397182642	0.8904442709576799	0	0	0
-0.438977575197832	2.5384541957800195	0	0	0
1.2811252450782504	-8.84168209033571	0	0	0
-1.7406850359678643	2.6959146780710057	0	0	0
1.4811765417353513	2.0876541399236643	0	0	0
-1.0462580505573698	-0.6375042271121885	0	0	0
0.9249403133920069	-1.4850314242576559	0	0	0
-0.5924557334656555	-2.2104741971088373	0	0	0
1.4417817463360478	2.7537010372727053	0	0	0
-2.306095975092859	-0.959832551390349	0	0	0
0.6414617187670402	-0.337558844566189	0	0	0
1.9787076940739894	0.007461576247969504	0	0	0
-2.02226411173838	4.72989177614518	0	0	0
1.0952294304515249	-7.231670634815373	0	0	0
-1.74323058959515	4.4430812951961585	0	0	0
2.602303429947618	2.7649289126995953	0	0	0
-1.224303916508397	-10.512410436897817	0	0	0
-0.8937734594762361	10.927571746046034	0	0	0
1.2542873760052515	-7.9258393939454095	0	0	0
-0.5080369968459522	5.174020306294707	0	0	0
0.3306202333002659	-5.8936113668437216	0	0	0
-0.7968949691623592	0.8993111158998417	0	0	0
1.7488514774863688	0.023861876357223366	0	0	0
-3.0922828582867368	10.407161308100079	0	0	0
3.8890349375317115	-7.335661306769566	0	0	0
-2.7538850110582302	3.0676268129150017	0	0	0
1.2579060303492682	3.7088366213857498	0	0	0
-0.5722443204876484	-3.6567992850669526	0	0	0
0.27037317066153577	3.5735827894124697	0	0	0
-0.4683768473543992	-5.129715292120757	0	0	0
1.2830019288333219	-0.1035673253572682	0	0	0
-1.4996098671730138	0	0	0	0
1.7667210772964168	0	0	0	0
-1.9016465430327543	0	0	0	0
1.0552379602122528	0	0	0	0
0.492736747025063	0	0	0	0
-1.6734463377894002	0	0	0	0
2.193661430458768	0	0	0	0
-2.4400397873560635	0	0	0	0
2.5929042024919156	0	0	0	0
-1.0766299033046351	0	0	0	0
-1.1401254487215269	0	0	0	0
1.4519423556955644	0	0	0	0
-0.8233620005216835	0	0	0	0
0.28333340278648933	0	0	0	0
0.4945136622263888	0	0	0	0
-0.4240351477800317	0	0	0	0
0.6117801224685238	0	0	0	0
-1.2507157905527677	0	0	0	0
0.5440500269030011	0	0	0	0
0.22763932112726337	0	0	0	0
0.8239517536722332	0	0	0	0
-1.760658501679984	0	0	0	0
0.6655300645814819	0	0	0	0
1.6536174845559657	0	0	0	0
-2.9445450379041347	0	0	0	0
2.664837659427704	0	0	0	0
-2.4306605420482796	0	0	0	0
1.819438121262138	0	0	0	0
-0.8242852599464996	0	0	0	0
-0.4257540257557295	0	0	0	0
0.8139814983295963	0	0	0	0
-1.2003385988340511	0	0	0	0
1.8082075079838518	0	0	0	0
-1.3293616346950259	0	0	0	0
-0.4389695611573998	0	0	0	0
1.4492275687524483	0	0	0	0
-1.2108234974111411	0	0	0	0
1.1862951896057368	0	0	0	0
0.051756145232580764	0	0	0	0
-2.215910415273683	0	0	0	0
2.9670819282923375	0	0	0	0
-2.4174129683129735	0	0	0	0
1.5453438927722232	0	0	0	0
0.1161328654504743	0	0	0	0
-1.9028913692106428	0	0	0	0
1.0097348597592557	0	0	0	0
0.8394899481035907	0	0	0	0
-1.330414464912792	0	0	0	0
1.3251135658236493	0	0	0	0
-1.6759879038746277	0	0	0	0
0.4749629613133095	0	0	0	0
1.4355072481718167	0	0	0	0
-1.5136543820558757	0	0	0	0
0.5703958562611859	0	0	0	0
-0.7222897883954502	0	0	0	0
0.6883165835597822	0	0	0	0
0.8150499339092647	0	0	0	0
-1.7391803589976007	0	0	0	0
1.052094345004491	0	0	0	0
-0.05581265638452493	0	0	0	0
-0.4184610562470539	0	0	0	0
0.6053874912011139	0	0	0	0
-0.6721956149258403	0	0	0	0
0.4769316748827208	0	0	0	0
-1.478724733335909	0	0	0	0
2.9767056312451388	0	0	0	0
-3.0335897550676947	0	0	0	0
1.3457854766727806	0	0	0	0
-0.6290292110658768	0	0	0	0
0.37145810740793905	0	0	0	0
0.1507905168263406	0	0	0	0
0.3313860651813414	0	0	0	0
-1.1239387332930022	0	0	0	0
-0.43140285047347504	0	0	0	0
1.8148061082012248	0	0	0	0
-1.243528120502134	0	0	0	0
0.41623912987030565	0	0	0	0
-0.3881446076111672	0	0	0	0
-1.042193936071918	0	0	0	0
3.1151096886514793	0	0	0	0
-2.137695908050489	0	0	0	0
-0.3370994740458144	0	0	0	0
0.40247867174325336	0	0	0	0
0.24583344769075666	0	0	0	0
-0.045267035932155864	0	0	0	0
0.4734727338888902	0	0	0	0
-1.4078697653749686	0	0	0	0
0.7632940693850685	0	0	0	0
-0.042586408133928444	0	0	0	0
0.6821352816526485	0	0	0	0
-0.6842385071446984	0	0	0	0
-0.5725369650784913	0	0	0	0
0.5279449329393415	0	0	0	0
1.148263248682511	0	0	0	0
-1.3700771638282276	0	0	0	0
-0.3687177556814163	0	0	0	0
1.5352135394850919	0	0	0	0
-1.698924494664304	0	0	0	0
1.2831833359643454	0	0	0	0
-0.11851758595221185	0	0	0	0
-2.2215763809836417	0	0	0	0
2.3459777828333657	0	0	0	0
-0.17806454952730633	0	0	0	0
0.6322003282849238	0	0	0	0
-2.4876327492146757	0	0	0	0
1.1688292282910737	0	0	0	0
-0.07386662803469335	0	0	0	0
1.11545994015475	0	0	0	0
-0.43712555480566806	0	0	0	0
-1.89011483125104	0	0	0	0
2.097208593625446	0	0	0	0
-1.1721453323429643	0	0	0	0
1.7737952141975484	0	0	0	0
-2.557061477427794	0	0	0	0
1.2718983941068274	0	0	0	0
0.9260098562198564	0	0	0	0
-0.6231569933059902	0	0	0	0
-0.8603946713484163	0	0	0	0
1.4930338199824575	0	0	0	0
-1.933384002107374	0	0	0	0
1.063129534431475	0	0	0	0
1.6048609818004351	0	0	0	0
-0.7266892369559486	0	0	0	0
0.1817606450979099	0	0	0	0
-0.002481877383402775	0	0	0	0
-1.8332482877561702	0	0	0	0
