-0.27411652453814384	0.895157291754586	-10.933403852048585	0.6407116838889237	17293.61151676469
0.7937479173346773	1.2439962335417079	-33.802139032597296	5.16168136630165	17296.605109102184
1.7601986214906375	-4.546440403642052	30.141262259244314	37.858682700401545	17300.59427395471
-4.879003075250871	-20.851233190095883	5.821870328104296	13.162579435255992	17291.58897236297
5.8067252502739635	-6.00937679666967	-18.304586604861257	-0.03029158783564867	17316.04830898562
-2.4576392901452735	3.710312522865877	14.296213103463288	-10.006117061883117	17228.340338500235
-0.4336621364486035	-5.299302358247516	-7.391793360000989	-29.052595971183422	17213.828871520363
0.18182273984337627	-4.398161442895514	26.603281082620768	-18.75388012484683	17208.472677566035
1.5949862954322143	-8.217533005531678	-5.877644341469761	-12.991752115968694	17118.7448909252
-4.647657646789625	14.744254965506826	2.6536161324096383	31.264784951383177	16995.302672918464
6.1581541193647595	-3.313896534654546	-11.306603167325676	-38.642540694727614	16923.19922156669
-4.7192844133976095	4.042153450350938	-3.70296309246109	28.053545245717388	16867.872478412446
2.9915293823071423	5.423666290583796	-16.458678010796746	-2.121029299635964	16876.597364590318
-1.1229100602588034	-1.1638948579009565	-6.09695561180402	-23.72206949606742	16910.15184950373
-1.641590113131663	4.763599556220129	-38.963339409834106	-30.953557903645006	16780.880366093887
3.266211116737672	7.290825061188045	33.46555512185314	26.552076631970067	16715.072595182275
-1.9681962429551234	4.851399366628527	1.3596880192545626	6.926180523374228	16770.34011433288
0.02701495698140377	2.2864889813710363	-18.460554524688376	-25.35924928405555	16832.548824582827
0.9068195165197537	7.384242477629485	7.238644457325009	-1.5760104261335641	16804.798018315276
-0.684003502872585	-4.36744712775743	2.7834277848006366	2.967260503971687	16901.127431223485
0.6028951840268846	-5.925982491633157	-21.40974622933392	15.498882148763201	16903.57838087565
0.4544255471687251	-1.1701010393139768	1.8603014069656467	-30.920729754915072	16946.733176925525
-1.5123375920751343	7.454182601158614	-16.41251222334344	-11.542238858973022	16871.922643407503
0.5892210284788604	-4.891527039936712	-8.981150832893377	10.147700248148226	16783.644993645783
0.7131855769806208	-6.41817957813835	1.6458844006669295	-18.949803412417225	16838.798673596746
-0.03884089941457347	21.880627279463027	19.663967177319762	-10.512886493451475	16869.18428402521
-0.3956891435998884	-0.3378369573390714	47.76512124436829	-26.458511023586937	16911.09554723883
0.08208532306718297	-10.13605042161376	-26.29885282454886	12.543276525119637	16891.940725890192
0.4270881147926602	3.677305345992103	1.5912261454838585	4.134012982458785	16949.448795084532
-0.9114103631384083	2.5636372488961925	-8.703026550063072	9.534128639887314	16877.64573243528
1.3187999906219972	9.604421547396292	15.168158591272444	-3.680511382782825	16832.54320578609
-1.3562911402641618	-4.339886242925786	-12.64593814013115	13.673680928974363	16793.19178904684
1.0958701494826286	1.4487461181702201	-9.858238236785695	6.813229884828203	16804.875573172983
-1.3598957159527245	-3.0725164730240735	4.333895679349084	-6.35807574265408	16774.9182680756
2.8479343795383727	-9.48600121777578	45.6760445489663	2.4433001176124804	16810.31339563678
-3.174004309859832	-2.1397421743039544	-12.362707084392653	-0.4368876109458313	16883.67815749375
2.168734078536815	1.7568810825778058	27.240370058938694	-1.2111512036455707	16914.932924783494
-1.498203098515269	5.001866700647312	6.972645519735622	3.5177137526186044	16925.72292975749
0.8030224094572631	-4.217010763294184	6.3202478353786375	0	0
0.9903211983315288	-4.46876040530438	-3.8230106084400575	0	0
-2.7325951579741883	-7.799401981764994	9.711264924010408	0	0
1.896685751061355	12.65319979214123	6.690765855323534	0	0
0.4967788390373613	12.120064454569466	-8.442748959722351	0	0
-1.7178762928183176	2.888853274707678	-12.735033230247097	0	0
1.5919543681686292	0.4301661391034415	6.589918754208739	0	0
-0.8913502658329691	0.4802075434994464	-8.445543798337368	0	0
-1.0799560353833044	-9.377912780022058	0.9957489864193718	0	0
3.4614168897695308	-5.773928012626101	-12.792039014392515	0	0
-2.7613564776536066	4.431689780765666	34.7718023039193	0	0
-3.2645616182308856	-0.7502401238633425	-10.82292759489259	0	0
8.742232427813711	-5.340965732957507	-2.8496859776019647	0	0
-7.870761763134794	-17.125609173774095	-1.9805027781061	0	0
4.052630373488334	7.511161749631043	-6.540705442857558	0	0
-0.6541448767157334	-6.805311718018672	2.3407119827570426	0	0
-1.3027266248368576	-10.285275380462508	-11.561927409408682	0	0
0.4825630874605267	10.272589288714506	5.778380550365412	0	0
-0.040909914306837436	10.200788071977108	-1.2831378845254022	0	0
1.6334870338003	-5.450354939217945	-6.328900192659361	0	0
-2.2553692652432957	4.327679762286799	8.34898800776088	0	0
1.9041296429960965	4.503891926338746	16.47506308748298	0	0
-2.25858546774694	-7.277869661861459	-20.83247339948869	0	0
2.5356852386613085	2.9022934395580435	9.409357629373588	0	0
-1.8746492111317963	-13.256979650814017	-1.5758252213886834	0	0
1.3983460223629223	2.2606927146160913	-15.684537551373978	0	0
-0.643034125674717	4.782430143150343	6.162110952869881	0	0
0.09009559195500572	-0.5920264928372063	9.140027089499199	0	0
-0.5301765168512134	4.897348995614543	-4.983075851161573	0	0
1.805879671161847	7.587712321045238	3.5196652460364817	0	0
-2.5355765893962783	-5.740168511181068	-12.061344454525099	0	0
2.68647819508908	-1.818813962794735	2.9714558897098016	0	0
-1.7131459314976567	14.5208681668555	0	0	0
0.27642624921954706	1.3069287416297115	0	0	0
1.6924050905121177	-2.808826687954493	0	0	0
-4.412175051161768	-7.182852472220681	0	0	0
5.078122054473496	6.393273757629608	0	0	0
-3.6348416621234705	-12.474574153347504	0	0	0
2.0121067024221446	1.378438564294406	0	0	0
-0.9144969098428319	0.6810286549667097	0	0	0
-0.357691401676945	-4.473506861188206	0	0	0
2.6758319484034487	2.93896076276404	0	0	0
-4.712972754996983	-2.945100138242637	0	0	0
4.012532420597225	-3.2736125344431883	0	0	0
-2.471566214923044	-5.013155545422251	0	0	0
1.9504107151517331	-7.708599149626664	0	0	0
-2.0025513817794334	10.638211249409352	0	0	0
0.42868461027916993	7.331382350558144	0	0	0
0.690235473855104	-12.871161769328019	0	0	0
-0.3559213002742183	0.4405413677894643	0	0	0
-0.34435308232082207	-17.722265093481198	0	0	0
0.234466394261176	0.6691150371369048	0	0	0
0.009513355900992337	5.121961916228791	0	0	0
0.3863109859407814	-8.708380501974538	0	0	0
-0.5086287451124107	-10.441552388972227	0	0	0
0.1661115355745224	14.673559329427526	0	0	0
0.3797098894758477	-19.269610645221583	0	0	0
-3.8675492057464993	3.0822684641832154	0	0	0
7.631311167236213	1.610842756096737	0	0	0
-5.207943987264336	10.042029036290884	0	0	0
1.861863578313077	3.9293548868691133	0	0	0
-2.3507728951742948	-0.05072590344400396	0	0	0
1.7109694912090347	0.9727101416152593	0	0	0
0.5352746104017072	-3.5298970344927554	0	0	0
-0.9108728369768286	2.199839766744681	0	0	0
0.847796021523024	8.419048768166583	0	0	0
-1.3900819367930097	-8.885550951982488	0	0	0
2.171206978411824	8.373261029178629	0	0	0
-3.8369149865626255	3.941676235181845	0	0	0
5.329803004424825	-0.20691490937213075	0	0	0
-4.600338509665619	-6.810898903623119	0	0	0
2.045118166576188	3.0549671098912796	0	0	0
1.4123330019053668	-4.086374400810698	0	0	0
-2.8541248289364063	7.358669887709468	0	0	0
1.7587877689458367	-5.204445744261676	0	0	0
0.8306604782877614	4.127881787555083	0	0	0
-2.253966080454205	-26.613912712573892	0	0	0
1.8415130843236938	7.391569367008927	0	0	0
-0.07214478467657415	-2.3733526341142905	0	0	0
-1.0733889265938572	9.651586787941845	0	0	0
0.6055864452746391	-7.368846268572696	0	0	0
0.492010161810434	-0.0993549409824368	0	0	0
-0.5741180860107775	3.7443000855700674	0	0	0
-0.4990496152764905	-2.615018547881462	0	0	0
0.15174267084228887	3.2538293296813237	0	0	0
2.5349831872493596	-6.732301351074646	0	0	0
-3.8712756466513625	5.208870424735906	0	0	0
2.2546380593717004	-5.2548883501586445	0	0	0
-0.0478747690205239	3.66490322005815	0	0	0
-2.4153723228664603	6.188634415051183	0	0	0
3.986991346946027	11.538878240681932	0	0	0
-1.0563635834682827	-9.080269202613408	0	0	0
-2.283642572282517	8.027925193312129	0	0	0
0.8605963714945801	-15.80559422232075	0	0	0
2.6429065640441465	-2.496382079760025	0	0	0
-3.8883103190676707	0	0	0	0
2.8309071697696737	0	0	0	0
-1.26785018910698	0	0	0	0
-0.33805785021212387	0	0	0	0
2.2827774853349183	0	0	0	0
-2.180044665438082	0	0	0	0
-1.5841998944191644	0	0	0	0
4.407956464990406	0	0	0	0
-3.336827196726375	0	0	0	0
1.3408131011834499	0	0	0	0
-0.22084315191683146	0	0	0	0
-0.9030035057893784	0	0	0	0
1.4524247243726265	0	0	0	0
0.06257685689075743	0	0	0	0
-2.7160578883801776	0	0	0	0
3.214904539690977	0	0	0	0
-1.5858745669992445	0	0	0	0
-0.17828830128794237	0	0	0	0
0.771226798696226	0	0	0	0
-0.6913735038413904	0	0	0	0
1.4110010386301042	0	0	0	0
-2.486400769578921	0	0	0	0
2.4945081697660214	0	0	0	0
-1.2011365547563813	0	0	0	0
-0.19264868094346355	0	0	0	0
0.559574994489374	0	0	0	0
-1.2881149049557479	0	0	0	0
2.0431788782092895	0	0	0	0
-1.7888196150124287	0	0	0	0
1.731493838668115	0	0	0	0
-0.8297932311035723	0	0	0	0
-1.0042772582316957	0	0	0	0
1.2415356481520448	0	0	0	0
0.03714244877248518	0	0	0	0
-0.5332071502966684	0	0	0	0
0.9389182858826715	0	0	0	0
-1.350568219226652	0	0	0	0
0.46162615939237384	0	0	0	0
-0.007330122474584755	0	0	0	0
1.1638452225954126	0	0	0	0
-2.588137147650663	0	0	0	0
1.8108302343450404	0	0	0	0
0.5060289706152616	0	0	0	0
-1.370066408482863	0	0	0	0
-0.36006868450368046	0	0	0	0
3.3705874105434575	0	0	0	0
-5.174398583306562	0	0	0	0
4.768842463905841	0	0	0	0
-3.013906911032926	0	0	0	0
-0.6061854516054908	0	0	0	0
2.9586984925195168	0	0	0	0
-1.3277822033559374	0	0	0	0
0.6709516091354217	0	0	0	0
-3.7905884704220796	0	0	0	0
6.681541392126974	0	0	0	0
-7.3766857764054805	0	0	0	0
6.533205799439031	0	0	0	0
-4.968756561480369	0	0	0	0
2.5207206440678647	0	0	0	0
-0.3589574804987379	0	0	0	0
-0.8684329162071549	0	0	0	0
0.7649631039385554	0	0	0	0
0.8322499179248197	0	0	0	0
-2.7689384527676637	0	0	0	0
3.0566328414003934	0	0	0	0
-1.9795801793647314	0	0	0	0
0.5305150795603595	0	0	0	0
0.23165282654380093	0	0	0	0
-0.7239606167621986	0	0	0	0
0.46810459644293445	0	0	0	0
0.21793642063536822	0	0	0	0
0.16818897686381007	0	0	0	0
-0.6991294949109275	0	0	0	0
-0.7592487517787916	0	0	0	0
3.3072754291447666	0	0	0	0
-4.677969352483906	0	0	0	0
3.594924586586295	0	0	0	0
-1.8644919547387815	0	0	0	0
0.6892170203795018	0	0	0	0
0.8765335678235431	0	0	0	0
-2.573513599424956	0	0	0	0
3.1298009659891477	0	0	0	0
-3.5319177920817637	0	0	0	0
3.3021079778069193	0	0	0	0
-2.412280870609081	0	0	0	0
0.5016391378333864	0	0	0	0
1.0300367397845207	0	0	0	0
-0.6011185566012998	0	0	0	0
-0.9133421086175773	0	0	0	0
1.2089712523158482	0	0	0	0
-1.1917139116645714	0	0	0	0
2.3572629342866804	0	0	0	0
-2.66556366319341	0	0	0	0
-0.4476816911991506	0	0	0	0
3.7670134635858616	0	0	0	0
-3.420892447094843	0	0	0	0
2.8808765414434987	0	0	0	0
-3.4389087514278387	0	0	0	0
3.226338665448594	0	0	0	0
-1.7063845086963383	0	0	0	0
-0.8742358876999248	0	0	0	0
2.234589482849138	0	0	0	0
-0.47101477401105285	0	0	0	0
-1.7902332388173292	0	0	0	0
2.9016196684204374	0	0	0	0
-3.225913463845842	0	0	0	0
2.386165120570581	0	0	0	0
-1.3736321561601628	0	0	0	0
0.6694991657164238	0	0	0	0
0.32766432542170065	0	0	0	0
-0.27170422734142363	0	0	0	0
-1.5697917936463597	0	0	0	0
2.573517521105167	0	0	0	0
-1.3268849444490698	0	0	0	0
0.3660209938358463	0	0	0	0
-0.3233653191239654	0	0	0	0
0.2792905556159653	0	0	0	0
-0.000439018343527664	0	0	0	0
-0.42911605133527786	0	0	0	0
0.4025773961466257	0	0	0	0
0.054923481230694904	0	0	0	0
0.8073715465649016	0	0	0	0
-0.18781769803228343	0	0	0	0
0.5790759814845217	0	0	0	0
-0.6397565268191485	0	0	0	0
-0.7167436690702971	0	0	0	0
