-0.1958983259248157	7.153613229614777	-3.076730670720238	-1.0699846174626089	16945.837006027174
-1.446178175998277	23.009838707034483	-9.932453637024224	-2.9658141182864597	16947.342623097316
6.807785609286682	4.8113399532537215	3.0182876821911435	19.187465203007733	16951.093130337256
-10.832663635749668	12.429473351752478	-9.837604374340245	10.607638634363823	16944.295103816137
14.534664388704726	2.083426603530583	63.0671677550811	-59.41237953832818	16956.733426253446
-16.563392627815936	11.206157225380188	-44.58199118575291	57.58866503386716	16924.22181549704
16.105934813891956	-8.209181995301513	9.982451216840303	-12.75542689891725	17361.67730822162
-16.37269938535021	5.961129967826892	-8.957831654270748	11.224293509398365	17398.29484021176
20.229996374896416	4.006092218597274	-3.2568843837634915	24.993582492914356	17435.670413757925
-21.571643011217297	11.05372691262562	-6.45060892193267	-31.249124661907018	17333.07545309371
18.821813581908707	-3.154695652440907	-11.763086758647404	31.202418078641216	17285.294478663207
-15.178836115422406	-10.087868638432468	-8.271889838262155	4.779898197407704	17231.928492513398
9.53221927418938	-22.569271256566807	-13.235884220094746	17.107876283747345	17108.224153799016
-4.300372789061711	-2.3681295163000584	-21.980552955347278	-2.845542910229767	17061.55880755778
0.49557752955628587	-16.38403719966078	0.3002584783558859	-10.565721207271451	17033.52645270792
1.0740313291188457	-6.162109406330799	-1.0973929807583005	-0.992926225517337	16979.42109902697
0.16040689371934747	-29.292049678018188	4.3001322968816424	-10.199915890686256	16981.296182136746
-2.8415254183428615	14.036423524833381	-4.030068746882549	-15.391722504782337	16943.456672536468
4.5271415849571355	8.484813974240822	-14.82353212354542	17.136690822132664	16923.905162364714
-3.644824883370582	-6.928449818442445	7.905143163316595	-33.57994844393831	16880.240379647097
-0.24481336048000202	-21.196607243286863	18.45748729435644	-0.6141427917216475	16873.74776670732
6.352848195048942	7.429047515128914	-3.436235031898889	11.18794687375619	16851.348628769676
-13.61355594053024	-1.0814243305180042	-19.673170470260487	12.634004501146151	16870.956119523944
18.44206572830752	2.43868705114771	-14.857097445497203	25.659041052790144	16868.850692400563
-17.930292072888754	32.643106873948284	-24.193710911880302	9.509068999477037	16875.580550100603
12.763002450419947	-0.47731256693384694	8.527582557633409	-4.856950446757679	16870.277645117534
-8.89718248873352	13.159483197785818	9.376461588169036	3.998884929204749	16903.22439058742
7.072629119377254	-5.343804300124589	-14.488810727291266	-20.57866772083277	16891.440685599453
-5.289247956856933	15.546417900026285	-4.324078352490588	-22.54521296594588	16927.52096515736
4.26209553242704	11.641688160407938	-8.285773681280816	10.988526099329022	16955.802000650187
-6.8584903572866835	3.520825022853458	-13.928364554172234	3.694542832826997	16989.759664467878
10.226517410194845	20.013363013572302	3.0293641155138715	4.7167252425360715	17040.12849464441
-9.481614860535203	-10.012033859219713	-6.642855757041588	-15.59576942856043	17068.632057088354
4.928023266962697	16.37675521543801	-4.857260911771462	24.683697921786788	17040.312734916435
-0.056834567315213746	-17.115365745575502	-7.627000163494955	17.28232856290353	17004.396742075904
-1.202612909718809	-10.969291010721498	19.228145529856405	-7.130307931580376	16894.34207550523
-0.5797056600549411	-7.2480442473688385	12.689804850379574	-22.772406073950933	16887.65491271333
2.525975201758783	-2.632310262269634	1.321614373708158	-9.638793906193612	16958.76477682158
-5.744204749923789	2.0302710851591	-3.84490691479148	0	0
9.141370413007913	6.465294266742312	-3.489846224272469	0	0
-8.479879426341427	5.50456801024967	-8.299838766091767	0	0
2.8136976319152964	-1.3098711842556625	3.9659189247512643	0	0
3.579915335203374	9.725457480085964	-1.9903962819190184	0	0
-4.756414034724052	2.4451639994019487	29.80118527020322	0	0
0.900625273392194	25.145867783775365	-21.843076040469228	0	0
1.058469482382968	-15.877638659660235	3.0603092823609472	0	0
-0.28126599751947623	3.7220378212937817	4.045323610395656	0	0
1.2345461944575575	-5.8598882464802955	14.226749488337504	0	0
-4.050926657769239	-8.117515230194122	-17.101801987313408	0	0
5.548978228146574	-19.65819812745906	-10.623814195878154	0	0
-4.730679214987333	18.630970132142238	-1.4514178251686758	0	0
3.6398434753734037	16.27513007661574	3.5056130691931315	0	0
-4.984128790958039	-0.04252379668364625	-16.363950312114312	0	0
7.42269203469035	14.766053496970017	10.343795496555742	0	0
-8.30266656011544	-2.749701816753614	-13.435096504228397	0	0
6.869664121884092	-9.971870158228505	13.987429053913772	0	0
-3.9292048609428036	-1.9646213040803246	21.852711709897946	0	0
1.8639546809866303	-13.971505512353545	-20.052549462574405	0	0
-1.5296756337442332	7.6749156559165925	-14.157648002434328	0	0
-0.2040549455777878	28.709664673387174	18.593593059340037	0	0
3.4678402430620565	2.3653051751875296	8.994093840415076	0	0
-6.053447381146114	-8.346039992708661	27.296910472835307	0	0
5.580448260593329	5.307910429125904	-32.86467024173051	0	0
-2.720867170621595	4.140520744825743	9.393029676284556	0	0
2.6754329092068545	-21.281059348161605	6.585000774027222	0	0
-5.3103613599405435	0.9475739299013455	11.473345981997326	0	0
5.60687567133872	3.8295248852126917	-8.568144544339034	0	0
-2.7931455810367396	3.871906835645632	6.843133845206992	0	0
0.4422704062257594	-11.124584851301982	-16.474290577412603	0	0
-0.518978649209032	20.78507531052479	-2.5522550363817658	0	0
2.5515161243761852	-8.147682799882368	0	0	0
-5.169097070299223	-9.366097233945595	0	0	0
7.942247716183083	-4.840967475110261	0	0	0
-8.681389322948561	1.648100255867206	0	0	0
7.307716260621021	-2.564395307043391	0	0	0
-6.783760649886723	-1.0421465555528897	0	0	0
6.150605758590743	-4.769078149135005	0	0	0
-3.5230029329201145	7.825138428161786	0	0	0
1.2933294379723037	-7.4407996945969685	0	0	0
2.0864662612688036	-1.5692281588115051	0	0	0
-6.754436207920186	-4.933734048946214	0	0	0
9.03447704118387	27.721854946409465	0	0	0
-8.899746722061124	-1.0508649577613696	0	0	0
9.752418214905099	2.8540471934869416	0	0	0
-11.5050644913821	-3.620652952140759	0	0	0
11.014636827595744	-0.6947662418264073	0	0	0
-6.728017710632372	-0.2903144388193155	0	0	0
5.684429641483753	3.888850358779827	0	0	0
-10.213894391628983	-0.8287802276077727	0	0	0
13.129222968119194	8.566577027017551	0	0	0
-11.829007214214677	-2.2740899043851286	0	0	0
9.323358348071416	-10.224314343580382	0	0	0
-6.299822295503326	-4.9214420559771455	0	0	0
3.2630584834223058	2.2298873400288386	0	0	0
-2.0176705167686606	0.8342084302913264	0	0	0
2.5573280571112704	-5.9098748897829125	0	0	0
-4.971757508801161	-2.7707106642871793	0	0	0
7.385424446415854	-1.8053694710208106	0	0	0
-6.0330417459061465	-4.413204357521401	0	0	0
1.496367752722847	8.913249032797879	0	0	0
3.343352639836489	2.357085798512884	0	0	0
-6.2097177454294865	7.787471489994061	0	0	0
6.173643816700988	-5.164488858063294	0	0	0
-4.420498808327885	6.021873975084645	0	0	0
3.7268960030392577	-4.089829340666782	0	0	0
-5.020117125994595	-20.389185598063612	0	0	0
6.83493645285575	8.685594871285105	0	0	0
-6.869517739514109	1.2041964574827375	0	0	0
6.49771060306017	1.5318108435778015	0	0	0
-6.379525459545697	4.891338757800618	0	0	0
5.573870140422365	17.53484214105955	0	0	0
-1.7710876154382404	-5.168523996257605	0	0	0
-4.108578379540958	4.306113599811219	0	0	0
8.402900544981499	-3.1279167463401194	0	0	0
-9.525111668715148	-2.3761479098741773	0	0	0
8.762895785447022	5.755207862389241	0	0	0
-5.684369307965916	3.2678525746516414	0	0	0
0.618625053413588	4.470941896335418	0	0	0
3.283415038614251	5.129650672206637	0	0	0
-5.0792405818808035	1.2089512965056315	0	0	0
5.239175493844449	-14.481716334353017	0	0	0
-4.293357482490613	18.377486417390223	0	0	0
3.727022142968174	13.370736385175363	0	0	0
-3.07723935641836	-21.241176764203274	0	0	0
2.902259122141004	-29.90982087091595	0	0	0
-2.6624271636888253	18.746358455761616	0	0	0
0.8960682592706135	-22.304195611512966	0	0	0
2.006668347962062	-6.289685637287626	0	0	0
-2.570613396699251	22.96738408414005	0	0	0
0.8706986618631944	-12.166005915701149	0	0	0
-0.42610004316938443	7.444904429884652	0	0	0
1.9154558278448732	-22.220900035882117	0	0	0
-2.9546791083031607	20.791554551348163	0	0	0
4.536519942299094	0	0	0	0
-7.31263110258503	0	0	0	0
6.503968576558513	0	0	0	0
-1.540380233563468	0	0	0	0
-2.1676765729966334	0	0	0	0
3.7586933947336263	0	0	0	0
-3.9408373582999587	0	0	0	0
2.692137047631263	0	0	0	0
-0.5763908138709013	0	0	0	0
-1.4582804278851214	0	0	0	0
1.8972144294796536	0	0	0	0
-0.8462609299479809	0	0	0	0
-0.027082109332972948	0	0	0	0
0.3390376565918274	0	0	0	0
0.11030618145674964	0	0	0	0
-0.2236953290292618	0	0	0	0
0.5580256937873216	0	0	0	0
-1.0869433661711057	0	0	0	0
2.0604970242314664	0	0	0	0
-1.3590998961376926	0	0	0	0
-1.2260378235576326	0	0	0	0
2.689758773153436	0	0	0	0
-1.8498186089061832	0	0	0	0
0.1276518959148092	0	0	0	0
4.083386554777967	0	0	0	0
-10.047326710885045	0	0	0	0
15.154886636509431	0	0	0	0
-14.4433545702814	0	0	0	0
10.028428459726612	0	0	0	0
-6.584093122655375	0	0	0	0
3.3082586671707332	0	0	0	0
0.27683883275204124	0	0	0	0
-1.0485161306936206	0	0	0	0
0.2058342062868448	0	0	0	0
0.03280979477613499	0	0	0	0
-0.06288637534705543	0	0	0	0
-0.35655488090542775	0	0	0	0
0.613781331879494	0	0	0	0
0.10350813826411098	0	0	0	0
-1.0889311857922692	0	0	0	0
1.8131426635744745	0	0	0	0
-2.3003775274970053	0	0	0	0
2.639429311812073	0	0	0	0
-1.8408715755280483	0	0	0	0
-0.35247210020725106	0	0	0	0
1.2189517503602971	0	0	0	0
-1.7395164274466524	0	0	0	0
0.8513061043945385	0	0	0	0
1.6605162518195797	0	0	0	0
-3.696264269269932	0	0	0	0
2.651866311289517	0	0	0	0
-0.3519125889688297	0	0	0	0
-2.1941486533426584	0	0	0	0
3.7399899373595176	0	0	0	0
-2.752160360021584	0	0	0	0
0.4036891272479153	0	0	0	0
-0.5333366653487133	0	0	0	0
1.943607181779619	0	0	0	0
-2.42211321722602	0	0	0	0
2.0289440609425284	0	0	0	0
-0.5872812535344352	0	0	0	0
-2.6173902440308296	0	0	0	0
5.534564282061581	0	0	0	0
-6.064398661630435	0	0	0	0
4.404274616287083	0	0	0	0
-2.6707630974389076	0	0	0	0
1.4775681249943133	0	0	0	0
-0.8625999111558116	0	0	0	0
-0.05991264363044735	0	0	0	0
0.5873828968139705	0	0	0	0
0.09325360938871796	0	0	0	0
0.27590913584364074	0	0	0	0
-2.5509029844315023	0	0	0	0
3.9636724203947935	0	0	0	0
-3.7192804484559545	0	0	0	0
0.4958819394173659	0	0	0	0
3.2012206552916354	0	0	0	0
-3.9993403645335306	0	0	0	0
2.9157100032067333	0	0	0	0
-1.0246319288693542	0	0	0	0
-1.6934795991939637	0	0	0	0
3.080395785542244	0	0	0	0
-4.486164480238578	0	0	0	0
4.624288924973001	0	0	0	0
-2.5345216893749836	0	0	0	0
1.9837496295698713	0	0	0	0
-4.314449907651628	0	0	0	0
5.195716148782253	0	0	0	0
-3.6814925209765548	0	0	0	0
3.0512501903015092	0	0	0	0
-1.8135039845506995	0	0	0	0
0.5041977388861838	0	0	0	0
-1.5041291933714547	0	0	0	0
3.031343888252195	0	0	0	0
-2.7162044427153447	0	0	0	0
2.441737741613565	0	0	0	0
-1.5767035640500708	0	0	0	0
0.5070410214462342	0	0	0	0
-0.9016182438921803	0	0	0	0
2.4069775246359626	0	0	0	0
-2.5500575734729907	0	0	0	0
1.202154223753979	0	0	0	0
-0.8645838126273375	0	0	0	0
0.6672809999016422	0	0	0	0
2.8191966070187817	0	0	0	0
-7.915379837922863	0	0	0	0
9.956646717985194	0	0	0	0
-7.974878299736481	0	0	0	0
1.9858496574280693	0	0	0	0
6.304639873960504	0	0	0	0
-11.61642088568918	0	0	0	0
12.026722725320262	0	0	0	0
-7.088309084799313	0	0	0	0
-2.2722553649370028	0	0	0	0
9.636796176289323	0	0	0	0
-9.30742425690746	0	0	0	0
5.032381594314643	0	0	0	0
-3.6485299497386237	0	0	0	0
4.359124576352919	0	0	0	0
-6.151950499462352	0	0	0	0
7.054635254009206	0	0	0	0
-4.123269746647431	0	0	0	0
0.9544755091660448	0	0	0	0
0.5073640136322481	0	0	0	0
-0.5019807048564999	0	0	0	0
1.2898045677075132	0	0	0	0
