0.13173818890282263	0.6884025496093571	-2.287848041263885	-0.0037078658143201437	16798.12854008372
-0.5828856889030476	2.1548542710472205	-7.1113702520291895	0.5257315601200929	16798.38659849789
-0.3632175675828577	1.291556811045453	5.358646487364254	5.32634636848924	16799.233268228796
1.8760591141023824	2.867573523440356	5.0926289250762125	0.027181566493695186	16797.754172858706
-2.1851047302014592	4.454195513687026	-5.396959691855059	25.688113333089134	16802.566377180905
2.8860849250661715	5.991525531672465	-0.40213601487882045	-6.109450167033856	16781.42506071888
-3.6602144576874025	-0.5857278388807146	-4.089229511858136	-2.8607613104931175	16781.44440134578
2.7310856673116817	6.841910586466234	-2.5499333588232673	0.8797897693239776	16752.436719077537
-0.7443028045304771	-9.516519273504485	5.95309085267256	-15.928580914816195	16751.273889361633
0.045593284050362115	5.228560087106381	-2.819378675290025	5.92504540309325	16758.139969313033
-1.0397510505011667	-10.062491839716692	-10.958927909456733	6.861711391021672	16834.021880147495
1.437747352071689	3.588640033829563	-9.271100968491766	-1.7160777692207034	16739.526491456334
-0.5502746417770439	-2.4427837738921667	6.476012895565489	-5.987796221417241	16711.80332650746
0.043178226016891585	7.793611581001485	-0.8447057501982442	2.8124051903317024	16704.943553121157
-0.39015082507471277	-6.813927308197819	3.0506877664315937	9.959788009816876	16677.074261677393
0.8047657310316438	1.3813520004619022	0.507063252698913	-6.338013534050717	16664.260976471032
-0.4125763368067794	0.720957512434353	4.1471230842666955	10.433647052582984	16749.380578056625
-0.5523443836066235	-1.2395190831539793	5.645445992853695	12.284934855628762	16751.76068070213
0.8305488538028172	-1.6529013516248625	-0.21877547800913533	-19.879283761002824	16730.37820644969
-0.09770214624569462	-0.30007414505766405	2.8418146958687345	11.254257143256808	16815.183102668532
-0.3615336495995862	3.1347798807364313	5.26050837280323	-16.256243736826804	16866.28204479787
-0.5606847614455077	-6.020864262588574	7.373095401145221	8.807199834599459	16907.80945220258
1.3218631365089664	4.5289178151121305	7.74575808081498	6.136537558197119	16983.246073499336
-0.7109269452681914	-1.7580522741295397	-0.760357063533462	-2.0095235808603036	17028.035329838178
0.5341518950684048	6.088330791736269	2.3379418014838507	-8.959119956281484	17071.318991251137
-1.5501238807880853	-2.876209832632725	7.7636264799996155	7.128340644630214	17156.522221414954
1.325801874549832	6.399636060930618	-7.928638096182553	-1.6608691540766358	17112.78322052494
-0.1803883876948973	-8.004153266067938	4.958945871003081	4.437832576533424	17094.724869221714
0.23971221382216612	-0.1353767330911353	-2.833775891449932	-15.150120715686427	17076.851514064194
-1.4193864293487621	-6.624792035752563	5.364485208067563	11.036258046423427	17122.46013337755
1.9653822170959856	0.993159969426415	-4.088041692699164	6.730659083646941	17163.40880565171
-1.748973240175502	-8.718276999347076	6.172696304692508	-0.5591669679864424	17120.02294268706
1.6870010186302622	2.754035205254766	-2.0417971205043557	1.8083355318051133	17038.47107970291
-1.9804277732863582	-3.016422107559002	-5.686004376905601	5.665215123966917	17071.941247378585
1.5521612552472277	2.8941984302767025	-2.011135634598091	0.9654875009799326	17064.79076369621
0.025528289999883214	-8.627940596649644	10.466339400271309	-1.0953646770266374	17004.019250589663
-0.9689962392391109	1.0856744907951494	1.7703699268664508	-1.5321242935573025	16998.652446379157
0.9910383052777405	-3.9070595098218206	-3.125835118848258	-4.765324156841871	17012.141361015416
-0.14261202236775716	-3.7543988629553056	2.6961533980474854	0	0
-1.1766597688197251	-1.3542203806858524	7.777118446996809	0	0
1.2895067283072876	-1.5860192077174844	5.192260983062653	0	0
0.5484532344073756	3.0799895274436153	7.200378618549806	0	0
-1.2052567313140727	-2.8933654617893367	1.6231418392083299	0	0
-0.028594290609966322	2.56672113562049	-1.0901834895624063	0	0
-0.24749682656072025	-1.9567832019312732	1.9903385457480454	0	0
0.16902232225832847	6.59793712959695	-1.6649819667192105	0	0
1.2245609653775205	-0.21254958749904063	-6.932441219797369	0	0
-0.2445991506757963	3.2495252942885386	6.069252459235102	0	0
-1.7761490827448725	1.1728337786424277	-10.476874243186273	0	0
2.0484310835944584	2.974723905529892	-6.3983915993451035	0	0
-1.2500480217696577	-2.1741383324393198	-3.5327700945650804	0	0
0.01028212858904709	1.7055847427158426	-0.3609514199483783	0	0
-0.7614330130946172	-5.8494162166847445	0.44097340130690554	0	0
2.7335991719634336	-2.8395934951771338	-1.0581031954476856	0	0
-3.049560130734541	-5.157864560504805	5.695118721481563	0	0
3.088562651082107	-0.5072520263153493	-2.3310289015120844	0	0
-3.021130733194262	-2.487526693209972	1.4896203690580307	0	0
2.472864384603689	5.6147560974388	0.09074482524577832	0	0
-1.5973128885113965	4.378230448914287	-4.697889171996948	0	0
0.4481688098018708	-6.164503214961236	7.123511960918663	0	0
0.6442941008798257	5.330185557719091	-4.704027348049976	0	0
0.05460126384630826	-1.5739607575810624	14.613348916168874	0	0
-0.9114918618691021	3.5705571986426534	0.715794714571885	0	0
-0.026383634711386605	-1.9882016089409902	3.3529182879478583	0	0
0.885308137734448	1.0135804660050525	3.543397316069658	0	0
-0.8919533727883078	-4.598889516529972	-14.269517173113883	0	0
1.7321999470403568	9.306629507055725	5.340017568119919	0	0
-3.8087332866049763	-1.7920410765846029	-2.6008994232330878	0	0
4.479632579558846	6.309848406907776	13.524326185174033	0	0
-3.2000160915608973	0.3256681718043879	-8.229970957437402	0	0
2.963089878545418	6.058927531817318	0	0	0
-3.7246791905666186	-10.722750994623738	0	0	0
3.0352272776393363	-0.37381763795914935	0	0	0
-1.6551820617388842	-4.832136188131635	0	0	0
0.9853294991239423	-1.0442433065942964	0	0	0
-1.0735852398205452	-2.7862417115717832	0	0	0
1.1110989095829709	-3.437633013026826	0	0	0
-0.9111668874620804	-4.014609964974198	0	0	0
0.18423431494149867	-1.246350507268609	0	0	0
0.2001948253553465	0.06207214410667916	0	0	0
0.5816401112530514	2.9087193403140787	0	0	0
-1.2018011305580174	1.2218582587326452	0	0	0
0.6606090719135125	6.222649268282794	0	0	0
0.15239253505392725	1.3989990292348153	0	0	0
0.12959789911536035	-1.3890725568675464	0	0	0
-0.24730116572257543	3.693587544724906	0	0	0
-1.0509130172951657	0.8366879188403402	0	0	0
1.535214585519192	5.122116894534244	0	0	0
-0.14867220484995158	-2.699144245607883	0	0	0
-0.8701174994276784	3.475887011521948	0	0	0
0.005885157516019035	-9.79113100753645	0	0	0
0.4303039485166664	1.9531449445113225	0	0	0
-0.3268562778823991	-5.119683037625464	0	0	0
1.2996990777261246	1.9420734356853444	0	0	0
-2.1064365288680165	-4.963442708183976	0	0	0
1.4418018952044136	0.5717176469755998	0	0	0
-1.2096432470252054	-2.282954452454291	0	0	0
1.4613292548480885	2.614050028309464	0	0	0
-1.2593210449541061	-1.9229107194162367	0	0	0
0.5658314347250197	-2.4249831309193937	0	0	0
-0.1892198179658422	4.733768221982487	0	0	0
-0.5225918329549941	0.9267456026502003	0	0	0
0.7644433480090811	2.326457123329206	0	0	0
-0.09644208452637315	0.4308052404214493	0	0	0
-1.1232242295977102	4.359551550381269	0	0	0
0.9727708195587539	-1.8207949455145354	0	0	0
-0.8103150050284782	2.342903124197605	0	0	0
1.2258641852417398	-5.748881281181426	0	0	0
-0.5283490797687804	6.164726797776424	0	0	0
-0.7559527381157167	-4.114243880365493	0	0	0
0.8603688665831513	-3.2405916836696917	0	0	0
-0.21543819573798828	-6.150570251356527	0	0	0
0.48718669702376616	3.3286565692057906	0	0	0
-1.124668830436299	-6.819933473388723	0	0	0
1.5356016627672702	4.476173832150948	0	0	0
-1.642628965646601	-4.02961205022946	0	0	0
1.8831489574178235	2.5827457436971315	0	0	0
-1.1123919004066778	-5.084370948006409	0	0	0
0.9981844138908826	2.986222012888895	0	0	0
-2.2937024922517395	1.7451897731942694	0	0	0
3.1958499599564547	-3.006902597497607	0	0	0
-2.5973094911041557	4.3876864469240004	0	0	0
2.507478820666236	-3.244954867585463	0	0	0
-3.206456936131424	6.542059401534189	0	0	0
2.079474123043056	0.04381895105860423	0	0	0
-0.5531613660980597	4.461444104335733	0	0	0
0.6697150379224937	0.30485128041631526	0	0	0
-0.17709631984056529	5.17826611646921	0	0	0
-1.876872219889222	-1.4426783428097067	0	0	0
2.7146449377933877	5.973069066767707	0	0	0
-1.5425239021252963	-7.489002778599328	0	0	0
0.7038831028818748	2.185279290199915	0	0	0
-1.1455009542415908	-5.673571229242199	0	0	0
1.409118548685285	0	0	0	0
-0.8721035488695108	0	0	0	0
-0.16111552028002052	0	0	0	0
0.9702741662010084	0	0	0	0
-1.4771800051386634	0	0	0	0
1.7408506365358676	0	0	0	0
-1.7711840823572302	0	0	0	0
1.541032051769207	0	0	0	0
-0.7659255892185115	0	0	0	0
-0.0067123486534228505	0	0	0	0
-0.2939193886479856	0	0	0	0
0.46273364172824216	0	0	0	0
0.6801747913403204	0	0	0	0
-1.3234186609387848	0	0	0	0
0.1051278397958697	0	0	0	0
1.4487359051399409	0	0	0	0
-1.1576230357101451	0	0	0	0
0.7725136545388978	0	0	0	0
-1.072885036931254	0	0	0	0
0.7585109931299598	0	0	0	0
0.2658868175496707	0	0	0	0
-0.4589460431184662	0	0	0	0
-0.7503088991863791	0	0	0	0
1.0752235326334159	0	0	0	0
-0.7319727504929077	0	0	0	0
0.32465449466648977	0	0	0	0
0.38562679919364484	0	0	0	0
-1.426169055526671	0	0	0	0
1.7449951918999531	0	0	0	0
-1.2740425594533278	0	0	0	0
0.6115501407934119	0	0	0	0
0.5643226937504835	0	0	0	0
-1.6400811149047954	0	0	0	0
0.7239409892759738	0	0	0	0
0.5018774166429765	0	0	0	0
-0.6257847994235775	0	0	0	0
1.003850888871149	0	0	0	0
-2.1722622829167264	0	0	0	0
2.1612918345682957	0	0	0	0
-1.0388468555767574	0	0	0	0
0.943917212346328	0	0	0	0
-1.925873335089129	0	0	0	0
2.1994620077381413	0	0	0	0
-2.1057419940875945	0	0	0	0
2.284200575676664	0	0	0	0
-3.1117806279952234	0	0	0	0
4.398407868342389	0	0	0	0
-4.861203049643073	0	0	0	0
3.7353933413959908	0	0	0	0
-2.2043137299918243	0	0	0	0
1.318178037764575	0	0	0	0
-1.3794968581626463	0	0	0	0
0.5424924159119655	0	0	0	0
0.3129688779458988	0	0	0	0
0.5364609979587698	0	0	0	0
-0.5052534656800205	0	0	0	0
-1.605030239695509	0	0	0	0
3.5067101868174575	0	0	0	0
-3.2409719506559327	0	0	0	0
3.5121208082447524	0	0	0	0
-4.674650159711916	0	0	0	0
4.19406186315944	0	0	0	0
-2.568438466690374	0	0	0	0
1.429353387829856	0	0	0	0
-1.0493957055519374	0	0	0	0
1.255541475978788	0	0	0	0
-2.449280748919506	0	0	0	0
3.362303620910737	0	0	0	0
-2.6874242532534325	0	0	0	0
2.374238675659548	0	0	0	0
-2.9220144024374406	0	0	0	0
2.9645265950762294	0	0	0	0
-2.8799778523533703	0	0	0	0
3.45996761117469	0	0	0	0
-3.8100299947986898	0	0	0	0
2.762822633322621	0	0	0	0
-1.0734173599845533	0	0	0	0
1.3796054148896104	0	0	0	0
-1.9876756873248311	0	0	0	0
0.9289169823277561	0	0	0	0
-0.32610803605881244	0	0	0	0
1.2272158772447384	0	0	0	0
-1.7089875160429173	0	0	0	0
1.6166567802456058	0	0	0	0
-1.6620740673667456	0	0	0	0
0.8183160380938972	0	0	0	0
0.43590431529525375	0	0	0	0
-0.8562928905349239	0	0	0	0
1.0103068410009755	0	0	0	0
-1.1353424739464515	0	0	0	0
1.1955512420265393	0	0	0	0
-1.6400890688216734	0	0	0	0
2.0612939990947226	0	0	0	0
-1.322992798355564	0	0	0	0
-0.41335940153552286	0	0	0	0
1.2393125945415875	0	0	0	0
-0.7065869453461744	0	0	0	0
0.9400797431770869	0	0	0	0
-2.4763846664570153	0	0	0	0
2.4129544212518397	0	0	0	0
-0.9338182252664922	0	0	0	0
0.4841428011506821	0	0	0	0
-1.0016887152917135	0	0	0	0
1.0020239785078218	0	0	0	0
-0.08976212692810037	0	0	0	0
-0.8324116582295602	0	0	0	0
1.0491538670036888	0	0	0	0
-0.3364328422563361	0	0	0	0
-0.5428652245077998	0	0	0	0
0.03198356558341686	0	0	0	0
0.9743550849137748	0	0	0	0
-0.8227552881376994	0	0	0	0
0.19424618642830893	0	0	0	0
-1.1925698484451104	0	0	0	0
2.4181687954481603	0	0	0	0
-2.0618785703391396	0	0	0	0
1.4293764083629412	0	0	0	0
-1.6414307365798564	0	0	0	0
1.3981438170464457	0	0	0	0
-0.4617146742040532	0	0	0	0
-0.32951738296990385	0	0	0	0
-0.08730277690112587	0	0	0	0
0.04099884280316246	0	0	0	0
-0.1828156171354678	0	0	0	0
-0.30171600763279827	0	0	0	0
1.0266483824127945	0	0	0	0
