0.36913918592600226	-3.574001498931956	19.98010062044075	-1.4079294361384456	16909.40032206593
0.3136546947912251	-8.345661136250143	63.351707162561155	-7.951575211707535	16908.201328661617
2.7155715377706073	18.1947188428446	-24.744609491300835	-43.00213159171719	16897.416114964995
-4.845155602363427	-3.0931881070277925	2.987440207632872	22.030010941168896	16913.560482360983
4.3905932362818945	0.263952661286595	-6.914302584295541	-47.69157747110671	16874.096287839002
-3.613931015710385	1.0593117654673563	-1.8462463077095919	21.013122741016304	17024.569527819283
2.436187670053492	-5.739743590393424	-1.6981450587255722	-5.66626550366621	17045.426541963272
-1.2645645673789758	-1.9950176179531383	19.703314744177803	-4.059425422783008	16926.36309406688
0.576841988105997	2.3333226164202614	-7.283092704752747	63.09884439414513	16841.21061290671
-0.5364349388009089	0.7628910683343122	-0.9227952495438672	-34.46082178572318	16704.224737407236
0.4421964186642171	6.343284370181983	9.346091637944184	-4.74995711787696	16762.651640767945
0.1527161431100197	0.34662791253862935	-44.56627562803094	3.5795464990588783	17080.580278260542
-0.8597719358612679	0.2967312613282118	18.864340068219718	37.408019171285204	16914.65210907525
1.2176315392776758	5.1923982077911575	-22.302972888331027	5.550020441263229	16762.45838777611
-1.3182340446700849	-6.618142425321665	-0.3590450343941569	54.72485423195944	16675.15390650388
1.2940912976867764	5.519165428381108	-2.3673937994737315	-18.493064868060998	16599.99266769473
-1.8788461686154392	0.007186991455881753	4.978489495134909	4.972737740346133	16655.71692207128
1.8222474199312018	7.6278636386745475	-8.823405802538517	-18.55728236880512	16854.87541774683
-0.6554366206014492	-5.1475811306744035	22.065896527931628	22.363185938951403	16742.34513034711
-0.5129978500515548	-1.7474868840008995	-16.86558096469527	-10.901165920382681	16624.035858497173
1.6498853001422944	-13.454820800248342	10.682837146760889	67.6667788591095	16687.008347798903
-1.7192223826921094	10.298247612874164	7.090995353162512	-21.79638597973208	16612.015023406784
1.647622547476189	-5.700225289569154	13.35767530700312	20.964866660587518	16800.024966360597
-3.605557773607188	0.6679606480177398	-29.877139994134467	-4.402017334008647	17001.40004014595
6.051186167696578	10.609198172056942	-5.084997335575395	-23.007138748397963	16941.11911762668
-6.1704108394687225	-9.12334563024804	-17.707994618436942	40.7732950740826	16859.636208544893
4.230568016819305	-1.509221293631903	-0.7525071066901887	-22.52216142845556	16785.334359850734
-1.1953754545521917	-3.467705455897047	-1.5906366842818045	-15.450561491366116	16788.614867850036
-0.5056528180115976	-0.12425292876671534	8.86981298288238	2.742692686602723	17161.102616156742
1.2358948802221263	-5.37792367554372	-5.867825988658595	18.804422374208173	17083.008882812617
-3.1077162247540073	7.162760339600666	-15.15739295547732	-0.48322115525220966	16986.996366533935
4.607380121125139	-4.708856919265642	6.143012296595501	71.96315057480227	16937.473041609486
-4.281393655363061	7.717851969313905	5.784268537409815	-47.84150640889783	16839.73509760579
3.9735885637625117	-0.6290182481771325	-3.463077199669229	16.341090779342522	17015.147759752643
-3.846763925955841	5.502004784629101	-31.54408717936083	-19.851922869693766	17196.5224861664
3.8115910381496576	9.168461423898393	34.418410407933465	6.164084222770185	17011.09989087233
-3.5405095487437706	0.443649505597179	-3.6729962028869068	20.2859841893482	16906.705210788827
1.6775102710950947	-8.145864164368533	15.58851952020619	-11.74939898058598	16812.638810456752
-1.133766084007398	0.9622199353656455	-47.86424837400756	0	0
3.8648173595896225	-0.5797850240239768	-0.5095005538370998	0	0
-4.783934454176027	-0.9259546026175656	-7.18967828175019	0	0
2.33514061367692	-7.1346144565534075	5.854032109036822	0	0
-0.5774864838934448	10.71651387161262	4.088145053259723	0	0
-0.2599319668332498	-3.6679227343953684	-9.75557075538309	0	0
0.7041344065267623	10.560760320025615	-9.673232121182664	0	0
-2.476692173875051	-1.112793970773808	-14.427091554272863	0	0
6.132757839498588	-8.715987447273847	21.07721412858706	0	0
-6.2860451870210525	1.491466187169408	-11.127864252050585	0	0
3.1157468202320544	1.3289261432287205	21.560042653286033	0	0
-1.064859033182941	-1.5645701741139106	-20.037230664307913	0	0
-0.15201420138196653	-9.301291831883454	3.9016610801224516	0	0
0.9640930091869109	-2.6958893443036516	15.936394885939421	0	0
-1.3359105152613395	-8.805363590719203	0.4336039282184885	0	0
1.0771173275832169	7.483671444279885	-3.9239366170218233	0	0
-0.21890238901719528	-3.22399390673381	-11.960663193523175	0	0
-0.397168848307075	-15.538762382032878	3.634048362492649	0	0
0.3964359812811509	9.392323117568637	-21.810438476179954	0	0
0.03607674525844118	-12.935866674770274	39.91933525993811	0	0
0.22830626791073172	0.9554128795308898	-43.830142320098034	0	0
-1.3754513005691393	2.1008738731340344	45.76963348646184	0	0
1.184726411398863	-0.10220031198662838	-21.26976209487168	0	0
-0.10151020744218187	-0.5237515554416348	6.625614246337008	0	0
0.842849549971298	8.270484739397062	-17.52456558830221	0	0
-2.231301776215794	-4.440676249911228	10.978253132183738	0	0
2.8725921172205986	0.6099590442813962	-1.5655945212712794	0	0
-1.870358424169126	5.125105134710914	-10.778132088402472	0	0
0.008502903855621469	-5.440677885696282	5.999038542041873	0	0
0.19396582627251746	23.390193901674714	-3.5334255819162763	0	0
0.5680589500472024	-19.753628179075456	11.699666865988618	0	0
-1.3652377301206684	7.9590997004915	-6.538318739981918	0	0
1.9701401687939253	-3.7452521554734446	0	0	0
-0.9003624867941085	-5.88857551031132	0	0	0
-1.269893289358869	8.641742724767177	0	0	0
2.3419298337079653	-3.485056584429593	0	0	0
-2.367263072084441	-8.813278427597886	0	0	0
0.7430705908696709	7.925763530314008	0	0	0
0.7856182244579983	-12.113197474688917	0	0	0
-0.6517081057513465	5.802398259122995	0	0	0
0.08708143145775438	5.8655800941284895	0	0	0
0.3164038013181951	-3.2827530886859577	0	0	0
-1.7737668492950576	-3.146825095383157	0	0	0
3.283185202298995	-4.690741756284382	0	0	0
-3.007457467361384	-4.649755180276557	0	0	0
1.2231148741084183	3.7289076976944813	0	0	0
-0.3642940361168385	-4.024241617352381	0	0	0
0.07243577593248318	0.5425808221802839	0	0	0
1.8660472333248634	4.853686054727518	0	0	0
-3.092814058326688	0.28823088376162076	0	0	0
3.4043224762686037	-7.7207437944601836	0	0	0
-4.357408609251721	18.833886858315935	0	0	0
4.391933843639876	-5.556556390201408	0	0	0
-2.1250419520598953	-0.25792136789914366	0	0	0
-0.06691827014210361	5.383317763337168	0	0	0
-0.1384004221842332	14.938881476303287	0	0	0
1.6031760983164105	-10.406371437628295	0	0	0
-0.8942948440129257	8.89029438905763	0	0	0
-0.40688942012101137	-9.843438361679134	0	0	0
0.1965769805817601	3.731738691792742	0	0	0
-0.2997011953509201	-2.805329920550477	0	0	0
0.7051529539244328	-0.9471097529928159	0	0	0
-0.3172213323378017	-1.1050360639538042	0	0	0
-0.22298540685050483	3.8707465666613814	0	0	0
-0.23556017945099939	4.3897740571592365	0	0	0
1.0989699504807575	-12.042760763704713	0	0	0
-0.6490199542352144	-1.0338584576290941	0	0	0
-0.14435231658417536	3.3314745898330997	0	0	0
0.2238363692430525	3.806835260345366	0	0	0
0.5292500287586606	-0.3334952839244636	0	0	0
-2.521736109928554	-0.5538331386081623	0	0	0
3.655062156829679	-5.990192405883171	0	0	0
-1.6801630414534543	-6.9123093094176085	0	0	0
-0.5146407415426637	19.553629525527263	0	0	0
0.436778444163771	-7.279325731265999	0	0	0
0.018943799252490123	-2.501144182495196	0	0	0
0.7398141127799462	1.121999978568084	0	0	0
-1.1233851136816142	1.9356894891600405	0	0	0
1.2438073791309066	-2.99279537067261	0	0	0
-1.597981807047141	-10.763066219390439	0	0	0
1.7307430008997642	-12.458321583297604	0	0	0
-2.20762117320065	7.882085478175313	0	0	0
2.78102042153224	-9.13317109195195	0	0	0
-2.8179506223479294	-1.8001088284542561	0	0	0
3.7211791716780027	9.526022465618325	0	0	0
-4.6179493785299925	0.8717754870013437	0	0	0
3.777503368679099	4.6159703902890925	0	0	0
-1.680733479955279	-2.9012573811941778	0	0	0
-0.2840289332901875	8.752737526181264	0	0	0
1.7804420978309494	-14.851345749207084	0	0	0
-2.2889132591186723	-1.448612418105263	0	0	0
0.6198442615998943	0.5357616985773106	0	0	0
-0.5089236985970089	0.6512891535615211	0	0	0
1.3279517606267177	5.66693477159842	0	0	0
1.4755998060682103	9.550853458942541	0	0	0
-4.511861710412582	0	0	0	0
3.0306333425172554	0	0	0	0
-0.5276943900702804	0	0	0	0
0.2316300766775612	0	0	0	0
-0.5144083248542444	0	0	0	0
-0.22373492461892397	0	0	0	0
1.0708666002181744	0	0	0	0
-2.3880185561480616	0	0	0	0
4.263124076486747	0	0	0	0
-3.4511196320163577	0	0	0	0
0.7019355590770218	0	0	0	0
0.7227260126492041	0	0	0	0
-2.5730703262301873	0	0	0	0
2.4532597642939677	0	0	0	0
0.8194578377800568	0	0	0	0
-2.4921490506381687	0	0	0	0
0.47063368486075774	0	0	0	0
0.24709370786242602	0	0	0	0
1.728224186648447	0	0	0	0
-3.0346923549998905	0	0	0	0
1.4300957979126494	0	0	0	0
1.503958637658343	0	0	0	0
-3.1396109399025036	0	0	0	0
3.186796263474193	0	0	0	0
-2.6721588409143067	0	0	0	0
2.234862132153495	0	0	0	0
-2.032933948201965	0	0	0	0
1.275397933488719	0	0	0	0
0.33765216136090714	0	0	0	0
-2.9517680832501583	0	0	0	0
4.121496203398976	0	0	0	0
-2.97593603737009	0	0	0	0
0.9626173052047093	0	0	0	0
0.32682399106578686	0	0	0	0
0.0826130401228582	0	0	0	0
-1.2875435428644835	0	0	0	0
1.0945892109684507	0	0	0	0
-0.1799210643848852	0	0	0	0
0.5136896130394533	0	0	0	0
-1.3978045334391425	0	0	0	0
1.6403568489203693	0	0	0	0
-2.8363336281220697	0	0	0	0
3.827104840095025	0	0	0	0
-2.050713665125592	0	0	0	0
-0.5156264402066668	0	0	0	0
0.9484189248827519	0	0	0	0
-0.4580288093190603	0	0	0	0
-0.2804499267677514	0	0	0	0
1.0868469657601167	0	0	0	0
-1.8331463284746476	0	0	0	0
1.678208305735545	0	0	0	0
0.3738007270069019	0	0	0	0
-1.7716544092073363	0	0	0	0
0.0954533709992944	0	0	0	0
1.591153906571833	0	0	0	0
-1.2484960024330007	0	0	0	0
-0.23452292263204555	0	0	0	0
0.34424385062087737	0	0	0	0
1.320996806336666	0	0	0	0
-2.1123816593361298	0	0	0	0
1.8808248419968479	0	0	0	0
-2.068131966181184	0	0	0	0
2.126382043563339	0	0	0	0
-1.3825807333015518	0	0	0	0
1.392679884457742	0	0	0	0
-2.0860036270972984	0	0	0	0
1.5386239518206182	0	0	0	0
-0.9335610456233923	0	0	0	0
1.2784701431601064	0	0	0	0
-0.1380460193337214	0	0	0	0
-1.397014571155978	0	0	0	0
1.1403822178878613	0	0	0	0
-0.4725897435454698	0	0	0	0
-0.3092256817491972	0	0	0	0
1.1545217009839774	0	0	0	0
-1.8743814937108567	0	0	0	0
1.230521368649832	0	0	0	0
0.20318003055106004	0	0	0	0
-1.1653058153710205	0	0	0	0
1.539767331626308	0	0	0	0
-2.011877109953936	0	0	0	0
2.146614827945477	0	0	0	0
-1.1455555827331523	0	0	0	0
-0.07718189631959405	0	0	0	0
-0.07274127274845199	0	0	0	0
-0.9693788888492278	0	0	0	0
1.7985388447548232	0	0	0	0
0.09327551329104722	0	0	0	0
-1.3704323061869985	0	0	0	0
0.5787976809617703	0	0	0	0
-0.32836296470586745	0	0	0	0
0.41265172850575027	0	0	0	0
-1.1426746019681957	0	0	0	0
2.3812325947908732	0	0	0	0
-2.3936174019513174	0	0	0	0
2.6914282425465217	0	0	0	0
-2.532912597613773	0	0	0	0
2.3161016430852825	0	0	0	0
-2.58900698150957	0	0	0	0
1.906135370797898	0	0	0	0
0.3577001084911231	0	0	0	0
-3.6782015443627145	0	0	0	0
5.444509383386553	0	0	0	0
-4.323932795414102	0	0	0	0
1.744841191050881	0	0	0	0
-0.4146549389676082	0	0	0	0
1.3006705960429201	0	0	0	0
-2.6349303574005916	0	0	0	0
2.3290674809953273	0	0	0	0
-0.5716326376062639	0	0	0	0
-0.7677617891641475	0	0	0	0
0.8728133326713206	0	0	0	0
-1.0884495325875747	0	0	0	0
1.569759980435144	0	0	0	0
-1.9123346287330492	0	0	0	0
1.4765513996788258	0	0	0	0
-0.6614903520143542	0	0	0	0
1.0138476369242966	0	0	0	0
-1.532926921400275	0	0	0	0
-0.40900997882199874	0	0	0	0
2.2375378439560336	0	0	0	0
-2.4644537294704847	0	0	0	0
0.459579035299825	0	0	0	0
-0.27877062846896195	0	0	0	0
0.8035237459368432	0	0	0	0
1.0120954540414857	0	0	0	0
