-0.03532631268827657	2.8984911067454533	3.7856866657244836	-0.6501625305774326	16827.793241002586
-0.8732198616932649	9.92363915751482	11.459506442092817	-3.206856849249988	16825.71960501398
1.7410785504681456	0.7165882819451141	-11.651890228872574	-15.7038316205834	16825.128307178875
-1.0883568293124952	1.005411623535771	4.34119379291208	0.4456865419108027	16828.42920176644
0.4148168585925873	0.1386191527656777	5.182875114859513	19.316064734630686	16816.88372213492
-0.3352437025435222	7.6875884435975905	3.330319928101545	-5.190681052951518	16856.56748610884
-0.0583767311928014	6.112211431677274	4.509406675912771	22.165350664926308	16899.188833747867
-0.2402098082831472	-2.819934073991753	-4.9215534655662765	11.030621189658731	16830.542893654998
1.4858644522596833	-3.6971543702728837	-5.224964924023894	34.14018129123063	16830.837514712086
-2.3755706538472836	8.098902047913057	-25.623113704809583	-25.639852080429023	16923.66579433904
3.773925267340026	2.544567236473945	4.329154472472439	38.40276132546532	17021.984590609052
-5.106772120076961	-9.547134968838492	21.688393984499967	-10.501383619584118	17077.63841758846
4.862329110558235	-11.584542595784662	-0.5183494380837459	1.2224977905267878	16980.800719131283
-2.322677775723882	-5.472182838841341	-18.36859079464405	35.982378811737476	16922.193393175232
-0.2871874750446821	-11.595915138649708	30.284488771291947	57.790444565166354	16853.516077104396
1.9692211237464434	-9.754844805871606	37.76370563494778	-52.65453355158877	16812.122361061774
-1.9499164774432813	7.480139232509337	-16.441283144531752	-38.193016984418094	16980.296967239046
0.3730104928975422	-5.213606068017654	-20.494398093285156	-68.25399655139174	17076.022517704405
1.5389186690195658	-1.2705724089246004	42.256523971480576	-30.43720092048372	17157.685247929876
-3.962501016877667	4.459097237818995	-9.917047618102742	12.90182186028403	17132.41908505259
6.125699916910115	0.2622132458751878	-14.223930088417944	-2.7750423655088525	17111.427740244053
-6.680717877001342	-3.4956061853678264	-12.435644070362073	9.640254009032176	17108.695722943616
5.748508853268632	-9.064014427827523	8.020194288099177	28.552782154325314	17134.47288014154
-3.729446562356472	11.971646482535803	21.761538999520752	-1.0622578665912954	17241.827086419336
1.9434438195164034	-12.6071170591052	-11.316631326700701	13.419604216397431	17176.084625202482
-2.321085450986793	17.713001510423105	-28.43247400361342	-26.703952806204853	17145.871305280696
2.96578479439588	-15.746513553864972	-12.771552588455165	29.923733624457014	17076.196207843117
-2.2082900960098613	19.87945357666114	11.265710627135931	-19.881565197359862	17010.2498899737
0.48335491754736637	-11.27462371972392	29.01997141994798	-31.792752786145783	16772.617803103814
-0.6743155852631375	-0.6529155814270098	-12.515362869267491	16.157357344615463	16557.73366292013
2.727426047060476	18.43612484478281	-20.503439072316326	46.97671933936661	16565.330971098287
-2.6336134033545093	-19.51727223557313	-6.552626037468798	-13.286989915147942	16553.36028856174
0.9332081419915426	-0.6321578843820959	46.79086010349684	17.91749668118048	16557.70397038249
-0.2523939846844314	8.661690678223657	4.808522151277103	13.678676365393201	16701.58130879814
-0.023755905608695116	-8.232681976504523	46.02589712633609	1.5383038130450473	16812.65648717282
-0.902769892615396	-3.0119510578745405	-67.13801994182823	0.09697336145850954	16883.665649188148
2.3532819291107785	-0.5660600413279013	33.463639290318184	-6.1418511296625695	16903.287124632676
-1.6822336532160165	3.9107872001202963	-10.455627718289577	-17.55623906918369	16918.395520254377
0.24860907441933477	4.7858873723371715	-52.906495125810736	0	0
-0.7638395448322584	-2.1449163173968344	6.123184555828061	0	0
1.5042547821274894	12.078212405782594	-35.06369905237783	0	0
-0.3324233969330379	2.2187547441462314	16.144573682478566	0	0
-1.6591227125786148	8.460857986263292	5.030052352501286	0	0
2.307620319975399	-4.13782998715827	2.362956777843422	0	0
-0.16709865026021475	-8.590176471496946	30.82379563276666	0	0
-2.8442058570258837	-12.889844066112715	-11.175108288750636	0	0
3.0955844538734922	13.903980303076182	-8.5551646615679	0	0
-1.0953712506720166	7.826635775591264	-15.93947529495695	0	0
2.0480305278459525	-4.2996886096728275	11.092208018857576	0	0
-3.529006949637207	1.6050442919080936	-2.5132123597477403	0	0
0.012468165652919083	-10.334176567344713	-16.481540528246143	0	0
2.6674825692957356	-2.161218796265487	51.640344565429785	0	0
-0.5807206963651339	11.207241283650816	-8.939636150289246	0	0
0.49533077574574236	12.713225693643281	0.08668237817435909	0	0
-2.7385280177306512	-8.328525505003633	0.10611784318510331	0	0
1.738424243112597	10.035417581740717	-22.259203738719336	0	0
0.21309269436841305	-10.84640784104694	20.269237645512902	0	0
-1.3984248238951835	11.150995584309456	15.595909014802885	0	0
4.750007178492467	-10.767864650273054	-11.687520697144379	0	0
-6.669138880669422	-1.1710018081177083	21.61475278827176	0	0
4.594416532614311	-2.2334883327398245	-39.01419446705333	0	0
-1.5358154008035285	10.536651618739455	-14.9599637438601	0	0
-0.3937542577433746	-11.655439086531985	4.642264419772971	0	0
1.9229923259536008	5.099792054517195	1.3374027421375843	0	0
-1.7765068661431656	-20.909091048524957	-10.294710221749185	0	0
1.3245798929556543	7.934513779623586	-1.0505134890319852	0	0
-1.9806908867457835	-7.115585751359717	1.1915113217458355	0	0
0.6236580999663914	-8.429522394839871	-0.8298297485434603	0	0
0.9135122849160169	-4.891327190654685	3.8343587985433487	0	0
0.5805016420310025	1.5587057428217292	9.90279440752046	0	0
-1.9677253416426126	-12.303849094242906	0	0	0
3.216995479689082	13.50535838749503	0	0	0
-4.072286124475539	11.282185582219029	0	0	0
2.8838723330181395	-11.496694942870036	0	0	0
-1.3629768652346783	20.63106210986571	0	0	0
2.5838872884314483	-0.37719482530424386	0	0	0
-5.444778801803139	4.873036466469429	0	0	0
5.859525976836899	-14.513529805897619	0	0	0
-4.580494649378551	17.872543991722367	0	0	0
4.453173207780232	-5.500609143338949	0	0	0
-4.9412603156429284	-3.971484346578521	0	0	0
5.223726279317816	3.8742521747821	0	0	0
-4.725957515888339	3.4432277964104543	0	0	0
2.078286476854707	1.5031531012804038	0	0	0
-0.19580154838093478	1.4079265841377406	0	0	0
1.7157754915739787	-5.71116668367803	0	0	0
-4.558432436355176	8.153952532204414	0	0	0
6.2203118073790264	0.0043964746497522356	0	0	0
-7.9933650159962895	15.044125685434736	0	0	0
9.359501273614313	-10.439239890260936	0	0	0
-8.152528634895432	9.24190833748046	0	0	0
5.79187450334318	-28.550522973653038	0	0	0
-5.2868541454529705	-8.184826110508595	0	0	0
4.779113722109557	7.184255776211508	0	0	0
-4.509152185310043	-1.2122155298003534	0	0	0
7.315314171384777	3.316240370139994	0	0	0
-8.433416890204882	13.94405579177267	0	0	0
4.1156103052258	-9.271200315193695	0	0	0
0.20359900490080207	9.251004140861134	0	0	0
-1.2337233019913256	26.043592432003777	0	0	0
0.8176112667208812	4.462909385340119	0	0	0
-0.43578010450283244	-3.666914598775058	0	0	0
-0.24999628038291632	14.630192692281383	0	0	0
-1.224841389384288	-8.51000186800161	0	0	0
4.566294671131139	-7.746129253376388	0	0	0
-4.222474109112014	3.4721697876571085	0	0	0
1.1097688762615547	3.7160302782798453	0	0	0
0.17388721499823134	-12.765957819668614	0	0	0
1.036248017499588	2.5305168441915953	0	0	0
-2.012884687095145	5.319070139492531	0	0	0
0.5110115605977583	-10.478718496250792	0	0	0
1.0837390320584532	7.695665009821909	0	0	0
0.059440619770406045	12.269439446455024	0	0	0
-2.7275307866973932	-1.1471321415794122	0	0	0
4.581231436661092	-10.465938423832803	0	0	0
-1.9109906514717778	1.0987514983803024	0	0	0
-1.8100160863576704	9.953519521605905	0	0	0
2.7278091079855002	-0.027513541410499442	0	0	0
-4.350125447527063	-1.6503114130072731	0	0	0
4.869030379576792	-2.5798955063654603	0	0	0
-3.0548174028230406	0.9164459311274555	0	0	0
3.683817702197871	5.366676234600639	0	0	0
-5.533027024611982	2.696799868380289	0	0	0
3.827178943193651	-14.078909006636692	0	0	0
0.5149270537368338	12.785222035281627	0	0	0
-2.5263890777289717	-10.860511381588616	0	0	0
-0.23310895376929608	-1.7427230465693526	0	0	0
0.651289609158006	11.699618345592533	0	0	0
3.009152949173121	-12.808577249074915	0	0	0
-3.6871824916840694	-8.742216541139364	0	0	0
2.229776032561567	15.63458197336525	0	0	0
-1.5175347839538063	3.7357060178457644	0	0	0
0.14798224866810727	-11.417317985750266	0	0	0
-0.5667332174221826	0	0	0	0
1.161144372455638	0	0	0	0
1.6708018603697141	0	0	0	0
-3.697189916754759	0	0	0	0
4.074702140585153	0	0	0	0
-6.1053882401984225	0	0	0	0
6.950992959840683	0	0	0	0
-5.865385376981003	0	0	0	0
3.8040394085733737	0	0	0	0
0.266379745296355	0	0	0	0
-1.7900452923788777	0	0	0	0
-0.7584317324279581	0	0	0	0
0.44067192082149376	0	0	0	0
3.69047783924853	0	0	0	0
-4.198689997256835	0	0	0	0
1.7037732492768782	0	0	0	0
-1.9503336702287228	0	0	0	0
3.83448733837988	0	0	0	0
-2.5464639094460324	0	0	0	0
-2.1064639485184244	0	0	0	0
4.523716298018556	0	0	0	0
-3.103642566265478	0	0	0	0
2.4395553439942503	0	0	0	0
-3.0048681271020783	0	0	0	0
4.051663947247995	0	0	0	0
-4.7560598321422916	0	0	0	0
4.546319119903295	0	0	0	0
-2.5046852187095965	0	0	0	0
0.8746454770120096	0	0	0	0
0.2653047809663178	0	0	0	0
-1.6340434073680115	0	0	0	0
2.9165471933349494	0	0	0	0
-3.179970508114181	0	0	0	0
3.458154991868348	0	0	0	0
-4.989934875718447	0	0	0	0
6.039551754426064	0	0	0	0
-4.389312242822861	0	0	0	0
3.60266136817463	0	0	0	0
-5.178359208959343	0	0	0	0
4.844899624312255	0	0	0	0
-2.80237616743225	0	0	0	0
2.586802917694442	0	0	0	0
-2.1468818805832015	0	0	0	0
-0.4784573066267157	0	0	0	0
1.6750911269519762	0	0	0	0
0.6310722749939615	0	0	0	0
-1.869167228486468	0	0	0	0
-0.41189538961229744	0	0	0	0
2.8859172475576926	0	0	0	0
-4.361779472179343	0	0	0	0
5.144509012420087	0	0	0	0
-3.8390268880150415	0	0	0	0
2.2090055265810165	0	0	0	0
-1.414642115423817	0	0	0	0
1.183609447405864	0	0	0	0
-0.9538779461194764	0	0	0	0
0.5908097665851386	0	0	0	0
0.9657290270918253	0	0	0	0
-1.4262296310594635	0	0	0	0
-0.9498006704612294	0	0	0	0
3.786774129067666	0	0	0	0
-5.779197661335985	0	0	0	0
5.459480218973937	0	0	0	0
-2.3283766174089067	0	0	0	0
1.1041939407923422	0	0	0	0
-1.8215101938440412	0	0	0	0
0.30806584057598485	0	0	0	0
0.5889643465952048	0	0	0	0
-0.3243432070542056	0	0	0	0
2.8269536689001242	0	0	0	0
-6.495555415727118	0	0	0	0
7.479969622550421	0	0	0	0
-5.906611973030849	0	0	0	0
2.1897542328699373	0	0	0	0
1.7618930852025798	0	0	0	0
-3.5795945403558562	0	0	0	0
2.9720189585379657	0	0	0	0
0.02802015445177375	0	0	0	0
-2.0090691705473134	0	0	0	0
0.8809925816822854	0	0	0	0
0.4024819024076578	0	0	0	0
-0.6948378729314086	0	0	0	0
0.17672211938229765	0	0	0	0
2.3527538240952595	0	0	0	0
-3.7765339957410546	0	0	0	0
1.6755144932407404	0	0	0	0
0.08506131646918647	0	0	0	0
-0.06880355068974353	0	0	0	0
0.810616403703925	0	0	0	0
0.013418156300026851	0	0	0	0
-2.34184507002324	0	0	0	0
3.51711005449922	0	0	0	0
-3.2420462613393752	0	0	0	0
1.5204131486993049	0	0	0	0
0.8052996165099628	0	0	0	0
-2.513077399051852	0	0	0	0
3.950486278691635	0	0	0	0
-3.5892587151192927	0	0	0	0
1.4774417227417445	0	0	0	0
1.040297010710141	0	0	0	0
-5.333043761190282	0	0	0	0
10.000821875296829	0	0	0	0
-10.065232011861944	0	0	0	0
7.456788271216936	0	0	0	0
-6.872460606445429	0	0	0	0
6.29422606333663	0	0	0	0
-3.496967770319472	0	0	0	0
1.286340442381615	0	0	0	0
-0.9885437886140593	0	0	0	0
1.3159667692980577	0	0	0	0
-1.040567991371212	0	0	0	0
-0.7642222107507806	0	0	0	0
2.56896647862456	0	0	0	0
-1.437060144032337	0	0	0	0
-1.2715556400867598	0	0	0	0
1.3142071636799173	0	0	0	0
0.0020246459367712077	0	0	0	0
-0.8596034408906519	0	0	0	0
0.9022388994683226	0	0	0	0
1.007499910841318	0	0	0	0
-3.3478387226937016	0	0	0	0
3.8797235932156013	0	0	0	0
-2.031273389326344	0	0	0	0
-0.07662734679423266	0	0	0	0
1.6764841107386914	0	0	0	0
-3.542506009453831	0	0	0	0
