0.055600657449730306	-0.9624218503355237	-0.5343490268539313	0.17532789158647688	16898.024738655044
0.32824278779965965	-3.2127146781264173	-1.5578337071607535	0.6474580612344027	16898.2826564541
-0.8958704153198838	-0.10794371479911291	2.009431484463576	0.17216084700235967	16898.104828814096
0.23261541914669692	-0.18578960403019806	4.855373933721864	0.9710765758009501	16898.362705075917
0.43327928466835886	-1.8148296072269048	0.7645805682859645	1.328451745331165	16897.87260706809
-0.046046806089051984	-2.391371307591591	-0.1207869721098831	2.029313619230635	16898.788837634234
-0.13929581156841664	3.099033443181355	-0.338074976538266	0.9531873061477825	16900.705660721644
-0.14470967221500075	0.039978360777489286	1.3396879065921752	0.9351824426741615	16899.173234259262
-0.38648503965388414	0.34260974656167775	-0.1308019222431085	0.6963059003212493	16897.44043942573
0.9646894930884997	-0.3809827323303807	1.9375070031595527	1.0180308363792392	16898.0154088579
-0.5686273879916399	-1.4738488000973788	-0.8580616226357733	-1.2398010009213607	16899.557567470736
-0.17780258910286761	-0.39385632069473786	-2.077290823302789	-2.2455679467139475	16900.850942188383
-0.01250276662842964	0.038114398335999056	-2.9334610011769087	-0.1902872578723276	16897.49564614612
-0.1637244189233371	1.6725157239742572	-0.804501504525831	-0.43826479414273933	16900.470098371097
0.5232924810345807	-1.48668705908797	0.3799396390145233	-3.0063057203196166	16904.08410047223
-0.3381267233348808	-0.04831744414704531	0.06119234367039894	0.009603784214391453	16900.82089997881
0.2290313595809934	1.7364765528656605	1.678393817541135	0.08760080049360397	16899.020021166285
-0.6266328031323383	0.8257421531287434	-1.4310539236951456	0.1147831681210647	16898.1018634141
0.2691856621855635	1.458638084391346	0.286102440545406	0.9369633745587009	16897.448304479527
0.588345273474232	-0.2911587418661057	1.4001110908697854	-2.8928767299212126	16896.547952867117
-0.6636288043046008	1.3491756068077976	1.9540596784157884	1.8105795065189625	16898.93970691522
0.29546522116734053	0.8302816282443999	1.0332061966230839	1.3825462780464477	16899.719969214733
-0.42895528359744617	0.2875880682721714	-1.9056571864595782	-2.900572463992461	16901.741422685234
0.1612982532071925	0.20607493248493824	-1.3378914921727443	-1.4352909445893687	16897.709281783544
0.8209271321729901	-0.6354614152039204	-0.3223038601298782	1.744266952750877	16902.36885599008
-1.0073985532729992	-1.333865268234618	-2.4917555806965055	-0.6981532683757337	16900.41216374386
0.445686070022262	-1.5650055683730102	-2.9841185905769265	2.3528164787660018	16906.970064719382
-0.1950577529515769	1.1373413560538452	-3.2955309795553944	2.335294466123557	16903.414585333398
0.17975055020168185	-1.9116006719464735	-1.4193321258963891	0.6561632791345744	16903.011567069447
0.26429114244455576	2.24247881886064	-1.3644053810662342	0.35466808653490034	16904.502314787173
-0.5472440515707575	-0.701421736913062	0.06861819693543225	-0.30776866094018374	16906.71343867601
0.0383408553998521	3.084532917696187	-0.03898469973633212	1.0558177512277211	16905.73207313989
0.06864194456665018	1.4336121814146168	-0.3675818173434351	4.11699014877226	16903.461289895997
0.2241523378388237	0.3887522637857046	1.1469690541681672	0.9793585133766243	16903.204514624897
0.03344543180241999	-0.2978485713891672	0.6105270186361196	-1.0940628975996987	16901.290636597503
-0.6825373187494677	-1.8757662953235865	2.31087333194138	0.41195800886879397	16902.696892765925
0.2568868074110071	0.15115689807187493	5.792123280624708	0.6365669609985503	16901.25159119629
-0.23995901022737343	-0.22797379007083407	0.6124122931860541	-2.5946809230690207	16897.761128973296
0.7025108975939176	4.306231661863997	0.26055561287520845	0	0
-0.5203586126842694	2.005439395986855	-0.7244774217785022	0	0
-0.5639303552745574	1.196180866870158	2.2791223566111682	0	0
0.5499997063487214	0.023348695450273738	2.0235447181788686	0	0
-0.3564986143958677	4.067965204711321	0.5342000610773283	0	0
0.7905958083078772	-0.8003611892998919	0.07368167343012999	0	0
-0.9406619082220047	-0.6367280811077052	0.49074040329144	0	0
0.17602942915819852	2.3772551874534003	2.9722252570370813	0	0
0.31241805794591926	-0.20590786306531328	-2.4722871385848606	0	0
-0.025712095725090478	-2.8982531752468788	-0.5912428387963757	0	0
0.3948885093970489	0.377325900973176	2.204241142791574	0	0
-0.637389552974085	-3.322074408572142	3.3729494603460495	0	0
0.11584108230977819	2.590651899380653	-0.7535811417614582	0	0
0.24352474078806807	1.7381042803211812	3.2433770267899007	0	0
0.2665041953783387	-2.6754195336696895	4.427543160877008	0	0
-0.1868763527158066	2.639679613769907	1.2358463435744085	0	0
-0.5084868620287892	1.2511318764456547	3.7108435684712333	0	0
0.4992414797126159	0.9574960473269556	0.380837947887926	0	0
-0.06919406525547345	-1.611285271858172	-3.9025073832401347	0	0
0.16770612434039833	2.1550906554393094	-1.5679906327143556	0	0
-0.6445531867208345	-1.7041927229896103	1.361787920548693	0	0
0.45605342517438174	2.9136113416328513	-0.4416568504263836	0	0
-0.2626253854444158	-2.3305702189082567	-1.0068242821671163	0	0
0.19990537990790358	1.7003765544089546	-1.535544750369752	0	0
0.4963998753714165	-0.6682869447064945	3.1765883871983505	0	0
-0.9040933654887695	-0.22957657674608356	2.64536319867247	0	0
0.5399976792552295	-3.6820644483258533	0.7548041500849791	0	0
-0.3117880425053343	0.4167051680194547	-0.1825761952805749	0	0
0.7390005674009501	2.4798515079132173	0.3823716473723806	0	0
-0.49494453423195495	0.3768090916426914	-0.34779768451947746	0	0
-0.2738385394590921	-2.22933139357815	-0.08804944752060351	0	0
0.44641908400603114	3.0081250295862603	-1.4610557984162824	0	0
-0.18539212736276767	-0.9164475203153941	0	0	0
0.15021012597456718	0.5729121198948093	0	0	0
0.04108928846333271	-2.49926817632668	0	0	0
-0.21168525312283748	-0.5252965214109366	0	0	0
0.12419252774304113	0.5551833563815904	0	0	0
0.35942455594577893	-2.4091176629015862	0	0	0
-0.1747853087654221	2.7205276464064525	0	0	0
0.26085880413187823	-1.116935297189535	0	0	0
-0.7661093852662475	1.469672057329248	0	0	0
0.5594592296331626	-0.28940187513565263	0	0	0
0.215879837894974	3.1798737865305924	0	0	0
-0.600472832783602	1.7560296115888434	0	0	0
0.8602891465829003	-1.5429599050437446	0	0	0
-1.133112768908454	-0.2122507036842194	0	0	0
1.0236526764783633	0.3460476587464285	0	0	0
-0.043909938700565476	-0.42462937506813603	0	0	0
-0.5699713649048661	-0.7526952528532291	0	0	0
0.5847727631290809	0.6866159643566263	0	0	0
-0.7010617936591999	-0.8524195221832755	0	0	0
0.9362788595532407	1.3291110931457695	0	0	0
-0.34532756018896293	-0.7801928424658442	0	0	0
0.1477149379880771	-1.2191680795524533	0	0	0
-0.7275455811209355	-0.931444049273388	0	0	0
0.9445200302394241	1.866100572343143	0	0	0
-0.07763475971709255	3.14441666176036	0	0	0
0.06948127580518104	0.8165480837463477	0	0	0
-1.048589108879895	0.5335316392404863	0	0	0
1.1535040153240246	1.0594370126253096	0	0	0
-0.5484613525329962	-0.9431770329004152	0	0	0
0.7558738506097313	0.7015054655323425	0	0	0
-0.5358658094006472	0.2464670048983848	0	0	0
-0.130901594890652	1.1202123037375458	0	0	0
-0.0010962002368586354	-2.7081239082647954	0	0	0
1.0836876701585254	0.8896892125728755	0	0	0
-0.9316624831370603	1.348823405101946	0	0	0
0.26720364587271916	0.20481445695750722	0	0	0
-0.09486237793473862	-1.199296387367319	0	0	0
-0.00823366237883505	1.0997125772738414	0	0	0
0.5209111914109883	1.133111182426127	0	0	0
-0.4821904717543646	-1.2506795666137478	0	0	0
-0.2208536568836621	1.5553965168329995	0	0	0
0.3984557672940099	-0.8251005339002973	0	0	0
-0.05139655208530769	1.3177928004435415	0	0	0
0.08725153086820825	2.7500549413167903	0	0	0
-0.4622726653801621	0.2649869495540358	0	0	0
0.2863988292190456	-1.6041034931234677	0	0	0
-0.290408972576536	0.05809446970631171	0	0	0
0.1680923493274662	-0.2351295016981041	0	0	0
0.2641113673179447	-1.0798942543297798	0	0	0
-0.3299926943860285	1.2563213347915365	0	0	0
-0.07295749510262795	-0.4763131889089891	0	0	0
-0.027693272338837005	0.9828271840538108	0	0	0
0.2226990588316866	-2.2602252620017325	0	0	0
-0.04999993892788268	2.277248168430951	0	0	0
-0.28462751047653256	-1.3586642960005406	0	0	0
-0.30851914923630375	0.9558840013472434	0	0	0
0.5170865564749718	-0.26278998303649104	0	0	0
0.0850799913641822	3.1047783924372965	0	0	0
-0.3436619770191527	-0.8287267415590804	0	0	0
0.14212433644591727	0.5295862088317307	0	0	0
-0.403179535574246	-0.42960762726352186	0	0	0
0.5427933941127989	0.0027544866924174016	0	0	0
0.15762273091247891	-3.0798209918677344	0	0	0
-0.6551773674344901	0	0	0	0
-0.2653264745168542	0	0	0	0
0.13178550822055257	0	0	0	0
0.5961055891780163	0	0	0	0
-0.5332317194998311	0	0	0	0
-0.36530499451495757	0	0	0	0
0.12993444348066419	0	0	0	0
0.29548134567562556	0	0	0	0
0.24706639763965654	0	0	0	0
-0.7063753005024296	0	0	0	0
0.4589921657933971	0	0	0	0
-0.3809030766159651	0	0	0	0
0.3218933116946374	0	0	0	0
0.5318482363454891	0	0	0	0
-0.6834024734098207	0	0	0	0
-0.3870253521367033	0	0	0	0
1.4260287086358119	0	0	0	0
-1.1929150040026073	0	0	0	0
1.1362296121613156	0	0	0	0
-1.0969871338285913	0	0	0	0
0.6309880183131256	0	0	0	0
-0.19612058312843317	0	0	0	0
0.42031663535613006	0	0	0	0
-0.5614977269301562	0	0	0	0
0.4038034902018879	0	0	0	0
-0.5189971256068304	0	0	0	0
0.0017517748454878301	0	0	0	0
1.0798847078178042	0	0	0	0
-1.5152372114410326	0	0	0	0
0.7939677620850247	0	0	0	0
-0.4156903561897707	0	0	0	0
0.4797460393860291	0	0	0	0
-0.04981769978039807	0	0	0	0
-0.6199983234471915	0	0	0	0
0.4070867121958628	0	0	0	0
-0.229489795270446	0	0	0	0
0.479940789428575	0	0	0	0
-0.30187878269440205	0	0	0	0
-0.26370331902361954	0	0	0	0
0.48987346307150403	0	0	0	0
-0.2076203078653549	0	0	0	0
0.5038648057654029	0	0	0	0
-0.9187865667991204	0	0	0	0
0.6300876667285564	0	0	0	0
-0.583218577724189	0	0	0	0
0.7088133922234903	0	0	0	0
-0.1646340512168578	0	0	0	0
-0.4474621438392603	0	0	0	0
0.10790359733944399	0	0	0	0
-0.07602037665161987	0	0	0	0
0.920324293490367	0	0	0	0
-1.1650140914784402	0	0	0	0
0.5741291866447042	0	0	0	0
-0.5418092153553715	0	0	0	0
0.08491598482500962	0	0	0	0
0.61288735938885	0	0	0	0
-0.6079157053376889	0	0	0	0
-0.26931271307475413	0	0	0	0
0.04663933160178857	0	0	0	0
0.7389543791982973	0	0	0	0
-0.8505829332173107	0	0	0	0
0.6052487824416275	0	0	0	0
-0.8299872103048571	0	0	0	0
0.9137778843079687	0	0	0	0
0.023877199264781268	0	0	0	0
-0.5819857326277145	0	0	0	0
0.23633745516476523	0	0	0	0
0.09991808997855856	0	0	0	0
0.13058753357631758	0	0	0	0
-0.46440677189559665	0	0	0	0
0.35832002003866137	0	0	0	0
-0.7437124535453634	0	0	0	0
0.45547845482786187	0	0	0	0
0.17916334379773957	0	0	0	0
-0.385766078548869	0	0	0	0
0.7672082080992624	0	0	0	0
-1.0132228471998985	0	0	0	0
0.8518547357172679	0	0	0	0
-0.3420882438393491	0	0	0	0
0.5319743087101259	0	0	0	0
-0.950180730588265	0	0	0	0
1.0685991488631572	0	0	0	0
-0.9766961921527582	0	0	0	0
1.124865008275549	0	0	0	0
-0.8384400033159167	0	0	0	0
0.07019296507704809	0	0	0	0
0.31435329335448614	0	0	0	0
-0.27201566028571733	0	0	0	0
0.36968333895861605	0	0	0	0
-0.33131949653735404	0	0	0	0
0.17132954733526162	0	0	0	0
-0.1780676972585553	0	0	0	0
0.596197621891065	0	0	0	0
-0.14620286123451365	0	0	0	0
-0.7811977163881565	0	0	0	0
0.828655723594558	0	0	0	0
-0.6348736493258542	0	0	0	0
0.9592520541132146	0	0	0	0
-1.0385584589687227	0	0	0	0
0.5174469772933534	0	0	0	0
-0.33895936193955833	0	0	0	0
0.41411909315676354	0	0	0	0
0.306510683696807	0	0	0	0
-0.7076972294382387	0	0	0	0
0.053284644786693036	0	0	0	0
0.16585819697857573	0	0	0	0
0.05286355760757999	0	0	0	0
0.5134439239733695	0	0	0	0
-1.288810917465355	0	0	0	0
0.719729793482891	0	0	0	0
-0.2241913786381744	0	0	0	0
0.8026281546657614	0	0	0	0
-0.8375249486368119	0	0	0	0
0.17543496896963973	0	0	0	0
-0.1778353609314891	0	0	0	0
0.7513178347663754	0	0	0	0
-0.4307603908083735	0	0	0	0
-0.10106450945318812	0	0	0	0
-0.22321124853454677	0	0	0	0
0.47089297994869384	0	0	0	0
-0.3406489229628562	0	0	0	0
0.1872964909791648	0	0	0	0
-0.1254098991862378	0	0	0	0
0.027171980628622805	0	0	0	0
0.027154002025767454	0	0	0	0
0.048206999694571095	0	0	0	0
