-0.06938098988393193	0.7093146401852266	-2.299646506287317	0.21067326689011168	16865.985080095234
-0.011927799832214703	1.8431660008674697	-7.548817265001489	0.7779304389483883	16865.245588392398
-0.4016987501045506	-4.082663506610878	-2.6546597645955927	1.8481789173792293	16867.36175956439
1.9405023877146519	6.9880361956301655	-9.206856497772264	7.373178681252185	16865.88478604498
-2.6991178817262806	-0.9603247725616839	-0.9662965540967576	-2.7309794918371892	16864.53427196399
1.987650486490189	1.9973685152508551	-4.796477310311687	-2.230522486804716	16870.488054345115
-1.5885342394683377	-3.903343443267289	0.3310498087891034	12.296267993016784	16862.82665246033
1.7610282223700011	-2.890064783400888	9.686595604192561	-11.655117313461332	16870.055648375208
-1.2983586626515944	-4.439139627439481	-6.765065807028307	-1.7523382416586202	16885.620997760852
-0.25483306064298716	-3.0181109945406206	-3.2577475511259877	-0.442464949280847	16888.919140166134
1.2575921911835266	-9.875951791291584	1.2912856843270077	7.976448280193679	16884.134761295078
-1.8086264144165654	-5.050156162357581	-2.84884472176644	-8.674040679521383	16871.25746523684
1.5307362439453485	-3.2286362166555804	3.7214161578417304	-5.955831580473344	16845.064184748753
-1.1868880817029748	3.697682048097107	-13.546940930505798	0.15311374299329827	16878.43498589287
0.8321502263680074	-1.2625931601031866	-8.049327876071104	-3.572710834951536	16899.583252064876
-0.5042886889815819	6.177458114423338	3.30619538613432	-8.257658473632063	16881.525688212845
0.6917919433260025	-3.3865857808771977	2.2578425389226595	-12.495198974709709	16866.439451499435
-1.6505145663448957	4.602242108673444	-0.01571997398225733	-3.1993767392404067	16865.062336121948
2.559678748632656	4.528204019107406	7.860054724810752	9.879447497618642	16846.84684127152
-2.0295299075896693	2.280352404479032	3.7503564137056173	-2.5182229788534727	16855.41884512913
1.3314941630999257	-4.672847934826315	2.9731444018882485	-1.0973381328385017	16838.831344732138
-0.35315982727343	-1.787994338609174	-7.427067223026768	3.9856048313082084	16874.876719774307
-0.6677764433329969	-1.1029854937205599	6.431235191546719	-2.506460123786951	16880.10418889499
-0.1444481371080144	-7.869953387758109	3.043171648743069	-10.66672860094856	16878.48933022261
1.8787985283942277	-3.5864001524665525	9.90784900708347	4.571966526664582	16865.89886895082
-3.1305973895641657	-4.12354324087611	-0.6938844218730083	-2.5542769047425793	16856.46305935735
3.0517349755805085	3.772024790305238	9.769970894741647	2.277770037912134	16878.28521511258
-1.6526300634538842	-2.5587630621636563	1.0740249630880214	-10.862695929865765	16890.642545559924
1.0422313207823706	1.7430573099791928	-7.13629062419173	0.8175576308310468	16851.99004133705
-1.539075648428529	-3.2597865418499694	-2.690963665493328	-3.2232016658435043	16900.985841653433
1.1830374997905153	-2.115293820287647	3.5887972920194073	3.6446122688808913	16920.13067496658
-0.052295164469263966	-2.1327811244668524	2.0019550172850415	-2.225182932052448	16968.18824060983
-0.6322160268659971	-8.002073349737763	-3.5661238802320554	4.041787683809233	17018.885388223054
0.5162477267751626	8.012584467299597	0.20905387806932652	-9.748972330627225	17044.874887133214
-0.24209342863807848	3.0980745954363655	1.7557124994391984	5.041213720678655	17073.61995034007
-0.48171044956224307	-1.0139751628246003	3.0988572356872055	-1.6906770112078107	17042.35263419566
1.2855423375456354	10.72105510300645	-8.188427267915102	-0.5177894417048492	17024.57859815978
-0.96797494559749	-1.4127448459856211	2.0224735432527865	8.455566221383819	17029.61528780079
-0.3355275500098571	3.9396074067378706	4.691430693830881	0	0
2.1328365248219185	-0.8669054787735959	-1.2116042723991711	0	0
-3.4517867115309784	-1.5309393450656543	-0.5423724445089988	0	0
3.924706361415275	0.1643073772247945	2.3399675486462286	0	0
-2.874362257844396	-3.614845618676469	5.159239411732642	0	0
1.9142026031900912	2.104354183689516	0.6308143525651531	0	0
-1.8135232322641528	-7.97468048797036	2.885798664296189	0	0
1.3427457672726248	9.299823221137572	-2.2610242413386885	0	0
-0.12837538762820344	-7.12684547775504	-1.2972369419735799	0	0
-0.021028561717784555	4.48259497068657	2.0456808158269126	0	0
-0.6132070417462359	5.080585930576397	-3.0796443541033653	0	0
-0.31567178115710703	7.187511000804491	2.217457856829597	0	0
1.7516381471334768	1.9926364603298055	8.636970467256091	0	0
-1.4454248465356514	9.638216770127244	-2.415851555063483	0	0
0.37599172354312316	1.765912013793944	1.8333245664829576	0	0
-0.3697041594845203	5.1302386922409795	11.343144489336382	0	0
1.0664124215719042	-1.356018665524843	2.0333948027348896	0	0
-2.1441602604067427	-0.08705614841204579	-8.10381889748578	0	0
3.124632107707342	-4.322588169516187	3.0009821802690624	0	0
-3.1661928081573336	4.455890476370726	10.562030062643373	0	0
2.9814089682233913	4.096086016999244	-1.3151269238202161	0	0
-3.3254445842549103	-5.543088554953883	-4.672789794365357	0	0
4.1689618712708665	-5.105341683914638	2.77930461677893	0	0
-3.764045141164601	-8.07057936618969	-1.708087167625294	0	0
1.3747248350150798	5.141626450131369	-8.400615556990005	0	0
0.6792954074180528	-12.803925038571784	-2.7203911393570053	0	0
-1.8222567029925045	-3.6061700121184543	-7.42291617470417	0	0
2.298439310813727	-3.3896181203868068	-2.295553318403151	0	0
-2.27212098399319	-2.67315569012316	1.2878506759907964	0	0
1.9000123858022917	-0.17896690139603777	-1.4099589704603517	0	0
-1.562925758181656	-4.307024634176031	5.537660584876008	0	0
1.4288238058116463	-4.4351461255894264	6.934920874068297	0	0
0.016067082245037057	-1.6942191202022343	0	0	0
-1.9742428896876447	0.8849319534666904	0	0	0
1.4897855461807765	-4.871046482052115	0	0	0
0.7140026926516896	2.3640226362917858	0	0	0
-2.0773979273341823	2.927066667106878	0	0	0
1.4044098951774302	1.65957604493466	0	0	0
-0.17710135170938912	-2.617697075685591	0	0	0
-1.6898475849937924	2.6492591574893467	0	0	0
2.7052761575675532	2.838000615695684	0	0	0
-1.8122934409756581	-2.072574055714682	0	0	0
0.7809498445875462	-2.7468878051543157	0	0	0
0.6419954889827508	-4.266849503771027	0	0	0
-2.5808410825629267	2.5227857370055986	0	0	0
3.71935164232422	0.7664032767828814	0	0	0
-3.512354962647379	6.686958174206325	0	0	0
3.6439187418633594	1.233433519657531	0	0	0
-5.388441107369793	4.307556298825716	0	0	0
5.391022857323378	-0.6096933360729722	0	0	0
-2.5592975717034747	3.796767153819289	0	0	0
0.32996203479331854	-1.0128350108882103	0	0	0
-0.5765101302685025	3.359225437978786	0	0	0
1.0124953690338145	2.0686986339596913	0	0	0
-1.063195061727562	1.4557811373619245	0	0	0
0.4928725132755716	-6.91994354865821	0	0	0
0.8804920362679667	-2.511096391217066	0	0	0
-3.0679730084086643	-2.818055868983407	0	0	0
4.241766907171439	0.14674898507049505	0	0	0
-3.3173718791246074	8.870206433835513	0	0	0
0.8278258922746957	-0.7386633899352972	0	0	0
0.5759328570223445	-5.275517374529606	0	0	0
-0.4209750974595039	-0.6736507399826621	0	0	0
-0.048742963527324434	-0.03721563102137537	0	0	0
-0.5030163668277012	3.4476896580841228	0	0	0
1.6784266239390604	0.5713092056093814	0	0	0
-2.1705681703005695	-2.430896399823972	0	0	0
1.7676314463785658	2.8885157404921387	0	0	0
-0.8451248564518892	4.36908931256643	0	0	0
0.9118567227362533	3.597161296523119	0	0	0
-1.1432862863984425	-2.1295940930858137	0	0	0
0.6814429341853696	7.062061429201066	0	0	0
-1.4065479165384644	-0.2034665648715901	0	0	0
2.5670572558559286	0.16207425410029686	0	0	0
-2.6802176401129216	-1.386387339080727	0	0	0
1.9325036205899266	2.922002299924557	0	0	0
-0.8873961031789932	2.262827570149561	0	0	0
-0.2169356003868046	1.6772081777405248	0	0	0
0.1893860203947142	2.850296711172348	0	0	0
0.20830923841905502	0.3995854721999734	0	0	0
-0.382787299831989	2.032251092488238	0	0	0
0.18151179346805435	2.6495052138528195	0	0	0
-1.1659566599735172	1.9129591286431165	0	0	0
2.803162769150333	-7.445049335664649	0	0	0
-2.695520635439401	5.036411386308316	0	0	0
1.063925838619923	-3.107632453697093	0	0	0
0.13708921563504362	2.200106683963746	0	0	0
-1.1952392413189656	-0.4847684964590684	0	0	0
2.282809078563119	-1.7120067784139792	0	0	0
-2.4601373917115907	9.0558135525337	0	0	0
1.2989397974757821	7.796679412784158	0	0	0
-0.7237406101543229	10.321329019062759	0	0	0
1.297675956670794	-16.050209201648336	0	0	0
-2.066894102495695	-6.07019862444178	0	0	0
3.02874941756334	-6.024954344819356	0	0	0
-2.7654365503701754	0	0	0	0
1.7278312501375055	0	0	0	0
-1.1935835364715288	0	0	0	0
1.5951650897307559	0	0	0	0
-2.09239746577758	0	0	0	0
2.1018827444681563	0	0	0	0
-1.6562874214543157	0	0	0	0
1.728486661566059	0	0	0	0
-2.609039623031947	0	0	0	0
2.5907704457774727	0	0	0	0
-1.7862601957482056	0	0	0	0
1.595434039867584	0	0	0	0
-1.0015797598793341	0	0	0	0
0.6440881922539248	0	0	0	0
-0.6181927439735873	0	0	0	0
0.17076235304860177	0	0	0	0
1.0952848007336797	0	0	0	0
-2.3456704794293515	0	0	0	0
3.0684072641584805	0	0	0	0
-3.100873880020991	0	0	0	0
2.7099288088917746	0	0	0	0
-1.537601982787514	0	0	0	0
1.1513056811653968	0	0	0	0
-1.0638764451375877	0	0	0	0
1.1927719420823593	0	0	0	0
-1.4359151607587464	0	0	0	0
1.6925168791380898	0	0	0	0
-1.6596943663751773	0	0	0	0
1.3452777812612382	0	0	0	0
-0.32384841065633196	0	0	0	0
-0.8656988626107136	0	0	0	0
1.4442224649609017	0	0	0	0
-1.0976771024581566	0	0	0	0
0.7034473119349371	0	0	0	0
-1.1797087301467641	0	0	0	0
1.3797037792939193	0	0	0	0
-0.7032507793463338	0	0	0	0
0.030339481101741228	0	0	0	0
-0.12546976508217256	0	0	0	0
0.35541939430265046	0	0	0	0
-0.43847766997951254	0	0	0	0
0.4143046416861367	0	0	0	0
0.2934267802351016	0	0	0	0
-2.3777137251130114	0	0	0	0
4.399049897087764	0	0	0	0
-5.054809275414861	0	0	0	0
4.614395145507849	0	0	0	0
-3.8558715393543963	0	0	0	0
2.4561466882167693	0	0	0	0
-0.2571749376973713	0	0	0	0
-1.37071141589675	0	0	0	0
1.5383028243631571	0	0	0	0
-0.7911787858647585	0	0	0	0
-0.19384436566359398	0	0	0	0
1.1735700788450174	0	0	0	0
-2.248591859467588	0	0	0	0
2.953715000466552	0	0	0	0
-3.7485562923460236	0	0	0	0
3.6433159074281676	0	0	0	0
-1.93437813880238	0	0	0	0
1.067322892816783	0	0	0	0
-1.504090077861143	0	0	0	0
1.9052843428607886	0	0	0	0
-1.8610828367262684	0	0	0	0
2.3531856517515664	0	0	0	0
-2.4488241712398064	0	0	0	0
2.895425211825561	0	0	0	0
-3.753722660238779	0	0	0	0
4.771253257843604	0	0	0	0
-4.943716875224688	0	0	0	0
3.285791551491137	0	0	0	0
-1.1301617671365278	0	0	0	0
-0.20543283479007357	0	0	0	0
0.7048590186347781	0	0	0	0
-1.2839690096104448	0	0	0	0
1.3178609709344329	0	0	0	0
-0.3462902197275284	0	0	0	0
-0.36855838695660026	0	0	0	0
-0.3127344087843724	0	0	0	0
1.41228326746279	0	0	0	0
-2.9096259249359164	0	0	0	0
2.7257435957756826	0	0	0	0
-0.9088568465431806	0	0	0	0
-0.5237413507743298	0	0	0	0
0.5979656417151276	0	0	0	0
-0.9176274945546794	0	0	0	0
0.937638509881026	0	0	0	0
-0.17251934157908977	0	0	0	0
0.09212720315839817	0	0	0	0
-0.5422635362675408	0	0	0	0
0.5289246901992968	0	0	0	0
-0.42528386389368933	0	0	0	0
1.4872457649861417	0	0	0	0
-2.177903734080971	0	0	0	0
1.8276966826402017	0	0	0	0
-0.8825165978706622	0	0	0	0
-0.43226915633346863	0	0	0	0
1.837518794664419	0	0	0	0
-2.5288579359845116	0	0	0	0
2.4490686846329623	0	0	0	0
-1.8926572540679913	0	0	0	0
1.8128847191118638	0	0	0	0
-1.9465711172242166	0	0	0	0
2.084867678760695	0	0	0	0
-3.0717677812474378	0	0	0	0
4.344976897607111	0	0	0	0
-4.278572226377904	0	0	0	0
2.7351795058664408	0	0	0	0
-1.8906955926336195	0	0	0	0
2.322527193875274	0	0	0	0
-2.456848855858773	0	0	0	0
1.3404998827587136	0	0	0	0
-0.8546026893065246	0	0	0	0
0.4580730615315929	0	0	0	0
-0.13341290224353486	0	0	0	0
-0.3995653442308935	0	0	0	0
1.3347384892806033	0	0	0	0
-3.057791928328463	0	0	0	0
4.784396581560301	0	0	0	0
-5.174792854747466	0	0	0	0
3.8468256998609434	0	0	0	0
-2.553046579991971	0	0	0	0
1.2060357663376777	0	0	0	0
0.09066676191260825	0	0	0	0
-1.5463754119330417	0	0	0	0
3.0671735826005246	0	0	0	0
