0.00914819357868879	1.7127548709231135	13.870503256443072	-1.4263914577536383	16834.02805266843
-0.7511298038140453	7.640011526725246	43.443253283145665	-6.967162468365757	16832.38356775525
4.153221426364617	8.991052683904357	-21.619961113859247	-27.004769053951136	16826.591897286562
-5.0041001321845755	-10.062183465169944	-10.93194597087522	-5.199757574493319	16834.788032006054
2.7810174023961167	-0.4825992971660611	0.36204485094523875	12.502667831835097	16818.919315133375
-1.8248991390509772	1.1229795631238133	5.613793212562555	5.655134667645967	16876.913438888107
1.3648087023986477	0.9447744313429709	-1.1227737177501922	-8.138615385007299	16888.889425347334
-0.21295069604529715	2.8481517632818054	-1.2335538329872264	-2.487571576117176	16918.556989368033
-0.2036736652648159	-1.0994457485005142	6.894954131770334	-3.7331011469091067	16948.517621980445
0.0071234470628454005	0.5310749662469405	5.121754402177444	-1.8766398171460708	16978.27480997744
-0.053664256433123114	-3.7665390193100237	-5.016595144790315	4.328654600080469	16973.121505369625
0.17440202672895566	0.6004096801986734	-6.921242752655445	-0.3882889040598059	16987.722574244603
0.14190143641741315	-0.05315535750149536	3.536752921887725	10.672381354858231	16991.18981913207
-0.3161448328696892	0.8309671643811569	0.39608775884619263	0.6057687840818176	16988.14383289391
0.22454392710696425	-3.7890411160248263	5.623159702745923	-6.901681406083981	16967.746768148765
-0.9357502998220113	0.701162296975923	-7.385691315331826	-2.6473485623990882	16990.24624415867
1.7510752019142828	4.525353311762792	1.0125085001041185	10.473874706205933	17014.466458305258
-1.6530099978753938	4.071753565474573	0.6281373994002593	-2.9820249697107073	17002.740911527206
0.8747014107740796	3.106856298314895	1.3625338774375706	-0.04828791619631545	16974.009765847917
-0.19000949830495983	-1.749002663951778	1.2953274637876717	1.606909294818152	16971.133691653835
-0.12589790661508715	-1.288760059512576	1.1678613989647033	-1.8917153691132143	16946.40905200035
-0.023399210588955555	-2.654856009718685	-2.398652591174894	0.3877190257961729	16965.609352008127
0.21875895897248654	-3.4469889679181733	3.5000965734764407	-2.4933692162620247	16990.3277184173
-0.6286566982983288	-0.11689167581283755	-1.662080321244872	-2.2648834777284605	16999.77814368579
1.1007700826211462	-5.404389142753367	4.127595898483392	-11.98175788835455	16995.502789253485
-1.2490781212031479	6.354698156433415	1.7651028299286224	4.704909769299945	16988.58655238487
1.1418533702892546	-1.0995156272052995	1.931726963204028	2.4144829466723507	16941.504115446874
-0.7135696889435224	0.9384210960461914	0.14236749499833934	-3.3085975129792047	16968.424208570766
0.16636196285758587	0.7819748996534912	2.414656514002047	-1.8027453434565786	16950.468167605904
0.5392381666056352	3.6777607017963163	3.1327999740834542	8.39098996176827	16924.143057876943
-1.1911711768185356	-0.7813260214069899	0.6210518031545433	1.1664569610285724	16907.847076918635
0.8469993613789839	2.809114934834774	-3.864185625292137	10.634007812530271	16887.19814993088
-0.2441800532560663	0.4246361997203181	-1.9223948296759374	4.086704691130635	16885.161841797304
-0.12011099101076894	0.37999115825272867	-3.8189511475993925	-8.582775615337184	16902.790313941765
0.7080359942351038	-2.6732733516707725	-5.211049519894999	3.4957990678848176	16916.239759061937
-0.24313481983031693	-0.08025006311185479	-7.517347716168118	-0.7962813218505715	16904.155718802656
-0.33375298252567376	3.308497786635165	-5.941304371607785	-0.24378914188405076	16881.998626327986
0.10890985694932453	-1.4161710827667449	-3.1900501398602046	7.299511364157468	16880.492485488547
-0.022586869622195138	3.634762425640872	0.0358362883169292	0	0
0.3228771038229894	-5.907416646968713	-1.1239346062676816	0	0
-0.1376988890707267	2.5564873624357816	-2.9847018477954634	0	0
0.4198591197144097	-1.164743115936055	0.4676965361877876	0	0
-0.8972506253519086	2.790165752552106	3.66973928235484	0	0
1.2371958367480147	0.1608521973388619	-2.6839253315598057	0	0
-0.9260774181395277	1.3531797875240485	0.877600776424444	0	0
1.1152533033260994	-4.847055217287107	1.5850105754193606	0	0
-1.565405014381568	0.5817304477721876	-2.0057194876300883	0	0
1.6743954255359768	2.1504462769357886	-0.8782291160574687	0	0
-1.041769601293339	1.5673202137368563	-8.814777617600768	0	0
0.8062325800259629	1.025187158001188	-0.3912668800283825	0	0
-0.9102567524587784	-0.9156973208523027	-1.646666095462436	0	0
1.063683573757416	0.14907962110402195	-2.285542910031623	0	0
-1.3256615720431384	-3.729738763736421	-4.621393629473104	0	0
0.9432503255119613	0.5471864516722036	-1.7995674344737438	0	0
-0.6019379516034888	-4.35004157275106	-3.902029125930895	0	0
0.9396995055135378	1.9013869797353848	0.057079665462325124	0	0
-0.9609534768583217	-2.4307868743613312	4.180824160018162	0	0
0.49936670199519284	-0.6759904629506721	5.408158232076843	0	0
-0.21367911091851965	-1.7772257213608569	10.503378880782222	0	0
0.33598975057890357	0.3178793787105363	-1.0400017799781267	0	0
-0.09346847012366766	1.347582910723851	-2.955827705472103	0	0
-0.47430149493045803	-3.403773693590942	-3.595137160859977	0	0
0.400076204246794	-1.505789242921388	-0.7804405230195499	0	0
-0.22526629745981808	-1.9911372469827384	-9.078200498946657	0	0
0.6288784113036101	0.7022868571869338	-1.6610903532965011	0	0
-0.8883893339563329	-4.649437006273423	-0.1740989308886327	0	0
0.5758783218871031	-0.053441555142718755	0.404903879716926	0	0
-0.21300520133602419	0.4516471592094504	-0.7227702424800384	0	0
-0.057753776894095665	1.8056277293467105	1.3169336679202672	0	0
0.14843707579475307	-0.5587425880162016	4.427722207501716	0	0
-0.09587308246705106	1.0377060710843793	0	0	0
-0.4849401817908259	-1.4400988725607888	0	0	0
0.361228265228398	1.7498787447869546	0	0	0
0.20991646514987394	-5.1359355964033995	0	0	0
0.10056331112400585	4.155754391591508	0	0	0
-0.9442790187461725	-1.676061506840071	0	0	0
0.364138289246867	0.9751874331404409	0	0	0
0.2791214524969874	-4.258266215014821	0	0	0
-0.0175641294319675	2.7001619037991276	0	0	0
-0.49558546335534714	-1.1610739759539257	0	0	0
0.2071586935059031	1.6515648177352489	0	0	0
-0.015583885829933308	-4.656603967471973	0	0	0
0.27689316938876374	0.2907926545482624	0	0	0
-0.7994452109557955	-0.33312233015794845	0	0	0
0.8881633075103821	0.3675237535536837	0	0	0
-0.853591574359271	0.7547163764442786	0	0	0
0.9086661113315984	-4.899085578891622	0	0	0
-0.7334512014251686	1.6680103431315487	0	0	0
0.3661232877410967	-2.169558738795132	0	0	0
0.5249542214475227	1.915516015612745	0	0	0
-1.5326067439137603	-2.1849803077200036	0	0	0
1.8129456672269342	4.596879965993395	0	0	0
-1.3061128995693778	-1.0052014366087292	0	0	0
0.9315936587724778	0.00224850345090033	0	0	0
-1.2001113370276428	0.6657350916518112	0	0	0
0.8404865545576712	3.54989628900276	0	0	0
-0.2880436019374315	-2.471770585281128	0	0	0
0.4421651634421693	-3.7719407242545415	0	0	0
-0.30903209107621166	2.0752485694857015	0	0	0
-0.49995190330142236	-0.3957065065263521	0	0	0
1.292056493513961	4.91415175110928	0	0	0
-1.540280937962386	-0.0938108263251749	0	0	0
1.0758525825082685	1.5193602943897346	0	0	0
-0.7464712591154239	2.9445418689429204	0	0	0
0.9032751926411038	0.5090485666809386	0	0	0
-1.0855082832012002	3.1537658610286385	0	0	0
1.0006897751506827	0.36191202547016843	0	0	0
-1.2303899963883254	0.49264432567895966	0	0	0
1.5899630706714944	0.40527157218658516	0	0	0
-2.1974501883461954	-2.604491338500864	0	0	0
2.2380097899220104	-4.056104830530828	0	0	0
-1.474357293301928	-2.9118456275000852	0	0	0
0.7659393072599485	4.893358007288697	0	0	0
-0.004333226283776526	-1.3014563043879477	0	0	0
-0.7392230280223799	0.407662541906781	0	0	0
1.1854719429704517	1.631846701175924	0	0	0
-0.9210278693903575	0.9098000199724154	0	0	0
0.05249115913181868	-0.4631669679612145	0	0	0
0.4399119282583115	2.1846749602269995	0	0	0
-0.4109737451538962	1.568264528508486	0	0	0
-0.006063081614534838	-4.10628697615865	0	0	0
0.28836950340890155	0.9273595017076843	0	0	0
-0.26921813660367633	-0.6034202787166123	0	0	0
-0.15729062143347505	6.341673290702779	0	0	0
0.17671554717514937	-3.7510053218618182	0	0	0
-0.5961320762933937	-0.47406596627929787	0	0	0
1.0378479328575807	-3.9322015128074312	0	0	0
-1.0999959960498629	3.3619414196654347	0	0	0
0.09684957330162547	-2.415551578378313	0	0	0
0.7176914797429959	1.6707398666494697	0	0	0
-0.5398413255698813	-1.3384882972109082	0	0	0
0.7552059639648689	1.5189504776959808	0	0	0
-1.4807364785024006	-2.3210952217708183	0	0	0
0.9945145564626259	0	0	0	0
0.21465437832095802	0	0	0	0
-0.14891298444618428	0	0	0	0
-0.4680809251501188	0	0	0	0
0.27829036784678607	0	0	0	0
0.3514358473249146	0	0	0	0
0.4162437785375559	0	0	0	0
-1.3376268084529812	0	0	0	0
1.064680067438374	0	0	0	0
-0.3640422965758603	0	0	0	0
-0.005891075338197993	0	0	0	0
-0.36274929206661	0	0	0	0
0.564556357247703	0	0	0	0
-0.14829483996400228	0	0	0	0
-0.4842192564173118	0	0	0	0
0.5594398658453343	0	0	0	0
-0.3062000922213812	0	0	0	0
0.11337475995563295	0	0	0	0
0.07841675986980334	0	0	0	0
-0.737662379190013	0	0	0	0
1.6612971216074044	0	0	0	0
-1.3115123742685455	0	0	0	0
0.7192279429759267	0	0	0	0
-0.5674872829604567	0	0	0	0
0.5905525022310414	0	0	0	0
0.06852086696251547	0	0	0	0
-0.7368956031602636	0	0	0	0
0.6783774107497251	0	0	0	0
-0.14308527239105473	0	0	0	0
0.11412608880336705	0	0	0	0
-0.06464686303240796	0	0	0	0
-0.17363689010282002	0	0	0	0
0.5659421560943869	0	0	0	0
-0.7915948762449716	0	0	0	0
1.039363921184325	0	0	0	0
-0.3785685719866123	0	0	0	0
-0.3852747861221886	0	0	0	0
0.0561867037981969	0	0	0	0
0.7189612155011673	0	0	0	0
-0.888995136028619	0	0	0	0
0.9834337568122109	0	0	0	0
-1.642310660145199	0	0	0	0
1.736010460209954	0	0	0	0
-1.0421680879242743	0	0	0	0
0.8637837529481587	0	0	0	0
-0.9691866548983157	0	0	0	0
1.3085878536219084	0	0	0	0
-1.0789158687055433	0	0	0	0
0.05584258623266436	0	0	0	0
0.7483298344226839	0	0	0	0
-1.0393599301462544	0	0	0	0
0.37764583233325766	0	0	0	0
0.10612626366950195	0	0	0	0
-0.3563108089628457	0	0	0	0
1.2803166498282508	0	0	0	0
-1.489208557543904	0	0	0	0
0.4861333801883987	0	0	0	0
0.5307090688307099	0	0	0	0
-0.2971802091821303	0	0	0	0
-0.8159641460192262	0	0	0	0
1.4058834370649578	0	0	0	0
-1.3298078132790607	0	0	0	0
1.4817964587522994	0	0	0	0
-1.4964220695184238	0	0	0	0
1.2303187667400763	0	0	0	0
-0.5699581303365306	0	0	0	0
0.07062768765852212	0	0	0	0
0.28378541801303925	0	0	0	0
-0.603433019311673	0	0	0	0
0.6138460023517709	0	0	0	0
-0.190975705195207	0	0	0	0
-0.3791676798054695	0	0	0	0
0.42871428192047034	0	0	0	0
-0.5730871125236945	0	0	0	0
0.5341782290539783	0	0	0	0
-0.32543042318260973	0	0	0	0
-0.03455498966471282	0	0	0	0
0.4470327255886346	0	0	0	0
-0.2941393860749457	0	0	0	0
-0.4139827732010133	0	0	0	0
0.7836662930791007	0	0	0	0
-0.32808270449091026	0	0	0	0
-0.10847371990751498	0	0	0	0
0.6895495724558316	0	0	0	0
-1.1508430813772463	0	0	0	0
1.362558544053634	0	0	0	0
-1.0165085837788226	0	0	0	0
0.39216600527316814	0	0	0	0
0.36042773561183594	0	0	0	0
-1.0149454364202555	0	0	0	0
0.6732728833367787	0	0	0	0
-0.46695489058568995	0	0	0	0
1.4448763293737201	0	0	0	0
-2.4833403115269803	0	0	0	0
1.6888038616686671	0	0	0	0
-0.14598267092123507	0	0	0	0
-0.27846571655804553	0	0	0	0
0.25027879201311976	0	0	0	0
-0.44661356310709976	0	0	0	0
0.11672790226237595	0	0	0	0
0.14426120175982504	0	0	0	0
-0.3269072445501422	0	0	0	0
-0.14945568287063793	0	0	0	0
0.9953207105323045	0	0	0	0
-1.5375459646224243	0	0	0	0
1.3992727284475848	0	0	0	0
-0.14731816194282743	0	0	0	0
-1.0242813523459446	0	0	0	0
1.179348864213118	0	0	0	0
-0.8057676576191426	0	0	0	0
0.48468056867667997	0	0	0	0
0.055812487286729606	0	0	0	0
-1.102490676398439	0	0	0	0
1.1487512295914613	0	0	0	0
0.6678107162215383	0	0	0	0
-2.1903196318410068	0	0	0	0
2.136219281685463	0	0	0	0
-2.115262373636135	0	0	0	0
2.2072175697201644	0	0	0	0
-0.9913968192367477	0	0	0	0
-0.7672333858883391	0	0	0	0
1.3532543263499477	0	0	0	0
-0.12274605217463375	0	0	0	0
-0.029131720026576602	0	0	0	0
-0.3125410289842705	0	0	0	0
-0.8047091233245709	0	0	0	0
