-0.7233710703172918	16.983685230390968	-16.19444264963981	-0.6296601049058097	16245.293020467678
-4.4886384290042685	52.289395466205214	-53.08166616395147	-0.17943655403007597	16240.980911449504
2.7229553017318935	-21.063370278097715	2.132834879438022	18.43429799723812	16254.262999962635
-0.3372186485484505	-0.516497455185366	3.955908719279904	6.499484136645023	16242.034645573814
-0.578574017722481	0.3309217977467469	5.574230500297901	19.237660598180582	16251.737114868793
-0.47316640146969746	1.3601934173047852	-6.415546538990213	-6.505163231362204	16218.856769359878
1.371318281760601	2.994972203423437	8.07166683343749	0.14340863134455617	16218.793135113181
-1.3738900578977749	-0.6748852785512085	1.7723477568044643	-12.26972821931696	16363.987275970898
1.5626414142386764	-16.456235420851378	-9.510816129583333	18.7830433457935	16463.68945997368
-1.0580244871715578	1.4160943740363976	-13.780853980401062	8.90819518674327	16607.62262514196
0.6598020329906475	4.541221665018249	16.39898559517944	4.9787926093391945	16675.319868986193
-1.59652229016735	-2.5751940478368667	-11.345378872126716	-48.929695662784	16820.02813353601
3.2284470440178694	0.5191096505866923	3.2935565184212834	8.680865702504988	16939.499754337896
-3.2336945397396235	7.7563137187804685	4.917044937583157	-99.4175363081111	17078.868499050233
1.550140920933174	-10.039833171594985	-1.9573488303458646	74.64786822036407	17399.756602731963
1.2814478157952536	-11.672281372017565	-9.941497632071147	2.049954881750324	17244.07468078942
-3.749066021003948	3.1929783980301494	-2.2337750600595427	6.701032158976815	17027.57294016429
3.916526215396175	6.976919120639252	15.041632842691328	4.537561008830565	16862.670465648014
-3.395237391829454	-8.266783014833045	-11.759656107017193	-21.160390471720163	16581.085894895386
2.1275958353550024	-6.991569523907984	-1.3615839710961097	12.660406186745803	16410.020104595464
-1.2666656967723853	6.982860935689473	-3.7552894563254426	-11.018698519459832	16330.036974137563
1.9982837282269728	-0.401654771312117	13.955332879427374	5.1816197900256356	16185.052791972288
-2.6610514947595973	-0.6991005351167345	9.122738691627575	-25.91909697706825	16236.226953691157
1.5762013643788535	3.795437726577916	-18.625010809784825	-19.268197097991646	16282.17301345987
-3.222517833734173e-05	-3.2525543377291797	21.56861386627118	12.90237402809261	16478.362335646067
-2.1726053539104058	-3.7171614146654264	-5.523421516868595	-2.226334394198176	16509.939682225653
2.9232575213956906	2.551613042287869	-9.387720437083033	3.662407314500925	16445.240745386072
-0.674882032107675	0.8827673234187827	4.84023555363747	-4.324826542043624	16485.33684386451
-2.2122844174825715	5.0702532887953	19.366885036978516	4.316029826043504	16572.055718163054
2.743234795987334	1.8888796372111543	2.5180768375397804	17.147091003999392	16738.843536040004
-2.1616523683347992	-2.4466695572427284	-17.272831407764272	142.0941018251383	16852.499671218982
1.3738734724904802	12.007809341198687	-6.546988626534173	184.0774532411171	17018.299344488594
0.36274095262313466	-10.000435569853352	-10.364962617283979	-251.7324052643375	16836.6859884433
-1.580132059765269	-6.084602457858416	12.427944431612133	67.17136735748721	16912.42322347022
0.974495766881212	-24.11631661717353	-0.6191119044297011	19.885457491666187	18339.357699874523
0.5396739407985578	9.556557808277482	-4.971975614826448	-2.947567039146179	18086.74765529258
-2.9946327891766344	-6.191325612175525	31.76502320777358	-17.029597805329956	17776.78038130512
4.385645447368773	0.12427071324101746	-25.95680431479778	-12.76586867524179	17726.050447399004
-3.6196356523394044	-12.549089913170278	-5.379382641283513	0	0
1.7699802963373443	4.213731268954646	-0.3465694227180762	0	0
-0.09836410260093942	-2.6198656315425666	3.801783300407095	0	0
-0.41330362897682704	-4.360523945193719	-20.36938909039661	0	0
-0.346695063893911	6.229684616773795	-11.576406735833771	0	0
0.753247127640222	17.739726215623207	-9.534805362889529	0	0
-0.6280819240546407	-11.499767975278218	0.5514971027382245	0	0
0.5141996323423967	14.35206467251912	11.27877801233096	0	0
-0.052221625759372614	-10.629176411879527	22.565244111585912	0	0
-0.017198891176690267	-19.756621130514482	14.321899784932782	0	0
-0.48156746766227343	-11.08511865571002	-9.605709776563316	0	0
0.7815026723681839	21.187132923113047	-17.63356715224488	0	0
-0.6000360778582419	-10.035667701793166	-19.519655697773246	0	0
-0.12458212084593612	12.927908531065953	-14.883315516278955	0	0
0.47874421771706466	-0.604866108591466	2.6070323114106486	0	0
-1.46930558543837	-4.797401190663592	-2.3333770686658255	0	0
2.177178971098648	10.82897969176598	6.220377622625577	0	0
-1.267940334141052	2.0578412790474374	6.304094234444008	0	0
-0.051809684650457655	7.4948741201186095	-20.250470347383967	0	0
0.5099582308730177	-1.471942584852016	-4.5679829838401105	0	0
-1.0224369263158195	9.482016376226333	29.946069278064897	0	0
0.08530845253847019	5.3954887902122195	-314.7306995223893	0	0
2.9062770018560045	-0.7747326623300523	259.3223495253923	0	0
-4.8410527761929245	3.6793953588606527	-108.84546624048225	0	0
3.63638889714624	3.8617490036831725	33.94586724856421	0	0
-2.112040998736269	12.030120504905518	23.873079574904352	0	0
1.9180723841934864	-2.7282235527166634	-17.289214722071378	0	0
-1.1514068512711475	5.968702074859131	9.01359018766611	0	0
-1.608947051877287	9.208615397024175	0.00880719151061271	0	0
5.082755507938934	-16.16535680489553	-2.7660663818873985	0	0
-5.7895179321556896	2.231538792247271	-3.0454164073868952	0	0
3.7745955418439436	4.360066888447555	12.089122933392488	0	0
-2.1544992609666025	7.555603362824812	0	0	0
1.007547427906637	-6.8168974564221685	0	0	0
0.6899313851912154	-2.7479659513405323	0	0	0
-1.8746347481349446	3.8375512073967144	0	0	0
1.2047346103701173	2.55083273620113	0	0	0
1.8001430334882187	12.724017408687182	0	0	0
-3.7540058872628776	-9.872890255826967	0	0	0
3.699506247276986	10.896216738833914	0	0	0
-2.96995926837927	-9.29805148179301	0	0	0
1.2919134320401398	4.727901170558496	0	0	0
0.2518489354186926	7.181217801221962	0	0	0
1.0050501006058852	-7.012530903412795	0	0	0
-2.8952233664723295	6.094090681017178	0	0	0
2.8181071431656406	12.261314315672152	0	0	0
-0.8971204091859519	-0.4237800000616403	0	0	0
0.46575050743833657	-0.05012517315502407	0	0	0
-4.300426089202752	-11.458371226171572	0	0	0
8.514035106442911	9.472360609018146	0	0	0
-8.652409766700416	-10.181340599219496	0	0	0
6.060950224216015	-13.796710305446126	0	0	0
-3.713185416945059	4.2944465954779005	0	0	0
2.7612484828199015	6.488218624606667	0	0	0
-3.560471590871117	-2.582305119379548	0	0	0
5.351666268824879	-2.621585215082625	0	0	0
-7.577614183564243	-20.862146545198563	0	0	0
7.598527965616768	4.100159734387844	0	0	0
-4.332026411810141	-13.409715510007906	0	0	0
0.48648017757997764	5.563038571478778	0	0	0
0.020860482254278168	13.907897582701061	0	0	0
1.7768585425497037	3.403011349563208	0	0	0
-1.942588900432483	-3.194703392078779	0	0	0
0.7098114540685003	9.413684683118426	0	0	0
-0.8941571752936284	-7.404306731043057	0	0	0
2.868984617996908	-2.364824921342091	0	0	0
-5.4050713907327435	-0.7088077169463176	0	0	0
7.14644879601763	-12.508893194503472	0	0	0
-6.369569212902093	0.9606154838787404	0	0	0
2.4133264023641985	8.134006784986624	0	0	0
0.7929986405184266	3.0704347543041237	0	0	0
-1.1704440420956885	-9.75602331373618	0	0	0
1.2006819613781872	-4.394320022482631	0	0	0
-0.6900353513365403	-8.363678526802786	0	0	0
-1.4114888904685472	-2.299477676511472	0	0	0
3.0098661435494662	-2.376904417334508	0	0	0
-3.0681741928886197	-6.708441335422371	0	0	0
2.6130045322451636	-47.34802931794814	0	0	0
-1.8321406696147875	18.841367113261143	0	0	0
0.21305334419106714	165.88126431123698	0	0	0
0.7760111623994987	-88.57171287903405	0	0	0
0.07843645549221634	19.832262955833286	0	0	0
-1.0326538566076664	-1.4640906962571023	0	0	0
0.811284879168241	-6.207360315051886	0	0	0
-0.5885892541057274	13.862513336743604	0	0	0
1.127291648762757	1.8496696081316344	0	0	0
-0.8275601812431717	2.1373051643611944	0	0	0
-0.2869704959855639	2.7126379957964986	0	0	0
0.6804233547718823	10.342626216944495	0	0	0
-1.0260331823441504	2.8552988301451734	0	0	0
1.02277026453406	-0.2800478472039174	0	0	0
0.01064126968822876	12.311003860993111	0	0	0
-0.040246437079510144	-16.570272467191046	0	0	0
-0.5465339869836043	4.670718779572695	0	0	0
-0.05809635262158963	-6.952847487651411	0	0	0
0.44115410337327177	0	0	0	0
0.04090628790465445	0	0	0	0
-1.3580274299582982	0	0	0	0
3.2984505631225858	0	0	0	0
-4.394740618975234	0	0	0	0
5.910745863276887	0	0	0	0
-8.406845784064913	0	0	0	0
9.419228590729816	0	0	0	0
-7.774897159641206	0	0	0	0
5.709111071268715	0	0	0	0
-2.7971062831897697	0	0	0	0
0.6927118212993761	0	0	0	0
-0.5443823154707843	0	0	0	0
0.13279104360287164	0	0	0	0
0.4973040332861487	0	0	0	0
0.21211178901717886	0	0	0	0
-1.243789746097022	0	0	0	0
0.4563692554619294	0	0	0	0
0.8739660727902958	0	0	0	0
-0.6075564149396655	0	0	0	0
-0.346517447678643	0	0	0	0
-0.42250166132135547	0	0	0	0
3.0540169337650624	0	0	0	0
-4.633794082036054	0	0	0	0
2.8265585955101216	0	0	0	0
0.5126717082827668	0	0	0	0
-1.2281441384746543	0	0	0	0
-1.1097323820302805	0	0	0	0
3.1622728632577335	0	0	0	0
-3.924270671054508	0	0	0	0
4.392626186337985	0	0	0	0
-3.361398824139364	0	0	0	0
0.15889538924625413	0	0	0	0
1.8781514473091576	0	0	0	0
-1.5028727616675184	0	0	0	0
1.112732693644837	0	0	0	0
-0.719620583652059	0	0	0	0
-0.9097880715464228	0	0	0	0
2.237889592448859	0	0	0	0
-0.9272126698717429	0	0	0	0
-0.4084111381581934	0	0	0	0
0.4650881579959858	0	0	0	0
0.14845891353436258	0	0	0	0
-1.0594062802768178	0	0	0	0
3.653737493953848	0	0	0	0
-4.834774505127228	0	0	0	0
2.1486074441134875	0	0	0	0
1.793410102960344	0	0	0	0
-3.144794496079143	0	0	0	0
3.4784656859644016	0	0	0	0
-5.6304272244563265	0	0	0	0
7.933669590797116	0	0	0	0
-7.283669205381791	0	0	0	0
3.4536368516972544	0	0	0	0
1.0896392871515346	0	0	0	0
-2.984708671523599	0	0	0	0
1.2234969587151738	0	0	0	0
-0.810476624287638	0	0	0	0
4.037784303787689	0	0	0	0
-6.621496569125775	0	0	0	0
4.284798122504043	0	0	0	0
0.24666426629651284	0	0	0	0
-2.2676198851824196	0	0	0	0
2.3308951442399035	0	0	0	0
-2.8231025427166045	0	0	0	0
2.1658935147262923	0	0	0	0
0.23059303130293074	0	0	0	0
-0.9315253590145147	0	0	0	0
0.1326468027834906	0	0	0	0
0.2774483821190543	0	0	0	0
0.7597179059685644	0	0	0	0
-1.7157312845076405	0	0	0	0
2.08650984480127	0	0	0	0
-1.6570914785094502	0	0	0	0
2.0955945131435953	0	0	0	0
-3.682878759942419	0	0	0	0
5.5720429620240495	0	0	0	0
-5.874537458100015	0	0	0	0
3.7660626233245935	0	0	0	0
-1.0189247558117316	0	0	0	0
-0.663894997993296	0	0	0	0
0.9996674017866951	0	0	0	0
0.1374438759721741	0	0	0	0
-2.259044505329449	0	0	0	0
3.0213088800717074	0	0	0	0
-2.562065699580721	0	0	0	0
2.3977524178830762	0	0	0	0
-2.9395348006299784	0	0	0	0
2.751316956042821	0	0	0	0
-1.9070704512386243	0	0	0	0
0.8288511126270706	0	0	0	0
-0.14650757954305504	0	0	0	0
1.0853833028727422	0	0	0	0
-3.4840691294668176	0	0	0	0
11.985680754900002	0	0	0	0
-28.878179176517868	0	0	0	0
35.22464964665871	0	0	0	0
-35.71142572714319	0	0	0	0
43.77569306069932	0	0	0	0
-29.88569241562648	0	0	0	0
2.589909350065348	0	0	0	0
2.8616207749869176	0	0	0	0
1.3579828138423125	0	0	0	0
-1.4170958605289883	0	0	0	0
1.7236120948396305	0	0	0	0
-1.189032568364091	0	0	0	0
1.3558421863869583	0	0	0	0
-2.813371978018388	0	0	0	0
5.199799372421374	0	0	0	0
-5.46599154619912	0	0	0	0
2.8335022763330215	0	0	0	0
0.2920542380313407	0	0	0	0
-0.2081579792772672	0	0	0	0
-1.2153313833195156	0	0	0	0
1.9287879201666058	0	0	0	0
-2.3171565451778235	0	0	0	0
2.081399989596896	0	0	0	0
-1.1083222068128578	0	0	0	0
-0.13195357654132778	0	0	0	0
0.6152405438408977	0	0	0	0
-0.07339086998091204	0	0	0	0
-1.6621259743555044	0	0	0	0
1.0635916838080206	0	0	0	0
-0.13820881302959975	0	0	0	0
-1.055814314677825	0	0	0	0
2.7735273016165607	0	0	0	0
