-0.16502902068808822	1.5356582772147362	4.227761140936721	-0.5327285004541835	16459.033853893256
-0.24289327484723344	5.472246881238441	12.996826456714189	-2.746478389781913	16457.45042020134
2.466686989421987	1.167204329018972	-10.247161634951752	-14.680284672939862	16456.095608592565
-3.381487303220652	0.9014194288399935	2.4581191752716194	1.5653216682152333	16459.815584175296
2.712959202885145	4.679055553229013	-2.4809589672667585	-12.153721213975174	16447.397757714905
-2.6630946095145163	9.726043773785655	-1.1705525801274916	-0.6484776464056665	16494.580719923222
1.9814362390461397	-12.293484066176148	-4.796241430372106	-1.9848565521568418	16580.508281650677
-1.7073891740798288	10.206668858130712	7.717467133289318	25.71735634681859	16673.224405156085
3.992439113238973	3.720774966122754	1.2927786453100651	-68.13941921073591	16705.134910829136
-6.104558979696144	-1.8048263712172954	-1.895477873302255	103.35614815230447	16748.95640223992
4.820376186057651	3.9161653492618242	-4.316527906503438	-85.0449346820605	16632.36804881328
-1.594575834977313	-4.870617195606229	-8.633700115212804	34.80672867086352	17183.70532854387
0.5229669819019378	4.098049529778699	-3.114309506936962	6.149498461935934	17340.62768191154
-1.3629521931372537	-8.005946767067627	0.9044583219142339	8.358328744260774	17210.28788066026
1.5825245162950878	7.6638937141915235	5.097217320337734	1.2054598333119486	17174.50530363585
-0.9026994577002867	0.455482318677241	25.649176493089243	9.120202123742985	17083.686295759046
-0.46386026003261804	13.32255177982072	-24.2502621562855	-14.655361874372687	17105.866543746375
1.8664381722961707	-10.876459946231456	16.419991454553852	7.6645114731151125	17088.495232834655
-1.5502348816212645	1.397301221336555	4.42699102623483	-9.547089681696704	17038.961203620962
0.5980817590470693	-16.08582972059007	10.506697438983622	21.740044482936653	16910.208794443297
-1.014151382850919	15.796825300778274	-15.577271831686218	-33.05621898404081	16921.583945370436
2.215034156245956	-14.49148249818758	10.27881083033526	-14.202792797378478	16910.134133075997
-1.705970159199346	13.235753668208844	16.720743710475105	7.863878558745014	16993.093730566354
0.1843658982505687	-4.837008084845657	-3.890593774421262	22.920689070859126	16996.355192501884
-0.19004741685124316	-2.775219577388121	-9.56928710417337	18.941577449924466	16907.14691617871
0.998336263508186	-9.97383331917036	-5.554016792196819	-6.952113616873305	16903.710144126755
-0.4985528281764289	-0.4539533110997951	12.82826103668333	5.4680536138859	16974.24090873719
-0.7403275747348843	-4.308901023000523	-6.063987055124983	12.276886603203039	16990.481879451123
0.9683817058007804	-3.985517540327109	-9.584285153951512	-60.02848220150396	16957.990974529497
-2.2733613541543747	8.538357995130816	14.472832268816688	32.41359485223582	16988.40524106129
5.4043087801094885	-11.053287890200167	-3.4958466521931655	7.297010616153827	16836.456592358347
-6.661546635656244	-0.9911303940651806	-0.5414400737089977	20.812322119012634	16583.32666976159
4.532589745360475	1.8013528522729985	10.429865820240806	36.1677288522708	16638.49604166256
-1.6608382126631653	9.403201101263761	4.125608066208599	-6.000293107222021	16785.09844790672
-0.014621640958466742	-0.7693834760487164	7.483182316532719	-9.20433028782081	16877.689421001607
1.7856978791919929	0.5348472749236777	-11.355933303493785	5.356410641217252	16996.87372565679
-4.490015783770858	-6.907735217057748	8.2620529412211	8.744686714869559	16972.823797589183
5.614979050839963	-0.18703964464449996	-13.00360285243137	-9.881463249123442	16924.69728757628
-3.254512965396202	1.8682594262145358	13.707960327728301	0	0
1.1458540175747984	5.63299131208484	9.387939422970405	0	0
-2.112817579523096	-0.10750382640061673	-15.812259793045186	0	0
3.542806725063194	-14.29131604665136	6.222048825837106	0	0
-2.562650414556792	-6.153933560553071	-24.74233961576188	0	0
-0.6810327409818697	1.1429989853597675	3.35283751412652	0	0
3.0334740430101945	5.916773011689443	-3.084733663273056	0	0
-2.771427524339508	-2.276099433202887	10.522714464917428	0	0
2.2042782185906162	1.0308946266572008	-22.303831518804742	0	0
-2.7766505453072057	0.8911709687341158	10.81073433731271	0	0
2.712540406635597	8.448043121402407	-11.489821020183726	0	0
-1.9443685663632237	6.545060703402825	-7.8963269438097115	0	0
2.7992857692767075	-1.597543738193707	-11.340940442044342	0	0
-3.6926551746573253	6.728823909363285	15.173589586142995	0	0
3.1776182445975536	7.8036223862056175	3.3742485849049046	0	0
-1.303709318213663	6.544839088856719	-17.357599892025164	0	0
-1.207778009416593	-7.240612690682212	-6.512181482759871	0	0
2.107264652239543	-1.0533728332303411	6.08221992251795	0	0
-1.1622056519946753	-1.1579140362541125	-8.985721362056708	0	0
-1.2916662894895836	-4.249046044880032	5.691352007197139	0	0
2.0383382352506985	-0.4543776228650742	-0.8127034304586829	0	0
-1.3139694274275229	-10.847373444849659	-7.443018123895811	0	0
1.1306515551687681	-4.659693657414067	22.53980058431297	0	0
0.18092358761140304	0.43500295178599657	-10.87050974285441	0	0
-3.133282937160857	1.1844582506465144	8.153405748267033	0	0
4.243848533518303	1.8524330036137115	-4.160260371059806	0	0
-2.6883954901022094	-4.2894720702315325	-14.95248042201004	0	0
1.8759521096248406	0.9664162057419148	-12.1415916984039	0	0
-2.2801364103033848	-8.875562889092578	6.3053768824006085	0	0
1.9414854146340446	2.5669947347956352	-3.3328301233899538	0	0
-1.1723899800974493	-5.407565377107872	17.790298915339932	0	0
1.284247037850534	13.06489729239049	10.873353376461068	0	0
-1.8826778729407678	-6.4746987151620985	0	0	0
1.7279165621512718	2.8222762616293977	0	0	0
-1.6004782768846582	2.2399557882746777	0	0	0
1.132983264941899	-2.1313189923040667	0	0	0
-0.12181962870231189	12.615194162429795	0	0	0
-1.1493039128897493	6.85275005351005	0	0	0
2.2898902353569497	-5.290499484682478	0	0	0
-4.311874562665189	-2.1449141701077323	0	0	0
6.315131406275604	0.0785294068701603	0	0	0
-6.89728549532385	-1.2643651199981392	0	0	0
5.408234252728576	3.3895863437844866	0	0	0
-2.058597034237934	-0.38396331281311546	0	0	0
-0.9031128586348132	13.454930006177612	0	0	0
1.5897690886994056	-6.37353652627845	0	0	0
-1.0239147379828637	8.986720751172264	0	0	0
0.752532584954551	0.5734059710289756	0	0	0
0.0319403569701322	-2.2989461381457232	0	0	0
-0.19656596910319024	-1.4246563911918813	0	0	0
0.2907778014452873	9.998779749282704	0	0	0
-0.7319365758342116	-8.237208996488214	0	0	0
0.13080864473081277	6.202432768609867	0	0	0
1.2275454906036671	0.9596912487312892	0	0	0
-2.7811185377467567	6.511311597844788	0	0	0
3.2094957432768396	-0.5847816267677644	0	0	0
-2.670111637985997	3.681696492562189	0	0	0
0.63525949367272	1.044611684032212	0	0	0
1.306916548484864	-6.883593408573681	0	0	0
-1.5200731214986192	3.6220562283069384	0	0	0
0.4353060961494464	-7.6774408426851934	0	0	0
0.6701085717056898	-1.2880625952561147	0	0	0
-1.7954957183721092	2.715541872647023	0	0	0
3.110455420250794	6.780176198720021	0	0	0
-2.635561491597727	-12.10580302295817	0	0	0
1.3779171691784455	-5.688150199295265	0	0	0
0.0037120604169018634	4.319414134476837	0	0	0
-3.018192126429277	2.9068336915429356	0	0	0
4.600936683989772	0.9796030857076445	0	0	0
-3.686454161170225	-2.023711273616044	0	0	0
2.56197721649945	-8.351619913187868	0	0	0
-1.9882292091560458	-1.6885936406052053	0	0	0
1.1647380926120832	-7.8565633845688225	0	0	0
-0.6459244998076912	-7.015795633665597	0	0	0
0.7970211462122734	-5.079591050190523	0	0	0
-0.6706857381965818	7.4334258153638615	0	0	0
-0.003982306191311125	-0.3867531832393212	0	0	0
0.5036461297351522	-1.2056273908183783	0	0	0
-1.3818915207214388	3.8593970197848364	0	0	0
2.6923262267135755	-1.550478885775604	0	0	0
-3.2845154360829127	2.2522033256057483	0	0	0
2.6494842535230703	-21.966056256476797	0	0	0
-1.5242986311160323	10.162679315918808	0	0	0
1.6932505012745551	0.23983964571976912	0	0	0
-2.210713315350908	12.896085221400227	0	0	0
0.8807380725325018	5.492055606854244	0	0	0
0.7949129261054395	-5.209804875448377	0	0	0
-1.2537916001758447	-3.3004449378143335	0	0	0
1.365508898010745	0.16062925787767313	0	0	0
-1.9404126990059964	-12.273668550832916	0	0	0
2.572356070308828	-4.76214193737178	0	0	0
-1.8700188396160655	-3.3162568986645056	0	0	0
0.6011279810280996	6.562739787577513	0	0	0
0.2937028554736685	5.8774517781747235	0	0	0
0.04736295148552472	11.241711620933621	0	0	0
-0.8222215534035229	0	0	0	0
0.2864726115212761	0	0	0	0
1.6705550833733298	0	0	0	0
-1.336499470555708	0	0	0	0
-0.7783421352286695	0	0	0	0
0.7281714222469802	0	0	0	0
1.3578636068363394	0	0	0	0
-2.654861318242567	0	0	0	0
2.697896926760059	0	0	0	0
-2.5082401618649612	0	0	0	0
1.9965758584606448	0	0	0	0
-1.234665940654608	0	0	0	0
1.913398959426523	0	0	0	0
-1.9619031571910028	0	0	0	0
0.5203669889668987	0	0	0	0
0.8892145209176903	0	0	0	0
-0.5220858259344254	0	0	0	0
0.1347879052854779	0	0	0	0
-1.08282046438719	0	0	0	0
1.3968256077529446	0	0	0	0
-1.1447319252472	0	0	0	0
1.21139178380227	0	0	0	0
0.8075086695713694	0	0	0	0
-3.4058174499073957	0	0	0	0
4.178090809583182	0	0	0	0
-3.1469666194022494	0	0	0	0
2.993870688901822	0	0	0	0
-4.008593103664765	0	0	0	0
2.7901554928297827	0	0	0	0
-0.24321325028770246	0	0	0	0
0.07988740041184172	0	0	0	0
-1.3510213980883847	0	0	0	0
2.1218397787304113	0	0	0	0
-1.7849265848847438	0	0	0	0
0.8689313941895378	0	0	0	0
-0.012633861035055816	0	0	0	0
-0.18924231046943163	0	0	0	0
-0.6233918411926851	0	0	0	0
0.7295693628682827	0	0	0	0
-0.552084093462561	0	0	0	0
1.1238088606658891	0	0	0	0
-0.10372081608484507	0	0	0	0
-0.8318399935955014	0	0	0	0
-1.2735334204371398	0	0	0	0
2.5911604644589588	0	0	0	0
-0.8772184202209132	0	0	0	0
-0.5161365613593247	0	0	0	0
0.3039705351653339	0	0	0	0
0.04653109458488558	0	0	0	0
0.31647273812645693	0	0	0	0
-1.3379484790389427	0	0	0	0
1.5283703958767205	0	0	0	0
-2.600471171369705	0	0	0	0
2.871190950724376	0	0	0	0
-1.9487106056092642	0	0	0	0
1.3892624469884112	0	0	0	0
-2.4055725381387063	0	0	0	0
2.388740350638521	0	0	0	0
-1.002126835521544	0	0	0	0
0.30846992558286956	0	0	0	0
-0.8148543463582385	0	0	0	0
-0.34781388175421313	0	0	0	0
2.4758933290859133	0	0	0	0
-3.729629209910506	0	0	0	0
4.594978740833838	0	0	0	0
-4.269440699924459	0	0	0	0
1.5405118410743839	0	0	0	0
2.360151977322289	0	0	0	0
-3.7951451105674394	0	0	0	0
3.5312543704129027	0	0	0	0
-1.4928351132232223	0	0	0	0
-2.3193424093763326	0	0	0	0
5.301706941888511	0	0	0	0
-6.140202724977442	0	0	0	0
6.305279067285227	0	0	0	0
-5.030460364701881	0	0	0	0
1.301540756517511	0	0	0	0
2.599601951495899	0	0	0	0
-3.343148004132452	0	0	0	0
2.437389963834761	0	0	0	0
-1.6061922758618437	0	0	0	0
-0.5377625848656962	0	0	0	0
2.7744778462029984	0	0	0	0
-2.4554423277606148	0	0	0	0
0.8876918411222832	0	0	0	0
0.2549646911487784	0	0	0	0
-0.202947041051182	0	0	0	0
-0.19600251616544284	0	0	0	0
1.7739979072619931	0	0	0	0
-3.82793031642246	0	0	0	0
3.8115421267006155	0	0	0	0
-1.634186560021611	0	0	0	0
-0.3100466772547037	0	0	0	0
1.8443375373795874	0	0	0	0
-2.237438286924082	0	0	0	0
1.4081011874812717	0	0	0	0
-1.4765134657440129	0	0	0	0
3.150939025222769	0	0	0	0
-3.4409653340009285	0	0	0	0
1.714780163457064	0	0	0	0
0.9001682771646529	0	0	0	0
-2.1530249371384826	0	0	0	0
2.1195316013392898	0	0	0	0
-3.6310030311061112	0	0	0	0
5.759913660082972	0	0	0	0
-5.570076267404183	0	0	0	0
5.19405519516841	0	0	0	0
-5.849903146553089	0	0	0	0
5.9687986687107895	0	0	0	0
-5.448441017590277	0	0	0	0
2.4990193872893087	0	0	0	0
1.3079052417064787	0	0	0	0
-3.0937405737689474	0	0	0	0
3.006230929839141	0	0	0	0
-2.4999683064826783	0	0	0	0
1.9955862699276068	0	0	0	0
-2.438021418278794	0	0	0	0
4.046890201778417	0	0	0	0
-4.069792470154461	0	0	0	0
1.9890811937865038	0	0	0	0
-0.8231303663779173	0	0	0	0
1.138110324017724	0	0	0	0
-0.8401077286417902	0	0	0	0
-0.19874390279708365	0	0	0	0
1.1305554496458186	0	0	0	0
-1.74705755619852	0	0	0	0
