0.14057655792142754	-1.6474869444571283	-6.608943748137605	0.8591206649842604	16954.509392347754
0.15701929485291544	-6.242296299314823	-20.53644761416129	3.5236804987469554	16954.088084300303
-3.782408764289812	-4.150615885570012	8.345029051186756	4.312437073909763	16957.402091969994
6.130084592782744	5.320353640009991	15.751256719458368	12.871941363549013	16955.52426487552
-4.11283057110731	-19.79118270363331	-7.191742339036622	19.61230682315734	16952.854751443112
2.856552458612285	21.8615245793629	-26.557148688339055	-34.25360936073946	16956.328413957843
-5.594906155912511	1.9300981296340822	16.13861253908381	33.61191914038017	16931.605084209215
7.184927795964562	-7.947243144398776	-11.842015444366439	-0.29247682400212227	16830.651875716954
-5.362874891295235	-2.9330242413061427	12.121247952252062	-28.918763756900745	16885.300644317125
1.0544200111396336	-10.392057637878246	-1.5159897738442254	22.598765430798352	16890.013180789876
3.637633241262975	-20.074758086095365	-12.943360195365457	-9.882601947245021	16775.000751384032
-5.929557497136557	1.3826555120536668	4.926465940349587	4.670223137156526	16739.86841648846
5.9868143110242045	1.1328162480193953	14.598894947226285	-0.6230006067275724	16892.825084003
-7.143464738167275	12.853052626224283	-0.49563379472728286	27.316826471726486	16839.222122921292
8.717157359865283	-7.702508093513721	16.80998371959018	20.102134407520637	16758.987885614682
-7.902317046828557	1.3568585936073276	21.385378088341355	-13.047061589190577	16801.25941057961
6.326766658138752	21.622768685513115	6.686299325041631	5.966887399919543	16898.897410371457
-5.049285307192193	-0.26649400670395806	-9.300365573708987	-35.872483496849455	16851.656615189368
2.5689866587112107	6.345105202757118	-2.0789693494228345	30.190633767480975	16842.234302653484
-1.1836561011302038	6.186212291789587	0.5352393993539266	-6.681323784821075	16946.71171362403
1.4393556460350396	-9.323443554929106	-14.056646609815715	12.440398651364674	16862.476143484066
-1.990008722515313	-2.7161673031163502	14.560629725540139	12.389817078344151	16778.06595160728
2.278974735610433	-17.51836316052202	4.274533674829456	-9.060523702858802	16745.456397922793
-2.9454811869747104	3.7105660794764646	6.409994822195301	-19.383616385493198	16855.695929437636
4.736418156502836	-0.6743856924419376	-5.874346600892508	13.913521155832342	16854.853533880992
-6.576248413748445	6.12251247174401	-3.716510559314017	3.1197609588494117	16794.710021535062
6.435436737615582	-4.955077721866417	17.160494821066663	41.03648231017901	16658.5010683555
-4.083818053098689	0.6503214319843877	-7.916069001786639	-13.560204717241149	16713.69294486478
1.7296819116857094	-2.449728946553428	0.7414194141857848	23.611941980489462	16849.395700249534
-0.24012769338332163	-9.269297445368842	7.800820658528195	-10.186982485656927	16756.61144102058
0.7640811975429855	15.868161713890444	27.74483910140549	-12.739689286277269	16788.03638850195
-2.219035883625523	-0.0672422605483618	-16.798564067772674	34.72677082734343	16843.091993378654
1.9441633433367542	-15.457242945774894	-20.52063372717511	-1.763440774119431	16762.645336846377
-1.3537608052900154	8.999632854538646	-13.957357027839862	-28.35560276614126	16816.50789649831
1.058917760930072	-3.2659621389125135	-8.233802893604036	50.01331984935999	16862.76835030279
-0.744141894072591	12.598506361073397	0.7307726944171975	-16.456325478376385	16910.296539122333
1.9277777111054633	-6.442025526236051	11.477433905419005	-39.273092696672705	16946.87565377984
-3.1661109588616725	6.711947887192039	-2.6537492224243664	46.563417638728396	17115.097517971073
3.2570838252522805	-5.622722479910394	36.89046739776616	0	0
-3.029736321023414	0.8122213121259492	-13.377800900918643	0	0
2.9387919380154273	-13.273302383881962	-2.9303657534169645	0	0
-1.2638279856708081	4.381777689151001	-21.59278889138656	0	0
-2.120053666657398	13.540879607365184	-16.0787179785075	0	0
4.440732804983014	21.333811800173812	-2.8002714431043643	0	0
-4.028012576587535	-5.09670053069425	-6.400286982305275	0	0
3.0643645464453186	-3.775066171906758	1.0450951475352497	0	0
-2.2019933715816364	6.345782201306683	15.037667306902506	0	0
0.2723194817030503	3.6748208386169736	-17.5666243752613	0	0
1.75063750514542	11.279029045897467	12.683451844763226	0	0
-1.7819502935557239	8.128517605675235	-10.734082366054977	0	0
0.16906552748210402	-2.7308163535408596	15.4123087579012	0	0
-0.5566778442246303	-3.131578463021988	-28.044205063533482	0	0
3.217389207338975	14.945702827150626	19.13953600892171	0	0
-4.689435421049019	1.1990820220874312	-18.334037450146255	0	0
3.4642974587460102	15.420693099249547	-1.360580127080297	0	0
-1.674380944029778	13.986685064191093	-19.892074950751834	0	0
-1.881431589149031	-3.130806329092003	-3.650096588577952	0	0
5.559974512305715	12.334424390957864	-15.91218517684024	0	0
-4.50397229032594	-16.124508662751126	18.781383297152843	0	0
-1.2154802455040326	12.946426425549333	15.261608642025934	0	0
5.9199344543298835	-19.795549698901823	-22.30518982972876	0	0
-6.333962309475645	-2.9778315378679494	-3.623828772638035	0	0
2.1512316882750966	14.59324068580748	10.749501266264389	0	0
3.137285925219601	-5.802942820608216	-16.987480514701375	0	0
-5.553023267436011	8.274288143008327	1.4941495283666058	0	0
4.7590976881943945	-6.920777779642201	-6.125464076058179	0	0
-3.422800528962796	14.525304309553896	-3.865979892061631	0	0
1.8634876655967645	5.963558407580102	4.130625180043637	0	0
1.217614657758702	25.97794938462966	6.547431866951399	0	0
-3.542552860356345	14.06286690893797	4.165858572238179	0	0
3.3643636836542683	2.018279482100695	0	0	0
-1.9124531452376559	3.255931105861279	0	0	0
1.3288792496100683	7.220969631000273	0	0	0
-2.43071770535159	1.0358051119748595	0	0	0
2.4227054140487283	-16.68017805851833	0	0	0
-0.7465609666651289	-9.27227241628762	0	0	0
0.3065636204366129	-30.699003058767246	0	0	0
-0.1753917220264114	-7.2806039918582215	0	0	0
-1.8945243656225657	-6.170920077240659	0	0	0
4.306114294630362	6.256036345147422	0	0	0
-5.305518581510626	-14.966759789257281	0	0	0
5.450994800034948	-20.499950383768898	0	0	0
-3.824112594206916	6.446752559343629	0	0	0
0.8075466387239914	20.34311685254154	0	0	0
3.0598830659752494	1.092953024181135	0	0	0
-4.775864375078861	14.888929372263817	0	0	0
3.849793553956218	2.06484368160568	0	0	0
-2.3879603468642117	1.2640840169319532	0	0	0
0.6294117376351451	-25.916096138499967	0	0	0
1.2671472677963678	5.585890074495978	0	0	0
-2.8490090446329646	2.513954256243295	0	0	0
5.227975262859957	-9.274871312679345	0	0	0
-7.22344074395415	-13.117668907078787	0	0	0
7.405977997748543	-15.49104522542661	0	0	0
-5.589223467150745	-10.339050019049104	0	0	0
2.6849254692373776	6.617187869796595	0	0	0
-0.3955587378138503	2.1483887071053616	0	0	0
0.7795292491846837	-9.42128499956408	0	0	0
-3.3068589264314383	0.2750651551151506	0	0	0
4.997060357646511	18.40524058987883	0	0	0
-6.237804877910726	-0.3645914921691116	0	0	0
6.534751004009692	-8.518740183145766	0	0	0
-4.766075427454481	0.01961923859695247	0	0	0
3.3542445823252294	-14.385505504501225	0	0	0
-3.496255824297023	11.140901740428973	0	0	0
3.155437121760137	8.306537035578152	0	0	0
-0.5140773426042244	7.42732052269114	0	0	0
-4.251822258650023	-7.908984927789582	0	0	0
9.663065829093256	19.99439064162604	0	0	0
-12.485468548470692	-12.905333749163376	0	0	0
10.39339756202127	-8.899124355041742	0	0	0
-7.608255477164143	-23.334776749346204	0	0	0
7.273595537261258	-4.084232829056262	0	0	0
-4.353297509159503	-6.867561677243032	0	0	0
-0.266168310906167	24.995523901810422	0	0	0
1.5341382807435053	13.485211082732633	0	0	0
1.5156991266240922	-0.6170042142712049	0	0	0
-6.605792132164893	-12.50658950642024	0	0	0
8.535261496898244	-0.9283718799091218	0	0	0
-6.235385862330276	-6.558479530450427	0	0	0
1.852747303826888	11.835564339317536	0	0	0
0.49541966905720614	1.0513620849224523	0	0	0
0.6429591301195146	-3.9970206891450104	0	0	0
-0.4860304155438726	-3.419439901979736	0	0	0
-1.3170889934368546	28.289908978227615	0	0	0
0.8276113607436244	-0.3941602606688335	0	0	0
0.9744396746090445	2.0629440705404605	0	0	0
-0.4018595696579368	3.135283669790219	0	0	0
-1.4495950882692625	13.345565986843845	0	0	0
-0.1332493534058372	1.3132786366909386	0	0	0
5.588027972115228	-7.400855592317171	0	0	0
-10.283268049191427	-11.886187862629455	0	0	0
11.146706092098292	1.5194470124164354	0	0	0
-8.87432635063206	0	0	0	0
6.271351007858939	0	0	0	0
-4.997376580627304	0	0	0	0
5.801090535674469	0	0	0	0
-5.563653218992002	0	0	0	0
4.799046642130442	0	0	0	0
-3.507908204250647	0	0	0	0
2.277084795108266	0	0	0	0
-2.272054469698851	0	0	0	0
3.745446627731816	0	0	0	0
-6.81933317288231	0	0	0	0
10.029480350509722	0	0	0	0
-8.768728706407316	0	0	0	0
4.8033471626627176	0	0	0	0
-4.880031869230599	0	0	0	0
8.227586200933601	0	0	0	0
-9.778844190776383	0	0	0	0
9.525365691779278	0	0	0	0
-7.197014613893927	0	0	0	0
4.957442981970978	0	0	0	0
-4.338939080469274	0	0	0	0
2.3724328525976404	0	0	0	0
0.5863314478600969	0	0	0	0
-1.3576226522518127	0	0	0	0
-0.22403711409032923	0	0	0	0
2.188461589848245	0	0	0	0
-1.3677762896097505	0	0	0	0
-1.2348756998459436	0	0	0	0
-0.12068006236312101	0	0	0	0
4.51318662168223	0	0	0	0
-5.867945393740264	0	0	0	0
6.860036132910892	0	0	0	0
-6.753933425479538	0	0	0	0
3.246803380645879	0	0	0	0
-0.48892716247988943	0	0	0	0
-0.8183901762070178	0	0	0	0
0.19352686240861772	0	0	0	0
1.643666406527018	0	0	0	0
-3.871905014659312	0	0	0	0
8.020548977392849	0	0	0	0
-11.664949273869965	0	0	0	0
9.06101969609091	0	0	0	0
-3.4115535972123823	0	0	0	0
-0.48118125762592	0	0	0	0
1.765663258704599	0	0	0	0
-2.1389079997587643	0	0	0	0
1.144315262049716	0	0	0	0
-1.389425660604445	0	0	0	0
2.3592244527000332	0	0	0	0
-3.120392893955284	0	0	0	0
5.993758500253918	0	0	0	0
-8.619629244860889	0	0	0	0
10.232747191002233	0	0	0	0
-10.690631120545376	0	0	0	0
9.069903197640635	0	0	0	0
-5.911490463780645	0	0	0	0
2.3387350609194684	0	0	0	0
2.5136707108889738	0	0	0	0
-6.071594570507266	0	0	0	0
8.957720543350597	0	0	0	0
-9.877441532678674	0	0	0	0
8.694691733102054	0	0	0	0
-7.357347581040749	0	0	0	0
6.070456530255136	0	0	0	0
-2.7644288827626653	0	0	0	0
-1.6225787884675071	0	0	0	0
7.487168888096683	0	0	0	0
-10.492277079494265	0	0	0	0
8.015662999497259	0	0	0	0
-2.0366223088274964	0	0	0	0
-1.9515918174318898	0	0	0	0
2.435578376083818	0	0	0	0
-0.4833200460348053	0	0	0	0
1.2717009440134106	0	0	0	0
-2.065347465875547	0	0	0	0
1.9833780488677561	0	0	0	0
-2.351746179373521	0	0	0	0
3.388447508914467	0	0	0	0
-2.336727262047056	0	0	0	0
-0.8717906616003859	0	0	0	0
4.102766016306987	0	0	0	0
-4.102498345888968	0	0	0	0
4.470803816697575	0	0	0	0
-6.887235399501009	0	0	0	0
6.972958963766608	0	0	0	0
-4.779967659925958	0	0	0	0
3.9114335105398865	0	0	0	0
-4.773162395618321	0	0	0	0
5.291316783391622	0	0	0	0
-5.102906587307821	0	0	0	0
5.81953715604692	0	0	0	0
-8.397504024681048	0	0	0	0
11.98976868752306	0	0	0	0
-12.98596760850267	0	0	0	0
8.917593499289097	0	0	0	0
-3.567601224017338	0	0	0	0
-0.7379729090857836	0	0	0	0
4.074491612705131	0	0	0	0
-6.059732384045212	0	0	0	0
6.275701808413785	0	0	0	0
-5.878518304812054	0	0	0	0
5.989141572226622	0	0	0	0
-4.556116636936061	0	0	0	0
1.1755977083666451	0	0	0	0
0.3988979997708668	0	0	0	0
0.9222815676695504	0	0	0	0
-3.601882876082108	0	0	0	0
5.99107169801777	0	0	0	0
-6.759749910469374	0	0	0	0
6.346774545703816	0	0	0	0
-4.620475578169433	0	0	0	0
1.3755880319892455	0	0	0	0
-0.36247838222676876	0	0	0	0
1.8171770278988646	0	0	0	0
-2.6351997547129145	0	0	0	0
1.8330852777178563	0	0	0	0
0.26305377872282776	0	0	0	0
-0.8099431148181822	0	0	0	0
0.28996497504623875	0	0	0	0
-1.135709224909192	0	0	0	0
1.0255165364568697	0	0	0	0
0.35601637892234805	0	0	0	0
-0.03946507979844682	0	0	0	0
0.27505795709214453	0	0	0	0
-1.2863635441305306	0	0	0	0
0.5093842596007718	0	0	0	0
