0.27845991791391356	-0.39559016271780933	0.6953835482850081	-0.14664222610647926	16970.57729520927
-0.32218167336299786	-0.896560757519822	2.4846698124395346	-0.42702379558572545	16970.95684901042
-1.1116466377263663	4.3710358040906385	3.236021954281881	-0.6164502519427373	16969.949607065424
0.19582438073019404	-0.10432430611665211	9.567873682694966	10.83034169260408	16971.319081780788
0.34770812164131826	-1.1043267187618184	1.7301918907595422	-0.2696375528440029	16967.480787723493
1.6287321443882092	2.9021963571305847	7.4075633959752025	-2.784775806989259	16981.12528352007
-2.689176186494862	0.7402693816780328	4.342504185215731	-1.9701179854243662	16964.970687270878
2.0722516419443906	1.7704123968429002	4.205876604227441	-11.75823804097314	16924.8564874022
-1.3026346771620823	0.6720945309316164	10.903501780830567	-2.5366461817608723	16889.814015189757
0.8529580330070701	-1.7460235578733574	3.824753459475957	-4.611720610388403	16868.006065313813
-0.12858171472210245	-1.214151702555803	13.03755330529772	-25.18641474569175	16864.23251585623
0.08429641417266964	3.0892159452457193	1.176758233326126	18.989342720317694	16868.713575001162
-1.1425969681484887	1.4220636309140673	6.317492810053494	-26.291243987579307	16858.702100790346
2.055206515292049	5.7503250477587855	-2.6811252789676843	9.29546457976737	16833.442079609184
-2.0357056247213166	0.4635556762773376	-3.118441953797415	-12.193761859796126	16903.840793975844
2.2260200535438273	-2.8392670727907188	-7.514705875695412	-1.706332255101131	16739.01084219662
-1.4356236794489519	1.1908609194495554	2.4927264439054966	7.245918892126596	16655.69576254914
0.27249029585352247	5.514109061222392	-3.13052233906393	1.6122520618972231	16670.631326235078
-0.4731684061661312	-0.8934948778096583	1.7183539240770642	-1.6468135224202456	16752.32716548893
0.8567617036133441	3.7790427465669083	1.2861828110672633	4.103543989004706	16775.748178194684
-0.14041870250675004	-4.4655753504402895	13.782948342518765	1.021332962206671	16761.278571557203
0.24920293596353815	-1.9105983832179092	-1.934322639161195	-50.33438810934639	16824.638648977518
-2.228157734847244	2.259153011528632	-1.4484896792958324	56.969386394606076	16881.41280847517
2.744428620412421	1.4036364448041851	2.58120731075563	-33.42253441510904	16869.919366458107
-0.7835334750428302	-5.462578942865079	7.4410213964460326	5.61331399447279	17147.71785132659
0.28919627502772727	8.400197495401578	10.390784148458835	0.794150589649945	17263.944886294088
-0.4702434306000782	-5.253064124889939	0.7112568786954512	17.181910698113683	17184.590362047726
-0.8589143108805644	5.378980622847649	7.029070142678705	6.700006476950563	17169.617673783476
1.7018837495287755	1.1148239697917575	-8.9671831484535	2.2427357333773443	17158.545404751276
0.11309634866132967	0.0931493931129097	11.19240452347843	0.17567016517486422	17122.089611248142
-1.967288116874613	3.6119878952831854	-3.2555413384677223	7.513122472959282	17099.48579503521
1.3161329720233965	2.61225176101086	-4.584829502300423	-6.490800233058508	17060.934934472974
-0.31043589429969387	0.538355296118219	-7.607887030898766	14.05936223543128	17052.27078769605
1.0947784449077673	2.383777210278197	8.559844775097119	-13.431152029504872	17073.763808462056
-1.2271105564525797	2.367514044304201	-10.825720703344103	8.841079309738504	17038.8401166643
0.28010468357916096	4.070739961614187	4.662119313940821	-2.8274862079857286	16969.823018442985
0.3539454523030159	-5.170599895788101	-4.772842997516378	-3.3550822952332453	16923.837374855197
-0.8162640105543986	5.482867622389264	2.3685598954867118	11.475103167676409	16933.71766345115
1.0188476709250978	-5.144094864767915	-3.5421491746974283	0	0
-0.07257937218076194	1.7446731780277744	4.295339368441034	0	0
-1.0253557658467756	-3.6492694623067337	-0.374979758857819	0	0
1.2580693876091615	-2.9132077462629766	11.692059186146267	0	0
-1.1313459408636533	-6.45620913229147	-7.065112161892202	0	0
0.8650596388613963	0.45879796785819593	-1.0513375605615636	0	0
0.5191547279089832	5.189657175758448	4.540252607890849	0	0
-1.8380586581145906	4.32880633881593	-1.788333692566809	0	0
0.6539544071748864	-6.902200694031315	-21.517595226909123	0	0
0.9693958679041401	-0.9168326687256041	2.8454274601330383	0	0
-0.05560221743883176	-1.5270191841359733	-10.226120772295985	0	0
-0.920624863007852	3.375459947001687	-9.908888677993005	0	0
-0.6890167605093822	-0.4440571246483458	-4.408220554746535	0	0
2.488487764669351	0.5237319093251429	-5.350016385826933	0	0
-3.0729654072326227	-0.7426866604401638	13.445747880157896	0	0
2.703106108131884	6.136393846585975	3.410638597661105	0	0
-2.4234358062355668	-7.982375516943797	-0.7388237785676637	0	0
1.7743794904882222	3.3602262098315663	-2.9316306630578026	0	0
-1.8744217037286575	5.191560879597944	2.652854076091643	0	0
2.5134429538465426	-4.4744144155265175	-5.30068667409013	0	0
-1.1686508898606434	-0.22147866910535896	-1.60036413924378	0	0
-0.32555967757466675	-5.173255905522211	5.056929378092107	0	0
0.18803077582153804	1.646404677595818	-3.9504087317977934	0	0
0.504827751615025	-1.524626016136672	6.2485682657605395	0	0
-0.4549314582767323	-2.2096827761774094	-10.81706304585407	0	0
0.7542493788284403	-4.525053288494483	7.698414363196832	0	0
-1.3255923275290584	5.373238018699148	6.469524911784788	0	0
0.6578839601602766	-3.4859198348504634	-4.800838702424542	0	0
0.32846132584128185	0.49988199896618823	0.17828000581025094	0	0
-0.11750322399746693	-3.835956231470881	0.6809322586219366	0	0
0.4068835066955927	-6.8528071322850295	2.9186467594849717	0	0
-1.7210680983805133	-0.5292601017044589	-9.089908762295082	0	0
1.0730707590181154	0.3361838459806279	0	0	0
-0.1002929467714111	-0.33412298315751343	0	0	0
1.6087215217882402	7.24362093880567	0	0	0
-2.968747843325069	-3.2448169576337804	0	0	0
1.9725374677255658	3.1756277762589775	0	0	0
-1.1265391317013993	4.638189098335509	0	0	0
2.393480425873342	4.996103173181986	0	0	0
-2.961125440307079	2.1170920987121775	0	0	0
1.7570451168723835	3.6378131954669755	0	0	0
-2.472142508392892	-2.6959201245540925	0	0	0
3.399995138200694	-3.6526300733216033	0	0	0
-1.783317585653208	1.526747455188172	0	0	0
0.2647389252473573	-3.75947272574777	0	0	0
-0.09997827995115927	6.409233055095356	0	0	0
-0.6768031935266805	5.726525831691205	0	0	0
1.6256281091296927	-0.018997081371651348	0	0	0
-0.7476155540884761	-3.7355616405724703	0	0	0
-0.8268013862256254	4.248925053298208	0	0	0
0.8114971073064225	-6.901422304493707	0	0	0
-0.4731823498264518	-2.0584433389687717	0	0	0
0.4334193775886277	13.168848067676251	0	0	0
0.46832871084210836	2.894199044976361	0	0	0
-0.4858862238664514	-5.8864620894934205	0	0	0
-0.8136251161850581	3.218145771015685	0	0	0
1.1134388615247417	0.8062088641674592	0	0	0
-0.7238469339012568	-2.326509374021981	0	0	0
1.5866493601581269	-2.0071113754583934	0	0	0
-2.34224304958952	0.024343279169869447	0	0	0
1.3219756700822742	-9.220059813684898	0	0	0
-0.807183737665305	5.011570970821779	0	0	0
2.402154867240256	-0.6033512216463919	0	0	0
-2.353529982623037	-7.37945672823048	0	0	0
-0.07444043333260453	-0.9120376098695004	0	0	0
0.6275917964657296	-4.697178400428356	0	0	0
0.5577704191773449	6.392040765020425	0	0	0
-0.36198434036751337	-3.169433806618116	0	0	0
-0.7173353751940112	0.12673587403630648	0	0	0
1.4288415196595636	4.713690715919412	0	0	0
-1.7054265408432272	1.3152836905938727	0	0	0
1.8307516886440638	1.8690441430229185	0	0	0
-0.08574136324556036	3.3257063087863514	0	0	0
-2.2168479492182414	2.7451717229055603	0	0	0
1.7018851887586806	-4.1447607287598345	0	0	0
-0.5655634404797638	0.5702957570214764	0	0	0
1.533479887049083	-4.147289876558453	0	0	0
-2.0672260274648124	-3.1187595602839195	0	0	0
1.1363959877050647	2.0612682856970537	0	0	0
-1.2851189403919747	0.21658594584641833	0	0	0
2.2782219930700265	4.8411445752418345	0	0	0
-1.47200518198499	5.138259936146611	0	0	0
1.0472865036006667	-1.0224204614681227	0	0	0
-2.8794978890966973	0.434329080241568	0	0	0
3.593094000981587	5.461103052757807	0	0	0
-2.237499988554873	3.1617369545714595	0	0	0
1.5561837319855698	0.29215486889733455	0	0	0
-1.736357142947611	2.1496562777459545	0	0	0
1.6837032472154547	2.0375888191003853	0	0	0
-2.64336557091427	0.6566890855277308	0	0	0
3.3726134865144743	0.877348652653481	0	0	0
-2.059040611684928	-7.977768045198182	0	0	0
0.35974135300374854	10.179045297013076	0	0	0
-0.111220840716868	-4.272198834546522	0	0	0
0.28108672289091885	-0.29013863760660996	0	0	0
0.7831933531582678	0	0	0	0
-0.8853478635008685	0	0	0	0
-0.11226180072160474	0	0	0	0
0.34672396799134475	0	0	0	0
0.08099191095074332	0	0	0	0
0.865051336313094	0	0	0	0
-0.9220496993559806	0	0	0	0
-0.9959842970506187	0	0	0	0
1.152417674360727	0	0	0	0
0.7894169814606755	0	0	0	0
-1.5565959254733386	0	0	0	0
0.9412413632670891	0	0	0	0
-1.0788277671781543	0	0	0	0
0.9927729724295347	0	0	0	0
0.2808872730340539	0	0	0	0
-0.3514366405197791	0	0	0	0
-0.6727032551044019	0	0	0	0
0.2562399974231866	0	0	0	0
-0.6856379817584468	0	0	0	0
2.7517491430314607	0	0	0	0
-3.1435531218270114	0	0	0	0
2.6118534669911	0	0	0	0
-2.787126779138127	0	0	0	0
2.9276461991485974	0	0	0	0
-1.4714273338000226	0	0	0	0
-0.07830837695049553	0	0	0	0
-0.6775629256433646	0	0	0	0
1.4455516386099205	0	0	0	0
-0.5956251622621878	0	0	0	0
0.15341619740621582	0	0	0	0
-0.00909516238787944	0	0	0	0
-0.1771147635575261	0	0	0	0
-0.7548516326859911	0	0	0	0
2.8848505259343398	0	0	0	0
-3.546113913264776	0	0	0	0
2.7061167575481946	0	0	0	0
-2.185532650444877	0	0	0	0
1.8163072669902647	0	0	0	0
-1.216815324744971	0	0	0	0
2.0400794664568096	0	0	0	0
-3.7031673149511093	0	0	0	0
3.5195190885189334	0	0	0	0
-1.554996841001305	0	0	0	0
0.5106039824950344	0	0	0	0
-1.8955963612063655	0	0	0	0
3.454630999988005	0	0	0	0
-2.838630128273593	0	0	0	0
2.3684614531346497	0	0	0	0
-2.080206438912562	0	0	0	0
0.5143615177677319	0	0	0	0
0.36862781622074436	0	0	0	0
-0.9418274492383674	0	0	0	0
1.5419125109940452	0	0	0	0
-1.1457745194514075	0	0	0	0
0.21403196755041165	0	0	0	0
-0.3962284145413193	0	0	0	0
0.07840505737321735	0	0	0	0
1.6469136019595894	0	0	0	0
-1.7186982373005506	0	0	0	0
0.471031512522444	0	0	0	0
-0.6407929136996557	0	0	0	0
0.6199094997190073	0	0	0	0
1.2327243096634746	0	0	0	0
-2.511358725579086	0	0	0	0
1.1008521731127914	0	0	0	0
1.0552011628023052	0	0	0	0
-1.2136564774760146	0	0	0	0
0.6786053851181535	0	0	0	0
-0.5544363745979766	0	0	0	0
-0.9316596439403284	0	0	0	0
1.8624020445706293	0	0	0	0
-1.4065592100171074	0	0	0	0
1.8104648669507668	0	0	0	0
-2.1217675226649106	0	0	0	0
0.7281394406082597	0	0	0	0
0.4159829240358306	0	0	0	0
0.8958676159261643	0	0	0	0
-2.9079119307627224	0	0	0	0
2.5949807007038217	0	0	0	0
-1.5988877116659452	0	0	0	0
1.034779156136878	0	0	0	0
0.023577918642672557	0	0	0	0
-1.0248951667584265	0	0	0	0
0.3322344539204778	0	0	0	0
0.5159858902890377	0	0	0	0
0.10282582518649264	0	0	0	0
-0.20421660997821078	0	0	0	0
-0.6038408952735992	0	0	0	0
0.7081594939753089	0	0	0	0
-0.44835795110414267	0	0	0	0
1.6977079649280427	0	0	0	0
-2.4143759415492525	0	0	0	0
1.0325900209498755	0	0	0	0
-0.43348574951664176	0	0	0	0
1.244258372230398	0	0	0	0
-1.0415493914490526	0	0	0	0
0.19489294157769166	0	0	0	0
-0.6720603323086962	0	0	0	0
0.7048693097044634	0	0	0	0
-0.02291188149494161	0	0	0	0
0.329264387353426	0	0	0	0
-1.1596503647604806	0	0	0	0
0.40639048969668323	0	0	0	0
1.0349354502928492	0	0	0	0
-1.2038874354944653	0	0	0	0
0.97198815156991	0	0	0	0
-1.6040881204734134	0	0	0	0
0.8491802064354914	0	0	0	0
0.04179254213381256	0	0	0	0
0.7142269533721333	0	0	0	0
-1.3209807257310402	0	0	0	0
0.8060993951543693	0	0	0	0
-0.2771107438958538	0	0	0	0
0.534390052515036	0	0	0	0
-0.6151778127425089	0	0	0	0
0.3895244222244898	0	0	0	0
-0.5663280798497183	0	0	0	0
0.7447882086410544	0	0	0	0
-0.10722571720334173	0	0	0	0
-0.07424456901882337	0	0	0	0
-0.9526810738993774	0	0	0	0
1.4922397116674233	0	0	0	0
-0.7755640818392777	0	0	0	0
0.0935591882535789	0	0	0	0
0.5140057342493236	0	0	0	0
-1.6528412195864632	0	0	0	0
