-0.03375866214550172	1.6538601171599723	-6.931576716659691	0.40807619051818733	16900.901977959606
-0.2116191965660974	4.3461784459848545	-21.988617792439015	2.4227203478844785	16901.506109217113
-0.5345768245161651	-5.197258133363285	7.669460047260415	16.22319124509592	16905.608416853527
2.3230099429570217	4.623247208636116	-4.366266955578851	7.234191496596466	16900.03653993844
-2.365726584233556	-2.2153502164154375	11.32196500020251	-11.734279533876375	16909.440681035598
1.428261779009759	-0.24497712499930913	-12.144893699034867	-9.15770897624077	16876.869975014466
-0.4363597340244354	-10.07379488686545	10.64096356962682	8.340857668089896	16939.70658398167
-0.8915682240142786	4.95052336966981	-14.138209468302463	-25.254976653482572	16897.785104609604
2.27407601263382	-0.8390875963301312	7.683716230656913	25.059963025801338	16975.49920405575
-2.5136058702991946	0.07498679488101345	13.422230544360033	-25.863270772871672	16987.568351545116
1.2017236971986307	-5.806648368241717	-2.7930180907877684	3.3630623685726277	17001.398297726075
0.08022459156838124	-13.950377390467935	-9.019699889757064	-8.315252321270549	17043.562383890152
-0.7138824890788484	5.117872206997703	11.226745523630953	2.971802398046833	16965.084686338938
1.2890121997780994	6.303041876817652	16.716161060970975	13.910428915370034	16956.004977268993
-2.081760279985069	-8.203185404209165	-2.7671715383791735	-4.428008236749136	16908.276147095774
3.2982587366375427	6.07714596334926	10.44092908617013	6.5598064251959585	16873.676083735612
-3.6478623634750846	13.422776822956124	-15.616284677317182	14.307519720527793	16873.043937384908
2.9469616379925654	4.742344440682665	11.933286844441653	-15.128655905514321	16854.369185312415
-1.4016318287015608	-1.591742380121623	-4.772205822569049	-8.705700317757518	16828.14465837784
0.35261701716849814	-1.815742510703977	5.873480062117068	-2.0330870305528634	16861.37932356871
-1.3397870543280348	8.937507045760725	2.1689162551658114	-2.7839562661869053	16858.964336788216
2.125123936447501	2.802952105893148	10.628851620470357	-15.862576560919237	16871.292363634515
-1.7097926699929573	-10.551232908934608	-5.895704018863512	-22.10617260818279	16878.840418264623
1.1775629120821094	-9.416890709943502	-2.3678229533992408	-23.341456473847984	16861.51112416906
0.609995479406571	1.9557458551891145	-19.4410725085839	0.1444827172788763	16928.512798855907
-2.0847420294730483	-11.64407836256337	14.430443506878419	-8.69881554003021	17021.83361865396
1.550671870646731	2.949713282531974	2.0237250177148525	1.6832127950037687	17011.856399647088
-0.36267017685241143	2.3287973547007965	-11.488722715185418	1.1737078992141647	16965.173148040492
-0.14895785818021778	-1.5037188312383662	1.2900442328952977	11.061779308491424	16935.305583333833
0.10970075456297224	-15.711785210126578	-3.559807866634003	-12.527350490329653	16907.477353403254
0.7930358272943749	4.601022423672539	7.162453661630465	15.632543093229131	16915.830139453414
-3.120053513599828	-7.805899506529947	6.244622885189571	6.273801508799849	16899.865744662122
5.176087472083026	2.8239718567299548	-11.72657599432388	20.60215430222408	16899.449513698815
-4.886978455863677	5.702135631100752	8.412894834015873	-5.7208916589849395	16898.978126680697
3.032361967979334	2.6875279593566503	-4.5524906706596795	8.454165478496634	16901.94269152155
-0.9938204674918723	-2.3036594285502616	-5.487257433089923	-2.549546307969308	16914.58358262522
-1.3416947770224965	-5.48327066236611	9.247818709474842	-6.650949361481267	16913.882704828848
2.70723669638393	3.3210618202424484	9.560955449207455	1.877460835435727	16939.9469020085
-2.1105134178084484	-4.163589590287835	-1.1650812660704162	0	0
0.09960592129264967	11.049856928224543	20.133977077311513	0	0
1.7471296725804422	2.3830538373657433	24.16198979319944	0	0
-2.998587543777532	6.006793655193377	-3.6714214730142487	0	0
3.142022271029397	4.605212580042348	9.74016052978206	0	0
-2.8708005865664035	-4.912843823463035	3.084166538310072	0	0
2.0242133663798825	-0.9204037519950177	21.268435840919565	0	0
0.06610768243239562	-3.043618019011319	-0.5446184427046603	0	0
-0.8441398781229879	2.483018174824103	-12.68669286003987	0	0
-0.4525840644214014	-1.6919397660936966	6.4342639703770885	0	0
1.1166707508464668	-3.866771479406289	-2.842428349198798	0	0
-1.062657718121315	1.4093326827534014	-9.915207828701199	0	0
0.9732314268796145	5.9848784862825255	8.527000365581344	0	0
-1.4040156758248585	-0.48591850204893206	-4.357344311226925	0	0
1.8044116583867975	11.568669734159734	5.412921954403188	0	0
-1.156233203844117	1.670887498586957	3.4727603627908508	0	0
0.5494971179408381	-9.309999596072899	-6.930993024031864	0	0
0.23461228453259508	-1.144480145492743	3.192905192341243	0	0
-2.5873926367070794	2.3488965442197127	-7.543950249969313	0	0
4.5470785566106855	-5.250201052218721	-11.66901389389676	0	0
-4.076963516188506	-8.614153130809271	-1.872143308142455	0	0
2.5828745760360334	-2.059624594088369	4.663009691363314	0	0
-1.3870493324922677	-8.007119848965537	0.25407583352190954	0	0
1.0499911771358015	-2.7387107776020443	-6.730190400384217	0	0
-0.9151636886207157	-3.9558878914213764	-17.9093942128373	0	0
0.10742135467064884	4.874352708147626	22.461406969209705	0	0
0.45038983456691284	2.5130626147375352	3.1760088993450353	0	0
-0.27970725279323005	9.845148304683661	-4.9491891545790025	0	0
0.39754801006134244	-6.687316253986033	-0.4440321248806356	0	0
-0.8915874929513663	-1.3958432932707936	1.8168713561863257	0	0
1.1320610614231796	5.943212056841347	3.3376665594271486	0	0
-0.5962962468483397	-2.3115712367983576	-10.429462751027756	0	0
-0.7150388156768699	3.50763392488323	0	0	0
1.2404718931791692	5.2775551423633615	0	0	0
-0.7491235225212733	-0.950843218794553	0	0	0
0.28313301862505114	0.5845004623859538	0	0	0
-0.3468912472463188	-5.882417171873186	0	0	0
0.08246252843758128	9.634108475473774	0	0	0
1.540522163132195	3.4806642126077207	0	0	0
-2.777390462030766	-22.651108607879088	0	0	0
2.1403638190745795	7.793406594228621	0	0	0
-0.7316905517572181	-3.9458574521937564	0	0	0
-0.15322396140267358	13.584532425220708	0	0	0
-0.050253387230185353	6.079159078518138	0	0	0
1.0087585224431876	7.102244801725362	0	0	0
-2.0851402006380795	2.521289000916717	0	0	0
2.2295744856578423	-8.78998224536997	0	0	0
-0.8263808450090266	8.87567931369739	0	0	0
-0.6683146129601951	-4.579739144983428	0	0	0
2.387257054067483	-6.990195581241871	0	0	0
-4.080732427978198	-2.2994067580415987	0	0	0
2.7877227058839225	-5.624756540677261	0	0	0
-0.6284290173571421	5.763013963680528	0	0	0
-0.010688118385090206	-9.09376701691815	0	0	0
-0.1239473772577	2.3160466058691043	0	0	0
0.9314792560061136	-3.3274577012427358	0	0	0
-1.6040663153502237	15.262989099967498	0	0	0
1.1256553537023777	0.8302211768504222	0	0	0
-0.6474563823917805	11.465459386983945	0	0	0
0.8125020726725865	6.347808720195225	0	0	0
-0.31204137719450387	1.764424045287143	0	0	0
0.1171338618797293	1.3505728265511507	0	0	0
-1.5841591804190642	5.130471546721289	0	0	0
2.846885335703064	14.66222565350835	0	0	0
-3.169997211677959	-11.559768809747617	0	0	0
3.4582808392580873	5.838065243765719	0	0	0
-3.7857269964991787	-4.72631757667007	0	0	0
3.2846051484001606	-2.960115670057071	0	0	0
-3.4565600019344345	-0.361098600029095	0	0	0
4.41381623613956	11.07279999115324	0	0	0
-4.170209349960558	-6.6408996555029844	0	0	0
3.4030453104282046	-2.614151912261484	0	0	0
-2.386730675535617	21.364430160822145	0	0	0
1.5441689107771026	-4.902966453285309	0	0	0
-0.713857241116358	1.3794042410790084	0	0	0
0.006596974650278753	-2.882358725341767	0	0	0
-0.2066825851031311	4.430417036983968	0	0	0
-0.35691712209914783	-8.000735905922383	0	0	0
1.3180548846183626	9.229354163617316	0	0	0
-0.9951963004924167	4.011792832916846	0	0	0
0.3278985949775972	-9.874955935596745	0	0	0
-0.5041970999956789	1.9400159785110205	0	0	0
0.8112662383945022	1.9326286430881368	0	0	0
-0.910256138048446	3.614714376801331	0	0	0
0.49973311092828254	-3.8490478398181693	0	0	0
0.8747063953591407	2.9772366958674823	0	0	0
-1.9015956494252322	3.687883135390848	0	0	0
2.4747842830300613	-8.298110704293634	0	0	0
-2.6789149509481476	2.044685576749089	0	0	0
1.8941746096272638	-6.4399268410224195	0	0	0
0.3321011873310482	8.979127901348775	0	0	0
-2.9860462361100772	-7.142563408074544	0	0	0
4.191368786315401	6.238474223000722	0	0	0
-3.09661310906467	-8.601773429345641	0	0	0
1.6495292574719471	8.28322806414166	0	0	0
-1.3213948851198012	0	0	0	0
1.8923798102161342	0	0	0	0
-1.9235399751068485	0	0	0	0
1.9038824546821687	0	0	0	0
-1.2102539762477207	0	0	0	0
0.4068557081617925	0	0	0	0
-0.9435017938257744	0	0	0	0
2.5158080540579704	0	0	0	0
-2.9922543306807583	0	0	0	0
2.631196577491316	0	0	0	0
-3.3046449387410917	0	0	0	0
3.8236331728424346	0	0	0	0
-2.4447220782613925	0	0	0	0
0.19081207235242914	0	0	0	0
0.8536228300812496	0	0	0	0
0.028698434822267416	0	0	0	0
-1.6012312828456103	0	0	0	0
3.1807067234581794	0	0	0	0
-5.406435268483143	0	0	0	0
4.782910223766997	0	0	0	0
-0.394254953528808	0	0	0	0
-1.794879154721734	0	0	0	0
0.36597352120379156	0	0	0	0
-0.5951483776396884	0	0	0	0
2.385424490096625	0	0	0	0
-3.307016587942435	0	0	0	0
2.4855434856097958	0	0	0	0
-1.0439935122001387	0	0	0	0
0.9599399790664691	0	0	0	0
-1.3808310639773964	0	0	0	0
0.6344059093470804	0	0	0	0
0.8247180481829801	0	0	0	0
-0.8327220746099968	0	0	0	0
-1.3089004032538156	0	0	0	0
2.386249309540986	0	0	0	0
-0.5489601095978642	0	0	0	0
-0.21222880051846005	0	0	0	0
0.08975394716690488	0	0	0	0
-1.3347718342208807	0	0	0	0
2.17701351656126	0	0	0	0
-1.3682154795711554	0	0	0	0
1.3303298069180087	0	0	0	0
-1.2089151770677375	0	0	0	0
-0.19223260423972022	0	0	0	0
1.0224872581179127	0	0	0	0
-0.4683630695374603	0	0	0	0
0.7232171219648507	0	0	0	0
-2.9218329982220226	0	0	0	0
4.181339015989131	0	0	0	0
-3.8704944173557507	0	0	0	0
2.8151341780769883	0	0	0	0
-3.0816057361149873	0	0	0	0
3.8380275720757524	0	0	0	0
-3.1671302539839203	0	0	0	0
1.8939640782363583	0	0	0	0
-1.4454504252564462	0	0	0	0
0.23478057761641935	0	0	0	0
1.3978036871115265	0	0	0	0
-2.5514116843572126	0	0	0	0
3.3895373051525084	0	0	0	0
-3.4535318156588204	0	0	0	0
2.571672341755452	0	0	0	0
-1.2930756268242831	0	0	0	0
0.13064941060052604	0	0	0	0
1.9380917038034937	0	0	0	0
-3.4402087950967584	0	0	0	0
3.243099344753027	0	0	0	0
-0.2725322808783943	0	0	0	0
-2.078753036009232	0	0	0	0
1.7233664261914896	0	0	0	0
-0.5786204439049314	0	0	0	0
0.40299476615955143	0	0	0	0
-0.5883829543845636	0	0	0	0
1.0944567874308788	0	0	0	0
-0.47789248491493197	0	0	0	0
-0.8222683477677251	0	0	0	0
1.638837356531404	0	0	0	0
-2.9376682261271156	0	0	0	0
3.5561561234271792	0	0	0	0
-2.241609938166633	0	0	0	0
0.2530776507959587	0	0	0	0
-0.17798752556706887	0	0	0	0
2.8620307491189436	0	0	0	0
-6.669958368689699	0	0	0	0
7.996068212658031	0	0	0	0
-5.590849039144395	0	0	0	0
2.468231588319263	0	0	0	0
-1.4767295450462044	0	0	0	0
1.6768655216215578	0	0	0	0
-2.140581013505418	0	0	0	0
3.5238850944387963	0	0	0	0
-5.080099141475593	0	0	0	0
4.931688800837833	0	0	0	0
-2.67187209592997	0	0	0	0
0.10684612792277193	0	0	0	0
0.8950779359988701	0	0	0	0
-0.7521059588946812	0	0	0	0
1.7710800299886529	0	0	0	0
-4.037944145706881	0	0	0	0
6.0109632489847655	0	0	0	0
-5.70326874327187	0	0	0	0
3.2965323171092393	0	0	0	0
0.21388194073193034	0	0	0	0
-2.73681019088356	0	0	0	0
3.5196008475095297	0	0	0	0
-2.8917832407818764	0	0	0	0
3.5250075326499086	0	0	0	0
-3.686904003510776	0	0	0	0
1.4711672095386845	0	0	0	0
0.3309272274547794	0	0	0	0
0.08815262513396505	0	0	0	0
0.24291828790357783	0	0	0	0
-0.7737727264863921	0	0	0	0
1.0960674751014636	0	0	0	0
-2.6244158411965586	0	0	0	0
2.388293835608742	0	0	0	0
0.10786691965163442	0	0	0	0
-1.6896193527831542	0	0	0	0
1.2077135586748895	0	0	0	0
-0.8089210195452097	0	0	0	0
-0.031138119272725362	0	0	0	0
2.13552612379479	0	0	0	0
-0.3770886933052253	0	0	0	0
0.25963782397281676	0	0	0	0
-0.5578458567102089	0	0	0	0
-2.288225999318364	0	0	0	0
