1.1673581652807457	-8.797823222147166	7.878666988348371	-0.3042662262578233	16972.32349515714
0.2709283475378115	-25.9658387486023	26.938997622118123	-1.306707372738785	16976.010533964945
-3.6093495013624803	27.695882997702775	11.812405463708473	-1.5880533707165796	16968.284786645756
0.47761519827422205	13.213633409612868	17.248091204954818	-61.648035381984755	16970.912199175396
3.3535822103649764	-11.324222834169191	8.56998775675467	44.59334898236219	16993.092505511613
-3.4938501279546657	18.728079140795543	8.316361494445658	-10.576873036315163	16902.003087736055
-1.2224098524883118	23.51200664576988	24.477257686591457	-0.7521049281372143	16693.46222195256
5.312170059467206	11.972198635340774	-10.445065792911407	42.528755023492636	16599.577298719778
-6.618053969666057	-15.718517476225443	31.65448935406701	-5.290031599583671	16633.96165623791
7.843965962664804	4.160846001460818	-13.549461790121256	24.162878142446175	16830.479308743776
-6.473110781849627	-8.303732508534203	-23.98223476813112	-39.96650747788193	16726.94481584314
2.3815166429918904	-17.813863037455043	-11.225958550353951	32.54599996300924	16623.183671235754
2.665740492802918	-17.065125182564095	-14.500400235512387	-10.137312210714398	16621.17204793369
-5.799047384013946	-18.21698719117392	3.7281419225781747	-5.938393686859783	16691.36258759045
6.589959543652434	-29.43458871498786	-19.13300987563153	-45.71644001093175	16728.436572753337
-9.457241655746067	-33.60714269026408	-21.8893656791347	-32.64167143033637	16696.80477528956
14.168634831424377	-16.733118884562423	-27.96336658991433	23.83042670840244	16608.963282285375
-15.605824990337524	-25.780985671504673	-57.524935674181975	55.59223275237336	16873.498725174075
12.151483522909409	4.24970392217061	-69.55965706193793	-53.79705739851698	16842.15158918065
-8.367539876029824	4.177874138334801	19.579386380260573	10.504869591982398	16918.611366274938
4.0580199395442165	-22.6740019793954	-16.088218350278396	43.13026451432043	16981.717071977062
-0.5080949504362025	-11.07707873930434	32.44776028690832	-1.2076410532859683	16956.336042360166
-0.5396724052885347	-23.26316518350577	59.720522928113894	-20.560105582002407	16821.013193897787
-1.1810244456250558	55.80527448267319	7.536156980612063	-25.49892323682377	16756.483294190308
4.192152681012921	-7.42520087887965	-23.3655583729212	189.05413329927788	16701.70964158613
-5.335512743908673	34.66528180243017	-36.06641122892981	-127.8313481927626	16940.053947211924
4.628667616499094	-29.069398560080778	53.799877597789504	-69.5218134751764	16812.712196821947
-5.360074637375256	-14.763530330742817	8.873724775537028	50.6219790420608	16865.215000163338
5.56971207321461	-29.610745507906906	22.4038991371757	-31.36792081166776	16659.136318367433
-6.338245080203045	-38.31513078021232	-9.784311496102006	10.266312715206581	16513.764458723406
10.518778461878789	1.4698433936522264	16.027481500736258	5.36147925579148	16679.322864342717
-14.857945526387766	-2.6214740789326	62.81204949463286	93.44461110722861	16795.331794293394
16.114543387172723	-27.540328145956664	-44.65255582997831	61.62549618768699	16906.857293069846
-16.59122823975148	-2.2822501878428696	4.4629806791798785	-66.19442563626215	16982.846784950783
15.372679446986375	-26.103456381511727	-12.96766624106263	87.67836224230052	17608.238288076325
-10.352212091351987	38.17949179735972	-34.47029983814663	-33.9934467039547	17255.07126547696
5.146841654393761	-20.11595264829152	44.63664847893213	-43.57677911499019	17260.776082531625
-2.3684203900211642	44.31305226186061	-20.217321084998773	53.58244976788217	17532.432359882358
0.06787846410473009	-5.020014603320483	50.02879191802177	0	0
4.147971597851907	40.3327660364176	19.96557966431851	0	0
-7.52194846468791	-37.0333780454575	13.757854155076274	0	0
11.413172421750062	21.61435006223755	-16.437465296431853	0	0
-20.015785149010874	-13.277736178846283	12.607967631383744	0	0
26.777879439802	37.35999081030972	-43.98306238834904	0	0
-21.57439703477219	-31.598138458256997	1.8382269007742593	0	0
11.59696939118163	-1.1657308422229988	-55.14888371344489	0	0
-6.631987043051339	-20.234734970125338	39.01193180349961	0	0
6.50950829322705	8.902290592979092	-31.193594674147974	0	0
-4.774679490711314	-32.58081968656273	15.174623700454546	0	0
-0.21693354200272097	3.6726158064697003	-34.961865626439575	0	0
2.4898471068469803	-3.6300914061750333	52.031972573635784	0	0
-0.7426192591703966	-18.442960572877055	-16.71698851080562	0	0
0.7766276059013464	-7.956366381375631	-44.6825459403273	0	0
-5.1854968041346226	-24.189154886567025	3.0905486548981287	0	0
9.756338124950993	52.358474834529204	12.933971869427495	0	0
-8.185846936279518	2.6777082787734727	7.4090678256867335	0	0
1.9238454911097733	7.247174868608738	9.314550886037367	0	0
0.7791071947252917	21.69674177002171	-3.179489371552364	0	0
0.9697376075657971	-28.710885448561264	-7.543846668373007	0	0
-0.35211594219639863	-5.361079046286214	-56.82213011437625	0	0
-0.9614415786334263	13.944859308140025	89.21617091439873	0	0
-2.4034011425535198	-42.12095352497806	-87.64147625260114	0	0
6.192785760226059	-8.344991460165389	-9.713764362758099	0	0
-4.1993330452880855	-10.713167544660578	-13.513069906157583	0	0
2.630953955595757	-1.6920879627163643	23.782991238663698	0	0
-6.106100675209724	-0.14890165900180108	-15.19880656225051	0	0
3.471409577031821	11.097141134750714	-6.002305733850406	0	0
8.549887749933482	-0.3553830092654522	5.8688924798876485	0	0
-14.401931031694566	7.1944453625237585	6.39739402507891	0	0
11.732105277772895	0.731599812701262	-9.065437388868105	0	0
-12.121822491643776	1.8020939401148013	0	0	0
13.575229756391636	33.96861769642478	0	0	0
-8.475598752411145	-4.393335260642772	0	0	0
0.6601858299033125	23.123704064233316	0	0	0
1.932194345809748	-30.614847087953194	0	0	0
-2.0122237190889507	13.556703106842768	0	0	0
5.856861662956113	31.062282628170323	0	0	0
-6.611817828379245	-27.73945635920331	0	0	0
-1.238447585269462	-5.271745012789367	0	0	0
7.8441575928454625	4.446924788812666	0	0	0
-6.466927967628791	-14.45887565634741	0	0	0
5.187761851289181	20.77176252644744	0	0	0
-7.9918242529450225	-38.33796214601453	0	0	0
3.705730018593478	8.854870193531085	0	0	0
6.756452256140186	-11.32864537126747	0	0	0
-11.60860302081359	-6.907521909881389	0	0	0
9.2892841105864	6.530194373007518	0	0	0
-6.739000022572988	-31.96851653273663	0	0	0
7.179900031371801	-7.065366743928543	0	0	0
-8.815711720194393	-18.838762489694318	0	0	0
6.050644939355863	-12.106728345545179	0	0	0
2.727806231930522	-17.41829641321449	0	0	0
-9.780248295873534	10.721380591369055	0	0	0
9.880862217647895	-1.4258067900850122	0	0	0
-9.254798189885534	3.2851623343323197	0	0	0
9.25579452724439	22.25689852042916	0	0	0
-4.077596980960642	-52.493904407863894	0	0	0
-2.741258483848952	28.64660153407356	0	0	0
6.351428812009985	-11.892828173533488	0	0	0
-7.73425884133367	-1.6765437150788784	0	0	0
5.127991054469646	6.394430342626109	0	0	0
1.8083101330931157	-1.9203338800749208	0	0	0
-7.7591400069538	7.656271506008402	0	0	0
10.341112348180758	-4.544901831968467	0	0	0
-14.610903612709059	-1.5975754348739883	0	0	0
20.17251461441868	-16.635719270174064	0	0	0
-17.570568336892542	-24.319270880513216	0	0	0
7.518202995493461	-11.20471969228808	0	0	0
-0.2112834076437622	13.245155793468548	0	0	0
-2.6470299534649513	-24.199400722193346	0	0	0
4.487764261236606	-14.75781826203265	0	0	0
-6.519748604614385	-9.364448184425456	0	0	0
9.36290835086502	7.17084936687727	0	0	0
-8.720224728789837	-10.165436113536067	0	0	0
1.3591352051175107	0.8160532920348516	0	0	0
4.935296334519343	13.52601770069029	0	0	0
-6.662229302259206	-15.094512779584655	0	0	0
6.7294111852645315	72.99989872954018	0	0	0
-2.610060146057002	-38.6333316959906	0	0	0
-4.747598444984085	-21.41889579088148	0	0	0
6.248860561350938	17.68667464959779	0	0	0
-2.929133803698683	-25.082312073387342	0	0	0
0.7168860395172345	27.290473659321805	0	0	0
0.6846722360216617	-47.73073436765611	0	0	0
-2.722276197803957	-63.25251962148617	0	0	0
4.1096168162738635	28.374347532133584	0	0	0
-4.656087015778709	-43.857331632897456	0	0	0
5.601428586832405	22.66824385850549	0	0	0
-6.102299115253466	46.99644540653047	0	0	0
4.8373898921835945	28.231068780412983	0	0	0
-1.0578036495754688	-54.364532484645636	0	0	0
-0.6230657833919651	-36.64057102536472	0	0	0
0.16452273658684646	4.629431668581589	0	0	0
-1.7640116769855396	0	0	0	0
4.19332037809955	0	0	0	0
-3.95783137844996	0	0	0	0
2.3974822971088514	0	0	0	0
0.5162702959312071	0	0	0	0
-2.608164707314465	0	0	0	0
-2.4963228333876444	0	0	0	0
12.590401764996898	0	0	0	0
-18.930408421374025	0	0	0	0
17.226356775623294	0	0	0	0
-11.700523161276898	0	0	0	0
10.021729763041932	0	0	0	0
-9.089977472663577	0	0	0	0
3.104963877244586	0	0	0	0
2.1080594891123354	0	0	0	0
-4.225708132188011	0	0	0	0
5.539080127690369	0	0	0	0
-2.4169775199678796	0	0	0	0
-4.716747211875919	0	0	0	0
7.934462786153027	0	0	0	0
-3.182026085931163	0	0	0	0
-1.922265248990442	0	0	0	0
2.45347091971864	0	0	0	0
-0.48526378265583503	0	0	0	0
-0.61060648088732	0	0	0	0
-1.744029948101712	0	0	0	0
3.5780492091262133	0	0	0	0
-1.1022599535931832	0	0	0	0
-0.3141774094155281	0	0	0	0
-3.206321463507223	0	0	0	0
10.44761177524964	0	0	0	0
-13.26027012216322	0	0	0	0
7.704533215590395	0	0	0	0
-1.636554039431715	0	0	0	0
0.9081090838705066	0	0	0	0
-1.8600036744683948	0	0	0	0
0.4718196313735348	0	0	0	0
3.4483332126619217	0	0	0	0
-4.850237113506985	0	0	0	0
1.4774823017061607	0	0	0	0
0.41106203851364853	0	0	0	0
1.777742228159191	0	0	0	0
-0.021742940051439064	0	0	0	0
-3.0229130201664702	0	0	0	0
2.0180936101804576	0	0	0	0
-1.2859039524113243	0	0	0	0
0.3054313661374408	0	0	0	0
-1.0922953714271983	0	0	0	0
3.7516859150668367	0	0	0	0
-3.471751857595649	0	0	0	0
-0.18747325944649162	0	0	0	0
3.2370131046785957	0	0	0	0
-3.9213881826311763	0	0	0	0
3.765057833106532	0	0	0	0
-4.7106858999917165	0	0	0	0
9.479235998339902	0	0	0	0
-14.909734953515624	0	0	0	0
10.776399150256957	0	0	0	0
-1.7865842049679799	0	0	0	0
-0.02931574099149259	0	0	0	0
-0.9380532671325383	0	0	0	0
0.4901243980110479	0	0	0	0
-0.6182234139712364	0	0	0	0
1.5785363221500361	0	0	0	0
-2.8585749022395532	0	0	0	0
5.218500833028251	0	0	0	0
-5.541085359287948	0	0	0	0
3.508005867426128	0	0	0	0
-5.473113022692864	0	0	0	0
9.574465241937936	0	0	0	0
-9.246263124542793	0	0	0	0
6.775330886633377	0	0	0	0
-5.8730399851230075	0	0	0	0
5.133008704647118	0	0	0	0
-3.8555527441538757	0	0	0	0
1.8892997652450276	0	0	0	0
2.482050075088665	0	0	0	0
-7.467488686149551	0	0	0	0
10.772781095427796	0	0	0	0
-11.86091215084371	0	0	0	0
11.344666339787132	0	0	0	0
-6.936995962737377	0	0	0	0
1.4348723615444996	0	0	0	0
0.9712915711364403	0	0	0	0
0.18859906631224987	0	0	0	0
-1.1586736862062068	0	0	0	0
1.227430882944489	0	0	0	0
-2.803647816601547	0	0	0	0
5.5686422536048354	0	0	0	0
-6.566888239276743	0	0	0	0
6.157627117761756	0	0	0	0
-6.095709057560242	0	0	0	0
6.162963988975996	0	0	0	0
-6.4938701979103755	0	0	0	0
7.1828206529335645	0	0	0	0
-7.51754578953431	0	0	0	0
7.980190613470057	0	0	0	0
-13.960175031801704	0	0	0	0
21.074383422802853	0	0	0	0
-14.696297238214285	0	0	0	0
2.424661639750944	0	0	0	0
1.1533174932353703	0	0	0	0
1.1872650480706142	0	0	0	0
-6.835763934755171	0	0	0	0
10.116424012672958	0	0	0	0
-4.793516555007088	0	0	0	0
2.8301403378403975	0	0	0	0
-6.096420254567114	0	0	0	0
3.495894903836451	0	0	0	0
4.002379926495138	0	0	0	0
-9.768315493983074	0	0	0	0
9.43899228285121	0	0	0	0
0.08432984008935307	0	0	0	0
-14.279161097160873	0	0	0	0
24.097614878296383	0	0	0	0
-22.33800286671613	0	0	0	0
12.971324409303094	0	0	0	0
-7.530962704915844	0	0	0	0
8.380307252657012	0	0	0	0
-8.253064605300906	0	0	0	0
6.738432453115735	0	0	0	0
-6.420127159169624	0	0	0	0
3.4951019568744286	0	0	0	0
1.0256494676694672	0	0	0	0
-6.497534309546786	0	0	0	0
10.164734823269676	0	0	0	0
