1.4850864735551355	-6.0789454344427085	11.747146570720886	-1.3128453629924621	16825.793763667498
-1.321822858305488	-16.036732677406974	39.31666829952822	-4.45394763322048	16830.570085444484
-2.0219911429628397	37.018103348647756	12.975915782661488	4.683926199479529	16821.116721438757
-1.6660433174601081	7.260846478821641	4.012362800612223	-15.742538134479645	16825.23878082673
4.858893408846235	-6.7492160710856695	0.74814635753782	11.815180826821233	16839.554592640878
-4.41813161949522	18.5604721106572	-8.148825970599745	20.001620172553714	16786.54810595378
0.809406577468728	33.40413095628239	19.952540845028295	5.018234508098914	16701.7870757855
4.125305965231718	-8.393805675702211	-5.601121053861178	-28.498037962680755	16565.23319814615
-7.084135182132265	-0.21959709758825596	38.598907817949396	-10.288787732371887	16632.728694525504
6.164945970525629	10.03121332060099	-8.46842485666592	-18.912049996625	16640.953950910603
0.15862347075507444	-6.154180237675007	-51.44261768693718	4.701415061102438	16715.51313296066
-7.094941420758083	-10.811511607275989	-31.657336240403353	8.586201343995583	16738.619356082356
9.758255578531617	-22.776201142545375	-8.653395152752623	-6.632947647833944	16716.265236812786
-8.844927368267655	-16.676077415312356	18.70100881992073	12.835663860575863	16763.476159267422
7.29052216909345	-12.20244378718791	-29.629757956382818	-18.885838956857455	16813.99453510943
-8.857089618895735	-49.10268402715535	-45.138167244845334	-55.72839498231811	16755.1911161925
12.198140530949388	-22.716288066722107	-18.80309887789585	26.64920388324252	16726.55575934128
-14.17267651409579	-35.37205041678631	-26.58696592689384	42.7466088151795	16972.982893791566
11.897813215606973	10.91511739618133	0.06968125290018179	5.23831711020361	16963.80787357669
-8.346774220927898	25.249416769104307	-0.2999739241328996	-4.558418544741301	17057.380209858726
4.818808239816022	-25.927205486414692	-28.701876423114	56.97370709940091	17134.444426187714
-1.5802846700473836	-7.428127912131885	-4.591431817338588	-30.94319331349527	17058.922000921844
0.0900971639321071	-16.772886714307397	52.70512426379548	-17.553085267108514	16996.748110725934
-0.520561718324636	55.19004566513954	20.385639264164553	38.84542369070883	16960.50523867505
2.19152561450764	-2.9539751234766456	-26.117924564636127	203.58801737441132	16881.36699542276
-4.1277867779825925	22.008469791841634	-42.388408071931394	-201.19205724829743	16706.919655680875
6.636647344369635	-18.088001026138826	64.30009480224422	-27.929297754711968	16818.623313047396
-11.516624788810248	-24.512461753701622	2.9542969908286523	25.17949466054128	17066.735006121173
13.044715691425061	-35.918633855119744	52.01287102556799	-6.783619945418067	16700.02653660524
-11.321636102802053	-24.89046985033412	5.304097851868875	19.89391347698364	16528.59531163383
13.638211792125041	-11.508452041622085	8.17234599891664	4.620706566069103	16619.554762834345
-17.700247625288682	-7.093669707039965	12.315551115853182	97.32503875448553	16833.44733345224
18.50464475762361	-21.96544782355045	-80.88854231642395	66.66176483762416	16931.63749724812
-18.455760868318556	-9.970437952477646	49.74799444177226	-47.02147435545429	16943.792866285316
16.76068435230485	-17.762085790586255	-5.5200565667746275	89.90194675793296	17485.228056675758
-9.821160274091888	33.41087549812649	-31.55796923745092	-31.31753782597005	17313.201436520918
4.621979851586545	-14.037739692067703	38.060575271506934	-58.86883211617115	17289.433157959567
-5.689911344897048	21.67669533480965	21.621325800281085	39.289885922051724	17555.845132615887
5.679705099720493	4.897204556885448	11.041463828538937	0	0
0.4008685019652063	25.858133270967073	24.112972574784877	0	0
-6.506374108795264	-36.33579308208437	13.69617816207871	0	0
11.395036063216487	29.290793180386125	-19.739529407578885	0	0
-19.094288491809415	-12.464565027977955	-23.378822831546287	0	0
25.40094583884607	41.65387080443381	2.1573305667980804	0	0
-20.75848171911661	-44.298941634768916	-46.30008603416793	0	0
10.624813209437853	-1.783223309289859	-26.131872062055805	0	0
-5.415646147675702	-14.966873376525477	40.67797360545745	0	0
4.814892516759848	7.642412491901844	-63.393884787495736	0	0
-4.5234573736507215	-40.75796591185598	18.402991929949664	0	0
2.938349177323609	3.6839295006811312	-47.6289252493562	0	0
-0.1681348885943308	-11.845002528517796	54.759958685632924	0	0
0.3696716296118794	-10.866152619329881	-33.749307779477746	0	0
1.1210682428824867	-18.715745797272717	-41.71146437170346	0	0
-7.687478291345094	-5.776186718392651	-8.77186350771511	0	0
13.952409671699264	61.957021037280875	33.79636504657198	0	0
-12.722277770281387	8.295196465056165	-14.037981232048779	0	0
8.17513599948709	11.483871801767869	10.435920157269067	0	0
-6.3148457183046105	-9.357858160675889	-22.643005356825853	0	0
5.0675210177980645	-2.0115317803787036	0.46844734747035943	0	0
0.9378306567453549	-26.9171160468619	-51.554777816182806	0	0
-6.634403671517454	22.25659053374755	132.29282348576157	0	0
5.96587847264297	-35.39939422781533	-77.51168586185365	0	0
-2.6525253444812904	-12.520917811586827	-1.8956902914794682	0	0
-0.17753184259326105	-1.0020667199770088	-17.051818841201992	0	0
3.5054575945883144	-10.882474919485858	-19.59988531573383	0	0
-4.879307435282435	2.2609572100878026	-12.363593367495355	0	0
0.27679065801445546	11.545985518362556	-5.24736608574247	0	0
7.073109135467256	5.8162122384586326	5.304025528194202	0	0
-10.303234058736535	25.57927354283673	17.90057143329706	0	0
10.741847107383862	1.0706359641619372	30.80960049425056	0	0
-13.177436662089065	7.021219326291913	0	0	0
15.072923335169826	31.00294965469847	0	0	0
-11.752906598932078	-5.1076455421792275	0	0	0
4.38705516829075	2.538145626438663	0	0	0
0.7187560707286806	-5.900929315988961	0	0	0
-1.002929264302793	16.076292803671954	0	0	0
1.5557804873741503	34.724467829784075	0	0	0
-1.1486212949767776	-29.034521902107358	0	0	0
-5.563288466980005	8.329750402817147	0	0	0
13.098823847282823	2.7316054482275547	0	0	0
-11.990794758514518	-10.087406123259782	0	0	0
7.858222787932732	14.905528853800782	0	0	0
-7.417081157689729	-41.186205046052365	0	0	0
1.4631496272523563	34.57961240117413	0	0	0
11.907674524046733	-27.342574757837006	0	0	0
-18.175682503432192	-15.315261945526416	0	0	0
14.292623160870882	11.198084633542706	0	0	0
-8.602919865446296	-24.57285666985714	0	0	0
6.769343743707346	-20.270126633856854	0	0	0
-6.6616575955576	-6.637870024880549	0	0	0
3.8493568471893127	3.651376035890216	0	0	0
3.8934750037300248	-40.93804377691529	0	0	0
-10.711041134112222	23.56316630486046	0	0	0
11.025868805243853	-1.0081083353248346	0	0	0
-10.785998762749479	17.752564533934915	0	0	0
12.103879896773591	20.750940526445902	0	0	0
-6.981429877340489	-69.19017087437426	0	0	0
0.4246146314377768	41.3626525467736	0	0	0
1.4638487567878684	-21.582535342194355	0	0	0
-2.399920057889858	3.7007058271490294	0	0	0
1.7426372613051555	2.427839690038276	0	0	0
3.6036330906109626	-3.352078723182011	0	0	0
-10.561799390461033	-3.3308714878435453	0	0	0
14.762670049380631	-1.2946779677426221	0	0	0
-18.16959567308688	6.174641339158832	0	0	0
22.87485830642499	-14.66033107239231	0	0	0
-20.55206083661627	-30.74825052930941	0	0	0
9.784194840360776	-27.767580979325203	0	0	0
-2.0769260965134606	10.006615432380208	0	0	0
-0.49395433757738516	-26.409511325317204	0	0	0
3.6395052674894544	-20.57350165618287	0	0	0
-7.952904814548269	0.6280869058063914	0	0	0
9.167038408270116	5.390395153797954	0	0	0
-5.122878956317862	-13.0842372435403	0	0	0
-0.21124705054374715	0.3715640466359673	0	0	0
3.8050984780775607	10.414779226240313	0	0	0
-7.645153240458512	-19.54329613019994	0	0	0
9.489011805008275	85.70417120518377	0	0	0
-3.9352945402075576	-51.03399546437609	0	0	0
-1.9959961117098288	-30.69524004121707	0	0	0
1.7004200492788186	10.775396056278495	0	0	0
-0.9465007321295573	-21.411556184955998	0	0	0
1.3205134049562304	15.143393007124288	0	0	0
1.280085398233787	-50.15484743228653	0	0	0
-3.05098804042877	-53.470253541458916	0	0	0
3.3293080518830322	16.532936072118247	0	0	0
-4.94891622080015	-26.97681293168435	0	0	0
5.979496599480328	22.447158433562848	0	0	0
-5.995549855204992	52.86476832720088	0	0	0
5.764874894202045	19.24268715097938	0	0	0
-2.94098087738319	-44.40648251764195	0	0	0
-0.4649741550964279	-46.731096813172755	0	0	0
1.8186166391132659	5.280788958555988	0	0	0
-3.7839838124290637	0	0	0	0
6.207420168779869	0	0	0	0
-6.44932634947255	0	0	0	0
4.2414535901585495	0	0	0	0
-0.835124462646732	0	0	0	0
-1.0464166112955624	0	0	0	0
-4.521858834449404	0	0	0	0
14.708121847671812	0	0	0	0
-18.909193301627816	0	0	0	0
15.957752134569539	0	0	0	0
-11.683466619493736	0	0	0	0
8.615357510462395	0	0	0	0
-6.148290504751273	0	0	0	0
1.9633165634154395	0	0	0	0
1.4553751999742133	0	0	0	0
-4.178951062142836	0	0	0	0
5.708997649033506	0	0	0	0
-2.2021300545210636	0	0	0	0
-5.191633055359297	0	0	0	0
7.796242440259341	0	0	0	0
-2.8909657839235052	0	0	0	0
-0.528598898143116	0	0	0	0
-1.1281574744658585	0	0	0	0
3.625644299057008	0	0	0	0
-4.747120379019421	0	0	0	0
2.822324641592921	0	0	0	0
-0.1477306153545399	0	0	0	0
0.6417999620382986	0	0	0	0
-1.213710317434348	0	0	0	0
-4.921709468587942	0	0	0	0
14.612656449400433	0	0	0	0
-16.124495256781728	0	0	0	0
8.984107628945047	0	0	0	0
-3.1381363310535306	0	0	0	0
2.79025305547556	0	0	0	0
-4.377359694231664	0	0	0	0
1.349214544990481	0	0	0	0
4.073694986919605	0	0	0	0
-5.336799567610626	0	0	0	0
1.8015074143369176	0	0	0	0
-0.2982042834206027	0	0	0	0
0.9120547518632094	0	0	0	0
2.0206725181554646	0	0	0	0
-3.8735115245642575	0	0	0	0
1.0655721843632762	0	0	0	0
2.4681772676114946	0	0	0	0
-3.9475608604814454	0	0	0	0
-1.6090561685935398	0	0	0	0
8.04947629637784	0	0	0	0
-7.271942809454245	0	0	0	0
3.375976199519073	0	0	0	0
-1.8857925373062372	0	0	0	0
2.3577257202521906	0	0	0	0
-1.0833166210026093	0	0	0	0
-2.5720685291299574	0	0	0	0
10.476942298389247	0	0	0	0
-18.358716151382872	0	0	0	0
13.330269894776123	0	0	0	0
-1.7410589317451723	0	0	0	0
-0.42679706692595687	0	0	0	0
-2.4647359881635893	0	0	0	0
2.3352826832012354	0	0	0	0
-1.6238883552629062	0	0	0	0
2.396936780850183	0	0	0	0
-5.26295968796331	0	0	0	0
8.702168797822878	0	0	0	0
-8.424883730744028	0	0	0	0
6.114294658927015	0	0	0	0
-7.9576873019361685	0	0	0	0
11.422324274359603	0	0	0	0
-9.883995389123328	0	0	0	0
7.0134499770948935	0	0	0	0
-7.104594158015416	0	0	0	0
7.180946656318987	0	0	0	0
-5.727405082235194	0	0	0	0
3.5995039657923797	0	0	0	0
-0.3295060245063439	0	0	0	0
-3.4363466539806566	0	0	0	0
5.688065722452308	0	0	0	0
-8.634915690186382	0	0	0	0
10.962316567863446	0	0	0	0
-8.646036254906498	0	0	0	0
4.563869344158704	0	0	0	0
-3.4816981875687674	0	0	0	0
4.772269787764415	0	0	0	0
-7.121519727842426	0	0	0	0
8.93192704521364	0	0	0	0
-10.14834488839309	0	0	0	0
10.426762828587052	0	0	0	0
-8.380733797644801	0	0	0	0
6.599234823120753	0	0	0	0
-5.086648886804959	0	0	0	0
2.199231499454072	0	0	0	0
0.04998366310542934	0	0	0	0
-1.0233289772993999	0	0	0	0
1.3728134830047054	0	0	0	0
1.1860117549910782	0	0	0	0
-10.322347154510688	0	0	0	0
18.375245547333442	0	0	0	0
-10.343667840022903	0	0	0	0
-1.906859528086379	0	0	0	0
3.42168502855926	0	0	0	0
-1.743029226879763	0	0	0	0
-3.06749998464543	0	0	0	0
10.466894275839103	0	0	0	0
-11.378551256586107	0	0	0	0
11.562672416030729	0	0	0	0
-12.677746009482583	0	0	0	0
7.051150454073031	0	0	0	0
3.7985723603203922	0	0	0	0
-11.760327804001903	0	0	0	0
12.713452617710125	0	0	0	0
-4.886656251728958	0	0	0	0
-7.208175459665981	0	0	0	0
16.637795199088146	0	0	0	0
-17.891871021885677	0	0	0	0
9.596715954283724	0	0	0	0
-1.6511657943393416	0	0	0	0
2.1349977716645157	0	0	0	0
-3.6927663608244075	0	0	0	0
2.895400608886021	0	0	0	0
-1.5872961749883459	0	0	0	0
1.941730220987104	0	0	0	0
1.4578762682330861	0	0	0	0
-6.764315887151341	0	0	0	0
6.705533080529321	0	0	0	0
