0.2717377843283515	0.20386748170033542	0.46294121005615807	-0.42090005903030203	16884.960095807073
-0.4128786904527786	1.2333915425257516	2.0564139396720407	-0.38800388867495883	16887.203773631085
1.3318330274273293	8.28260962384195	10.858482849517728	16.31983834624144	16886.007076556478
-2.7104911259319238	-6.483436024272713	-9.546122580125171	-14.980334846984377	16882.663199683884
2.1815705790694437	1.443756727620631	-7.246245040249335	17.37730048080455	16902.94967467358
0.04821827721999483	-5.272478111693765	13.885923541205202	7.652612697162425	16829.131578166132
-1.7047347098293457	12.096879456207347	-1.4628514136557271	27.271416691597068	16759.086819415625
3.7270043787619045	-1.6609040956844439	-10.191393134132682	-22.991506420967738	16806.1122842955
-7.057819095106531	-0.07839452613106346	-7.2779841011689825	12.11733087579617	16913.237019695087
8.237529716966016	-2.5268421264970726	-10.110568416826382	19.75504733210974	16899.734310890337
-6.281717270546473	-5.649008914747128	-6.329723263356783	4.3604682300736215	16847.30181131393
3.903933234205091	6.7730304664045775	-5.877616326962482	1.9796782684508116	16850.71422301536
-2.452304109938808	0.6436029504241176	2.3125842724621037	0.6138270864210966	16807.940453705498
1.769074132648889	-3.9985807268929108	15.574779738119929	-16.159564364584895	16795.05958497868
-1.3596366111574767	-9.481022558157058	-13.67021958894506	9.103908348641696	16879.4112917625
-0.235754288477942	-5.879424358753852	4.8626811249844195	-19.715055626243398	16884.907949607757
1.8546940725952865	-1.436517330437134	-9.133381262142407	-29.014024208585752	16944.81430516907
-1.6598487076030395	5.2596949295048745	-0.7528451621647463	18.491921514462035	16972.95646397762
0.2123145937349733	8.275831267240811	-1.1876891272816579	-8.262096637380992	16896.851130944007
1.0315253323315474	-5.861104734820628	17.127840655286334	24.636016434854582	16903.217741384535
-0.505841191683551	0.27615312189055174	-1.6036522676521798	-9.873352308249281	16879.760678578412
-1.532334127419567	-0.015562058698314729	-0.8451471691205228	20.611225840379547	16986.31399946515
3.0300074827591175	-9.574203748173709	-14.206185361496509	0.04839217678301111	16954.413701296828
-2.4182957944205867	12.141260867888526	-12.763344674924909	12.593630263775836	16912.74614346912
1.1160669389058455	-5.176473257972255	12.794119511604393	-14.62468886452281	16922.443406469953
-1.084609952247689	-11.619588293519797	-6.6667909957857745	26.115240963087714	16911.317734416472
1.2151959261299723	2.1327283305378018	2.9140508171251156	-2.9874965385266563	16912.03877990015
-0.9506056532666918	0.06887641545521461	-14.83892138965281	-10.72741371213742	16947.518825602296
0.6035400067720218	-0.5193933050581947	16.494295175194424	8.113755857405394	16976.46632708535
-0.6492107848194522	-5.2265232684565675	2.902160148278071	9.900273050335244	16924.453894783448
0.5630975280262973	1.2360555860922915	5.473491174353953	-4.720298005057671	16940.55081707095
1.0953959514543783	2.141190846743129	-9.559856752069535	10.898101911356008	16923.44818912242
-3.1988214216132604	-3.7815643868484727	-18.03385457505054	-2.9345806694685734	16934.059768089402
2.525266720213942	1.0146403235309407	0.1750516264516193	7.3856608574920415	16913.03765327171
0.030275618833996987	1.582473388374673	-2.160866137579575	-28.591955012871935	16941.578110411727
-1.6703047608695343	-1.6008826381547365	17.952710572866152	7.952593290659038	16918.30273335485
1.6778987741136504	3.938740128718848	-23.94182893837258	26.96640160522253	16961.64903178226
-1.3024047362241404	-5.600532618411329	17.080675073088187	-18.78244704569687	16889.82426554608
1.5441722460114349	-4.531896049545395	-0.4254336194948962	0	0
-1.3858792470793162	-1.8164834568633026	-24.50555850607678	0	0
1.1911190342822167	10.743890936706833	7.795241027764362	0	0
-0.1287886594528942	5.620208487674056	7.304034179789241	0	0
-2.405058661445622	-1.2681224912821207	10.019619192353176	0	0
4.300103097999575	0.35382145519048436	-7.17049754876281	0	0
-2.405283719980325	-3.534743347776981	8.481583494856494	0	0
-0.6438146445516253	1.5093421697330953	-15.647509610711367	0	0
2.4999175698944356	-3.522938862642633	11.526561116146652	0	0
-2.6959033177322453	6.224956623453693	16.842778102588895	0	0
1.0624626721124102	1.4959123457164907	-10.625609840730391	0	0
0.810910685301991	1.1402708969421553	-20.62251383696497	0	0
-1.4828237161796096	1.2302967975808343	-6.1687523086320795	0	0
1.1064260500100502	3.402610704915581	-1.0792604548926192	0	0
-0.5703877296316904	-5.055761743443206	0.5990780548175678	0	0
0.6627638240282963	11.477578632098712	-4.106910659519087	0	0
-0.6813200723174617	0.7098779081280782	1.724113057896929	0	0
0.7027454497398224	-0.15768218588002725	-6.568566538893123	0	0
-0.8551590283059909	1.6710515787516655	11.906732906265205	0	0
0.13469113022527068	6.378285799066731	-14.529567518390053	0	0
1.2281562111062811	7.87287985559216	-6.514898976758744	0	0
-2.419316453191918	-7.857492763903856	7.256310109262358	0	0
3.479765487123963	-0.8065516418280438	-6.274449799828801	0	0
-4.08224972779005	-0.035226677461423606	-11.891324545855724	0	0
4.449998510494169	0.95170382832179	5.44007309892811	0	0
-4.060586828478243	2.072192797310052	-9.204409012340264	0	0
2.917321290854332	3.5793251861825013	4.2666888753401935	0	0
-2.836614983038956	-9.433205996417414	-7.417925661121473	0	0
2.8591494509737885	-0.31032250843615117	4.301765826164498	0	0
-2.437490391909769	-0.8046198812828607	-2.192832958901832	0	0
1.9479407900929573	-3.0533111545586067	5.597366708042372	0	0
-0.966204483921473	5.56112765367169	-4.113006148603759	0	0
0.21913184792411045	6.285987560172039	0	0	0
-1.1316591762408095	-5.471861094129132	0	0	0
1.4652742377707852	0.8302795509127776	0	0	0
-0.15018783003823444	-9.721890554212983	0	0	0
-1.6393317199635646	6.3635557150180375	0	0	0
3.1694458832615666	-9.476370108794285	0	0	0
-4.263061698715603	12.508561031673793	0	0	0
4.843587816785103	-5.415534066923044	0	0	0
-4.024180312612273	2.470892102271293	0	0	0
2.11619418101818	8.93368393292841	0	0	0
-0.0546421345018544	-0.058223445250924044	0	0	0
-1.857521551417591	10.643365828201276	0	0	0
2.4374629453025207	-3.4539746890906216	0	0	0
-0.9634576875136034	7.888139814134867	0	0	0
-0.8262358711110522	-8.27152887793892	0	0	0
0.57986783563139	1.1217686607531547	0	0	0
0.5459469874951566	-3.1484605678577893	0	0	0
-0.3236735545262661	-11.818761257270822	0	0	0
0.046326065888713686	-0.7168839776403431	0	0	0
0.323915342441218	0.9891781442081893	0	0	0
-0.8894343103371511	1.9038465828055848	0	0	0
0.7650208205951188	3.039706103347662	0	0	0
0.37343570091243805	6.8695368235573255	0	0	0
-2.3004270192915612	3.5970022267243067	0	0	0
3.6806781986933146	-6.643845370315397	0	0	0
-3.860202002034505	3.034720961043355	0	0	0
3.209194812469306	8.05272794423599	0	0	0
-2.389586862131914	-2.641128380809832	0	0	0
1.306101512465922	2.847154594429682	0	0	0
-0.29756698013340355	5.949488169241874	0	0	0
-0.33138107570596986	-16.628383436840743	0	0	0
0.3361895863781328	12.8652018657503	0	0	0
-1.755501631238289	-5.173534198839292	0	0	0
3.698098690571854	2.332459550421312	0	0	0
-3.0596976873514024	6.388321833523818	0	0	0
1.7200346895449883	-0.0001892936738911999	0	0	0
-1.2581979194957427	0.5241745042445274	0	0	0
0.9902868294381264	-4.161336076773999	0	0	0
-0.6919963275541008	3.9337973916559434	0	0	0
1.2851010022812375	3.9983761899326993	0	0	0
-1.3198929766539749	-1.5219972463419396	0	0	0
-0.5149060552547553	4.980580134521581	0	0	0
2.526217922253643	-1.1845608239328698	0	0	0
-3.2718975607638825	3.6798677579822936	0	0	0
4.028252728451591	3.7386565867391823	0	0	0
-4.1190246828787025	-1.8749186875527073	0	0	0
2.686455127041498	8.679755113385681	0	0	0
-1.3716843193514734	-6.643003148434445	0	0	0
1.6627530840972327	9.178653393135228	0	0	0
-1.2147895655597623	-2.653401148002608	0	0	0
0.20677953054547515	-10.24937604288725	0	0	0
-1.0005384842366354	2.5538735396894836	0	0	0
1.8540196009538192	-0.8258355459601319	0	0	0
-1.0401497884259214	0.7741354589412026	0	0	0
-0.38180186716284226	3.6006554197066194	0	0	0
0.27715146529112644	-2.49161420671161	0	0	0
0.8067324295962806	9.97347256917368	0	0	0
-0.9213395561641633	-6.128621134364344	0	0	0
0.5531675385550301	0.28189898063028096	0	0	0
-0.3687590018317337	1.3104025326244937	0	0	0
-0.10992296714691463	-0.9156599839594293	0	0	0
-0.008880110483993064	1.737186535922973	0	0	0
-0.08798177923179651	1.6274560776685476	0	0	0
1.9164937116212997	0	0	0	0
-4.280661828737038	0	0	0	0
5.326244641430648	0	0	0	0
-5.532197990571788	0	0	0	0
3.938310422336208	0	0	0	0
-1.4158009082782144	0	0	0	0
-0.19531380908331641	0	0	0	0
0.4873882672885941	0	0	0	0
-0.3362376325330061	0	0	0	0
1.1250188274223945	0	0	0	0
-2.4946803214801037	0	0	0	0
2.5417241262197194	0	0	0	0
-1.366180165764895	0	0	0	0
1.8890811475687883	0	0	0	0
-2.7433993598718516	0	0	0	0
0.9169401470278515	0	0	0	0
-0.9775455780291864	0	0	0	0
3.0862425812410095	0	0	0	0
-3.4761438203585513	0	0	0	0
2.1195505053596477	0	0	0	0
-0.8618999254228115	0	0	0	0
-0.5111094353900967	0	0	0	0
0.4129692861954197	0	0	0	0
1.2322568156343934	0	0	0	0
-2.5344165222576933	0	0	0	0
2.29335483604369	0	0	0	0
-2.7323742156349766	0	0	0	0
3.980147089784083	0	0	0	0
-3.6525504182601125	0	0	0	0
1.766692292657524	0	0	0	0
-1.7824587178852624	0	0	0	0
3.4917726520944044	0	0	0	0
-3.9754202133923044	0	0	0	0
2.342590961085925	0	0	0	0
0.8073387339945413	0	0	0	0
-2.8346535407707165	0	0	0	0
2.584991147429534	0	0	0	0
-0.7736953139873819	0	0	0	0
-0.9409163252700665	0	0	0	0
0.8705276238111566	0	0	0	0
-0.49105872286983043	0	0	0	0
0.6981797743629485	0	0	0	0
-0.37761931256589065	0	0	0	0
0.2713675411920846	0	0	0	0
-0.9707418331748983	0	0	0	0
1.164373520335559	0	0	0	0
-1.6344399325401469	0	0	0	0
1.9227461444876468	0	0	0	0
-0.4695304807395928	0	0	0	0
-0.6095926982564777	0	0	0	0
-0.6725957700895151	0	0	0	0
3.0719987001361915	0	0	0	0
-3.8787522154797216	0	0	0	0
2.6149183751439224	0	0	0	0
-0.04755899585050116	0	0	0	0
-2.376743227358098	0	0	0	0
1.4737198365402762	0	0	0	0
0.9983879708723222	0	0	0	0
-1.843547786038556	0	0	0	0
1.2266398787954458	0	0	0	0
-1.739067768370326	0	0	0	0
3.373882150852417	0	0	0	0
-4.495527708201962	0	0	0	0
5.86544111547439	0	0	0	0
-5.814891649901853	0	0	0	0
2.6020818758857516	0	0	0	0
1.3858696363662233	0	0	0	0
-2.4136369734407026	0	0	0	0
1.2673020029187114	0	0	0	0
-0.6916436276523612	0	0	0	0
2.034166212333041	0	0	0	0
-3.2928560726780702	0	0	0	0
2.523655066532662	0	0	0	0
-1.1746023509170627	0	0	0	0
0.30338376995279503	0	0	0	0
0.42567597683982683	0	0	0	0
-1.086626449673993	0	0	0	0
2.0054202437795254	0	0	0	0
-2.425660447327388	0	0	0	0
1.545143222861597	0	0	0	0
0.06232117696601591	0	0	0	0
-1.5048356562590044	0	0	0	0
1.8311534613473768	0	0	0	0
-1.1045272596425946	0	0	0	0
0.494170246912077	0	0	0	0
-0.5450663539837564	0	0	0	0
-0.22983553903898724	0	0	0	0
1.080349885679155	0	0	0	0
-1.6927739233498258	0	0	0	0
1.8047637175216664	0	0	0	0
0.011410245141064479	0	0	0	0
-2.117985375176019	0	0	0	0
2.186668230352801	0	0	0	0
-1.2844029417743457	0	0	0	0
1.4059374182551494	0	0	0	0
-2.0888833747369944	0	0	0	0
2.414017879058413	0	0	0	0
-0.8053514841979208	0	0	0	0
-0.7373326840631833	0	0	0	0
0.6280739031172615	0	0	0	0
-0.12787091968976227	0	0	0	0
0.7692925514440958	0	0	0	0
-1.7466670241514777	0	0	0	0
2.725322776718663	0	0	0	0
-3.816492333552894	0	0	0	0
3.253314044665963	0	0	0	0
-1.000321504474286	0	0	0	0
-0.423266675422191	0	0	0	0
0.4712707113494261	0	0	0	0
-0.3414048059518535	0	0	0	0
-0.06995964766941398	0	0	0	0
-0.19169496343064907	0	0	0	0
0.558438983613172	0	0	0	0
-0.41375628752777516	0	0	0	0
0.9137177728857822	0	0	0	0
-2.565172242707142	0	0	0	0
3.30596999299496	0	0	0	0
-1.7612117215911596	0	0	0	0
-0.37981338651137975	0	0	0	0
1.4363429759701134	0	0	0	0
-2.0958746437694202	0	0	0	0
2.5375073346839514	0	0	0	0
-0.0844350914063412	0	0	0	0
0.11114652050157048	0	0	0	0
-0.6858835506069383	0	0	0	0
-1.7125656292712819	0	0	0	0
