0.27011454274848745	1.1563421287153872	4.708019887981692	-0.9202655855638397	16891.20921388345
-1.0164460256463244	4.964427288285783	15.214718732697705	-3.276646847025731	16891.953844976037
2.0963139300026157	11.215780503740838	0.642587659775657	-2.065185407070757	16889.08593009719
-4.127931533386629	-0.9349631055051901	3.896538989901728	-4.758974288282346	16890.87220171233
4.840219577732256	2.8917219648938115	3.018932765456398	-1.2483515383187296	16892.527853827058
-4.126303602639723	1.9298983568840455	1.7874397065227043	0.9523395545545981	16887.596425952885
2.6991425978348076	6.874391502170731	-4.458731001057771	-2.079336683216539	16882.66365402059
-1.4467026256838622	2.887895784583577	-3.045741907878238	-5.474491258808882	16890.355141163436
0.38393793942034193	0.6880270286746821	-0.45052728693622157	0.6519271276970926	16885.74364287254
1.0984350090666481	8.839790611983503	-0.24128277474368076	0.8022865501727807	16885.92638489084
-1.4859166303279494	-0.8874124210553731	-2.5419883312564906	0.44955114713151545	16885.91849180723
0.6192911784502755	3.4698106582889636	3.5407254725007675	-4.108977116399103	16884.60652926931
0.3955610089364683	2.201070460423317	-1.9999236391515467	9.277292270110536	16881.864552094958
-0.536614960186732	0.8045238871550282	6.303000081940823	-1.445850267559237	16881.550306452857
-0.412805672284307	-3.870664920432965	-1.300461427616085	-3.7308337257521345	16881.583245089198
0.8004897468333496	5.197596130743996	-2.3579495419545395	-2.5132378068098973	16891.455465210463
0.1569991432982505	3.2334255577045212	8.910291467710707	4.168401331689495	16886.856555285416
-1.6129691179204002	0.7896331603090303	-2.942820071001236	4.158726196072749	16885.617908277232
2.067976933460038	3.6332477716108116	5.1395778191055115	-3.8229517846191357	16877.41576257322
-1.2808173669895382	-3.862324750363527	-1.8581034562086671	3.8017743968583346	16877.73294282932
0.23897355705458523	9.03053125408615	1.4920184920981683	-0.888387406814303	16884.755362720985
0.10103453103037907	3.564511317065758	0.9920942153418508	-1.6984469074768072	16883.17945673781
-0.4619404243592129	0.7806798957864558	-1.6477451070469584	1.117105013083389	16879.27226458207
1.2040778665120442	7.134209907370973	-3.7135438785756207	4.675683824264141	16880.546665465874
-2.3478492166686635	-2.833493520073901	-6.425186949696254	-2.369507338523576	16884.815100905653
2.8806329051732433	-4.874131731613119	1.1497493735010949	3.1349977165861134	16885.052852413643
-3.3771908953190817	0.202442070218666	-3.6728961625867242	-1.420821711588843	16894.96364958134
3.458579146371008	7.889905363213742	0.208252898822181	-5.646778458722608	16885.969642064312
-2.8338880897121044	-1.020520394498277	4.35965312713266	-4.053385490379327	16883.33932820289
1.8659942354452284	-1.7545194137377038	0.9245197214252272	-3.9514667468702953	16887.580602749833
-1.3375981244622182	0.21765246672389793	0.6223935131812226	0.2922474696235753	16880.648271233076
1.6680437615056931	-0.6215310019401912	-5.186366175373806	6.406049287367907	16883.58870579431
-2.5584041731680927	-0.6020921218678978	-2.1748995324537646	-2.0656872446773917	16890.22136840416
3.0776431416643675	-4.129939580294398	-4.81848039474508	5.338676070443896	16889.841027308223
-2.870891965320318	2.017051528942865	-0.8274352095165227	0.9867983028256617	16885.1089285586
3.0797342283650977	-4.760915029360255	8.978685680950846	0.07128022485018448	16895.829594678
-3.838457074060649	0.8296146742806272	0.5398975552921854	-3.2865942710341756	16885.946288528794
4.453380308760025	0.8432992847592189	1.005512538933985	-3.325664879703453	16887.90957852327
-4.018575432527385	-0.8966608111697099	5.231401860935293	0	0
2.1092228829732633	-2.358710658312397	-3.8988232749610603	0	0
-0.1636479940524822	-5.935722512364798	-1.1223936972525763	0	0
-0.46065192766133833	-0.9657714320700777	2.362503335416335	0	0
0.4612567669567369	-9.760217334677158	-1.783949223180926	0	0
0.21751102029313074	-0.0949901511282576	-3.0134657196251595	0	0
0.09212461786043491	-9.649197819308235	-2.7260385627354538	0	0
-0.4337116517677799	-1.601687853075525	-0.627051648262821	0	0
0.4383421552772191	-7.249565953013914	6.611649534873592	0	0
-0.37100939861106497	-2.3997216640167878	2.324663740095133	0	0
-0.41269197260843526	1.9749262998331716	-7.097374630020624	0	0
2.023719295076745	7.523229661205754	-5.231771438464463	0	0
-3.401656301935141	-2.7860667546923708	-0.1195210853908577	0	0
3.9173091998016147	-4.041384163214225	-0.5595702674906704	0	0
-3.2691130529080255	-0.27483737531093766	-1.1447268064408007	0	0
1.854944889545962	-5.380164530406979	6.873181514787589	0	0
-1.0203304877538173	-2.615134392091221	-5.681003262939555	0	0
0.4537117783574942	0.7064694916798899	-1.2751134401640485	0	0
0.04685274502677572	-0.5613249137954526	-3.1071894753956997	0	0
-0.4074228897147023	1.305688438276654	1.4271165877617449	0	0
0.36205748592313114	-2.2562681606143187	-1.4338366769624429	0	0
-0.42145291995734624	0.09457025448271139	4.780784966552758	0	0
0.0694393921142904	-2.9518104866686414	3.58596616501805	0	0
0.3558754956306487	2.6471029714349825	3.506408302861715	0	0
-0.7477860180964129	-4.936058300246039	5.520489864072616	0	0
0.9892141253002578	-4.127617964445456	0.03355644152935611	0	0
-2.01194858936136	3.293851282376316	-5.766748196853015	0	0
3.2519828680134637	-6.3750389844456805	-0.6731138735743514	0	0
-3.799789791308733	2.7038872531094427	1.196467353254846	0	0
3.447814112828688	-2.224263890642405	-1.196743890383928	0	0
-3.031056626983549	2.1086959721307466	2.8570251378944107	0	0
3.43231719577674	-1.926634672793071	4.859153742078803	0	0
-3.271042984032448	5.782132026089421	0	0	0
2.3717425267096885	-1.2976271016654977	0	0	0
-1.5348880542045436	2.382465706764478	0	0	0
0.930808773837569	-1.4171228672430374	0	0	0
-0.8133798486719428	3.5821783742178397	0	0	0
0.8981208384914297	9.497659236092211	0	0	0
-0.1550567896254691	-1.676477531487322	0	0	0
-0.0641194788790429	10.63026355083447	0	0	0
-0.38108236315662936	-0.7530422703862172	0	0	0
1.11130879401275	10.139424244214538	0	0	0
-1.796491203926223	4.690156012433526	0	0	0
2.2966691514198985	-2.132975579560565	0	0	0
-2.82223292761973	8.723374128140605	0	0	0
3.3297392737473146	-4.138030628365016	0	0	0
-2.285843782748735	3.875719741095196	0	0	0
0.8832553490678663	-0.080629646704935	0	0	0
-0.3070529543729563	4.582236426616568	0	0	0
1.1202178317056024	3.3032921343442254	0	0	0
-1.1512905724520195	5.433898220809503	0	0	0
0.3222733122328947	7.001363545496126	0	0	0
0.40526208176020617	0.28513848494783645	0	0	0
0.5554593146753248	-1.8317648327734943	0	0	0
-1.1288416848574485	-1.9707341443929494	0	0	0
1.380167297382144	8.643753825809775	0	0	0
-1.1066855560636952	-1.0864265364937893	0	0	0
0.3300427644709387	5.018990422921071	0	0	0
1.2542683493255282	-0.14520204647672585	0	0	0
-3.1590153557969742	2.469076909831422	0	0	0
4.230606915047524	5.021708310143538	0	0	0
-3.8145390622065776	-3.900753931539164	0	0	0
2.5768144867228457	6.35796718274073	0	0	0
-1.652001309758795	-2.7415961205516908	0	0	0
1.3618327392575935	4.731163468064352	0	0	0
-1.5860205685092197	1.1457989920703398	0	0	0
1.0315098924805497	-0.7433247211893033	0	0	0
-0.4003805240150129	3.3016794235535443	0	0	0
-0.2353544482130161	-1.2414691240909193	0	0	0
0.24918076167522685	6.590200346793807	0	0	0
0.395355140709718	-6.749113565054358	0	0	0
-0.550163208405742	1.8042731528052798	0	0	0
0.3166380931094821	-7.7077106670204785	0	0	0
-0.2872678805657003	-2.7216839471523286	0	0	0
0.6327922562541275	3.8776267364447463	0	0	0
-0.7192953746172108	-5.9921640027273	0	0	0
0.30094688021503657	0.7443900231471829	0	0	0
0.04190861826417347	-6.09018765872802	0	0	0
-0.3589520952766492	-1.3940109940783998	0	0	0
-0.1321107197367013	-11.441575386368548	0	0	0
0.9232674301790311	1.7358982067227302	0	0	0
-1.4815704733246164	-7.005511339066935	0	0	0
2.717205074915732	1.04318243705562	0	0	0
-4.364860438214443	-3.9985011190040183	0	0	0
4.713229672486555	1.1444354167798068	0	0	0
-3.942176868609721	-2.8908969904101056	0	0	0
2.690856852490782	-5.524962397237104	0	0	0
-2.4200439274125216	-4.774542471177554	0	0	0
3.510648609457988	-5.687427154784515	0	0	0
-3.799889455376565	4.449261656713993	0	0	0
2.3983848398664804	-1.4542165231610724	0	0	0
-0.9478528867045597	4.0542506781000185	0	0	0
0.15742722385166275	-4.943656899820596	0	0	0
-0.5262774897640838	1.4671673369737093	0	0	0
1.4330356931330925	-2.5664065401947553	0	0	0
-2.194580159183637	0	0	0	0
3.0882050659545186	0	0	0	0
-4.061104331337852	0	0	0	0
3.768018116879631	0	0	0	0
-2.653697123636533	0	0	0	0
2.0921145286249114	0	0	0	0
-2.0907250045223407	0	0	0	0
1.689632757448976	0	0	0	0
-0.8599633637772541	0	0	0	0
0.19904273917997273	0	0	0	0
-0.08620583543894611	0	0	0	0
-0.5738916247475672	0	0	0	0
1.6963734233776364	0	0	0	0
-2.221554732259662	0	0	0	0
0.9397776087149694	0	0	0	0
1.629658389984293	0	0	0	0
-3.1305822958489955	0	0	0	0
2.498752706226938	0	0	0	0
-0.8966279909785797	0	0	0	0
0.4576174555932013	0	0	0	0
-1.0169359901130335	0	0	0	0
0.7524273412013258	0	0	0	0
-0.2013765896054096	0	0	0	0
0.4600667498188358	0	0	0	0
-1.7844932842310612	0	0	0	0
2.8818694656470996	0	0	0	0
-3.263400406880983	0	0	0	0
2.3656010164374877	0	0	0	0
-1.6850317689825332	0	0	0	0
2.261109645575239	0	0	0	0
-2.523238748264795	0	0	0	0
1.1693199401186831	0	0	0	0
1.2963087245673677	0	0	0	0
-2.4323966221080653	0	0	0	0
3.009384750120816	0	0	0	0
-3.51480444794592	0	0	0	0
3.0878243201685933	0	0	0	0
-2.2665368819827094	0	0	0	0
1.8260518220740138	0	0	0	0
-1.0487095761830787	0	0	0	0
0.6960857696606411	0	0	0	0
-0.5906078282235612	0	0	0	0
0.7126433775080727	0	0	0	0
-0.7559834589780507	0	0	0	0
1.5110201784368087	0	0	0	0
-2.479984702376669	0	0	0	0
2.7299771563019988	0	0	0	0
-2.404137910033775	0	0	0	0
2.8143174209886794	0	0	0	0
-3.499634813385782	0	0	0	0
3.6866732936515163	0	0	0	0
-2.948980454019143	0	0	0	0
1.6330977083129596	0	0	0	0
-1.3871226854249272	0	0	0	0
2.5489567276779184	0	0	0	0
-3.3285499928927393	0	0	0	0
3.0194789298764846	0	0	0	0
-2.5507118517856213	0	0	0	0
2.9772181942133855	0	0	0	0
-3.7818346492261483	0	0	0	0
3.5390011203370335	0	0	0	0
-2.7199710389929663	0	0	0	0
2.4349495346826444	0	0	0	0
-3.4733662622362687	0	0	0	0
4.201990566560589	0	0	0	0
-4.262909411169858	0	0	0	0
3.4773072704561017	0	0	0	0
-3.1682918689341477	0	0	0	0
2.936124593962198	0	0	0	0
-2.5115014978046304	0	0	0	0
1.7726823902118767	0	0	0	0
-1.8267141779632823	0	0	0	0
2.843024451785638	0	0	0	0
-3.652144689680597	0	0	0	0
3.0678030511045336	0	0	0	0
-1.6744345990968768	0	0	0	0
0.7437902267864445	0	0	0	0
-1.3426751797897936	0	0	0	0
2.5647182767497583	0	0	0	0
-2.591179841042546	0	0	0	0
1.711317749936903	0	0	0	0
-1.6077037957504174	0	0	0	0
2.1397916179042653	0	0	0	0
-2.2863160912358467	0	0	0	0
1.377591305566611	0	0	0	0
-1.029679814768599	0	0	0	0
1.3567256695790775	0	0	0	0
-1.9745061374882127	0	0	0	0
1.6804449885285493	0	0	0	0
-1.2503381017226687	0	0	0	0
1.482733068262327	0	0	0	0
-2.507633410349534	0	0	0	0
3.3277306001294633	0	0	0	0
-2.9994530603852425	0	0	0	0
2.1068970129690427	0	0	0	0
-2.3663907242061555	0	0	0	0
3.1513521150567954	0	0	0	0
-3.060780153685805	0	0	0	0
2.287011139108614	0	0	0	0
-1.8692450465413941	0	0	0	0
2.239811397578414	0	0	0	0
-1.448854625834855	0	0	0	0
-0.6359890008999827	0	0	0	0
1.8631623147327119	0	0	0	0
-1.7811376552539429	0	0	0	0
1.9391871233868656	0	0	0	0
-2.626124248397794	0	0	0	0
3.1245345365266104	0	0	0	0
-3.1687986484815625	0	0	0	0
3.52059878836598	0	0	0	0
-4.951463354582188	0	0	0	0
5.682826813941894	0	0	0	0
-4.975749011011615	0	0	0	0
3.6249564152684215	0	0	0	0
-2.0356108924376457	0	0	0	0
1.3332726861951443	0	0	0	0
-1.5586659841183206	0	0	0	0
1.660104120880014	0	0	0	0
-1.386960272046153	0	0	0	0
1.8860212589811027	0	0	0	0
-2.364652138776968	0	0	0	0
2.175519441364692	0	0	0	0
-0.2321647766134376	0	0	0	0
0.04478953022985621	0	0	0	0
-0.6949781601067144	0	0	0	0
-0.762006919145783	0	0	0	0
