0.21664193196482984	-0.29220553822514717	-2.062166395772806	-0.14090176988112546	16813.250331588053
-0.6689434952369311	-0.7264319269412383	-5.8239031031719435	0.45939008384073077	16815.90215176861
0.07581737337377348	7.568277155808353	11.987785180417617	18.225747337176387	16816.35079341378
-1.6528298600536928	3.077530803043338	-2.324650992413737	-6.989443999756759	16811.860956272114
4.214944966986806	-6.959832438158777	23.04335266476751	11.673848286593383	16830.690533064037
-5.378446832013417	3.670054709877796	-17.21682076091973	-17.37976808376665	16759.694749332473
3.692153680529607	-1.2263019096738432	4.928842821723592	11.978172863070412	16778.965043022527
-2.391162692604553	-4.743449286895299	-3.3866220472504978	9.820792059181088	16808.54605223863
2.969499986931595	3.51897214131737	-2.7056430044780626	3.197634420896108	16818.55658385134
-2.009794143547758	1.220718224934295	-4.319363202622924	-0.9121018021396736	16883.845446209376
-0.3429490157793893	-11.850848211798088	-1.026142141157976	8.560952793363128	16871.404113285927
1.015711823777302	4.572033541389011	8.522495905067643	-20.34867553823895	16783.66963459816
-1.5280687943459483	-8.40780658021869	-5.434452499608511	24.00109161422492	16744.70574225031
2.934701299916135	5.250338929838328	-5.943705674358071	-18.037601434265454	16793.65100506293
-3.302355214214245	-7.645020001814736	6.045088317082715	-0.14496687316311352	16820.64691168644
2.2911997974463603	2.81031617601208	10.970911760696367	5.364344635500245	16782.41274590473
-1.1507987567806381	3.958550109773576	-1.6774879169907564	4.801554764490888	16691.385021926388
0.7802192005337574	-2.685229750552139	12.391561470815958	-2.2964238730624515	16689.79158555865
-0.9743477731741379	-5.381278408618989	-0.9891411920459774	-12.173741198205747	16712.77245503345
0.8399565385437882	1.8394586025045712	9.386864762386423	3.7756441218075736	16697.71678806365
-0.07506448014177636	0.7096479724603597	-9.42296532842333	11.660574677482927	16674.6526961392
-1.5269161693821687	-6.479666853820795	13.958209394657757	-4.863654014459044	16655.1386835326
2.3403743663185494	4.246673515889775	-9.049924426693465	9.301414772389393	16691.062268787413
-1.4551593487337868	-1.5860122420899359	0.06730046098422804	-11.731344083980431	16722.18045631705
0.9715560960743232	9.35405238851984	0.8444538641522854	-5.142417049081644	16776.883383293396
-2.2437440893956975	-5.452636327921034	1.0935463072939484	12.149296438750085	16800.837190931838
2.7488833807144317	-0.08833795159004154	14.055491908647568	-22.80308059701973	16709.15795879487
-1.134694366518623	9.273281467608953	-2.6555249353767323	1.527847132225432	16760.21813862911
0.3306583942208121	0.05763932837040642	9.1303523136513	-2.484542502914266	16799.668869003857
-1.584140550641095	-9.210813999527986	1.6431545204838045	-13.3172248540982	16780.06497622636
3.0029554319541987	-3.5029388111106528	3.2611241877727934	12.760711038967798	16805.05873091272
-3.491681323990143	-3.9408603224889376	9.73241572521789	-1.638826641775708	16802.13040785693
3.967819201302852	3.19688881392662	-1.295914134315737	13.314501027552964	16787.31852937709
-4.185450310299146	6.243603799926127	-3.2063133975952667	-10.195872825071092	16770.205395212026
2.0740884395203594	-12.735212595926527	-3.419103079214665	-5.278519632680826	16740.56442037722
-0.1442537294609494	12.548496252910972	-1.8576364386970425	0.2696148501366764	16692.357973330618
-0.2979699706433365	-6.203859697887701	7.909206129918772	9.802698316603866	16723.423942246533
0.8916968349273731	1.7491212810326786	2.3095746029090805	2.65736883884324	16719.78796255434
-1.3845369235202227	-3.6911508307556105	-7.544592701944751	0	0
0.5785532667361366	-1.5016903485631872	-1.8348180003513335	0	0
-0.6738907409147785	-6.64900268940012	-0.5730503662215369	0	0
1.915533002498691	6.4065300432343975	-2.4982116976478466	0	0
-1.6899504376595331	-3.1102250926811763	1.5821190485439587	0	0
0.8135459717592823	3.904696791355981	-3.955654559269732	0	0
-1.9726203209593294	-4.631891671887537	-1.1586526510075572	0	0
2.716618299329319	-0.7834886738712896	-0.35067853987752073	0	0
-0.832343649091932	5.340384694460482	-4.099665382044151	0	0
-0.46850615874837587	3.1804869745841273	7.91376199042422	0	0
-0.44224042575235956	-3.230534009231455	-1.8914651830544926	0	0
2.009866982931392	5.849108602836296	1.9028173443298186	0	0
-3.138507901621992	-7.769883197357444	12.838345205283787	0	0
3.163918288728979	-7.977019687663827	-0.4597834450351712	0	0
-1.180461237270812	4.5091575255194485	-1.717877831148968	0	0
-1.3604103006520276	2.0860766365482775	3.7021767307560083	0	0
2.909035974483146	5.546642040561117	7.885536132782875	0	0
-3.3962702298912504	4.562448298090274	-7.732242709649682	0	0
3.3884738165146615	0.5846284326094704	5.430740482343154	0	0
-2.5685097851406127	3.6060683042563255	7.795879628159369	0	0
1.1973179834332868	-0.6184994155426367	-5.952338692773807	0	0
-0.07506592727371242	0.9676783419994308	-0.8072172118843071	0	0
-0.050259080281726654	0.09776680681569161	7.018793170941336	0	0
1.34297784887589	4.183473580313269	0.7877755356552711	0	0
-3.1048237584815155	5.576196608875222	0.1777607819073097	0	0
1.483985532784601	-4.22287899884401	-2.436590039719789	0	0
2.054810602827814	-10.530803880996423	0.2668433466143654	0	0
-2.641936088733118	-5.890572168318222	-12.304132722786576	0	0
0.3458036477362114	-9.475723255482634	4.711487910416352	0	0
1.2616700623303103	-3.7266339687298924	-2.562127782108604	0	0
-0.8870222737780082	-1.1778644479169813	12.905289291385529	0	0
0.33816243721485506	0.1384210427702257	-3.3683350247215316	0	0
-0.5734854072714768	2.4870040993524754	0	0	0
0.9024690835282385	-3.6711724922098483	0	0	0
-1.6504608347618657	-2.6373623236837105	0	0	0
1.6937295968870174	-4.352290691394742	0	0	0
-0.5377152730014387	-2.3200826534141825	0	0	0
-0.38890142001697825	-8.61763096164205	0	0	0
1.710381747318415	-1.0663634322391786	0	0	0
-3.13911332618801	-4.16723518735413	0	0	0
3.0230600016958817	2.2474499776067915	0	0	0
-1.3044435993020755	-12.91145811948762	0	0	0
0.4784126606568222	4.489736100893175	0	0	0
-0.501423373271983	0.8760407453106893	0	0	0
-0.4170477569362703	-8.389738172243582	0	0	0
1.8599392616643584	-4.952457787665843	0	0	0
-1.178150105051813	1.6026500492086555	0	0	0
-0.5115076970419494	3.285430697019983	0	0	0
0.48340591619529505	0.17943431984751612	0	0	0
-0.014232511817660054	-1.4353097673170367	0	0	0
-0.03498949067951429	-1.2293412431133817	0	0	0
0.7590792626217464	2.3198444729220355	0	0	0
-1.4580652636407692	2.170822008730184	0	0	0
1.242919517599816	-4.387219353088135	0	0	0
-0.8338533645692223	-4.471816480252926	0	0	0
1.3663477170227338	1.332048785009448	0	0	0
-2.324031316152791	-0.08746272402979827	0	0	0
1.7060284231289202	7.601206720563717	0	0	0
-0.0939544851512224	-4.676858922599912	0	0	0
-0.5948979695998133	-4.514166111289619	0	0	0
1.3520438092787899	3.17862275128725	0	0	0
-1.8228705128329992	-6.8464553269062876	0	0	0
0.6340103671390409	7.7957413017484	0	0	0
0.858605628540623	2.173920201808137	0	0	0
-0.5805983000839632	1.3762199666755563	0	0	0
0.5259623261581581	-3.6830486781422707	0	0	0
-0.5305749678333456	7.621790953903634	0	0	0
0.1307058415913147	-3.7628819201748414	0	0	0
0.01167225626043944	3.4499948839256405	0	0	0
-0.45537587347077846	3.529139299918107	0	0	0
1.4859466894346411	-1.3243728884780737	0	0	0
-1.5448699132766919	-6.252075663197601	0	0	0
0.10400865110165824	-4.001200831977663	0	0	0
0.9119844741879461	5.24545733428328	0	0	0
-0.04832293475033822	1.684520506785077	0	0	0
-0.789569542552897	-13.87489987095094	0	0	0
0.32819225336356084	1.367462272786355	0	0	0
-1.1618106935016854	1.3560549196873453	0	0	0
2.6869843330358023	1.4133851009677088	0	0	0
-2.0841361383778505	4.7939411468972395	0	0	0
0.8802683408204288	-9.98003624931107	0	0	0
-1.0288988759937112	1.9728186649222508	0	0	0
1.253213920432394	1.6190541343623437	0	0	0
-0.2847739650629819	-1.4317460232081913	0	0	0
0.7694575878797068	1.0971335480783395	0	0	0
-2.1879745698445703	1.8423669717981213	0	0	0
2.289561090896946	-2.4016312593255407	0	0	0
-2.370031129413718	-2.975018708826056	0	0	0
2.923335092744395	0.42794412843701224	0	0	0
-2.2096883926936144	0.8922555224638202	0	0	0
1.177024109175541	-11.195516649154683	0	0	0
-0.9580192024857723	0.6189960954610854	0	0	0
0.578938900354828	3.3586300024038636	0	0	0
1.3137961967611247	9.253463169087588	0	0	0
-2.6381114400357006	-4.036133670697971	0	0	0
1.7235069766444653	0	0	0	0
-1.226839004232481	0	0	0	0
1.4376936771267523	0	0	0	0
-1.155553764973071	0	0	0	0
0.83032166804459	0	0	0	0
-1.175245248867462	0	0	0	0
0.15530046691844746	0	0	0	0
1.437473777751677	0	0	0	0
-1.3512248638355544	0	0	0	0
0.50671613680381	0	0	0	0
-1.0317631810173111	0	0	0	0
1.1952561096338457	0	0	0	0
-1.1470901692732198	0	0	0	0
1.6371371858890882	0	0	0	0
-2.088207873796904	0	0	0	0
0.8770091937350486	0	0	0	0
0.5166390405116417	0	0	0	0
-0.17101712309260364	0	0	0	0
0.0854983703713259	0	0	0	0
-1.834475300746874	0	0	0	0
2.6716275968415033	0	0	0	0
-1.8490431714573745	0	0	0	0
2.27405962590845	0	0	0	0
-4.350851598925921	0	0	0	0
5.3123568274339235	0	0	0	0
-4.798541355440939	0	0	0	0
3.847877606117713	0	0	0	0
-2.6283367133720574	0	0	0	0
1.5252402244644188	0	0	0	0
-2.3342498510042944	0	0	0	0
3.6046287891918922	0	0	0	0
-3.595063018454937	0	0	0	0
3.2861023668130045	0	0	0	0
-3.6731787097906476	0	0	0	0
3.284474316748444	0	0	0	0
-2.4374365390793002	0	0	0	0
1.9086721231170927	0	0	0	0
-1.5343650750218458	0	0	0	0
0.6711921129568523	0	0	0	0
-0.2961945361973548	0	0	0	0
0.42863632994868794	0	0	0	0
0.16782128928781503	0	0	0	0
-1.165317458807138	0	0	0	0
0.8541113914951808	0	0	0	0
-0.5656715462977857	0	0	0	0
0.7689194569644329	0	0	0	0
0.2040609000135234	0	0	0	0
-2.1464109168781818	0	0	0	0
3.463620098732761	0	0	0	0
-3.540408052873289	0	0	0	0
2.9963113814151825	0	0	0	0
-1.7906013771523064	0	0	0	0
0.06862599268402647	0	0	0	0
0.11933830021288117	0	0	0	0
0.3257646048621865	0	0	0	0
1.5694555152391345	0	0	0	0
-3.9517046258012485	0	0	0	0
3.8700944663418895	0	0	0	0
-2.905229434313661	0	0	0	0
1.857261920903298	0	0	0	0
0.3824938866082235	0	0	0	0
-2.2018081704645027	0	0	0	0
1.435473168266462	0	0	0	0
-1.4259127600546861	0	0	0	0
2.5820519609689327	0	0	0	0
-2.1031166720528205	0	0	0	0
-0.4433551108520035	0	0	0	0
1.600920548066881	0	0	0	0
-1.0124657116318687	0	0	0	0
0.578565218870807	0	0	0	0
0.15610598977533385	0	0	0	0
-2.228490274218963	0	0	0	0
3.328602977881566	0	0	0	0
-1.9748357928642477	0	0	0	0
0.5686691422855645	0	0	0	0
-0.09602446237875739	0	0	0	0
0.6636070380700474	0	0	0	0
-1.2933948760260776	0	0	0	0
2.12715228161408	0	0	0	0
-1.8994007285961203	0	0	0	0
0.49716142170940714	0	0	0	0
0.6518252949820322	0	0	0	0
-1.1964241710951669	0	0	0	0
1.851915314917207	0	0	0	0
-1.2068022271258343	0	0	0	0
-1.4888643880300592	0	0	0	0
2.8723873542718152	0	0	0	0
-2.2239745594791387	0	0	0	0
1.7547410287405825	0	0	0	0
-0.8797068251729669	0	0	0	0
-0.6704348200600734	0	0	0	0
-0.29159852441821954	0	0	0	0
2.6933326274340104	0	0	0	0
-3.065898094878804	0	0	0	0
1.8170585234081926	0	0	0	0
-1.4158016181756992	0	0	0	0
1.837837834650756	0	0	0	0
-1.8068868501071194	0	0	0	0
1.6927958430230134	0	0	0	0
-0.9187054874422032	0	0	0	0
-0.3060304580999542	0	0	0	0
0.22864081700550543	0	0	0	0
1.493261840400308	0	0	0	0
-2.855430789512326	0	0	0	0
3.1635071536622448	0	0	0	0
-3.4060648982070347	0	0	0	0
3.717613947017327	0	0	0	0
-2.864074811875504	0	0	0	0
1.0853128555325569	0	0	0	0
0.036348465156763154	0	0	0	0
-1.1483810473154747	0	0	0	0
3.1519939782470914	0	0	0	0
-3.6345041028395713	0	0	0	0
3.22590376581271	0	0	0	0
-3.035924164081237	0	0	0	0
3.1683743624553884	0	0	0	0
-1.7990528182924805	0	0	0	0
0.8624309044650929	0	0	0	0
-0.5455201812244468	0	0	0	0
0.06094254261252985	0	0	0	0
-0.08832048284165239	0	0	0	0
0.248637726379485	0	0	0	0
-0.7860327877784243	0	0	0	0
-0.33013719257642293	0	0	0	0
1.4026466184545257	0	0	0	0
-0.6618530083681335	0	0	0	0
