0.14024244960999965	0.07657153280084827	-0.1358058609999233	-0.06191887546182784	16889.60651763014
0.057768395726128574	0.2965601675409886	-0.3527225039566133	-0.08869192445871477	16889.598694828368
-0.48178663327961857	1.167756778093235	0.7870352491608799	1.5364327602137706	16889.725542917837
-0.5733949962696201	1.4371709258863987	-2.157149305040747	3.4700114252098615	16889.468113375846
1.3378028257458752	-2.6977400235565625	-2.3619254663276763	4.403059293524876	16889.95383469765
-0.4246176103339181	-0.5715000796299208	6.752952632785423	-0.2888012920466707	16888.23578767757
0.014494001810930968	-1.037573401713047	2.0926092243352628	2.758706392653835	16889.858749320647
0.11086483100082489	4.676567875884501	-3.180980119725689	3.9918093240634107	16890.340051624513
-1.09393438590822	-2.7855889441804393	2.9877937545191315	0.824189983036419	16891.538084205713
1.7324731436997496	3.706362934142973	2.224334210634467	-0.7859734853382605	16886.8240000583
-0.6224100305367486	-1.916788833800588	1.0801653461599443	0.019000567315359262	16891.47606438092
-0.6236225169286698	3.8725314398298423	0.8380171127727039	-1.0204873466426392	16895.19959075018
0.8085838849025819	6.09389194464277	-5.59384164176096	-4.6790857904716034	16896.254515464512
-1.4001295786635168	0.6936352328674573	0.8641000410754458	-7.702693954595034	16902.83768055866
1.7772215438973546	-0.45770406326817437	-2.1110360439881077	-0.6681440978298809	16897.149003809893
-0.919167570090778	1.0845017592684627	1.0126824502934824	-7.370234894707835	16895.41279482142
0.6959338681182885	-1.281365802656829	3.0143962116532066	6.264662218246173	16896.376153168538
-1.474399801812929	-1.9455869231521916	-3.1071110834760702	0.8087409604871851	16902.875722040277
1.0135263375328307	-5.724164219943617	4.989962323642516	0.03751909060738967	16897.23089547036
0.7980626659746761	-1.0682364545757537	0.8710731294119114	2.10096625000412	16899.69383283723
-0.8594698837782957	2.6238621808043305	1.9462078461127845	3.264790681341225	16899.097930864304
-0.838885805198835	-8.101755080887358	1.6406495019607235	4.937359663462502	16902.501688048804
1.5937260697933269	1.013223875425055	-3.9032676860728657	-0.1129705123357354	16900.245331763883
-1.660495018369815	-0.2722296712621173	4.710999207988124	0.7632073319076085	16902.678864153324
2.654562387059997	1.793271315873426	1.8564083822853519	0.9205391548896671	16906.002180422653
-2.4091854710684117	2.0175341144451693	-2.384496282243049	-2.692254131988065	16905.848956114227
0.9151703731931207	0.7742999820019136	1.4493570343063311	-1.1470309465970416	16903.929056813176
-1.0466544976158048	1.5429583417070347	2.6273892997203347	-2.1110815497334983	16904.652428716498
2.327469334619444	2.2045416007629797	-1.197315842228619	-1.4079482249603927	16900.279557421956
-1.5112642895062578	0.9777525005663037	-1.986239108577152	3.3950333306301985	16900.906718539136
0.5879606927289771	-1.5324851371659065	0.5585355836870747	2.901143389178685	16907.49887118885
-1.325089802506696	-2.3968219580976893	8.394684646045107	0.49628612302205966	16906.836913335443
1.3107607371655376	-1.069049981947657	-5.132536087979332	-0.17872969094889868	16914.58577992594
-0.08757267107707634	4.078928352870939	2.0037357987075524	1.3546823763815325	16905.357938104742
-0.4747167510837471	-0.9478648768017521	-0.6642376490356696	0.5154884361566161	16907.34867930588
0.32462948355714616	-1.6180523047527302	2.9814211096458507	-0.250456794247242	16905.760183109065
-1.4792122413997788	1.0788924192337817	1.2065070436655816	-0.8301881628926111	16908.212995531812
1.9768982999046472	0.5173504124963415	3.0823532798740274	-1.1532884279578468	16910.63459175746
-0.4139976635838849	-4.0578479891263655	2.041904726164333	0	0
0.10385611427670227	1.2356463902282897	-7.420628745200958	0	0
-1.9903716155745315	-0.6244811580084857	-1.5063464666869777	0	0
2.2661114724082054	1.326324626396513	-2.5910966184962803	0	0
-1.3152763358217001	3.447533221387296	1.447481601143437	0	0
1.5499607811167806	2.481649504563393	2.221818755465918	0	0
-1.9491679942846503	1.9788508705882393	1.0419630624049603	0	0
0.9637549773018819	0.8140574257896418	1.6775326250016747	0	0
-1.1815550079575132	-0.9320558625929394	-0.3149747692796012	0	0
1.852540267486411	0.8093478320689869	-2.611181256789237	0	0
-0.9722578884193993	-1.787877190283801	-2.8365145373609693	0	0
0.02330028206426249	-0.2508684899507756	2.0639017335977314	0	0
-0.8009113992305785	0.15950368420682537	1.116126205692069	0	0
1.4117417437094844	-0.8593418277250251	-1.9336501555249868	0	0
-0.5339464462970653	-1.2692103704297821	0.6932081435917752	0	0
0.2911361973484574	-0.09573340170048539	-1.1987004829893095	0	0
-0.6279988342845044	2.311692895675847	2.1168733813060356	0	0
-0.4439945530336473	-0.33421777770529815	-0.7523534397547564	0	0
1.699205562399868	2.3699956269048315	0.5462691962863317	0	0
-1.2420069625975927	0.4063932379895405	-0.21390763954552483	0	0
1.6681873393229623	3.5490070318302926	-2.194589098401977	0	0
-3.09963891574629	3.839168248288395	0.6134438105089117	0	0
2.7998972734422267	-1.3515440792943778	-2.515801882666139	0	0
-1.2110737499723996	2.979077203707959	-0.01818153332756367	0	0
0.9709004594979049	-3.2228802929585143	-0.5352195889487064	0	0
-1.0175371493213206	-0.521839709019595	-1.6800109406929664	0	0
0.30810062083599377	1.814042925266257	-3.0105403988556816	0	0
-0.5101780212484854	-0.3719091273609507	1.7638316345069	0	0
1.2919579382676076	1.5610428809290084	-0.7509587447426185	0	0
-0.4858433605369612	0.12164664444127027	0.4060053235272676	0	0
-0.7822926958775369	-4.292090523293062	-0.9672331321946785	0	0
0.3693800327231216	-1.3784013829102975	3.9629060929855626	0	0
-0.12646227349539174	-6.231745369523544	0	0	0
0.5872547688915333	2.074314309827251	0	0	0
0.15192327398525407	-4.9518407969432445	0	0	0
-1.026653251957626	3.798986569195492	0	0	0
-0.3497005756828102	1.2236974274983297	0	0	0
1.7407194693440289	-0.551623590391138	0	0	0
-0.7182330682340989	1.5279212109813045	0	0	0
0.202412117666249	1.082104754866272	0	0	0
-0.914659899537547	1.7112428793033558	0	0	0
0.6842979083333987	-1.0932890887118418	0	0	0
0.049042418557512235	0.834806222351105	0	0	0
0.5653159339191873	2.3708272719980457	0	0	0
-0.9537398845722791	0.08475802903594598	0	0	0
-0.11409485879331527	1.0298159368312199	0	0	0
1.033376146615197	2.3750829094384116	0	0	0
-0.8565842828571419	-2.8837432989707494	0	0	0
1.8706158855074477	-0.06953852752621259	0	0	0
-3.371214470270786	-0.33176836440472357	0	0	0
2.7855316331521465	2.0618416062719973	0	0	0
-1.7443363174024071	-0.6860256712930735	0	0	0
1.6214954644632158	1.4641295485102503	0	0	0
-1.325192184499258	0.7255657198013523	0	0	0
0.09416993129171658	2.7210830288168353	0	0	0
-0.2694041507086169	-0.5792561258281452	0	0	0
0.7945029286903207	3.4237740941085804	0	0	0
0.5052550822830142	-1.3616559832080881	0	0	0
-1.1817711552842525	-1.1779496337674331	0	0	0
-0.13634043452671563	-0.36137928405905484	0	0	0
0.5014297639271135	0.16804329100335025	0	0	0
0.07496547098365625	2.302629119723342	0	0	0
0.5774611799443079	-0.8725766028990023	0	0	0
-0.5107378823112825	-0.9782334268039037	0	0	0
-1.049344911178018	0.8720826670594093	0	0	0
1.3768629866270174	-0.5184548327430321	0	0	0
-0.19742071563894115	-1.5064902595234813	0	0	0
-0.2341522362014743	4.674654386867985	0	0	0
-0.08113932865789053	0.6245404203544282	0	0	0
-0.5103208783343192	4.605057255873334	0	0	0
0.5110884130707305	0.010330036007026422	0	0	0
0.9914969165534799	-0.5778312853254448	0	0	0
-1.4936123126007672	-3.9491090800105155	0	0	0
0.7803990738579927	1.645159090281659	0	0	0
-1.0134908470029984	-2.373887396180848	0	0	0
1.5811672115719162	-1.9223638419464635	0	0	0
-0.37146560454214494	0.23424937963948622	0	0	0
-1.3608096127520994	-4.192990825369215	0	0	0
1.719088478273676	-1.068706219600493	0	0	0
-1.4397069418829673	-1.9797176587558312	0	0	0
1.4036177784496857	1.975697364665777	0	0	0
-0.5319153555842036	1.5905837416629112	0	0	0
0.11301067332430392	2.3610734065152386	0	0	0
-1.804626844234292	-2.6680660510134615	0	0	0
2.6205789519215514	1.2489942286733466	0	0	0
-1.503427354800884	0.13735330131117252	0	0	0
1.0932689977428822	0.6679566349175445	0	0	0
-1.715490605634301	1.4388312715056557	0	0	0
1.5372765180953465	0.7140769067760289	0	0	0
-1.1368291937594108	-0.5023264413032749	0	0	0
1.8852488513554064	0.4992366739210823	0	0	0
-1.9425622507151488	-1.1583095726568118	0	0	0
0.5655154871055572	1.3733712412653034	0	0	0
-0.5107503111789526	-0.8689284923902534	0	0	0
1.5174856166392914	0.7046083636579326	0	0	0
-0.902994407209853	0	0	0	0
-0.5244942662818914	0	0	0	0
0.4566347122449841	0	0	0	0
-0.37679054799530576	0	0	0	0
1.393261492000768	0	0	0	0
-1.6442535308330193	0	0	0	0
0.420708868414863	0	0	0	0
-0.05791383667560979	0	0	0	0
0.13764325509168174	0	0	0	0
0.31007633696307124	0	0	0	0
0.17270020940932795	0	0	0	0
-1.021686945410245	0	0	0	0
0.32045912931515375	0	0	0	0
0.5869586852309467	0	0	0	0
0.08734830720103304	0	0	0	0
-0.8248772721984636	0	0	0	0
-0.25555581716856324	0	0	0	0
0.7371953849472632	0	0	0	0
0.20967757575100876	0	0	0	0
-0.16975148925357786	0	0	0	0
-1.2320610879129248	0	0	0	0
1.1867004646218149	0	0	0	0
-0.9797817891648393	0	0	0	0
1.2806835914822088	0	0	0	0
-0.5571189420786524	0	0	0	0
-0.8211084157056803	0	0	0	0
0.4346454548436327	0	0	0	0
0.4278366802866955	0	0	0	0
0.14147987561058528	0	0	0	0
-0.3675367699170309	0	0	0	0
-0.3954134049842466	0	0	0	0
0.1664769913380013	0	0	0	0
0.9029473029903272	0	0	0	0
-0.3410477715477427	0	0	0	0
-0.24553347116419388	0	0	0	0
-0.8623648098692911	0	0	0	0
1.5540180415175087	0	0	0	0
-0.8957224947680942	0	0	0	0
0.916244816087314	0	0	0	0
-1.7325602729124867	0	0	0	0
1.053158625446926	0	0	0	0
-0.33378684029589323	0	0	0	0
0.6073205509168886	0	0	0	0
-0.3188804614351852	0	0	0	0
-0.5547983767155102	0	0	0	0
-0.017032391436046623	0	0	0	0
1.1967046182187389	0	0	0	0
-0.8299288718373248	0	0	0	0
0.4314774625171651	0	0	0	0
-1.0567905192129743	0	0	0	0
0.8410833910630657	0	0	0	0
-0.22447270078107096	0	0	0	0
0.5018826158529848	0	0	0	0
-0.10143270365782797	0	0	0	0
-1.6841791614426498	0	0	0	0
2.4087091299887504	0	0	0	0
-1.4839943281811543	0	0	0	0
1.3959855289694758	0	0	0	0
-2.065039637052891	0	0	0	0
1.362570410031104	0	0	0	0
-0.11092436808902306	0	0	0	0
0.2281089991466274	0	0	0	0
-0.1491982989522782	0	0	0	0
-0.34119564522862333	0	0	0	0
-0.6871324780524546	0	0	0	0
2.0752270290480084	0	0	0	0
-1.224870825642519	0	0	0	0
0.05374602861495248	0	0	0	0
-0.1338614185269691	0	0	0	0
-0.5059375470813734	0	0	0	0
1.8492681452637854	0	0	0	0
-1.8958292572915951	0	0	0	0
1.417300520562108	0	0	0	0
-2.38107786838615	0	0	0	0
3.0611081001804763	0	0	0	0
-1.48688403206733	0	0	0	0
0.9724534442846746	0	0	0	0
-1.786432505577146	0	0	0	0
1.1665481527084935	0	0	0	0
-0.08232552872874521	0	0	0	0
0.12352291175245256	0	0	0	0
-0.07946590156132771	0	0	0	0
-1.2406304854640169	0	0	0	0
1.505279712384855	0	0	0	0
-0.8996567307464289	0	0	0	0
0.9679438119319599	0	0	0	0
-1.0747762796266045	0	0	0	0
-0.04732508687103376	0	0	0	0
0.21731430865408186	0	0	0	0
0.6153349063441027	0	0	0	0
-0.11763569094024007	0	0	0	0
-0.8248068304734346	0	0	0	0
0.04833194895242343	0	0	0	0
0.7512789155859707	0	0	0	0
0.13928888029349196	0	0	0	0
-0.637152390491373	0	0	0	0
-0.04208164180921159	0	0	0	0
0.19682079127735363	0	0	0	0
0.42236748142873637	0	0	0	0
0.03757930389902242	0	0	0	0
-0.3083155934119901	0	0	0	0
-0.4893997098282199	0	0	0	0
0.24837872849095533	0	0	0	0
0.9902663241510226	0	0	0	0
-0.9799406602972951	0	0	0	0
0.9880689287960607	0	0	0	0
-1.9167226553731282	0	0	0	0
1.6976383019919226	0	0	0	0
-0.023112476086836864	0	0	0	0
-0.17875010055063711	0	0	0	0
-0.7549858075573823	0	0	0	0
0.48774606909995555	0	0	0	0
0.009502336073843765	0	0	0	0
1.0253210862897433	0	0	0	0
-1.3966100341172805	0	0	0	0
0.5509519097032367	0	0	0	0
-0.9831207897178587	0	0	0	0
1.9932976330187486	0	0	0	0
-0.8152791038493845	0	0	0	0
-0.383644916832651	0	0	0	0
-0.34361837795731986	0	0	0	0
0.71811299437217	0	0	0	0
-0.0833350254113725	0	0	0	0
0.04336399796059709	0	0	0	0
-0.1372459295702413	0	0	0	0
-0.6340304215948009	0	0	0	0
