-0.041407145310486726	0.7267311550456981	5.670093546286992	-0.5952668945133439	17420.284090346482
-0.024309824951984638	3.1442987839115943	17.663394379557616	-3.1358731404622233	17418.74109902191
2.3974812234946086	3.3773627731339957	-11.40757657806303	-16.943741563657312	17416.42409390674
-3.114674232409982	1.9529212724106202	1.0182059880621637	16.694932745552336	17421.895961555183
2.852975784552264	0.6966215886223495	-4.481965112203639	-12.100852418157757	17403.401484036112
-2.337324224105494	-0.2606483633179266	6.1751127830885935	-6.785614077339005	17472.78063264559
1.5758087309090598	-0.48569414478953377	1.5455352782424683	13.075105932670311	17634.368121001673
-0.8745899304366844	4.45900328922977	-2.084950566384009	-6.336661265875108	17695.57852324146
0.321103738819005	-2.1952511784770223	7.086765847561082	0.3598732771089317	17704.0110947963
0.08318141941116153	3.178188752906209	-2.2588407608986785	127.91070804519131	17729.98507815303
-0.5938135158559916	1.4707251271464088	6.554084232713109	-100.45914101835874	17691.56481464481
0.9581873314490323	-0.9171241684664153	-3.6611106245563434	28.974221195955153	17876.766512545662
-0.9817729424261756	2.424554956546899	7.575939781065955	-12.166244853872485	17551.609176878595
0.429379224737346	-3.2805904260961825	3.488645828169794	8.134092654783473	17278.09449450234
-0.3579892592619842	-2.802688696595567	-0.7201994328234491	6.21801436534696	17248.43547564351
0.12166345726225813	-1.4133541873236055	17.629855607037115	-1.9603564676246492	17209.58516484644
0.7943225600692188	4.9787131442577675	33.55859349335523	13.64753471155754	17156.863496922088
-1.005776129535576	2.9800312538581437	-58.942716524140906	-5.779792895050775	17008.626383292096
1.3324530258653766	-3.7928517524860297	36.6709938087309	-20.7671250120778	16905.600536769067
-0.8939401580735904	0.9249481265668891	-16.11674810161736	12.58686176040905	16844.7351447225
0.05760888439245804	-8.70433192902118	-3.176365086286779	0.23033065914734152	16733.804238082437
-0.31330572496703013	2.3667723127178135	3.424282778158883	-4.647985979307663	16584.268365003194
1.062533464941481	2.6952044294483954	0.654522988087308	15.550126907091354	16532.966563219838
-1.8991864038797317	0.0498153650408284	3.5584707604465535	-11.994536171722089	16449.768113105343
2.3911971395182974	-0.91905883425882	1.2735545953805172	-6.3711214306652835	16381.436715981517
-1.5775561725336047	3.348601800160978	11.27657054286955	5.179305444884292	16368.359008699183
0.43840223189348393	-0.9421453655747456	1.0842592729386666	1.7535229850227267	16286.618777345848
0.0796047310171275	-1.9152419566756578	0.7813546566324305	-5.268439227880435	16246.208533656732
-0.33439302670417703	3.6023969466577768	0.9601721241911179	2.9393739298338204	16257.408923528616
0.9689661598102077	-5.487816050411908	1.1374361304126808	4.909895062562057	16254.455982687352
-1.3987403329878845	26.51956145486011	7.049480244060959	7.089242455279745	16294.972785408834
0.9770128308029555	-24.471119282255955	4.466682943786395	-8.118416565688804	16336.17563766348
0.03679705439929393	10.81178233803881	-1.8949646781561	3.564452716844869	16354.256665162797
-0.36709383092365755	5.211724868313738	-0.6628797780680173	4.744799333252473	16354.629303781172
0.03814875938522988	-4.677671391203617	7.868538315132312	2.906607226049033	16329.579625767958
0.10894514426027513	4.624493867653229	2.984494700307266	-1.7386655168365053	16356.832732096944
0.8532358651971421	-2.4228046843187343	-4.6511948023685505	-4.993979628330038	16407.629615120415
-1.3274203669716442	6.1775841960825915	14.044764130057331	-2.775692207323175	16443.50964863664
1.152873480535142	-12.984428388187055	-13.207346347249327	0	0
-0.4805464798944854	5.741508688884409	-0.5782054962017327	0	0
0.038973319033708265	-1.0820483710962066	-4.316501145838245	0	0
0.3983958774104437	-1.1617052327143966	-2.621476829481878	0	0
-0.47911172933668666	0.7876705687225467	-6.805731233834251	0	0
0.465857404836278	5.494494626095417	-3.678152262729796	0	0
-0.12951957278645665	-6.403156509219258	3.039668689013979	0	0
0.8145381371680429	2.6176586442458216	-0.9793648989309389	0	0
-1.2815012070773335	-1.69965761350268	-1.6790264688959695	0	0
1.3896334528754934	12.057858486178503	1.23712889160943	0	0
-0.6803612862394885	-6.994329005725646	6.032010810539191	0	0
-0.1787239948247148	5.690505770536603	-3.1063888679894944	0	0
0.3201096199344846	-1.175519659595409	-0.5131128742534798	0	0
0.12324163110839237	-8.155626588855768	-0.448244131137713	0	0
-0.20461450934290326	-5.76822602585294	-3.0380612229555197	0	0
1.1969245282039438	-0.7868188222867474	-4.952113273332387	0	0
-1.3425731378078893	-1.3682902737163403	-3.117577361132774	0	0
0.47732513892373873	0.35952712809250187	-1.7581304517638472	0	0
-0.7116975138939523	3.633516247922465	0.2784669204172019	0	0
1.7046926934516335	-1.0952745315758037	0.12757088598422683	0	0
0.7668494904449261	3.7632260687023944	1.9437119830006253	0	0
-6.658229761986043	-0.3049078976258386	-15.061699154628869	0	0
7.097251973331005	9.130832806253707	5.11943268601172	0	0
-3.480046496059394	-4.2723672705481235	2.181012935557362	0	0
2.393103352142276	-0.0995120763092956	-0.90225005548902	0	0
-2.327739848787658	1.1509695993706472	-8.604242995327226	0	0
2.5570308631209713	-8.511247367382573	0.9771237047629029	0	0
-2.8020459822617383	9.444315330620014	-6.525369076782965	0	0
1.413805190554406	-0.13138110404661774	1.9807743332259378	0	0
0.028158642840168113	-3.217806419787941	-0.7402727119751091	0	0
-0.3683337326272067	-1.447430430522381	6.224963642390335	0	0
-0.08129664811115589	-2.352143749556369	0.19484701247688463	0	0
0.15718570735467807	2.133825552091544	0	0	0
0.5559125744716411	1.1563675282022459	0	0	0
-0.08671980700857063	3.27650145906518	0	0	0
-1.0954714545532838	-0.8740672490974717	0	0	0
0.7558030433696032	7.2305886177470455	0	0	0
1.3248548330509493	0.48182677645874605	0	0	0
-1.5913014366602738	4.563694373764434	0	0	0
0.23020128576597898	-0.23679952295466222	0	0	0
0.7641067604563787	5.5789483084250975	0	0	0
-1.308376825000174	0.7109247840593866	0	0	0
1.2634316041805604	-0.8318834182950212	0	0	0
-0.27290842830533535	1.2981279056838986	0	0	0
-1.415439710352345	0.884004504130715	0	0	0
2.2225707713837224	-2.083860732810791	0	0	0
-1.1487580394698185	-0.21079358573570772	0	0	0
-0.017381799719636604	-2.5681220358909655	0	0	0
0.4672583952203837	3.7169011855401592	0	0	0
-0.9681668103342034	-7.269096017320564	0	0	0
1.593026803872661	-0.42704985550486185	0	0	0
-1.2155116382383895	-6.83109871206171	0	0	0
-0.15863218846305216	4.0654885281443	0	0	0
0.4638469035959858	-0.925025608965754	0	0	0
1.200583187588613	2.2875986044922243	0	0	0
-2.5234256998106304	2.064023122181986	0	0	0
1.6849490478195648	-3.7208929975677947	0	0	0
-0.7779009982818081	2.0573182279066273	0	0	0
0.9117521701968272	0.567167289215952	0	0	0
-1.9519076783075207	-3.4369790800539803	0	0	0
3.223358400295062	-1.8677916445002083	0	0	0
-4.41938670960981	-1.4553205831683584	0	0	0
4.593557017156094	-4.598676124360907	0	0	0
-3.576256701490088	0.11636034943609985	0	0	0
2.290043640703459	-2.6882930522418818	0	0	0
-1.5245746036203442	-1.424807736785155	0	0	0
1.3574731371326862	-0.41851750520408615	0	0	0
-1.5202148877269863	-3.0769549608543443	0	0	0
1.3282757784805241	-2.07554605644863	0	0	0
-0.6021175904788976	7.93816628517704	0	0	0
0.27750601955164456	0.3785022796261259	0	0	0
0.07084705654964552	-3.318056873207695	0	0	0
-0.17790043458366966	-1.3838474003442798	0	0	0
0.18745543706041445	-2.9607092025832387	0	0	0
-0.4952184884453743	12.227166413616231	0	0	0
1.4404857646138183	-5.910457056181585	0	0	0
-1.8733878089149556	4.771178733338402	0	0	0
1.3555002670860574	-0.7436079475944837	0	0	0
-1.4748100061824232	5.587956201644026	0	0	0
2.6444401586361437	-3.0298234557955865	0	0	0
-2.389194080603872	-0.600079753017738	0	0	0
0.7422967669344374	1.67545741583087	0	0	0
-0.013958646505464856	3.743916052834095	0	0	0
0.5834847472210853	-0.3332612673596671	0	0	0
-1.2079747387066249	-5.030840206609781	0	0	0
1.1717289633579213	0.6442733251894524	0	0	0
-0.2745746292092406	-1.3871990554108038	0	0	0
-0.4715563470029096	7.131404827658102	0	0	0
-0.1472849180194018	-0.5972062228931136	0	0	0
1.5380878550593096	2.4820677538184697	0	0	0
-1.81689456886307	1.2146888664559299	0	0	0
1.3917389991424827	7.190661994886973	0	0	0
-1.25009794194726	-10.14568714178614	0	0	0
0.9756766131754588	1.306150900114332	0	0	0
-0.25372921139504	-2.1413796121698567	0	0	0
0.22650335800977928	0	0	0	0
-0.15487050631229948	0	0	0	0
-0.29220731000609135	0	0	0	0
0.7224007417060463	0	0	0	0
-1.070145099017921	0	0	0	0
1.0221691621383187	0	0	0	0
-0.9304846129257243	0	0	0	0
0.7395463269071314	0	0	0	0
0.19466106862760313	0	0	0	0
-0.8361432208668234	0	0	0	0
0.495774844237431	0	0	0	0
-0.7430993148168525	0	0	0	0
1.0776122477848418	0	0	0	0
-0.1050407782770435	0	0	0	0
-0.573800769707816	0	0	0	0
0.4344034323165289	0	0	0	0
-0.45788742554979933	0	0	0	0
1.064272639660814	0	0	0	0
-0.7988308676353739	0	0	0	0
-0.2735463070672708	0	0	0	0
0.7364341185007035	0	0	0	0
-0.11559442385110685	0	0	0	0
-0.38079123743964516	0	0	0	0
0.6688085438075788	0	0	0	0
-1.0803065315926617	0	0	0	0
1.198947358409825	0	0	0	0
-0.4203187952770051	0	0	0	0
-0.4846632276604481	0	0	0	0
0.15956828875214057	0	0	0	0
0.47857029407309426	0	0	0	0
-0.48775078420811724	0	0	0	0
0.37186013184334143	0	0	0	0
-0.6679372852222869	0	0	0	0
0.9687279161714741	0	0	0	0
-0.8013814051591126	0	0	0	0
0.5524998124313285	0	0	0	0
-0.41191037315027756	0	0	0	0
1.3622365836876682	0	0	0	0
-2.768736282560752	0	0	0	0
2.912822856636076	0	0	0	0
-2.3168402013763014	0	0	0	0
2.4777014329016396	0	0	0	0
-2.163658803758935	0	0	0	0
0.777985370289187	0	0	0	0
0.8175259383736346	0	0	0	0
-0.7477186728780438	0	0	0	0
0.26678562783936854	0	0	0	0
-0.27004452879948815	0	0	0	0
0.8044791814083112	0	0	0	0
-1.420388565415486	0	0	0	0
1.572496888229054	0	0	0	0
-0.8739366939172442	0	0	0	0
0.4137505793791405	0	0	0	0
-0.9021544994651762	0	0	0	0
1.4070850163977155	0	0	0	0
-1.5007459687664166	0	0	0	0
1.1053190532858324	0	0	0	0
-0.6429368113554759	0	0	0	0
-0.08654511262122355	0	0	0	0
0.6466835636130384	0	0	0	0
-0.8320731489365372	0	0	0	0
0.7725678338213982	0	0	0	0
-0.4301434630416452	0	0	0	0
0.28215802336332985	0	0	0	0
0.00174720335410683	0	0	0	0
-0.5556993241524566	0	0	0	0
0.6918327883502116	0	0	0	0
-0.3472121084302131	0	0	0	0
-0.3853369413346499	0	0	0	0
1.2830971288606676	0	0	0	0
-0.8417696479300858	0	0	0	0
-0.23082429825013406	0	0	0	0
0.5968843794638232	0	0	0	0
-0.10487328418383157	0	0	0	0
-0.007373760908507165	0	0	0	0
-0.26883869307521024	0	0	0	0
0.24643012853858437	0	0	0	0
-0.5238323640273919	0	0	0	0
0.9749660837969785	0	0	0	0
-0.481438160355971	0	0	0	0
-0.7400345215603039	0	0	0	0
1.3064860192935726	0	0	0	0
-0.6342353310626905	0	0	0	0
-0.3869466122382619	0	0	0	0
0.9999952520203266	0	0	0	0
-1.3926615206842072	0	0	0	0
1.762160041261069	0	0	0	0
-2.4857973197417707	0	0	0	0
2.7649878425204335	0	0	0	0
-1.5824505267665003	0	0	0	0
0.014246486608108455	0	0	0	0
-0.5633370618643099	0	0	0	0
2.5231720744669843	0	0	0	0
-3.355225987260795	0	0	0	0
3.1239371597121206	0	0	0	0
-3.0895946058669637	0	0	0	0
2.0792662760472	0	0	0	0
0.03533804089546777	0	0	0	0
-0.869379061335863	0	0	0	0
0.38048160542822984	0	0	0	0
-0.014174137603589543	0	0	0	0
0.11482707443422413	0	0	0	0
-0.5599610138983593	0	0	0	0
1.1961895617596525	0	0	0	0
-1.8808009156019807	0	0	0	0
2.352669404306141	0	0	0	0
-2.828359762360485	0	0	0	0
3.0502829276756387	0	0	0	0
-2.8022202541292742	0	0	0	0
1.7782620820970152	0	0	0	0
-0.7642145497113262	0	0	0	0
0.4335381019299902	0	0	0	0
-1.014537294542471	0	0	0	0
0.8391266223993838	0	0	0	0
-0.27446680593092054	0	0	0	0
0.6128800374513119	0	0	0	0
-1.225094336551095	0	0	0	0
0.8091299503688134	0	0	0	0
0.4413690338552101	0	0	0	0
-1.8917116149554474	0	0	0	0
2.2781264159832517	0	0	0	0
-1.9967388795750693	0	0	0	0
0.6305812625770741	0	0	0	0
-0.16626809911977602	0	0	0	0
-0.41405189754505045	0	0	0	0
2.0133539359028276	0	0	0	0
