0.030458394035242975	-4.8308137863097755	14.414544312881475	-0.2959140447572679	18076.378428438788
1.2552083274768293	-13.896081592705684	45.3429117404111	-4.071576640678813	18073.94301431639
-0.6633639392441637	4.058363898359943	-24.954250611712467	-44.526745396207275	18066.229119527005
0.640125109062943	-5.948023920551819	9.057979736210285	47.620219065468774	18082.37364231418
-1.5137793164168585	-2.3748870295635243	-14.117428607153357	-32.28074391541628	18031.499359435744
2.0491685785360474	0.5695076201693894	-1.992997790558661	-10.903566002545688	18218.44095824162
-2.1427714892168197	-2.468781771712983	6.0862992701598415	23.544818515144556	18642.949330716947
1.561135510372516	9.138852088402786	-2.7256058596587565	-7.785456940894164	18734.174833826626
-0.5301133327051843	-7.31000586315804	10.870666021888056	-24.74541222532963	18701.592496926918
-0.2651041691585192	4.317670446026398	16.13625597042278	112.00146952525586	18678.028511498804
-0.22232169929417012	-3.9866285011718077	-8.744896747694469	-92.5503972305743	18569.39138192401
1.7397875657757496	-13.652014593429556	0.3258040713037076	-5.683307643989082	18754.707275321474
-2.15869771237233	6.823078160976905	11.534236282094724	22.166531245042137	18803.2781421994
0.9619685900491959	-11.867612186317402	-9.044014823752434	38.664823661613866	18371.56610844945
-0.018837635446054435	2.6046750736572193	3.374474907662105	19.671503942315894	18063.652019689664
-0.08763543731837586	1.5889308105106892	42.63414008524582	-22.652973579444108	17878.85131884502
0.8815255640855568	7.618059064867097	-31.632960876805456	30.21287729759439	17674.968979972957
-1.8141726866543095	8.814902555780094	-7.264889515773035	-19.615484032151244	17331.330494170674
2.5633951787019953	-2.8634755854154577	19.37645787722441	0.05854006176951998	17081.570492909894
-2.03320432168924	1.0895295646059964	4.641338605761675	6.931393309161763	16833.980814793533
0.21081728823242685	-11.892395351168489	-11.095420401235444	5.220616273594715	16523.675349791964
0.5713121538357626	0.8015412310072918	25.511285880450203	-7.7001418042966066	16266.61652795321
0.9719082825345993	-0.25289482044372846	-14.80183767091799	43.89869565346052	16192.001836687346
-2.731338183990715	-5.392608107135132	15.496129769074585	-26.395443616851992	16080.714263225094
2.4723341427483305	5.733818684813244	5.709626972332444	0.6262779586309364	16018.355601503257
-0.4638607568616351	6.996113508302628	27.233232342285774	-2.73161425310974	16056.217932401407
-1.068438228313859	0.6419863222505171	15.172014440780075	-7.617928388883456	15940.488440581485
0.4807103251769149	-7.614486692870372	-1.2202317290969091	2.8619552156521024	15912.620207735705
0.3331314887762886	14.936471126737743	3.7083493914592935	11.776720407255837	15927.86598813649
1.5345007913189903	-12.816709322008577	-0.8425611828624255	5.696712523641011	15904.53927585688
-3.6345604558118367	9.596450456605979	-0.49118749565708697	-14.012133122113298	16003.743487712363
3.096544317890398	-11.923520215119439	-5.230420542027687	-4.0877020591957205	16072.118557448212
-0.9791543386993382	-3.165743168912499	31.601667271585086	-10.685050999126531	16102.686675144474
-0.588684631882515	3.9695454753174744	-18.39137880093915	15.88730331763675	16192.392162691256
0.571853988505346	-13.521790295654142	8.025621733712512	2.8209215294668724	16181.126438804726
-0.4033823622591086	8.190764792963321	1.0261407877677158	-0.5486985985195503	16294.17134619908
0.8504612499144173	8.516227910405675	0.6744977535923198	-10.916004429380138	16350.16769946539
-1.3354668411840365	11.74495944708184	36.616297967009274	-5.816238902041604	16395.069518468266
0.6587644249530982	-31.121796406124545	-19.976852435010727	0	0
0.3047514042431132	14.535258085580324	-0.21399269155176626	0	0
-0.6695525416174561	-10.279699184604723	-1.1854634143229106	0	0
0.5656432017099675	-11.595688214120514	-13.678355277450436	0	0
-0.48545689077038645	8.372741542143643	-16.876784043866067	0	0
0.7729392770147925	13.65852144760764	-6.9290813140976155	0	0
-2.050283511973177	-8.248110267192558	16.113452449621903	0	0
3.7323849848608575	1.2766528187352435	-3.5097259819860227	0	0
-3.9546085287620514	2.985174193360777	-2.034692502429664	0	0
3.190013231194527	19.646243857546068	-0.25663220376566187	0	0
-2.3009077984136326	-17.27093528231356	12.683701703567351	0	0
0.6373375112677948	5.815931658601073	-10.58812514771293	0	0
0.07050021197959211	-2.2424065086690916	6.081164667865195	0	0
0.33392906067917494	-12.40854405752755	2.8047810144967684	0	0
-1.5039953806009194	-7.076474175526812	-15.616281553732847	0	0
4.9873589565393885	-3.885515306294934	-3.37668046671358	0	0
-6.012955490014043	6.8003026259865464	-12.268744888425147	0	0
4.2147594378846875	-2.5753239624282003	5.535425341356216	0	0
-4.743272841803659	7.310307294996861	-16.28617846048138	0	0
5.875533729820269	-4.672038348123408	-9.681670921900547	0	0
-4.430402142148573	2.461240390693085	17.170523449763934	0	0
2.068269111186588	9.123538432233119	-16.853839162505167	0	0
-0.8615768233357457	6.003712074286355	15.056492117001184	0	0
0.4116169380262562	3.2733013521755367	5.238533399248894	0	0
0.28688902738199573	8.48692706120633	1.9064171426699659	0	0
-1.8200914179899783	1.6996977087848393	-2.2321240435941405	0	0
4.552229123252545	9.04132711572889	6.180758962699471	0	0
-4.882778184788371	3.6426195507554127	-16.076268853013957	0	0
2.181098231700716	-1.312715365465671	6.039776998669424	0	0
0.47638278522283173	-5.38301543323599	-2.5133254684358093	0	0
-1.6282836288032243	1.1987847648665806	14.708823028407068	0	0
2.411893454750704	-7.682034727408578	-10.62109969929385	0	0
-3.083221788635967	3.957197239391661	0	0	0
1.8485775409832996	4.9297952953351185	0	0	0
1.3603992743651787	6.656148592862515	0	0	0
-3.6492460073141544	-0.815544626316786	0	0	0
1.477065469289748	7.104722889856646	0	0	0
2.000480941320099	-2.1771619939405227	0	0	0
-1.6243906860398454	0.9284265154223661	0	0	0
-1.3561200052888438	5.466547409360771	0	0	0
2.5945718856637754	-2.8675622980586866	0	0	0
-2.6011024072398854	2.2203709962823197	0	0	0
1.2630720913453288	-3.0148922815733243	0	0	0
0.23387685349201348	4.867068251207783	0	0	0
-2.2342610826105442	1.8495740510854901	0	0	0
2.7355603551960925	5.369153209816261	0	0	0
-1.0018109804329143	-5.279950062777651	0	0	0
0.11210046118345218	-4.4180656703971835	0	0	0
-0.26596349997149815	1.8900224434779744	0	0	0
0.41989587920921423	-12.432653176234552	0	0	0
-0.39116143365894374	-1.9146213391379803	0	0	0
1.3596412015422032	-6.782190873756079	0	0	0
-3.0395658140232555	-3.669867012162726	0	0	0
1.567950589568845	4.958480742046547	0	0	0
3.644544459661269	-0.8564911078395454	0	0	0
-5.164173613285627	-3.81709805727273	0	0	0
2.0752911384088506	-1.402166418120494	0	0	0
0.08767074914170081	-4.446971733236381	0	0	0
0.06733377401638307	4.678092669118392	0	0	0
-0.8579725317590814	-0.1986956099675652	0	0	0
2.316781295856856	0.01057075390642126	0	0	0
-5.21076160754464	-1.2949131600486439	0	0	0
6.629801520944433	-10.185807490666974	0	0	0
-5.241657198036265	11.976315123267057	0	0	0
3.405093557812421	-3.2067315036031303	0	0	0
-2.2538416772845267	2.536951482395523	0	0	0
1.3657170212223662	-5.230255384596397	0	0	0
-0.5838865403371756	5.943208837382883	0	0	0
0.8982691307850175	-9.849565950371861	0	0	0
-1.2062256312645872	23.200616525008478	0	0	0
1.0601312336952944	-5.719231920865106	0	0	0
-1.1542656412232972	-5.479949007244549	0	0	0
1.6430383491950664	6.781379756479716	0	0	0
-1.738988305791075	1.9004684273181809	0	0	0
0.6615513070310897	6.203898018509236	0	0	0
1.4213804640169414	1.4381915383505586	0	0	0
-3.0890799108081595	6.616189302645559	0	0	0
3.9973800760971088	-1.858551974744863	0	0	0
-4.815952902845332	1.632438598158103	0	0	0
5.393259195609964	2.44321484104767	0	0	0
-5.689750370746566	2.089918661496739	0	0	0
4.917657369260475	8.52461771225309	0	0	0
-3.80495342383945	0.4310463460203593	0	0	0
4.754548934420029	-4.243818083385094	0	0	0
-5.510815846724412	-4.9317467035198845	0	0	0
3.566959696918069	-1.3616723896880316	0	0	0
-1.7983004011549184	5.919759372486126	0	0	0
0.5072124259221198	5.4162420854324225	0	0	0
0.9033740824733414	-2.0793595485748355	0	0	0
-1.1023176077907664	9.76092173588247	0	0	0
0.4035283061747066	3.657404014294684	0	0	0
0.16304652869428082	10.313468976162397	0	0	0
-0.4897051803092154	-15.417066772002975	0	0	0
0.7554966434753752	-1.3687830931030973	0	0	0
-1.413068334619041	-7.863039837098235	0	0	0
2.2124842353155643	0	0	0	0
-2.231287847742756	0	0	0	0
2.297668070590831	0	0	0	0
-2.468602062630225	0	0	0	0
2.5983085801399284	0	0	0	0
-2.383390186321357	0	0	0	0
0.7978442161665029	0	0	0	0
0.689325485353109	0	0	0	0
0.732291202578601	0	0	0	0
-2.954694743128826	0	0	0	0
1.981805603485789	0	0	0	0
-1.2481319763449363	0	0	0	0
1.7461915950920144	0	0	0	0
-0.9977778165545814	0	0	0	0
-0.6053291215083831	0	0	0	0
1.1061867497104032	0	0	0	0
-1.0337403047538416	0	0	0	0
0.4887361635387961	0	0	0	0
0.39816382928090377	0	0	0	0
-0.6246348696641348	0	0	0	0
-0.922918826045624	0	0	0	0
2.2519535502745356	0	0	0	0
-2.3665786231746395	0	0	0	0
2.045144026660445	0	0	0	0
-1.5187015239978123	0	0	0	0
1.0752325871626596	0	0	0	0
0.7130816211390751	0	0	0	0
-1.4247715026854806	0	0	0	0
-1.8602504375576032	0	0	0	0
4.989397050279827	0	0	0	0
-4.554006773245213	0	0	0	0
3.8767824582517534	0	0	0	0
-3.868589839627383	0	0	0	0
3.2132010279551295	0	0	0	0
-1.857333259619125	0	0	0	0
0.981745517308994	0	0	0	0
-0.8788598372306211	0	0	0	0
1.6199674359813798	0	0	0	0
-3.792756998781151	0	0	0	0
4.540593528878958	0	0	0	0
-3.249964045271504	0	0	0	0
2.7340186251097904	0	0	0	0
-2.7059366758799612	0	0	0	0
1.8385833283214765	0	0	0	0
-0.7498945037935911	0	0	0	0
-0.14433970077082847	0	0	0	0
0.6412322993452122	0	0	0	0
-0.4541600598770472	0	0	0	0
-0.44751253027872906	0	0	0	0
1.1592708436445491	0	0	0	0
-0.6906355251549101	0	0	0	0
-0.2314146327993143	0	0	0	0
1.980689045318286	0	0	0	0
-3.2527031868991756	0	0	0	0
3.7534912310306083	0	0	0	0
-4.371380413855405	0	0	0	0
4.9883305785039695	0	0	0	0
-4.6229577161969	0	0	0	0
3.6036391401372896	0	0	0	0
-2.053175648812527	0	0	0	0
0.8978588217093062	0	0	0	0
-0.5484390129926098	0	0	0	0
0.21383746737370757	0	0	0	0
0.7656683300975757	0	0	0	0
0.10115992847502042	0	0	0	0
-2.36939666217107	0	0	0	0
3.679383475603622	0	0	0	0
-2.745411121605109	0	0	0	0
-0.10398157108593153	0	0	0	0
2.296190761332568	0	0	0	0
-1.9055105187039487	0	0	0	0
1.2916387624957721	0	0	0	0
-1.570694344061124	0	0	0	0
1.277605525003274	0	0	0	0
0.13690382401484413	0	0	0	0
-0.6685521278955946	0	0	0	0
-0.4541449651841063	0	0	0	0
0.6404416042211025	0	0	0	0
0.08338393594306837	0	0	0	0
2.2136400291803824	0	0	0	0
-5.541374157241606	0	0	0	0
5.878336104742168	0	0	0	0
-2.8808547399463578	0	0	0	0
-0.7256521178851258	0	0	0	0
1.791923319355213	0	0	0	0
-1.2151263329310567	0	0	0	0
2.1073348505171836	0	0	0	0
-3.798267850778828	0	0	0	0
4.235173735556572	0	0	0	0
-3.6513186965827913	0	0	0	0
3.294326915037473	0	0	0	0
-3.0128259868466856	0	0	0	0
3.181359974681442	0	0	0	0
-2.367056983809732	0	0	0	0
0.09292847569405893	0	0	0	0
0.9497470156874002	0	0	0	0
-1.1706603023498232	0	0	0	0
1.086941887888777	0	0	0	0
-0.7745064041175596	0	0	0	0
0.6241591121002728	0	0	0	0
-0.498872512158961	0	0	0	0
0.3287239321690052	0	0	0	0
-1.8525733516854785	0	0	0	0
4.225576305754892	0	0	0	0
-6.266214003704057	0	0	0	0
7.212213053881555	0	0	0	0
-7.245552729116	0	0	0	0
6.308307854946719	0	0	0	0
-4.292938462441192	0	0	0	0
1.9255602106301666	0	0	0	0
0.08606512876446715	0	0	0	0
-1.3264525584485938	0	0	0	0
1.3492646210792003	0	0	0	0
-0.8642198393840275	0	0	0	0
-0.17653910709950082	0	0	0	0
1.1938364921730695	0	0	0	0
-0.34967551875553937	0	0	0	0
-2.5475042570170316	0	0	0	0
4.616260878122958	0	0	0	0
-4.9908232428213495	0	0	0	0
3.858313992409755	0	0	0	0
-2.3557359936306597	0	0	0	0
0.6796337401582235	0	0	0	0
-0.19202387549444921	0	0	0	0
-0.8167167038563505	0	0	0	0
2.643017782423989	0	0	0	0
