-0.556706829257557	2.6797277469377576	1.1073931113951403	-0.18212011090446367	16928.677255398605
0.31804536119931726	8.248848725208518	2.8654531961209386	-0.9720205655325032	16927.45684042498
3.5145966793580286	-7.357590689760855	-6.6847367227030645	-5.795893137740023	16927.89282968428
-3.8383669068598962	-13.744160391051714	-2.8116017027330003	-7.504476306884172	16928.319277195387
3.005842569074453	2.298085974372505	-2.5463415341882865	67.82953949595486	16928.99713257071
-2.4603488682988726	-6.967612769010039	4.949548222995858	59.642966226543805	16920.575750722728
1.5350994230534027	-6.95290947403403	8.790290343179805	-4.25244456028318	16914.53265676894
-1.2210415379460287	3.5657706902634914	-14.053842551680404	13.87487024346325	16882.372500136433
0.6207138429775299	-4.432883531711724	-18.083218018994415	3.0827817708762097	16996.51454463577
1.4334255773605094	4.874788921365571	-19.202363556619886	27.38385565460355	17027.85047241028
-3.4229978359314757	6.092563497027449	-5.613679309696295	-9.31615777434159	17019.32298930102
2.665656615116042	-9.870749723617834	3.747620218248386	-6.223950727063013	17013.484960795173
-0.6145607019156074	34.172028605568606	-2.814118000543573	4.025604429405888	16906.826268676752
-0.18344716462222976	-16.013048172051697	20.583412793231105	-6.350390540405215	16988.014515128707
1.0230467036400839	0.4632623281289199	-0.22759198570787476	-6.3185435694495595	17016.36593618663
-1.4691441867917945	5.020231136295116	-2.9605971032478493	-36.593143391571516	17062.236166254013
0.8400940168560354	-2.8146128382503264	9.387613181518901	73.61304019587773	17006.146837268057
-1.5852465491288825	7.020713751725296	-56.55503006015768	-23.50447986294975	16938.312065028236
4.617367504506518	-9.213356125734599	38.07094787920788	-4.402636489275082	16930.692417783433
-7.49937385499608	-7.749245968143448	-15.103993310683933	45.91672869710612	17115.99442065882
5.921298981391388	-4.791737722465015	-10.61634951383725	33.1641220086521	17030.107130196644
-3.307525980758001	6.1831628502507385	-3.3565436088673692	63.29549521175274	16940.36022852747
5.330150746482346	-3.282461135227841	-0.3580200979488808	-4.198972440267369	16955.265754798223
-5.697500797478185	6.57029094559217	-5.806407096728535	12.798620822763596	16866.26982893749
2.7061818700902904	3.093088321218218	-7.074164134726715	-0.9319044636507954	16988.70512563696
-2.5558382587400885	-8.881132504120544	-13.396727872606036	-13.736973003890043	17019.38521550468
3.2340447255737814	2.1569511754656716	3.40054351111354	-71.91920070110604	16992.30096983672
-1.6716268040018392	-4.51984448852167	12.979631169376688	8.779626190535893	17038.520745950475
1.213633516305734	-6.361384842166906	-51.97717882392203	-4.61141269555236	16918.331286234916
-2.106154610583438	2.2067043215080275	16.25197622858373	19.310868739324434	16988.74778766156
1.4347581520468324	5.6055915395171425	-3.531558446073788	7.75728539368653	17040.972551361825
0.6008724738035838	-2.6759088292842037	5.7817686137542665	6.426193368254658	17050.656068928576
0.04463478284822742	0.23953044816665425	3.960998598308123	-19.82795755727045	17012.713998771065
-3.547585926790255	25.493387978344124	-3.981069233035768	11.903424179043114	16961.316931176232
5.299527746289485	-7.674610723327234	19.05432598612802	-9.517933685794347	16859.180540120342
-4.93130031801909	-0.2011955282936455	4.317664526488329	1.0313905529692562	16841.05423767119
4.548554967020898	0.653923896724784	-15.735144844838814	5.24158301967293	16917.16610458054
-2.3994048159354406	-5.4196040408865755	22.987226895218484	-5.678920364943821	16922.633399942522
0.7003298225926287	-0.22335461684409808	43.6392844461665	0	0
-1.8100707521980937	6.6121880158525315	-13.183543237483917	0	0
2.6427409029975166	-6.450533608326474	-13.862221131198922	0	0
-2.3530234767882163	-6.658224038307779	10.421638635774443	0	0
2.732011268583463	4.386771023963291	-9.795480698139585	0	0
-3.1643249126120523	-7.489345951184973	-5.137546051134194	0	0
3.376391600466235	-1.7561202071880828	8.501589028692578	0	0
-4.001074834584202	-3.7404591588869565	0.5964375834678606	0	0
5.8706934001738205	-2.7968606236382954	-7.988797790266773	0	0
-6.753852925211866	-1.7107311905215639	10.318487817760825	0	0
5.573106548716993	5.267828848419363	1.5100213272020824	0	0
-4.22240271125024	-1.1634616401680304	14.911123116132813	0	0
3.8640329460804494	2.957098461080143	36.51078566397038	0	0
-3.601026710940367	-0.18267409206656993	-13.429931809218289	0	0
4.1173039387950965	3.182668443926495	3.7137113734600007	0	0
-4.114612866172095	-27.788274602751066	-5.364417028113522	0	0
1.3513978498705512	3.912082862335076	5.530717261973052	0	0
2.5417214984269236	-10.427612355693803	-8.396894017955702	0	0
-3.637302972827989	8.88518315812587	0.15443554168706441	0	0
2.892549786431971	-8.016787147531396	7.344261375631319	0	0
-2.1481122356024542	11.112845948796753	3.4122285352085555	0	0
0.6964115423438173	4.383449171366479	5.500565283709463	0	0
-0.350387601184444	4.710924504821364	-17.37624845257885	0	0
1.6547737015676276	-9.966854228506122	-64.3338389917134	0	0
-3.453236318365427	-4.499244450419667	22.055576957340534	0	0
5.397599080044031	0.032158498591243756	-7.798848499051971	0	0
-3.7031205851575493	-2.179455627678351	-15.101923823781433	0	0
0.10957795542410764	1.992542636005929	0.834918686834456	0	0
2.0743815080641426	-3.360077530372152	-0.1059251700342827	0	0
-2.7003791120577745	2.8364873847749905	-0.029467972953725052	0	0
1.4523763472488156	6.042266045239259	3.782586479495478	0	0
-0.10777370854991375	-7.4253431028765675	15.1773209791059	0	0
1.1675130744423612	-11.829241533560662	0	0	0
-1.6880593479717376	6.456561723165585	0	0	0
-0.1426634246947387	-11.750470139032139	0	0	0
0.8259451919014822	5.230733059945159	0	0	0
-0.6271333806062103	12.030425181010507	0	0	0
1.8473306496148822	-2.1313026287748826	0	0	0
-1.402952228307072	29.25338782668814	0	0	0
-2.311119733311749	-10.22088541670135	0	0	0
4.371473716156494	-4.2040483738952545	0	0	0
-2.2111974571831396	-2.215989149039821	0	0	0
-0.776014739174677	-0.7216265153682926	0	0	0
2.396112038301105	-8.724214374035057	0	0	0
-3.3224163966006444	5.054538335271971	0	0	0
2.9445346046763703	-5.153039768289489	0	0	0
-1.1206721015868908	2.0653653332758637	0	0	0
-0.04903052328844382	2.5801480488912603	0	0	0
0.35787313679377064	-12.750550768099103	0	0	0
-0.8383418661754121	0.9121769270375069	0	0	0
0.8138748534671052	-1.4491149638700236	0	0	0
0.6571289878309088	-0.03311252511404206	0	0	0
-1.3363900071509676	-2.369092844843344	0	0	0
1.5708499054669929	-2.866631128526805	0	0	0
-2.8384322710723424	1.148083811818303	0	0	0
2.9432567980415243	-2.7111035081764996	0	0	0
-0.5451712335409056	9.319273063526047	0	0	0
-0.5660646321390459	-8.014686011298366	0	0	0
-0.6106107317906719	-8.245668511080517	0	0	0
1.0347518577983053	2.8491763784049624	0	0	0
0.1952422657562991	22.23834214469744	0	0	0
-0.9836088369698999	-13.397459467161184	0	0	0
0.40145872460638543	-2.0490582266838757	0	0	0
-0.3884928105686001	-1.1050360777186938	0	0	0
1.227905929635476	-0.9397196967927286	0	0	0
0.31730711593504424	6.707010249592024	0	0	0
-5.407267418844576	-0.047198970744446456	0	0	0
7.089847772098182	2.26626048470645	0	0	0
-5.133480731789021	1.7758949926351946	0	0	0
4.980824530947345	2.3563011560325364	0	0	0
-4.596670508650256	7.703781465283882	0	0	0
2.165783138790978	-5.001768367324537	0	0	0
0.23154590522715068	-4.368818277859788	0	0	0
-1.4931212664641649	-4.831835055955224	0	0	0
0.7852209192393786	-6.96295806259765	0	0	0
1.4552225155411591	3.327440623106412	0	0	0
-2.711737961238839	2.2732028246473206	0	0	0
0.6102554216582874	-0.84090251536702	0	0	0
1.4705901914075312	1.3000007559519844	0	0	0
-0.42897697144609737	5.042361769162035	0	0	0
0.033898742315408015	-3.3502326232365576	0	0	0
-1.6752838795722482	7.437385220150148	0	0	0
1.6158148760926068	5.663329276215563	0	0	0
-0.28864616135406607	4.206576547138809	0	0	0
0.7587361987804755	-0.3338111155719119	0	0	0
-2.568102566138414	9.83727596467319	0	0	0
3.1002848272860817	-4.8838911104076175	0	0	0
-3.725239291916097	3.1891160016690563	0	0	0
3.9260303895223174	-4.713237029175893	0	0	0
-2.3047003940550965	8.29972187041863	0	0	0
0.6548207158652062	0.16198769739658303	0	0	0
-0.40124992194051856	-4.255487553690749	0	0	0
-0.5674833039394542	5.9973985928270395	0	0	0
0.9283641729536498	-5.599719191644198	0	0	0
0.0684866090152525	-4.288841204077386	0	0	0
-1.143509594304554	0	0	0	0
1.9885960450377098	0	0	0	0
-3.362667259633646	0	0	0	0
5.3817771915161785	0	0	0	0
-6.30755926823894	0	0	0	0
3.6952241475465897	0	0	0	0
-1.2218912285681895	0	0	0	0
1.8693715821038879	0	0	0	0
-1.0129738018360186	0	0	0	0
-1.8273525390889418	0	0	0	0
1.3691174621346889	0	0	0	0
0.5317300596424772	0	0	0	0
0.2602763723049719	0	0	0	0
0.34033801526413043	0	0	0	0
-4.6348536494633095	0	0	0	0
4.513384395748652	0	0	0	0
0.13318252005546327	0	0	0	0
0.2908020910554896	0	0	0	0
-1.8815268231755766	0	0	0	0
0.7597029847322361	0	0	0	0
-1.261312217428049	0	0	0	0
2.302391016906107	0	0	0	0
-0.6844013784038552	0	0	0	0
-0.8216716567526419	0	0	0	0
0.6110620308216994	0	0	0	0
0.05213017519505314	0	0	0	0
0.03035946941166401	0	0	0	0
-0.10089032236887618	0	0	0	0
-0.32813668213696445	0	0	0	0
0.34314113805474733	0	0	0	0
-0.19895291817019256	0	0	0	0
0.35673319337590925	0	0	0	0
0.1909683834823781	0	0	0	0
-0.9407062530001582	0	0	0	0
0.0804756796798145	0	0	0	0
2.1008556541827588	0	0	0	0
-1.9373201069068884	0	0	0	0
0.23584394217071036	0	0	0	0
0.21585224975294892	0	0	0	0
-0.3381907168677927	0	0	0	0
1.236250913303273	0	0	0	0
-1.1158170566191856	0	0	0	0
1.2667497531969545	0	0	0	0
-2.70155312943767	0	0	0	0
2.6691868498271276	0	0	0	0
-0.8750154820487168	0	0	0	0
0.27400613702842946	0	0	0	0
-0.9221805938444234	0	0	0	0
0.4208312803745997	0	0	0	0
0.11694554440823879	0	0	0	0
0.3048078109705372	0	0	0	0
-0.7606161865810535	0	0	0	0
0.708399770979014	0	0	0	0
-0.3410686462067929	0	0	0	0
0.5710028217338561	0	0	0	0
-0.7726208566694623	0	0	0	0
2.381474149584328	0	0	0	0
-6.116979475004051	0	0	0	0
6.013957079642488	0	0	0	0
-3.2960503660663534	0	0	0	0
4.806171870845326	0	0	0	0
-4.4161554729242525	0	0	0	0
-1.1371951580408393	0	0	0	0
3.876478792640931	0	0	0	0
-2.3244645315841552	0	0	0	0
0.7350160553885701	0	0	0	0
-0.8775005005866419	0	0	0	0
0.12265355634900743	0	0	0	0
2.2712098715116014	0	0	0	0
-3.8699061602189317	0	0	0	0
5.101323945966101	0	0	0	0
-6.225641937949916	0	0	0	0
5.241321903689098	0	0	0	0
-2.8788953491652194	0	0	0	0
2.5267757736766256	0	0	0	0
-2.9356518581589555	0	0	0	0
1.8759745889710686	0	0	0	0
-1.6369219053869841	0	0	0	0
2.7667576072695397	0	0	0	0
-2.760070739313683	0	0	0	0
1.048499906349761	0	0	0	0
0.6284821976503423	0	0	0	0
-1.397190711622315	0	0	0	0
2.11519643109429	0	0	0	0
-2.381939498936042	0	0	0	0
1.4118137710943373	0	0	0	0
-1.5418082707029868	0	0	0	0
2.547904597185422	0	0	0	0
-0.737415160547954	0	0	0	0
-2.1381173586072606	0	0	0	0
2.65497872025653	0	0	0	0
-2.174293717574159	0	0	0	0
1.8795362378734808	0	0	0	0
-0.16335581995397064	0	0	0	0
-3.0114534191380073	0	0	0	0
4.478680043305161	0	0	0	0
-3.8359233400154977	0	0	0	0
3.605528663300518	0	0	0	0
-2.9299728435863983	0	0	0	0
1.020485918540892	0	0	0	0
-0.638363191908006	0	0	0	0
-0.05646804475621536	0	0	0	0
5.294702392079557	0	0	0	0
-10.755128951224833	0	0	0	0
7.870762648789331	0	0	0	0
-2.6863774418221382	0	0	0	0
3.7880866352775584	0	0	0	0
-4.060329120787863	0	0	0	0
1.0005709483823537	0	0	0	0
-0.4966492284494137	0	0	0	0
0.327250625612038	0	0	0	0
2.1773650143304764	0	0	0	0
-3.6470252262682052	0	0	0	0
2.7032353063504715	0	0	0	0
-1.874571031167143	0	0	0	0
1.3675007411345206	0	0	0	0
-0.5493326045130544	0	0	0	0
-0.5956590097806043	0	0	0	0
1.9806915514105725	0	0	0	0
-2.823712403326482	0	0	0	0
2.261898826001307	0	0	0	0
-0.09479703753025603	0	0	0	0
-0.5499862618005835	0	0	0	0
0.1567429247766441	0	0	0	0
0.5127188995458027	0	0	0	0
-0.5721466074171886	0	0	0	0
