0.184432198084572	-0.7563199848679929	7.733784921081423	-0.6026776073154991	16919.868090296113
0.045797325352793905	-1.2763341724445922	24.449175905324225	-3.1090506937418496	16919.484559646145
0.31999788762238524	5.7757044410854235	-8.464480771185308	-15.359794707886081	16915.15142835246
-1.9089502835740078	-7.924026922929954	1.3481413819603034	-0.9483892099501361	16920.8518134615
2.843608086897369	1.695030910309356	-8.635300621862655	-1.9664565387826798	16910.21369032647
-1.1496160322227098	-7.620587581762209	4.312917823849929	-6.282853786978379	16948.890812124675
0.7479614277878781	-0.15985272440889275	0.4132638957449899	1.7876333308300332	16904.00701380223
-3.115797165712948	-10.842308549493218	7.628110301750851	-0.7911754437432279	16913.924534699483
3.163513080785144	9.287606667402805	-2.6822525602268854	7.470892944574501	16923.774126820936
-2.0134498154131464	-3.1192434010078713	4.661965282382141	-3.3835321901601674	16916.525537259397
3.5058771588497706	5.400938713085637	-6.041612545288544	-0.4462950964070842	16893.097115891407
-4.495998715141063	5.803052139220753	-5.753523306045182	-1.4000037006789086	16889.281662623915
1.1114750047406403	-0.036111412978961255	-4.1568188876881464	13.09122504539559	16879.468508676073
1.808250258293711	3.044044852992222	-6.687535747771435	1.9249570667853675	16891.540282762042
-0.17569591380202354	-1.5862933928695995	-6.676475536786583	-15.92305749576218	16900.737840871552
-1.3419463408194403	6.708676731329504	-1.9648088225979876	9.868999925760875	16871.87344078394
0.21303250606227664	-0.7105818696539927	0.7067456771679161	-7.136662665383241	16898.298868980088
0.01988237658593306	5.387281707512265	-3.0896820484292675	-2.370651171698725	16888.844017242205
0.7102899123460702	-5.937807210525307	10.097350713803749	6.880873765399997	16902.76526830945
0.029863684825350845	5.208072156951658	5.244401227105399	-87.21170590175484	16877.673780987774
0.17562018764876797	3.3467662090710917	-0.029359760985954608	47.735815507354445	16904.9761859011
-1.8621183405960693	-0.651734440411154	-3.076368823905682	6.561520414711254	16779.30803014566
0.600290982040022	-3.478622999820452	3.01078059044103	2.904302228153341	16006.745088074973
1.8610400055059202	-5.53600232366955	-3.5867506789516312	-2.6274431404113017	15811.768366352306
-1.6251913783977088	-2.447355856616774	-6.987588233327031	5.661909964578058	15831.933234249183
1.2877271837585837	-7.721155373509781	0.8022092146627529	6.851153306483482	15907.507370840654
-3.4336442360933006	3.563207052369279	-5.32388185609166	-2.826049426488936	16019.605447595339
3.754924026428533	-2.646726121831385	3.328280578941076	-4.525184746450307	16130.317195853586
-0.611329232498079	2.3325540696725184	3.175780160827742	5.7278998475725444	16210.953200349682
-0.6997481620032744	-1.5207444338475185	-3.636607316307419	-0.3536154381420431	16284.408867754333
-0.47974345211681424	7.47475583575914	-4.521462148902117	4.000162611711346	16384.56709575109
0.1005621201409923	-5.346360289202437	3.7862299937341675	-1.9009447350922244	16473.792274424857
1.0227946693343526	-6.012391732122687	5.628817471979872	-4.81555084373025	16557.70878873112
0.4009167862153973	-0.5620550882735884	12.689091812024031	8.182466995129957	16611.181356762492
-2.384465614417799	-2.2466174094915843	7.601396917769108	-4.7052526743400165	16640.79788002969
2.9719705261932603	5.537882152114278	4.689110541204144	0.8484256129663237	16638.505880289
-4.30553346842224	0.8431358710792765	-16.273881736556135	2.4898014490989766	16666.23739377599
4.7567892469047734	5.694675838394268	18.621868568578833	-7.237815998144626	16674.144477012363
-1.7682802687914219	-3.518282675397856	-4.2071515507116	0	0
-0.23086877028019614	-3.1279109473689104	4.831339683517655	0	0
-0.7751661630198257	-0.5571392388807297	7.34919727949945	0	0
0.6632629567096089	2.807459962724508	-7.810076637907429	0	0
1.0172622266084943	1.780281594904281	-5.269279657330188	0	0
0.12681143296067177	-1.4798066281572915	13.428731931078545	0	0
-2.3500363930701553	5.041696799482004	-0.7415552901531726	0	0
0.8681870916714374	-1.309170788704428	1.8821796417147567	0	0
1.4927655850310586	-0.331892368268214	2.9796606625040454	0	0
-0.12089947601357665	1.0701714375677653	8.248007771395649	0	0
-1.7805101413803186	-0.4691373209138945	-1.67834378191219	0	0
1.1170815899823694	-3.2953985451963064	-7.598537650672299	0	0
-1.1103882858141532	-2.3180466864547142	-6.512619272137286	0	0
2.2587352313467406	-0.33995228037154135	3.9827225236788877	0	0
-1.5829896702580513	-2.4712012434848987	-9.139526379702431	0	0
0.44496977845697927	-5.137763391906276	1.1998521364166663	0	0
-0.42101377183666244	-2.17478516785156	-5.361556794344779	0	0
-0.6323259470966249	-0.1274334608278309	-12.51910639453591	0	0
2.8760315121817968	4.365148129107418	-1.3647282401385183	0	0
-2.8761914486304576	-4.061698958734169	0.22780090101234407	0	0
2.8806133357721464	-4.433891004360454	-3.284992857198219	0	0
-5.2580926456559425	-0.8694232963524939	-1.3592101082102914	0	0
6.535550931851176	-2.3956430681532908	4.475467724522929	0	0
-4.39666712377516	-0.6329409766881895	10.007264914903814	0	0
2.9838690713517266	0.8646567492053947	-2.6713820667922192	0	0
-3.2890471497468496	1.2558349508263618	-9.798108359615881	0	0
1.9212842203248428	0.768434251502697	4.092153889544065	0	0
0.22459536137796476	3.203647894593658	-18.467441453808917	0	0
-0.051968051583919816	7.991771589741404	7.463983218002525	0	0
-1.0884920558236075	6.523776581312518	-3.729387629683501	0	0
1.098939836526398	2.225600829180017	17.83113142976937	0	0
-1.4832458374275674	1.3712453603507626	-6.526836831515183	0	0
1.9671374138672277	-5.272154151884628	0	0	0
-0.5973222269350345	3.0371203099857667	0	0	0
-0.573771915558055	-5.281664591578206	0	0	0
-0.6842865668114868	5.9471290656066955	0	0	0
0.6527374895977118	-3.6311443653862483	0	0	0
1.6950136314358417	-0.6121133401479213	0	0	0
-2.379131889209667	-2.158002285813403	0	0	0
1.6323845485103732	-0.4802921931097828	0	0	0
-2.5832632367513	-2.5578379984008563	0	0	0
3.9216571179464097	-4.959378169643436	0	0	0
-2.855806932553037	5.822934206505096	0	0	0
1.1684085036135912	-6.932712271903327	0	0	0
-1.8495372519831932	-5.086027014482305	0	0	0
1.246483374406317	-2.8140143345769033	0	0	0
0.2481239167167857	-0.18629176147988602	0	0	0
1.2502721216039916	-5.1298199692760065	0	0	0
-2.3324351581198783	-3.1243593096084865	0	0	0
0.9277956915232863	-6.8818507755181315	0	0	0
-1.3243838097715113	2.620552063559394	0	0	0
3.1563376413998867	1.069062496610961	0	0	0
-2.8448025518191713	2.5538987325399276	0	0	0
1.9248845199257971	-1.7324294535289297	0	0	0
-3.029253083495412	2.7415623892324774	0	0	0
3.2254562709900156	6.878278095615087	0	0	0
-0.9083451690380855	4.19352198564075	0	0	0
-0.19740229371776508	7.238353962878783	0	0	0
-1.232705833932691	1.0767791828351392	0	0	0
1.2993189166302557	0.37673035134481836	0	0	0
-0.5646580476790817	5.62884068493765	0	0	0
2.116534234298655	6.361812602279642	0	0	0
-3.4087839269219913	-6.4653208843174355	0	0	0
1.601936932236896	4.2343214113534415	0	0	0
-0.7162228993145234	-5.174599561621157	0	0	0
1.892640393870316	2.203791125797288	0	0	0
-1.3287446503571303	-3.158012519371866	0	0	0
0.1905828277052919	0.20876195159728184	0	0	0
-1.3574551700004207	-3.886212178832274	0	0	0
1.67115807414514	-1.880514931574453	0	0	0
0.21529210549689992	0.06700599991896894	0	0	0
-0.6265670145053122	-2.3396843540871117	0	0	0
-0.13256183228356377	6.892832125860124	0	0	0
-0.20967692143570105	2.067438820205247	0	0	0
1.1227801045065888	6.028876820833233	0	0	0
0.17166866721299812	-1.4906755117316024	0	0	0
-0.8182428126769636	1.9153710268054738	0	0	0
-1.2574904271022902	0.44862361178131493	0	0	0
2.3263509372361213	7.3683818944184125	0	0	0
-1.827704618253648	-1.669384529258238	0	0	0
2.55797075283386	2.0131378521814938	0	0	0
-3.160079984063252	0.8945366774599179	0	0	0
0.8970919187307587	-1.4438498790255139	0	0	0
1.5946979344789725	-3.1890331912515535	0	0	0
-1.7848296297746273	3.684843430526392	0	0	0
1.9027028976443958	8.511847412536461	0	0	0
-2.3614179531098074	-6.680186903675022	0	0	0
1.4017688353810343	1.5334543993003606	0	0	0
-0.13258768570851487	4.255034810052791	0	0	0
0.08037335642366372	5.073731169744008	0	0	0
0.15064028990055078	-4.433623918311881	0	0	0
-1.064620143939969	7.874592276128624	0	0	0
0.29695413614256694	-8.893946221680018	0	0	0
0.8034937695523041	5.568147111122656	0	0	0
0.6487174889025553	-7.719676122843282	0	0	0
-1.678478755665914	0	0	0	0
-0.4381669288851384	0	0	0	0
1.079440413786287	0	0	0	0
1.0084340210330467	0	0	0	0
-0.9441035592735645	0	0	0	0
-1.037183049232823	0	0	0	0
1.2275519498506284	0	0	0	0
-0.19857583742918905	0	0	0	0
1.702118526527066	0	0	0	0
-2.9182354654116907	0	0	0	0
1.5823422523812454	0	0	0	0
-0.6421490349772228	0	0	0	0
0.45084624853771516	0	0	0	0
0.9383538322713818	0	0	0	0
-1.5893882884952077	0	0	0	0
-0.26780638186355077	0	0	0	0
1.2998063578476575	0	0	0	0
-0.4969623204551965	0	0	0	0
0.8582653075995452	0	0	0	0
-1.6719890134429392	0	0	0	0
0.4113715787248111	0	0	0	0
1.1476821990482549	0	0	0	0
-0.8194548103921235	0	0	0	0
0.8705786570236143	0	0	0	0
-2.118794647683842	0	0	0	0
2.315421791636531	0	0	0	0
-0.9984613523923613	0	0	0	0
1.4519183658523573	0	0	0	0
-2.440343249435564	0	0	0	0
1.412084158725456	0	0	0	0
-1.1215001181162734	0	0	0	0
2.265035267746484	0	0	0	0
-0.830017357655791	0	0	0	0
-1.1349399983267503	0	0	0	0
-0.9394480831101788	0	0	0	0
2.9141002568699292	0	0	0	0
-1.8590558307470957	0	0	0	0
2.3262956424232257	0	0	0	0
-4.288586252132319	0	0	0	0
3.4999696287132025	0	0	0	0
-1.5476182487769137	0	0	0	0
2.141339945908662	0	0	0	0
-2.8465399575788197	0	0	0	0
0.9951301781092283	0	0	0	0
-0.256552864701419	0	0	0	0
1.3536513371424306	0	0	0	0
-1.0691840867335998	0	0	0	0
-0.19935941828725134	0	0	0	0
0.14443822759254488	0	0	0	0
-0.6355625635723285	0	0	0	0
2.108519053584132	0	0	0	0
-1.3899891583581407	0	0	0	0
-0.2174880285984102	0	0	0	0
-1.221030630300568	0	0	0	0
2.7948755235047145	0	0	0	0
-1.8990858480550443	0	0	0	0
0.7592524040076825	0	0	0	0
-1.749716197574692	0	0	0	0
2.445568557206016	0	0	0	0
-1.947555497405915	0	0	0	0
2.9191773282194617	0	0	0	0
-3.4891928657152462	0	0	0	0
1.8389281765022645	0	0	0	0
-0.39967269017761	0	0	0	0
1.00855822915225	0	0	0	0
-1.445652603356784	0	0	0	0
0.8085407218922853	0	0	0	0
-1.1345569371623512	0	0	0	0
1.0504652194095812	0	0	0	0
0.948230461872555	0	0	0	0
-0.4882400462210299	0	0	0	0
-1.8484565264831332	0	0	0	0
1.1861963513014828	0	0	0	0
0.2693418176398126	0	0	0	0
0.9551124142987959	0	0	0	0
-1.4882494401338846	0	0	0	0
-1.3274264302213439	0	0	0	0
2.875501481854407	0	0	0	0
-1.7560933287298255	0	0	0	0
1.3155705333973984	0	0	0	0
-2.5489760632067657	0	0	0	0
1.2425391093789884	0	0	0	0
1.5384231121018743	0	0	0	0
-2.2601646026228934	0	0	0	0
1.9722513046819188	0	0	0	0
-1.639929017107903	0	0	0	0
-0.42454852996368686	0	0	0	0
2.3308656434663533	0	0	0	0
-1.249577998608224	0	0	0	0
0.4996466585175199	0	0	0	0
-1.9458448404905226	0	0	0	0
1.3497380457329555	0	0	0	0
1.001473867338511	0	0	0	0
-0.7297514607614985	0	0	0	0
-0.4414916315970814	0	0	0	0
-0.8777831112148462	0	0	0	0
1.1401019227075722	0	0	0	0
1.7391087771131026	0	0	0	0
-2.93314385588846	0	0	0	0
1.2828651465935934	0	0	0	0
-0.9687732259847905	0	0	0	0
1.2551737993052896	0	0	0	0
-0.17313191678747586	0	0	0	0
0.4391231227164951	0	0	0	0
-1.8780066786013947	0	0	0	0
1.5023424989056409	0	0	0	0
-0.32356900433880753	0	0	0	0
0.9806485082797209	0	0	0	0
-0.7986898901824517	0	0	0	0
-1.8048032459766432	0	0	0	0
3.0504401248585324	0	0	0	0
-1.248013571763373	0	0	0	0
0.15433326915745482	0	0	0	0
-1.1696922664374938	0	0	0	0
1.7492419112211977	0	0	0	0
-1.1733722893442646	0	0	0	0
2.08946695398636	0	0	0	0
-2.050867305609323	0	0	0	0
0.2617075754944551	0	0	0	0
-0.618243070347674	0	0	0	0
2.107509902449813	0	0	0	0
-2.0507727049987636	0	0	0	0
-0.26441938638215134	0	0	0	0
-0.2244771390267104	0	0	0	0
0.7483778194812842	0	0	0	0
1.9413247218605534	0	0	0	0
