-0.07039230232200566	-0.22024591629409684	-0.11775188900604405	0.17304462515467378	16938.105157088492
0.45105211940129664	-0.9199591860835028	-0.616983875630666	0.4850188520478582	16938.27778556722
-0.07981964671639474	-3.2161528867532496	-1.7987775983241363	-0.11174524345379666	16938.161952796232
0.8234806962245074	-0.4980421732515481	-3.183749940554904	3.835837569506438	16938.435078797993
-2.5166285186691155	11.306592772453705	3.5674504050630986	-13.829559458784018	16936.628009023458
2.5111651665094072	-8.683112882940812	2.2502713840860764	-19.093375791380637	16943.8941155101
0.12960822798429206	5.257570327066226	5.370879536903956	40.967219367543365	16885.485266437718
-2.2417430359892165	-5.038781063421823	0.78807458970185	-37.03497985772346	16833.04460139526
1.8299757686071203	-2.797544689058533	-15.04438119048865	6.9318994783405685	16833.734497269365
-0.8646288874205723	2.772219770711459	12.920568030521935	-5.455505879222599	16886.512431503714
0.9679877402424282	4.507735398499051	-6.188026624980424	-12.477577623899307	16905.481570653214
-1.3462731226291282	-1.2432255627345086	6.736764718344645	3.221538891129754	16961.608627637226
1.1116749012127585	2.385927813104658	-12.795646961988552	-0.4807892260848945	16952.931202793774
-0.7120711077706545	1.2464028688410167	2.5539872416340472	4.603933630610271	16944.30568607189
0.03713637353631327	-2.0464008282880712	2.4564196099842803	5.242528829272359	17012.603720927826
0.21382420519858414	1.5684385007848007	-10.903297604251591	9.279242353288083	17024.426399915475
0.2797853641443737	1.1613716922209463	-2.357383574101391	-14.678669994977355	16961.03387128314
-0.3167300955107706	-2.027645977691634	3.895430543895202	0.9486188415606449	16918.681723956855
-0.13451857865214123	0.8271435320972316	3.1306650912369918	-8.759467056271262	16913.262850919265
0.07846577987723435	3.744381940193662	0.22845354099302995	6.994091990732812	16939.680188319606
0.06010731381982737	0.9921694845205025	2.871920691658488	-8.070178980234985	16962.901362461245
0.5087664045471527	-1.2204250883897174	9.929759152963953	25.058487738271523	16940.886659778735
-1.4052880535303558	1.7498312535197513	6.957500372324404	0.00731102360919067	16960.882222491193
0.938409523075407	-8.747074016231345	2.0272337880840468	5.245479153606439	16997.708531887954
-0.1728449405965904	-1.7084445869242657	-4.260529725277266	-3.8101236133178844	17002.267521288937
-0.3922273164728125	2.461311333413448	6.935409650543804	21.67675462219971	16970.628239413647
0.26854877451513914	-1.7732420939846492	3.779302610078375	-3.5841404609410716	16947.73570221413
0.30362569052081056	4.394053861289166	-12.932608547233713	26.51433507944995	16946.14927237905
-1.1047194951344892	-5.007826827245658	9.736514263792913	-5.554821831901307	16961.32074158862
1.1654822712062511	2.0380843690969925	7.32481200613779	4.2061469491117265	16942.080866349017
-0.12907544393708292	4.804120234009005	3.909480269935287	-14.520938200672916	16943.90982052107
-0.8367519260630374	-2.572906432707306	-1.1678295967123802	3.543945914066555	16900.571383876155
0.3499921184188963	-0.8100096752747703	-0.7155389016811426	-5.507498990937421	16880.266574797664
0.27240682015445117	-2.5558447717871005	8.376875508120875	-11.305233966352361	16829.052937598222
-0.42160844777811235	1.6247405930216203	6.452422080837309	6.224043711337259	16919.588730779746
0.3425365124717388	9.157938489896232	-4.2156770252631475	0.21874199560321017	16945.81276587179
-0.23931734657668358	-0.2196073600043249	-1.3336873249202057	-2.594787991623292	16867.31056579143
0.19874391638201416	0.322699569854592	-14.235989948726086	10.856514124968456	16847.174518090138
-0.49734555891973287	-6.169792543093919	-0.23583596440715837	0	0
1.0859266684894635	2.244338487095611	3.9954336404173603	0	0
-1.787506843496871	-2.163949377935161	-1.693732810919272	0	0
1.1410263160543082	5.458489856509772	-12.744177286044305	0	0
-0.06035577071311593	-6.9457607940552535	24.091886493880438	0	0
0.8020910843155349	-2.646603406355183	-11.492161080213663	0	0
-1.6267334486778466	-1.6865007162595944	-10.196082131016965	0	0
1.8864460898089277	5.269047136753905	6.353024265174454	0	0
-2.066056052888193	5.857430336396057	-3.044601152219016	0	0
1.292212796695857	-3.2711812601516854	9.09665187545049	0	0
0.09554444837519327	-0.8797020553339294	-2.1324325819083754	0	0
-0.17577137332312276	-0.8356832709348794	10.253391431211014	0	0
-0.9573556592183863	3.124343358732787	0.008273350551419867	0	0
1.7134996286669235	-5.010992386163089	4.430816331310112	0	0
-1.9357506352071994	3.7185895053589206	12.685503867095619	0	0
1.9837375915695077	-0.8570039276213919	-4.6910711676541155	0	0
-2.1642388583160894	-9.41995799458008	6.796219855619299	0	0
2.9294024851193825	1.061596951907383	-3.5627774750507655	0	0
-3.6686556711035294	-1.9646761989816852	-10.341825981529055	0	0
3.6184743469845913	5.1018809428673535	6.608647193096175	0	0
-2.036754530861792	0.4916955815563284	2.4093616158938147	0	0
1.489669503485473	9.17618690435068	-2.6431753185324567	0	0
-1.895597392613233	-1.9584537317799686	-3.7270506788738658	0	0
1.961393040545623	0.7898167666280855	-3.9037027072919983	0	0
-1.4549919346805922	-5.172552153596676	20.37881725450454	0	0
1.0904117911106894	-2.879199049519727	-0.8224475796660471	0	0
-1.2995919047021403	0.8209654850446881	5.6324668306315	0	0
1.7519022384439893	2.136156334249719	3.2505616538289104	0	0
-2.3202665107605256	-6.190503455956595	0.13341982067979075	0	0
2.568294189897159	2.1044426959347504	-1.1773183481280256	0	0
-1.3656173398053255	-2.123219495978077	-3.9730040297521327	0	0
-0.13352932661413774	-2.011858533166425	-4.142647391677997	0	0
0.3102051806727957	-1.7458121975263907	0	0	0
0.07209142808238056	-0.03993123339363791	0	0	0
0.7491395133305545	-4.981254366596879	0	0	0
-1.0209649514406252	6.994837079195555	0	0	0
-0.061535449782752494	-5.314865141249385	0	0	0
0.43271196517229527	-5.216714048850044	0	0	0
0.2310214234511605	6.629828548058953	0	0	0
-0.24202956120795704	-5.404026670859132	0	0	0
-0.4736596004047797	0.7538399368780517	0	0	0
-0.9231745123992496	-2.314666518684639	0	0	0
3.2733166955692994	4.5073408749663955	0	0	0
-3.7687629209112785	-3.7976104512913267	0	0	0
2.9843582575324916	-5.367253640389933	0	0	0
-2.888585733818907	-3.41559191571298	0	0	0
2.57763384188366	-1.446598515724375	0	0	0
-1.802012803573895	-1.5007799032326758	0	0	0
1.345896912852929	-0.6705663509146902	0	0	0
-1.022333667728489	5.41401773773751	0	0	0
0.15881190387209898	-1.7412134012300626	0	0	0
-0.5338373893120618	4.992903517572046	0	0	0
1.1400039922833685	2.6798251416621213	0	0	0
-0.649312825221422	-3.113037214098263	0	0	0
-0.7757009374687769	-2.709765982321464	0	0	0
1.916209626603539	9.18777674808345	0	0	0
-2.841463824378984	0.7346082296027063	0	0	0
2.858842782450779	-4.514778648552401	0	0	0
-2.1577074440419324	1.5537603661001427	0	0	0
1.3125996250596756	-1.4908213596504183	0	0	0
-1.1893772285896205	1.3778659647883345	0	0	0
0.8328320699377798	-0.5859078304550067	0	0	0
-1.208972494089629	-2.071841963881745	0	0	0
1.7583770199374555	10.381868835234357	0	0	0
-1.9525471663526233	0.9436391495857706	0	0	0
1.1032346146757348	-4.118275108699436	0	0	0
-0.02961644325996815	1.7962698355799773	0	0	0
-0.2869512019839249	2.3740983177347275	0	0	0
-0.7532621329886879	-5.263400328434848	0	0	0
1.4138441093117393	-5.2539617336590325	0	0	0
-1.352905889587717	3.509411311176322	0	0	0
2.3490095454324376	6.106382030662061	0	0	0
-3.157123567646046	2.2770323123926133	0	0	0
2.404235121993736	5.343443639874309	0	0	0
-0.9795860419492683	-6.8933067572408575	0	0	0
0.21612411639418383	6.219045585832816	0	0	0
0.4132370020633971	-6.279207618055658	0	0	0
-1.0775986311841166	2.6519805498400117	0	0	0
1.6694866615759167	2.5453696643292076	0	0	0
-2.6069628232459507	-1.957215226492309	0	0	0
2.4665520380122103	6.664476851125677	0	0	0
-1.3725115019592096	-1.3763108542212095	0	0	0
1.0176396414984126	-1.3912393651118506	0	0	0
-1.7547608681963638	-2.689159933346076	0	0	0
1.5789854988726901	3.7483443384690744	0	0	0
-0.588206705786213	-2.8564418164017624	0	0	0
0.2354416881971204	4.834863946910865	0	0	0
0.17351993290087364	-0.07161011905800763	0	0	0
-1.156474687122774	-4.18129174924313	0	0	0
0.23578471676403012	1.2609672875109155	0	0	0
2.2283323542559472	-5.380231572546926	0	0	0
-2.8002438143854462	5.181677316356364	0	0	0
1.644210943389453	-5.235191095945481	0	0	0
-1.2467328206291555	6.927497598486447	0	0	0
1.116451717175046	-2.4025081382632933	0	0	0
-0.6482330334201478	0	0	0	0
0.17364255207491652	0	0	0	0
-0.061308186316189506	0	0	0	0
-0.6236688914756883	0	0	0	0
0.8597498850237812	0	0	0	0
-0.5469226627106778	0	0	0	0
0.5942796587350756	0	0	0	0
-1.6300759326131242	0	0	0	0
1.63098700570918	0	0	0	0
-1.7835414962630622	0	0	0	0
3.0043205148077377	0	0	0	0
-2.9199642522342018	0	0	0	0
0.10770163578330738	0	0	0	0
1.8921814316163434	0	0	0	0
-1.4539194602224441	0	0	0	0
0.46458234674202714	0	0	0	0
-0.7197167526780319	0	0	0	0
1.9767052386846586	0	0	0	0
-3.402428896049102	0	0	0	0
3.786654289224778	0	0	0	0
-2.9963407812352543	0	0	0	0
1.7322326290031285	0	0	0	0
-1.0342594434901855	0	0	0	0
0.17213467130837046	0	0	0	0
0.539254573615267	0	0	0	0
-0.6937840836842426	0	0	0	0
0.08629024943069652	0	0	0	0
0.22159908082696944	0	0	0	0
0.9333096945434463	0	0	0	0
-1.948746874552043	0	0	0	0
1.2013243314489586	0	0	0	0
-0.9443449453583881	0	0	0	0
1.5405205695299102	0	0	0	0
-1.4619150398757625	0	0	0	0
1.5466736866379165	0	0	0	0
-2.300049512504579	0	0	0	0
1.3387564356426154	0	0	0	0
-0.07943598867047541	0	0	0	0
0.6331865908161518	0	0	0	0
-0.7063177459091889	0	0	0	0
-0.2311584520913854	0	0	0	0
0.3604092474015985	0	0	0	0
0.3115668122257702	0	0	0	0
-0.0897155006371193	0	0	0	0
-0.6715641797304457	0	0	0	0
0.5224507849124933	0	0	0	0
-0.20070759483258627	0	0	0	0
0.17758283985963885	0	0	0	0
1.3525161530817797	0	0	0	0
-3.705224537207542	0	0	0	0
4.013306800996041	0	0	0	0
-2.6268550802285233	0	0	0	0
0.865618789439317	0	0	0	0
0.23010374703301295	0	0	0	0
-0.9478594621488909	0	0	0	0
0.5016658807055805	0	0	0	0
1.3574177386915167	0	0	0	0
-2.0499643341304434	0	0	0	0
1.158146570748663	0	0	0	0
-0.9936069776340162	0	0	0	0
1.653453207290724	0	0	0	0
-1.4843762447673328	0	0	0	0
0.6608580595313001	0	0	0	0
0.21084461681977018	0	0	0	0
-0.847420603283453	0	0	0	0
0.5718168799994814	0	0	0	0
-0.1175577156345966	0	0	0	0
0.6535792579884969	0	0	0	0
-1.6366368732360002	0	0	0	0
1.261490225580033	0	0	0	0
-0.8974543421475829	0	0	0	0
0.5590517181581802	0	0	0	0
0.6021084485224435	0	0	0	0
-2.047172124044856	0	0	0	0
1.8424795556741955	0	0	0	0
0.12333582442323632	0	0	0	0
-1.7040172286383637	0	0	0	0
2.3117608253216986	0	0	0	0
-2.379324041623029	0	0	0	0
1.1313082343628196	0	0	0	0
1.6451792064705089	0	0	0	0
-3.627736812204887	0	0	0	0
3.858678620929325	0	0	0	0
-3.8257366998055247	0	0	0	0
2.7184586566218556	0	0	0	0
-1.1303774478708846	0	0	0	0
0.5676431112239584	0	0	0	0
0.14185701208438672	0	0	0	0
-1.0982572386126392	0	0	0	0
0.8567478344857733	0	0	0	0
0.06032635999714131	0	0	0	0
-0.10242422643633375	0	0	0	0
-0.3530661235523027	0	0	0	0
-0.10828962665629405	0	0	0	0
1.6154356829496521	0	0	0	0
-2.077791912245374	0	0	0	0
1.5019493816191627	0	0	0	0
-0.9154865703189046	0	0	0	0
0.967227334737494	0	0	0	0
-1.0759966715742593	0	0	0	0
0.9662886143022291	0	0	0	0
-0.5344077735203925	0	0	0	0
0.4303578193302897	0	0	0	0
-0.32920595440825906	0	0	0	0
0.6177898750084339	0	0	0	0
-0.9580620567567024	0	0	0	0
0.5804303091361547	0	0	0	0
-0.2697152973980437	0	0	0	0
1.421364832756609	0	0	0	0
-1.5829982860747336	0	0	0	0
-0.10880919530747235	0	0	0	0
0.3426572362391056	0	0	0	0
0.9559883195306185	0	0	0	0
-0.865027417470877	0	0	0	0
-0.8733291900220834	0	0	0	0
2.214902609503433	0	0	0	0
-2.3480019809063677	0	0	0	0
1.5253988192116523	0	0	0	0
-0.3955561398558842	0	0	0	0
0.27106287998145007	0	0	0	0
-0.031990810326014696	0	0	0	0
-1.2860050305878303	0	0	0	0
0.3555679103972551	0	0	0	0
-0.21133636740017891	0	0	0	0
0.24544008368779657	0	0	0	0
1.2868863970979092	0	0	0	0
