-0.03452475857145032	-0.2008970992995387	-0.10016960963882582	0.027971133139402582	16889.78620931522
-0.033793748877634755	-0.665165439352414	-0.29899273245003144	0.10929561812493205	16889.806381110262
-0.01723107711267602	0.054007171596090586	0.04613816049344166	0.3725546116083365	16889.860940874754
0.02303642173873044	1.0620967578713945	-1.1307960308668754	-1.0845497599867429	16889.69970279515
0.029377855225583005	0.02527515191406593	-0.7624510817300632	-1.3265118593564722	16890.27715997307
-0.45579656337840646	0.9135955996717797	-0.3343005741749323	-1.952348214680356	16888.293880390673
0.31408830874551086	-0.6812647758634967	0.012569170841530308	-2.274296991368672	16888.72609178543
0.34982553069428235	-1.5438378697974073	1.0804225038955337	4.121875709301122	16890.65399340215
-0.2280590229782007	4.467173305901532	-3.673754063890712	1.1416902294426876	16889.1501395965
-0.35905712568434467	-0.3795891677788248	-0.9979200877345846	2.6196298213117757	16886.416093312262
0.4000583909104023	1.9413807259243114	1.2259312265327367	-2.6749893794804507	16885.92002005743
-0.19657964055434007	-0.7890044623813068	0.8612819855682687	-1.3004478868367926	16887.990673961893
0.09381537696253162	1.0444461233280862	-4.067056379516259	0.07307364195852983	16888.493479546232
0.01132601350616369	3.473816232173	1.8374178654151052	1.0546469131997327	16890.79570206604
0.3502765088077453	-1.7228682857918116	2.730079154785628	1.4651949932232213	16891.901168484812
-1.0981377461907655	0.06244925514672417	1.4046417607588921	1.242778632595133	16887.299683270117
1.4170581994763722	-1.86773268149512	-3.750656289811971	-0.08154703768863669	16892.275812275908
-0.8042949695179686	0.5824539409952294	0.13672842570684907	-1.430339009142358	16893.371649242454
0.6623742640134083	-2.075924730829307	0.8945158731772267	1.1072795122636592	16886.244813291407
-0.8768043109193258	1.9110928965118177	0.5229097762509838	0.636912752414247	16888.821090143676
1.027603524193097	3.393905005594725	2.841613886363419	-0.5429897683787033	16890.114713714927
-0.2928452013345364	0.6781767266391938	2.0330470318385494	-1.9035120926513827	16888.87265414761
0.2568750234795161	3.732369668824191	-1.2333418543608303	2.808256241095691	16888.45254442709
-0.4854941645436739	-2.0703269166206795	4.6680958825671155	1.0588723944185716	16886.47057722576
0.6777036131385117	2.726956215555255	-2.3670875814434	-3.4719611684003837	16889.196655960102
-1.069078467099125	-0.6741711690333076	3.8225134704348136	-1.2462924759247613	16901.275990989467
1.4857303103487212	1.8622695741826476	1.0327505741837513	-2.166003845453872	16898.192115616264
-0.8029436870199476	2.757944291084442	-1.1607139512543228	2.3372778559039915	16899.361127572174
-0.17769626528153282	-3.9495163706440195	-1.5429526269282974	2.4567423497928473	16901.544267380978
0.0063758408605920636	1.348222796655385	0.18685386499736012	2.3668607181937915	16896.57450756291
0.14803527268078653	-3.5309392735278635	-0.1428181207961643	0.627382166234824	16898.870785943334
0.09747143103277267	-1.21342288332864	1.5621506899294815	-1.174364003005806	16893.478212812133
0.4176051924246238	-1.118854149822191	-2.937083112872031	2.491659546065037	16896.478823300175
-1.2614230162234676	-0.9581329182912128	-2.497428558493297	-0.08376020272262963	16894.801697805255
1.03810182820488	1.9327378972907994	0.13747144304068115	-5.282736259132605	16893.475239169344
-0.4119553771276401	-0.1844261679303898	0.9347647060374129	1.6214922668668947	16893.53187626011
-0.07472943784810582	0.47974573734179415	-2.7162348396806095	5.2162560432575305	16897.853681088432
0.3165434342733917	-2.893547682700593	2.1802909144642086	-2.962623878794176	16881.669596322212
-0.7553907155774908	0.08061249859330388	-0.3777081605175283	0	0
0.803771561682538	-1.5544317319788234	1.1866747329918752	0	0
-0.5796860155803785	-0.5974390010961628	1.3621463822500175	0	0
0.3130890002253892	1.6703925052280084	-0.8709324035861101	0	0
0.3459055656005603	1.3771089231606624	0.4398279966221139	0	0
-1.0317558483350453	1.904226544429818	-3.46429966075722	0	0
0.9759575493990198	0.5618516361350316	-0.766440119509582	0	0
-0.10594348357520289	0.20072251578260136	3.471570529278722	0	0
-0.08683304182479645	2.634615849387167	-1.537204219794205	0	0
-0.28743196402193405	-1.4465591736686534	0.8347875862872911	0	0
0.07512864816125386	1.8707982748624588	-0.713367688004837	0	0
0.6021818241986452	2.9788388311488347	1.9784531432334376	0	0
-0.7004438038230063	2.2943705306393056	-3.2101488415831056	0	0
-0.07284316879724173	1.2629523189358949	1.227451430877366	0	0
0.7787130050974582	1.3424029558476533	-0.2693031821295051	0	0
-0.9647635772634473	1.6335419116777317	-0.8512268472022129	0	0
0.7787667505776668	-0.20571543105613443	-1.1103209348255376	0	0
-0.03750534521477533	0.5631907121011608	1.8642411878162903	0	0
-0.49593324223877744	0.7843833153352406	0.3218609818852798	0	0
-0.06442086101271371	0.8950748028184208	1.3399912129987541	0	0
0.09478255573499439	-0.03784076939972181	0.5894857914992429	0	0
0.8407281520974976	-1.465081511101154	0.8122418177883048	0	0
-0.9056489040043445	-0.1948924264509344	0.9937378804203121	0	0
0.26188749198327343	-0.8182969837870218	-1.4035616542119698	0	0
0.0317727518268498	4.135362146496263	-0.6369391071635278	0	0
0.2748103392897363	-0.3691680785978946	0.8409642516655822	0	0
-0.45252904285264606	2.167962599444408	-1.3404447928360668	0	0
0.6530356657677814	0.2383312234480499	-0.8867775134727083	0	0
-0.5928666563992664	-1.0662799822101618	0.7222045250307758	0	0
-0.05856211262049982	-1.3931182739180628	-0.43885793296075803	0	0
1.0116040203875016	-1.548222952605066	1.3038645853146562	0	0
-0.7593176793060152	-0.3311183045173536	0.41989924387415556	0	0
0.3478427142944511	-1.6203786422172115	0	0	0
-0.4453475140118712	-1.5912588443330549	0	0	0
0.011779729047319165	-0.6621430336672489	0	0	0
0.7321740111109989	-0.41387887107099175	0	0	0
-0.6819470282596924	0.40950164963344093	0	0	0
-0.10065893523086089	-1.1866633735531522	0	0	0
0.5718020175370242	2.9917054874877778	0	0	0
-0.13848500703624467	0.282086679611524	0	0	0
0.21386368904237685	-0.20494135481172293	0	0	0
-0.13601520131938116	0.5201061222525922	0	0	0
0.08280245415618026	0.0009273728283503146	0	0	0
-0.39672269330110055	1.154877229496023	0	0	0
0.8590624248414755	-3.3569370854967815	0	0	0
-0.7216722115012573	1.2466399245524542	0	0	0
0.9301377471721821	-1.4713758968469364	0	0	0
-1.111837318744655	-0.6950230430945652	0	0	0
0.6796333536171417	-3.301297613938303	0	0	0
0.14847487087745748	-1.681329431959135	0	0	0
-0.6047323774479949	0.9172368758663723	0	0	0
0.5091404788284848	1.603685811094259	0	0	0
-0.34565572588522997	2.265919761273011	0	0	0
-0.16957621856938232	-0.9243788730804994	0	0	0
0.49321095972047857	-1.160796953574419	0	0	0
0.04053977104835127	-0.7904272215914503	0	0	0
-1.0052490108242367	-1.0061320738811759	0	0	0
0.758697272437793	4.319801762403294	0	0	0
-0.22778299207083563	-1.3840402471852755	0	0	0
0.4266175758881303	-1.9495490212471722	0	0	0
-0.447086767478325	1.5621321624948195	0	0	0
-0.1051741075231547	1.5607508850720322	0	0	0
0.416518143889526	-2.1480341280220756	0	0	0
-0.2785396820087769	-2.545020183357856	0	0	0
0.3282079419703834	-0.07841864082086403	0	0	0
-0.24571876545456206	-0.8364803200251743	0	0	0
-0.491199052696345	-1.590845172931317	0	0	0
0.7370476734286555	-0.3932344647377306	0	0	0
-0.0535005073817274	-2.4575406510366875	0	0	0
0.3095998821358421	1.2277709695201509	0	0	0
-0.6362296678360266	-4.709406260149279	0	0	0
0.4426901196732942	-1.6850565850634638	0	0	0
-0.564027721047367	-1.9050834662323481	0	0	0
0.8431327698558277	2.87604769342461	0	0	0
-0.7307993969279565	-2.419907417311684	0	0	0
-0.06186133291040363	0.21195263465647685	0	0	0
0.38240537493051363	1.1658844379549365	0	0	0
-0.21692174055996105	-4.7451119669464035	0	0	0
0.061293745515030196	1.9860450262630138	0	0	0
0.12636212406638236	0.7170435114541505	0	0	0
-0.6649266054451175	-0.7923421082032291	0	0	0
0.5279114119711252	1.7117317466844497	0	0	0
-0.35772904552719353	0.26179323345187555	0	0	0
0.5602350487186882	0.0736275278670746	0	0	0
-0.4167930153028223	0.3825821679766932	0	0	0
-0.20587491075536946	1.661308881057451	0	0	0
0.42183107698892286	-2.7006010611225904	0	0	0
-0.13143864849372733	0.2177344738294309	0	0	0
0.5821750254234033	-1.7309694187892148	0	0	0
-0.9242712810396938	0.7687800671353031	0	0	0
0.6351285265181303	-0.1670110935699043	0	0	0
-0.11226900799610462	-1.6505617493484905	0	0	0
-0.0788058672817229	2.4607762850781043	0	0	0
0.20992881469828006	-1.025549273326007	0	0	0
-0.5244998290432292	0.03421390473972252	0	0	0
0.3155656904249753	0	0	0	0
0.23662043058851623	0	0	0	0
-0.141442233068517	0	0	0	0
0.2955169733551699	0	0	0	0
-1.3215431033529228	0	0	0	0
1.8987005794791045	0	0	0	0
-1.4662068983072416	0	0	0	0
0.7430172618903157	0	0	0	0
-0.19415784453678242	0	0	0	0
-0.527766002254701	0	0	0	0
0.5699323957593165	0	0	0	0
-0.19853404781807882	0	0	0	0
0.24384059650464707	0	0	0	0
-0.6161780994280832	0	0	0	0
0.6917069143946719	0	0	0	0
-0.5263338246240181	0	0	0	0
0.5308292820204414	0	0	0	0
-0.4172061634702402	0	0	0	0
-0.63981227429705	0	0	0	0
1.0905807488443457	0	0	0	0
-0.5184622889148756	0	0	0	0
-0.005465777885248713	0	0	0	0
0.14077771107305637	0	0	0	0
-0.5697263317264856	0	0	0	0
0.6817089306504158	0	0	0	0
-0.05162460208296693	0	0	0	0
-0.3615318757164019	0	0	0	0
0.38008585813813056	0	0	0	0
-0.5443809178295567	0	0	0	0
0.1580129097199432	0	0	0	0
0.5983804082431732	0	0	0	0
-0.4068025429781841	0	0	0	0
-0.563034051017155	0	0	0	0
0.891157184940873	0	0	0	0
-0.007101628277148109	0	0	0	0
-0.15530882528639012	0	0	0	0
-0.12780745801287452	0	0	0	0
0.26381291376458904	0	0	0	0
-0.17396706301082077	0	0	0	0
0.38472568112502614	0	0	0	0
-0.4132541229474853	0	0	0	0
0.21812278118881778	0	0	0	0
-0.8556589337620224	0	0	0	0
1.3342923003167328	0	0	0	0
-0.8651974119371957	0	0	0	0
0.4698914078418994	0	0	0	0
-0.547141745339907	0	0	0	0
0.2245024777871052	0	0	0	0
0.1369198987561333	0	0	0	0
-0.15103664075014933	0	0	0	0
-0.016240181172939572	0	0	0	0
-0.41728384037593	0	0	0	0
1.0003160053754314	0	0	0	0
-1.4121688652700186	0	0	0	0
2.0411909080007646	0	0	0	0
-1.9293816155072108	0	0	0	0
1.085008319408935	0	0	0	0
-0.24643833773582458	0	0	0	0
0.06291509672536932	0	0	0	0
-0.21875227716797951	0	0	0	0
-0.31699314773224785	0	0	0	0
0.45764627276268044	0	0	0	0
0.2245098578858773	0	0	0	0
-0.26636630148835394	0	0	0	0
0.6695475231732928	0	0	0	0
-1.2582180501046167	0	0	0	0
1.473806278936614	0	0	0	0
-1.1758455482205363	0	0	0	0
1.3086162220613247	0	0	0	0
-1.476233890705906	0	0	0	0
1.152758046117242	0	0	0	0
-0.7589679613858067	0	0	0	0
0.9441117317402785	0	0	0	0
-1.0837988152205256	0	0	0	0
1.0691811534585796	0	0	0	0
-1.2839126350455885	0	0	0	0
1.3961769520104	0	0	0	0
-1.0749440300458772	0	0	0	0
0.9238777537844456	0	0	0	0
-0.6974232452471227	0	0	0	0
0.3545885438372949	0	0	0	0
-0.19032385714174893	0	0	0	0
0.6973409743277514	0	0	0	0
-1.1231697983995588	0	0	0	0
0.7078856967011333	0	0	0	0
-0.5997656817972157	0	0	0	0
0.7450212136193528	0	0	0	0
-0.34654085733534856	0	0	0	0
0.060476361864381545	0	0	0	0
-0.877241267831856	0	0	0	0
1.7656424258704249	0	0	0	0
-1.5806249516996331	0	0	0	0
1.1472818780496397	0	0	0	0
-0.632886478019195	0	0	0	0
0.024815529450670226	0	0	0	0
-0.03932610637294687	0	0	0	0
1.0596753816336886	0	0	0	0
-1.4940898467257	0	0	0	0
0.8709792940493628	0	0	0	0
-0.1367618750878421	0	0	0	0
0.3462924277624637	0	0	0	0
-0.562472208236322	0	0	0	0
0.7418052509057347	0	0	0	0
-1.0761248378660042	0	0	0	0
1.2157085395270073	0	0	0	0
-0.6641238729166972	0	0	0	0
0.442724420723124	0	0	0	0
-0.8197698369064881	0	0	0	0
0.459992141782692	0	0	0	0
-0.14332787591455798	0	0	0	0
0.13212677054349342	0	0	0	0
0.2983455623373672	0	0	0	0
-0.830354155048795	0	0	0	0
0.8325783305917938	0	0	0	0
0.05483995194243363	0	0	0	0
-0.23541704106868622	0	0	0	0
0.019375561330136293	0	0	0	0
-0.40610097880743723	0	0	0	0
0.6176684071624123	0	0	0	0
-0.056945198674441144	0	0	0	0
-0.5072664024086748	0	0	0	0
0.5365929409412686	0	0	0	0
-0.1140286569509783	0	0	0	0
0.023803542407364375	0	0	0	0
0.005109632231267369	0	0	0	0
-0.412215368957753	0	0	0	0
