0.08619910651090379	-0.012672205600317454	-0.2326080917564468	-0.11096113760153514	16913.90079677795
-0.11506640494820175	0.08679825786663287	-0.5842937040352751	-0.3394159252658824	16913.803680730576
0.33360050973472255	2.821382360472221	0.8441217864975243	-0.28462363296394244	16913.887736338096
-1.0908805662667547	6.24433783917425	2.6935978109046204	-1.1283618411041232	16913.841463654106
2.0852065307346592	-4.668447425364867	-0.28648408882864373	1.0783535569961344	16913.916662340533
-2.3718345160098266	-1.3392733309263747	-1.520765590020531	1.6687427468987153	16913.596475262988
1.533055726360523	-1.2762255597476866	0.02414573874990822	0.6610862682424141	16911.81267825582
-0.5586252294782454	3.370111164553201	1.8306182731406295	2.9795871452395915	16914.49761026833
0.24037887755029885	0.386218403374194	-0.2079804259810345	0.31155114461162725	16913.349652741137
-0.3010101818645694	1.938400150202753	-3.112966001678913	-1.1322872502784094	16915.141751797306
0.19428714494845423	-3.1274556380643475	-0.10500612740615622	-1.4503354923532186	16914.069055673048
0.26558075574067175	0.29459890825779667	-2.2756230667592092	1.0882847430246727	16916.885699873645
-0.47170424762072116	-2.754790359981939	-2.8145537677423675	-0.6170832779084066	16916.94683474539
0.40699286885493535	-0.165175908289811	1.8421245517081246	-3.997236939592696	16913.170818158935
-0.653718157629676	-1.4607054968261721	-2.0877214482567723	4.064299341512864	16912.737198413888
0.9579292211746164	-0.2855023443594078	-0.8938020460812197	0.3022607325872002	16913.949374029056
-0.8089575648495781	-0.15758558734595596	0.7267042373212433	-1.3054740864448036	16915.938762003327
0.4242311340806708	3.196787380455163	5.05459368294261	4.386716704583492	16917.984101535694
-0.493779381192212	-1.5577535734496166	-2.5916608748855765	0.3821797539783205	16919.65863906768
0.2533453426731711	0.5845665836255023	1.2380062957207087	1.616728751480423	16913.56479041925
0.3754958000106825	0.3476258530817802	0.46522711047032317	1.1616678443047874	16918.269633126973
-0.7237938639255503	2.983463898265981	-2.0468379604024136	3.783049983878513	16915.30827210923
0.4463009619986522	0.08971018732675162	-1.3466080235056808	-1.2725666489593976	16916.48842035837
0.033697978363797176	-1.8520232629091993	-0.022830878922931674	3.2193163083638865	16915.426395444607
-0.3901048924672281	-2.190791675310038	2.7679241095604112	1.8949012382519328	16911.498200570004
0.5573951197820861	0.9755729346370785	-2.876018065209891	0.8821745287370248	16912.202666204692
-0.6492042624551431	-0.5660718773402564	3.943761723433326	-3.2580247520166665	16913.468178362098
0.7182668023662941	0.2670092811991438	3.0941768364301083	-1.0336527022937787	16914.55604256651
-0.7753560265496873	1.5517252873111715	1.0884360141969864	-4.7091447339602155	16913.938940172196
0.5345695895927562	1.3858500151947624	-2.9703430974843883	0.23728319988424573	16915.47238413807
-0.16623458304745498	-0.6757452131802353	3.977095774773943	-1.0748558096322682	16912.66349090225
-0.024638893742164214	1.2643453643138898	-1.326114062064164	0.013731403245088813	16918.008206789975
0.16240267353654758	-0.3309631773538939	1.1190031582377316	3.23621712236627	16911.51012036491
-0.605900131870726	1.9217538503988862	-0.38921573835733625	-5.0801120037557865	16910.235076454963
0.43123661800808577	-1.777499696926121	0.496336177692271	-0.18639856754735717	16912.7280637766
0.0700772455265053	0.7863210454870284	0.8697178690194391	0.16044970816737703	16916.888354558934
-0.3593759648119672	3.5868161942855394	1.8828485463636042	1.8013880629797825	16915.345784199926
0.08245710304976939	-0.9599548440079602	-3.208642657594538	3.243537398440651	16911.62690591228
-0.13019605851731342	-0.2085841256806944	-1.592964424469713	0	0
0.5553768905106509	-0.6453844225935654	-3.591813339626867	0	0
-0.9906002879270233	0.11761605933107688	-0.5062715195884806	0	0
0.6320285067022624	1.6659172603780164	-0.6544344213670001	0	0
-0.22908423296758684	-1.9099090792324347	-0.32204129751080757	0	0
0.00696593977529858	2.688746206048741	-0.63238631215917	0	0
0.2603842441260156	0.29401561332404924	-2.623990055914902	0	0
-0.08172862556209992	1.868411514542288	-1.2006091354944601	0	0
-0.5341248095458582	-1.4201482908405225	-0.7866589655195071	0	0
0.783940114947562	0.55761930225475	1.2574255047591123	0	0
-0.8725880334358678	0.31911620555206355	-1.285441311436216	0	0
0.5921352335196346	1.2009715843091797	-0.2613171941591048	0	0
-0.10573463593281218	0.23717816778355427	2.173972246272143	0	0
-0.16783399461483128	0.27113755451262733	1.3817109445929106	0	0
-0.007090963235398817	6.155150923630131	0.04760176388253967	0	0
-0.16282652688797583	1.4621853839009304	-5.432022247326856	0	0
0.1961826001370781	-0.42205306172622414	-2.0936165313957957	0	0
-0.3281292431138496	4.187432845951136	-2.623324391360697	0	0
0.5178766587328809	-1.698348234642033	1.0086506849582975	0	0
-0.6648210809963402	-3.0004344207684923	2.687633044589518	0	0
0.41925839671807097	-1.7823671028269459	-0.27261404891243046	0	0
0.3497655873940744	1.0690430654122096	0.6803151819724746	0	0
-1.0264794787969365	-0.2403262542661011	0.1663083858953769	0	0
1.7483646827035741	1.3216908970169143	-0.13191076126189216	0	0
-2.1141511410719573	1.6754225199718533	-0.8803005062051312	0	0
1.6551554733393914	-1.0959056514855732	0.6798979770114784	0	0
-0.5489093792795856	-4.8958692989375905	0.4779485648774795	0	0
-0.12103279955923085	-1.821150391461373	-1.8185815697908652	0	0
0.01900192156803371	4.60318099315154	0.5681114506692779	0	0
0.5402910912524348	-0.9741193365743612	-0.21765246482465272	0	0
-0.7588578441429448	2.129687324330199	1.8847716288057512	0	0
0.3574718424054524	-1.6551944764476474	-1.3631690273630426	0	0
0.20832931383372966	-0.6276339282168877	0	0	0
-0.7929985660980847	6.274987825634206	0	0	0
0.6505812638532973	2.249876811103718	0	0	0
0.06827796095601713	1.5411178837123316	0	0	0
-0.6581148919616666	3.619417398560735	0	0	0
0.7489658824968402	-1.9322276123250717	0	0	0
-0.7386647262455739	-4.615433352556671	0	0	0
0.5996994101015005	0.9908273877643268	0	0	0
-0.22436440097725807	0.15756134302570501	0	0	0
-0.39885873189340515	-0.32376247831059857	0	0	0
1.1306223231016972	1.6800940387841052	0	0	0
-1.858548700649969	0.09892852046327505	0	0	0
2.160010087520547	-0.5385259231541255	0	0	0
-1.5995252796118749	-3.7880665052799714	0	0	0
1.0800552536663304	1.0583419083065806	0	0	0
-0.7687032133315981	4.860839275623498	0	0	0
0.3260993124855318	1.7417830011290008	0	0	0
0.15298039802566166	0.9896231705732248	0	0	0
0.012413067383825194	0.94213228620508	0	0	0
-0.2145786184737517	0.20711970001882918	0	0	0
-0.13482388925432787	-0.42266816934699136	0	0	0
0.5057976485831759	-0.0007902153272425494	0	0	0
-0.8469021476589518	-0.8307572219131671	0	0	0
0.9776909824311915	0.6421626949980919	0	0	0
-1.2380824442633838	0.3096872488137876	0	0	0
0.9806116461432168	-1.7044093115776207	0	0	0
-0.38239825670839167	1.6307929760304702	0	0	0
-0.6725077245259641	2.4773149798960006	0	0	0
1.2408440875458737	-0.6051739904624682	0	0	0
-1.6148249058111972	1.8321998025543351	0	0	0
1.1875478720590422	0.6356435269060441	0	0	0
-0.17287390216389298	-2.2604611722463233	0	0	0
-0.042544723827219855	-4.77868053810154	0	0	0
-0.8486189129129613	-1.2462937915292187	0	0	0
1.3696155996347912	1.0167066643698277	0	0	0
-1.1205939528578384	-2.8802353239154144	0	0	0
0.30111653374368785	-0.07157007591262499	0	0	0
-0.15167051242730878	0.10751147104043213	0	0	0
0.731169281949974	-0.7934162501259507	0	0	0
-1.7688610332449741	-1.9940824766513643	0	0	0
2.1175759070542313	-2.966173451194031	0	0	0
-1.4230983974020646	1.0620493247576732	0	0	0
0.30551113592151324	-2.083906106223708	0	0	0
0.6118757397045798	-1.67595976104284	0	0	0
-1.1175517006555964	-0.5506369296465081	0	0	0
1.0408644745994238	-0.8652305767174084	0	0	0
-0.47992269803152254	-1.1351860853117088	0	0	0
0.16711664433835693	0.6552434764611093	0	0	0
-0.46715813278158436	-0.7693074229132506	0	0	0
0.8086256653378641	-0.11221940217252069	0	0	0
-0.7507820808655623	-0.39135587238428116	0	0	0
0.287817425250914	-2.8854976748032968	0	0	0
0.3953171321227913	0.8529545402169489	0	0	0
-1.0448126337236587	4.827286476062618	0	0	0
1.2693708481624455	3.3026199715398477	0	0	0
-0.9770632333096785	-0.42581259687038653	0	0	0
0.11591341793953092	1.7684464714839763	0	0	0
0.7294890275290911	-0.4771293467903135	0	0	0
-1.7157853585682616	0.685408586094205	0	0	0
2.21398762032549	-0.19085104612534565	0	0	0
-1.931758737121676	0.12239009566112458	0	0	0
1.2068404392005192	-0.6488877626455434	0	0	0
-0.8613484272160932	0.025917773466346716	0	0	0
0.7902851058643279	0	0	0	0
-0.07836205276409913	0	0	0	0
-0.3954216622963216	0	0	0	0
0.35088122332555116	0	0	0	0
0.3763256879210317	0	0	0	0
-1.5648726913015736	0	0	0	0
2.2512507071398886	0	0	0	0
-1.8329782516114648	0	0	0	0
1.0171200656066546	0	0	0	0
-0.3712037591080559	0	0	0	0
0.5536437507456924	0	0	0	0
-0.7092983047408126	0	0	0	0
0.5242986492228354	0	0	0	0
0.3396799477595067	0	0	0	0
-0.763118448263505	0	0	0	0
0.8940176132964552	0	0	0	0
-0.3082221709016295	0	0	0	0
-0.5839876604120207	0	0	0	0
1.6765485013517392	0	0	0	0
-1.9200392082709286	0	0	0	0
1.378393873795396	0	0	0	0
-0.5540526211989487	0	0	0	0
0.5054993276261044	0	0	0	0
-0.6777120156463994	0	0	0	0
0.8770955700030427	0	0	0	0
-0.40184795023906617	0	0	0	0
-0.23000774765903742	0	0	0	0
0.2526927451596279	0	0	0	0
-0.32720215520583196	0	0	0	0
0.41939224755392246	0	0	0	0
0.0320878693153972	0	0	0	0
-0.5525411534941043	0	0	0	0
0.975307214534844	0	0	0	0
-1.4998226538139932	0	0	0	0
1.712916939197079	0	0	0	0
-1.6175710687008618	0	0	0	0
1.068124132215594	0	0	0	0
-0.3290205182291004	0	0	0	0
0.08692156491645164	0	0	0	0
0.31353019069078414	0	0	0	0
-0.5121050855990532	0	0	0	0
0.7441248380799692	0	0	0	0
-0.8094496782310685	0	0	0	0
0.9222312961420513	0	0	0	0
-1.0146550831336256	0	0	0	0
1.1140073677883322	0	0	0	0
-1.1397298454904004	0	0	0	0
1.1095949730969608	0	0	0	0
-0.8727284171184166	0	0	0	0
0.8365257633341372	0	0	0	0
-0.6861747037293426	0	0	0	0
0.7224199929076249	0	0	0	0
-0.8587254608247292	0	0	0	0
1.0929798484308506	0	0	0	0
-0.8093682478319124	0	0	0	0
-0.04226880679784273	0	0	0	0
0.7624780048613289	0	0	0	0
-1.3277533079997212	0	0	0	0
1.5487962531193915	0	0	0	0
-1.032026705011738	0	0	0	0
0.7346581821137761	0	0	0	0
-0.77016542191366	0	0	0	0
0.8231294458112899	0	0	0	0
-0.673586505033164	0	0	0	0
0.3601952111627469	0	0	0	0
-0.18816158122187687	0	0	0	0
-0.5801546489719271	0	0	0	0
1.0079606755125	0	0	0	0
-0.720466701898431	0	0	0	0
-0.48727372519493173	0	0	0	0
1.6657538288843128	0	0	0	0
-2.4383352439696537	0	0	0	0
1.723896000136044	0	0	0	0
-0.33045050626101613	0	0	0	0
-0.447460502263759	0	0	0	0
-0.04140528034343305	0	0	0	0
0.150010841838359	0	0	0	0
0.5133257056399572	0	0	0	0
-0.8044494891908087	0	0	0	0
0.9268735406300692	0	0	0	0
-0.9068066562625461	0	0	0	0
0.6439501177820759	0	0	0	0
-0.27700812497793237	0	0	0	0
-0.08710604810108435	0	0	0	0
0.2554342549480353	0	0	0	0
-0.574596328386626	0	0	0	0
0.8800537436892739	0	0	0	0
-0.3344884815560576	0	0	0	0
-0.36335054476130324	0	0	0	0
0.47114642860607603	0	0	0	0
-0.6494093474936804	0	0	0	0
0.7352502385709343	0	0	0	0
-0.5552696393820824	0	0	0	0
0.2708989641734263	0	0	0	0
-0.38369121893702385	0	0	0	0
0.5396577926134896	0	0	0	0
-0.5900307281272319	0	0	0	0
0.6837132531168066	0	0	0	0
-0.9601548111608693	0	0	0	0
1.0312306404640097	0	0	0	0
-0.9726883224135179	0	0	0	0
0.613431022514682	0	0	0	0
-0.31798163603544083	0	0	0	0
-0.05507316221560643	0	0	0	0
-0.45741650142540635	0	0	0	0
1.0176170842194523	0	0	0	0
-1.057960712524718	0	0	0	0
0.6770395320489584	0	0	0	0
0.17724920055103155	0	0	0	0
-0.8168225380702552	0	0	0	0
1.0323277949100103	0	0	0	0
-0.846864610011167	0	0	0	0
-0.08563512326912814	0	0	0	0
0.9397301791190955	0	0	0	0
-1.542867075878469	0	0	0	0
1.5472771493265256	0	0	0	0
-0.828463914145253	0	0	0	0
0.06095815032038132	0	0	0	0
0.1969467129292113	0	0	0	0
-0.29637598776452734	0	0	0	0
0.19778089765240026	0	0	0	0
-0.052661200404010344	0	0	0	0
0.008522002272940199	0	0	0	0
0.008017831803364572	0	0	0	0
-0.02404492419717741	0	0	0	0
0.02509987175010764	0	0	0	0
