-0.09562238976803172	1.301611820509578	-9.134645422560268	0.6424837039271125	16891.558686557404
-0.13949519887179918	2.785072710242339	-28.996825176605284	3.7635849761844042	16891.54339479481
-1.748332970452779	-8.123093113217003	12.595362859576028	15.636676326146414	16895.52421344834
3.539678136248405	2.038001034959997	6.800746284903383	-91.37863338907171	16886.171432466348
-3.6630810068008444	11.55346375289598	-21.07716589680757	138.34184578989147	16930.062424400203
3.3824844814712876	-9.304275118516053	24.168669887791708	-34.52527553230695	16748.773026422143
-1.6346606927811536	14.34852149597787	-26.012386338637583	-7.6911864896602395	17041.6772048701
-0.7781775778072486	-1.0812414970925062	-5.752273658628397	141.58205215093818	17415.088242981554
-0.40599873470896597	-13.439950414346548	-12.419109293326642	-103.50044615528734	17060.823395875883
3.373012886431411	-4.9614947382250705	22.385256778525644	50.97929290452575	16615.192645280706
-3.3328738233464676	-0.7526583377190903	-4.834223992786846	32.581313008623525	16663.894783142798
1.972871153192635	7.711685986866442	-18.064818030289032	-74.9844737828886	16562.466363613497
-1.4333449694926017	-10.569795429862268	6.163899510736627	5.547357178900768	16678.34537092402
1.693589263781206	16.554401068039695	-11.702364388351384	-0.9722391899996126	17273.348059036947
-2.609387351689726	-4.773107947040884	-5.067094926799982	-16.202933442061806	17460.943388002022
3.5710369305587335	2.719144657129732	33.408082598782784	-17.940408322748198	17296.41114604267
-3.4138697930878124	-4.892746569197811	-23.839393317453585	-42.11995715932429	17263.492017466007
0.9907085044772259	-18.87177442867025	-40.05039165578226	21.314084876804742	17029.890424359663
0.5620404593300705	10.799642775453762	51.041909802655496	52.653176531883844	16942.127080969047
0.14553230911201354	-11.615462506308631	-19.82753007384072	-38.99857221676052	16600.961395226717
-1.1799331995137763	18.210846847275775	3.7873870778880843	24.03624731530776	16925.947748348946
1.601570586652862	-2.5567099337215637	4.072244324708507	19.051561301484895	17164.026276263365
-3.558190762005758	2.3729040220920297	7.291289733801477	-40.66121843776007	16824.69981473551
6.689534096529151	5.549895724479384	-12.01416218792852	-6.489882317772555	16814.10822088054
-6.9834233015772895	-8.630474707683213	13.391163687813432	-25.053677587114223	16877.836411767254
3.987440484003848	-0.5822052310995289	-5.386150035202974	66.53939307036624	16557.220646312857
-2.9168837042965734	14.892470271428323	-4.762996481831749	-79.75553703543909	16416.81997988871
3.26992354848894	-12.8289440496969	33.302123535613646	17.39531530165138	16758.702580548066
-2.321671283184898	-6.2129872014281915	-13.261891120607814	-45.35193482528027	16874.226872111714
0.5437897279219754	0.794118486676723	19.292918573893715	-41.161906241340915	16750.717088720023
0.7986051631734981	10.685960925625963	5.883436953200942	-4.090079170484032	16713.229290717034
-1.9099600286164815	-14.472899389680116	27.192390398676295	112.76487729256932	16650.540089486065
0.7538773199386668	-6.08888576353656	-38.13035052527118	-6.250190063712978	16527.371007688304
2.033600432380986	12.881363062001057	29.25529904920333	31.021042278207673	16984.94095120659
-1.5728088255803598	-23.344295518647932	-19.22919153003656	-35.65342635127786	16844.855119379492
-1.124688590523057	2.696779414112612	18.28085116935226	8.576078923591908	16904.88815913212
0.3670136391558856	13.338823537864542	11.554991814065701	22.734973727003734	17071.79454811925
1.6613892395266276	3.79467351357998	-35.714763434707876	-28.091128479136785	17031.679897060276
-0.019099490491925053	-5.180091824994861	-7.280990217416004	0	0
-0.20472800616317954	0.8391883067514954	-6.060156323088378	0	0
-1.3264780210279596	6.1431205251383005	17.417235412461338	0	0
0.7784792454471301	10.181124589258786	-21.660863512928373	0	0
0.7377106699499265	2.5249332030114573	6.252121590826633	0	0
-2.4439410994356123	0.45318677121815654	-5.738764908763969	0	0
4.6907952020908965	-7.111152499424804	22.602555874078433	0	0
-5.87970802163067	-4.315861286241301	11.351376537094865	0	0
4.4256299711056	-4.561524410590465	-35.57026555842438	0	0
-0.5856116090213206	9.863435890404162	34.13895958106231	0	0
-2.8370783699398814	-16.141557795804886	-41.50089591910621	0	0
2.914799550180973	14.324618599265989	11.640419070610093	0	0
-0.0275081691188106	-4.624759539943668	8.900786801036716	0	0
-2.7109121527441076	7.419346292641009	2.131873659212232	0	0
3.5724895213856698	0.10930985704914065	-17.13108606021315	0	0
-1.2691470237399827	-9.082169917493303	24.560158296903296	0	0
-1.6555778026946086	6.160351136732373	31.81090996573849	0	0
1.3190490091280864	-1.4840073365110982	-29.351289796996184	0	0
-0.13911547210557984	5.693160698057447	19.866732394047233	0	0
-0.7916189376840208	-11.113066976072318	12.085625598898034	0	0
3.4402683715285107	-9.502002359755245	-1.7266627536662327	0	0
-4.778705872514983	15.051570059278298	3.2779777616125045	0	0
3.2023544144241143	-1.6929642307326134	-4.808369337101581	0	0
-1.723413404889797	-9.127303824150097	12.9545173286418	0	0
0.9921029326565574	9.19719104830881	5.537990504655042	0	0
0.5475732176585311	-1.9559116477962846	12.429396597816975	0	0
0.7332619626164885	-9.696999302160698	14.742723306103812	0	0
-2.82446802592343	-10.522187129107117	13.187291421623456	0	0
1.8350693734688974	0.13392716691383555	-5.0157762479308445	0	0
-0.09687308458005361	-12.647913268723542	3.787788200066501	0	0
-0.5057032746453629	-4.6191585879532795	-20.654774573939193	0	0
0.025902066043684613	0.581354860375086	-14.469356543627327	0	0
1.5466112712524662	6.072603826365977	0	0	0
-3.308212202090857	0.6053180627591956	0	0	0
4.270148821124543	9.69524252259982	0	0	0
-4.425644984824366	1.8178863658989854	0	0	0
3.8105234528118572	-16.76870442604492	0	0	0
-2.2275141813807124	4.318933497301231	0	0	0
1.5794213677334739	-10.263421045512708	0	0	0
-1.4504364961407745	16.09026007350264	0	0	0
0.29509063015569836	-2.045872832899434	0	0	0
-0.5136558569109226	-14.132778910002145	0	0	0
1.913483896819308	8.847631406404368	0	0	0
-1.9716682548424842	-15.160901063865815	0	0	0
1.117089277469482	3.7881209393065376	0	0	0
-1.7027114813947861	-2.777029263484458	0	0	0
2.9538524825017163	-13.025365177765522	0	0	0
-4.006281805241429	12.517432723901933	0	0	0
4.574885385045974	-9.6439959930971	0	0	0
-4.360198225134965	-2.0809656811619277	0	0	0
3.176400761721446	3.020828699640923	0	0	0
-1.6607628127118517	-6.5534789535800755	0	0	0
-0.18327304023940627	-3.718692015242702	0	0	0
0.9344107292982144	16.732196981739328	0	0	0
0.18038406760049241	-13.4010703442827	0	0	0
-1.8183064111596607	-0.020538592852567206	0	0	0
1.4121777282770154	7.404038255888167	0	0	0
-0.03871022923983958	1.4697812302395192	0	0	0
0.5993076552227805	-4.869562682625379	0	0	0
-2.1238612596072457	7.831482947185187	0	0	0
0.9832318442760979	-6.865907306696194	0	0	0
2.1052144403011823	7.208009853512685	0	0	0
-3.1082208287113176	13.988239585523552	0	0	0
3.222756092363717	-3.658498533114887	0	0	0
-2.9814482934619377	-11.983069837329559	0	0	0
0.3211177548023869	13.362657852231301	0	0	0
1.7538305504126797	-9.156300522420011	0	0	0
-1.2765419151049997	2.6115737180756966	0	0	0
1.0363488107681746	19.211409245503297	0	0	0
-1.3837656342716471	0.6315044872908331	0	0	0
1.8765261568052765	11.78600310439051	0	0	0
-2.5132361139241937	-5.059644775498128	0	0	0
3.336526035248781	0.12374630668524134	0	0	0
-5.622836811182609	6.583787959044528	0	0	0
5.840803897847749	-3.118113503098918	0	0	0
-0.8779135271377001	10.299233658071763	0	0	0
-4.577970714235832	8.981566758436571	0	0	0
5.435716551967829	-18.15396723731287	0	0	0
-2.7979177627617062	-1.1050893607671313	0	0	0
1.1847277396997953	-8.14218452411803	0	0	0
-0.09310845527243572	-9.441998238784002	0	0	0
-0.23284519603367926	6.168297048085591	0	0	0
-1.260817570532609	12.878077584522572	0	0	0
0.9053069290644942	-3.115382213556593	0	0	0
1.6712660590763022	-5.564922524175252	0	0	0
-2.1476814657231458	7.179532569618694	0	0	0
2.5300217966179943	-4.287658104803079	0	0	0
-3.249323247930377	-5.987586311716797	0	0	0
2.8892866627156337	-2.6706556453919035	0	0	0
-2.187122389689627	5.722756510640643	0	0	0
1.243959631975578	9.216274502983524	0	0	0
-0.3573750255654673	-12.2419331189366	0	0	0
0.15238290760943585	13.501143025986863	0	0	0
-0.19011837943153154	-14.649805519407977	0	0	0
-0.5442673626052681	-2.059168992689365	0	0	0
3.1497772522604564	0	0	0	0
-5.756100088458325	0	0	0	0
5.345520729906987	0	0	0	0
-3.768795331693397	0	0	0	0
4.532240439779564	0	0	0	0
-4.473851926246304	0	0	0	0
3.1813907312711223	0	0	0	0
-3.362633818188513	0	0	0	0
3.3472200314628893	0	0	0	0
-1.4167027077786898	0	0	0	0
1.4903343186591087	0	0	0	0
-1.9764610914020082	0	0	0	0
-0.5674040409795111	0	0	0	0
2.1403408401291557	0	0	0	0
-0.7198156692596456	0	0	0	0
1.0292720889934728	0	0	0	0
-3.1718308540205626	0	0	0	0
2.75151260981945	0	0	0	0
-0.6070917274746108	0	0	0	0
1.3339830485547495	0	0	0	0
-3.7914540703643453	0	0	0	0
5.0178305427612315	0	0	0	0
-4.5172667933327375	0	0	0	0
2.445262731692516	0	0	0	0
-1.824769908032735	0	0	0	0
4.315106327486241	0	0	0	0
-6.691712809442244	0	0	0	0
5.719397646917265	0	0	0	0
-1.8581593389488944	0	0	0	0
-0.9614293309431119	0	0	0	0
1.4021308498435658	0	0	0	0
-1.7442148855906794	0	0	0	0
2.6877556761460397	0	0	0	0
-4.311210303142467	0	0	0	0
4.52893894404901	0	0	0	0
-1.6457106954767156	0	0	0	0
-1.1791900662042067	0	0	0	0
1.6975670281486472	0	0	0	0
-1.4137555156017712	0	0	0	0
1.1945438647051034	0	0	0	0
-0.5475639724032462	0	0	0	0
1.013712056110684	0	0	0	0
-1.9900057990811888	0	0	0	0
1.9895016678638058	0	0	0	0
-1.6926292892664279	0	0	0	0
0.10931452459008995	0	0	0	0
1.9274863053611	0	0	0	0
-0.23591043122127076	0	0	0	0
-2.5231166127063034	0	0	0	0
2.280027623096153	0	0	0	0
-0.9231669158433107	0	0	0	0
0.23413791350648694	0	0	0	0
-1.6132008703071676	0	0	0	0
3.5883839576866663	0	0	0	0
-3.8700169531739945	0	0	0	0
2.728905169319006	0	0	0	0
-1.7814694856686657	0	0	0	0
0.7881434160154583	0	0	0	0
-0.9449651780461039	0	0	0	0
2.209261372366562	0	0	0	0
-2.208348997140348	0	0	0	0
0.7857122130275869	0	0	0	0
0.42047450669075914	0	0	0	0
-1.1657177509184748	0	0	0	0
0.22347581668356042	0	0	0	0
2.1152835760412714	0	0	0	0
-3.8005335841206644	0	0	0	0
4.356094133725527	0	0	0	0
-3.91199592838403	0	0	0	0
2.0103705112027654	0	0	0	0
1.0729479470515528	0	0	0	0
-1.0633610032178638	0	0	0	0
-0.14061296979889448	0	0	0	0
-1.651875754443978	0	0	0	0
2.4490435300725224	0	0	0	0
-1.7807865285125217	0	0	0	0
3.821324438683554	0	0	0	0
-4.243435232485034	0	0	0	0
1.1158522381800111	0	0	0	0
0.236471755169525	0	0	0	0
0.18204984970065397	0	0	0	0
0.2644507466399233	0	0	0	0
-0.6977774067997728	0	0	0	0
-0.1346919912858624	0	0	0	0
2.0788613426863662	0	0	0	0
-3.330290810564634	0	0	0	0
1.9778798219730334	0	0	0	0
0.324821630963541	0	0	0	0
-1.0830428119039155	0	0	0	0
0.10744473333726035	0	0	0	0
0.4330588587074331	0	0	0	0
0.2157954237924642	0	0	0	0
-2.29375991752255	0	0	0	0
5.418998187527876	0	0	0	0
-6.693560796652136	0	0	0	0
4.99775441470085	0	0	0	0
-2.6185935753912446	0	0	0	0
1.685218771062253	0	0	0	0
-1.3323350270703216	0	0	0	0
1.1268299357344347	0	0	0	0
-0.5087150000516587	0	0	0	0
-1.7159485527546323	0	0	0	0
1.8287124028565387	0	0	0	0
0.046675216892317906	0	0	0	0
0.5814492015751966	0	0	0	0
-0.5221780783057426	0	0	0	0
-0.7734711420555413	0	0	0	0
1.1384733734490737	0	0	0	0
-0.06468644530868772	0	0	0	0
-1.6675457694847466	0	0	0	0
2.3087486046230126	0	0	0	0
-1.3566068758285752	0	0	0	0
0.43924202601564133	0	0	0	0
0.6578641485805221	0	0	0	0
-2.6699518951062586	0	0	0	0
3.6194225741370047	0	0	0	0
-2.4973404667610026	0	0	0	0
0.699468617704305	0	0	0	0
-0.48939280931375606	0	0	0	0
1.6766308148021523	0	0	0	0
-2.482757224889774	0	0	0	0
3.3545072692230136	0	0	0	0
-0.39049097793361653	0	0	0	0
0.7156368787994154	0	0	0	0
-0.8949454977745503	0	0	0	0
-2.830466959053645	0	0	0	0
