0.4798205591083473	-7.553067080043384	9.991355430726358	0.29476396366281676	16804.209089835847
0.02967340409639263	-22.864790238900447	31.967534488411346	-0.6934525966544101	16805.22911324551
-7.908587174158818	6.348709410759689	-10.036442645007128	-18.595190098753704	16798.535912708
8.973579072960938	-3.7185563502417693	-5.16079195798801	13.01068208835926	16807.207255861216
-8.510139543970688	9.886679740050631	-3.318618868304256	11.501234786617417	16790.802719943465
7.077642827116364	13.417895781667063	-13.850110519238115	24.922233942067066	16847.21921787228
-5.424465736112424	-1.8536512381296575	1.1292296556644743	-17.668329948296645	16884.351912325077
3.4430882188065723	8.059157988250533	-40.29732424886599	39.36955400747108	16869.870567721733
-1.384944649010066	3.5274609971946305	36.89417519264245	-9.093292071932083	16879.758553072665
-0.8322340373872521	-5.017488933801893	-31.18042496546569	18.080471707852638	16880.31455429216
2.0832494800098686	4.639863452736385	-28.39348642243101	15.929485251869522	16787.97081561996
-2.67819450579816	2.7062811977233565	6.434810387572455	6.6267136367110595	16833.339068209974
3.792586830489576	14.568403658353787	23.170685600489875	-15.415330537981504	16916.880599815388
-6.315426794568609	-2.3495982481244795	-12.528355509912984	17.147142275562786	16926.98695513745
7.994411430336619	-1.0885913691324731	11.717219708923437	-5.73603225423696	16994.392047579782
-6.817632192868409	-10.308383902817809	-20.850679719396553	-6.739681152517107	16972.03035826377
3.7990783945687028	7.917320962331381	11.347775732188865	1.7526117044336047	17039.815629317436
-1.631378071181615	-2.1709368194001826	-8.14027672586414	3.2455461177665796	16991.93701173037
1.1193682542483572	4.252270699043976	14.478540903695986	-11.599207477924239	17024.855225778447
0.5697176219733606	4.343895841614689	-12.729552442722337	8.109356387014387	16970.277399634564
-3.298536337857861	7.508844402762591	-0.06863493541533217	6.1767907447163	17052.202368368966
2.041410225607372	4.5270910191313405	-12.23485618713589	10.601411896040702	16999.301489476904
1.6912376146820165	-14.449957258212926	7.671356629046457	-11.994465784962827	17009.033740505598
-3.655595403962124	17.407938462065104	13.157880860327566	33.00251771658763	16998.881626111215
4.074116597317932	-20.857266170341134	3.0515521854016896	-14.556766928998485	16980.79058406176
-3.3583579684403873	-13.276756826242362	-17.2730802500688	14.685656924804647	16900.690802452442
1.9211444364635852	-2.9019971229008945	7.496998593023761	-8.233541707669772	17002.392115332117
-0.9576948997831494	16.523704672383964	-20.116936876146823	17.4157346087527	16900.792479799442
-0.9550120191285743	-3.7983178271260982	-9.641459922408501	1.693578493756874	16914.51813003217
2.494969846839993	-3.756408899066031	24.45236139052342	-10.70679032746493	16923.224510835975
-1.5386271101388758	-8.986995872831152	26.869092621682597	-10.442745494651959	16904.367303861058
1.1163518606976837	11.57561504004238	-45.765643211757094	17.14113949460652	16885.95675906003
-2.108962140724948	15.00183137751197	6.092864389215848	-5.022144861160598	16911.614052261317
0.44583585792340585	-2.830578829273847	0.21512945501626746	4.4562201152978105	16884.163634163837
2.4904497883894834	3.370406948072443	9.152284465704241	-8.93901141088564	16869.743824228797
-2.115013595539196	-33.620308076250616	5.20799487337402	1.1580655886101425	16835.733767660255
0.4462568891071115	29.725178640847822	-10.940330550036066	8.621410273524347	16888.56066010146
-0.03712013579979612	-15.787281994920292	17.646160163884574	-6.1973082173907414	16884.33948465747
-1.0395900565193088	-6.102127038635466	15.484363279163205	0	0
2.222424134275542	-7.946415664031747	-3.8865538488620217	0	0
-2.3832384175780206	-13.167951645135858	-8.793966445184395	0	0
4.361475153991179	9.057564048815472	-3.704027264073744	0	0
-7.720196705565783	-4.843006115991436	9.776196527247606	0	0
7.228548558842789	-9.491738988686308	-38.767702533637646	0	0
-2.5369738853520047	-2.871126816631289	22.334224956064674	0	0
-2.3370113281579137	-5.955604153554994	-2.679164876807363	0	0
3.5948589740975194	15.744079506419006	-1.0486650078309054	0	0
-1.4525373487072244	-5.627099610905141	10.160064431642027	0	0
-1.6525684921871004	12.624864632961867	-11.285423417555023	0	0
4.718011915404034	-23.159308286227585	4.702986170863397	0	0
-8.089063959592849	19.50554802809487	-12.428573646810477	0	0
10.199596697174947	9.201611331084557	-2.131170452964028	0	0
-9.932667477426513	6.621788261384047	-18.755173787744127	0	0
7.267807110334118	-3.6610808196794835	5.233545399106546	0	0
-4.822977259032832	-22.394556531876916	-15.9398107532176	0	0
3.6859176960279143	1.1939899424878604	-13.76527940592166	0	0
-2.3290729277059086	1.3923282325943447	10.170122574233844	0	0
1.013986949994269	6.8543292225930585	-4.6439779943693935	0	0
-1.5062493724723396	9.311293407720548	-4.119561325348485	0	0
2.0453194478813614	-27.771581713821867	-5.250809273730255	0	0
-1.185538758637037	40.71536950343655	26.983234860244337	0	0
-1.5593860718940533	-25.4391106418554	-23.610985309278476	0	0
4.994651729838999	11.740710932800006	-17.763383695808784	0	0
-6.958907031530323	0.969279993339974	5.7945711190546945	0	0
6.133204446718558	-13.253223822110947	-9.111804462906818	0	0
-4.726459973221672	-6.496759036764878	-6.2472684091042225	0	0
5.596992696957571	4.046372329912451	2.5668884033763533	0	0
-6.14531670772665	11.776069322606013	-1.3465402626338658	0	0
2.2026439174612094	3.0728377887258986	9.165167149227628	0	0
2.5884588664114005	-3.697683827513764	4.009321970458899	0	0
-1.2917756916313081	-11.450205684444988	0	0	0
-1.8606928808620111	1.5519453788222464	0	0	0
1.325895770489005	-19.385919322521367	0	0	0
0.5915688304470663	-2.6052275580036834	0	0	0
-1.7763048921022673	0.412609780036469	0	0	0
1.3392859720771426	-13.214831882745877	0	0	0
-0.05913970607079477	19.01969029060443	0	0	0
-1.0245089210160572	-8.726886838300977	0	0	0
0.6462392919046351	-5.2206309740370145	0	0	0
1.4300928903107106	11.506536809480295	0	0	0
-2.2580707551550603	-10.273424437889673	0	0	0
1.773603177995028	-2.491343815656137	0	0	0
-2.8061739340112553	14.00946711770154	0	0	0
4.066860524247211	7.650138617234191	0	0	0
-5.91776223244225	-9.287499487417683	0	0	0
8.671506310885334	-14.241430598481301	0	0	0
-9.559209044953462	-3.258951390720469	0	0	0
7.184546888145043	-16.47569521506928	0	0	0
-4.627751085676664	2.9999882768013393	0	0	0
2.603712352578256	10.955562870686947	0	0	0
0.18799471882221752	10.88718446736977	0	0	0
-1.9467575892871523	0.6307412598862072	0	0	0
0.7780944518372337	5.2661522917485755	0	0	0
-0.22181961318158017	13.552964549354343	0	0	0
2.5881440253209718	-3.7903118903268407	0	0	0
-3.1440427511829583	6.447928136002666	0	0	0
-0.3754218134373346	-8.00922724863237	0	0	0
4.303738425234336	-13.214908916512876	0	0	0
-3.6021253482023	16.545597811871964	0	0	0
-0.5602110320218756	14.71215411506433	0	0	0
4.06511874815758	1.6395291699275987	0	0	0
-6.330853686892823	-3.235728026995517	0	0	0
7.269903877322768	-0.35717431134529676	0	0	0
-6.255073298412512	30.274933442577755	0	0	0
5.392532376132998	11.380080745292851	0	0	0
-6.136749030037393	10.103561710478957	0	0	0
5.9556481058748645	2.7459607171407328	0	0	0
-3.750627613399523	6.707599648499816	0	0	0
3.2843710970710944	4.5975076139705	0	0	0
-4.1033315381183755	-7.309447590254543	0	0	0
3.852617767433401	6.363842465129416	0	0	0
-4.961502613764381	-4.0877787364490175	0	0	0
5.606834377975225	11.404105999058956	0	0	0
-2.926378214005439	-19.49957746966399	0	0	0
1.386632416536294	3.2053537296255143	0	0	0
-0.04779613848949538	10.797196984316635	0	0	0
-6.115246777894654	-2.4912907432203113	0	0	0
10.92601247079616	-5.553410424176704	0	0	0
-7.528098037680714	15.107439216101568	0	0	0
3.750840972952709	-3.5783120225717298	0	0	0
-5.932387339175847	3.859993504203601	0	0	0
8.573622116953658	-0.9497125289740467	0	0	0
-8.09690845381622	-5.153152800360758	0	0	0
5.985357005192199	14.34129090538078	0	0	0
-3.368366512281902	-37.65275486172801	0	0	0
1.1081067532346083	1.3790039742011047	0	0	0
0.44763049972934965	-4.146314617179584	0	0	0
-2.3292634340756706	11.213967663619862	0	0	0
3.3178410730677683	-5.644577837561208	0	0	0
-1.6405998526034367	-6.682397914402429	0	0	0
-1.9383384176918739	11.223877873414374	0	0	0
4.581767759885437	-2.364740640733025	0	0	0
-5.78088570914165	-8.880613724518803	0	0	0
6.332946067115735	0	0	0	0
-6.783638838347244	0	0	0	0
6.178119284349442	0	0	0	0
-5.543090677330902	0	0	0	0
4.930981606857834	0	0	0	0
-5.63651254728854	0	0	0	0
5.954398791119694	0	0	0	0
-4.514895767084305	0	0	0	0
2.4643613294007523	0	0	0	0
-2.9660397400372247	0	0	0	0
2.9454347690288003	0	0	0	0
-1.5419777811582946	0	0	0	0
0.18764919129611002	0	0	0	0
1.0678716993101034	0	0	0	0
-2.5998702446160777	0	0	0	0
0.6868951899423408	0	0	0	0
2.384578675970822	0	0	0	0
-0.7430522931686667	0	0	0	0
-3.832128693660273	0	0	0	0
7.101718907609701	0	0	0	0
-7.385883024250397	0	0	0	0
4.917115951574523	0	0	0	0
-0.9479470527437002	0	0	0	0
-1.3195107767093717	0	0	0	0
1.3854748681436178	0	0	0	0
-2.016216216767539	0	0	0	0
4.4958537982534565	0	0	0	0
-7.36074601091255	0	0	0	0
9.369565550371242	0	0	0	0
-8.993276906336867	0	0	0	0
6.543114791101168	0	0	0	0
-2.7713242562448244	0	0	0	0
-0.8633594590507343	0	0	0	0
2.78078780210366	0	0	0	0
0.2815363363824872	0	0	0	0
-4.5817596477134686	0	0	0	0
5.628061676774685	0	0	0	0
-3.626489788329671	0	0	0	0
1.1050105844011782	0	0	0	0
-0.33258160310825957	0	0	0	0
2.0007633923352515	0	0	0	0
-3.0255892690498456	0	0	0	0
2.951111952131093	0	0	0	0
-1.9626559222033961	0	0	0	0
1.1968288820324844	0	0	0	0
-0.29813846015967016	0	0	0	0
-1.6823616250719837	0	0	0	0
2.652542644509765	0	0	0	0
-1.7130198532528595	0	0	0	0
0.47292487543300865	0	0	0	0
0.19276946527880767	0	0	0	0
0.9816482800593889	0	0	0	0
-3.093330165691711	0	0	0	0
4.069876687778397	0	0	0	0
-3.208134310350637	0	0	0	0
2.9268422765845727	0	0	0	0
-3.3670669784352114	0	0	0	0
3.2693030622002013	0	0	0	0
-1.296188953995113	0	0	0	0
-2.2074298295448855	0	0	0	0
5.45178895217844	0	0	0	0
-6.6316981990360375	0	0	0	0
5.968204667292419	0	0	0	0
-4.198911777463202	0	0	0	0
1.4603444577668867	0	0	0	0
0.9997558221888951	0	0	0	0
-1.0586647997314245	0	0	0	0
-0.30477264953798766	0	0	0	0
2.6102229939167785	0	0	0	0
-6.508712933084517	0	0	0	0
10.703108306455604	0	0	0	0
-11.472683755412874	0	0	0	0
7.4639723885303155	0	0	0	0
-2.937513680098668	0	0	0	0
0.3361806715907605	0	0	0	0
1.187906173037426	0	0	0	0
-3.538942753904358	0	0	0	0
6.433618191218038	0	0	0	0
-7.905476348204878	0	0	0	0
9.446737891857566	0	0	0	0
-11.645134718511557	0	0	0	0
11.973332595268474	0	0	0	0
-8.624538734003792	0	0	0	0
3.088523508519067	0	0	0	0
0.8465253153667689	0	0	0	0
-0.8751291614305003	0	0	0	0
-0.6132179420214712	0	0	0	0
1.9859401542972464	0	0	0	0
-3.74325301612906	0	0	0	0
6.924377052096737	0	0	0	0
-9.180098912595362	0	0	0	0
7.639681108161284	0	0	0	0
-2.8510814136815625	0	0	0	0
0.3654309011949408	0	0	0	0
-0.17518859022227673	0	0	0	0
1.966927274006622	0	0	0	0
-4.482596654247388	0	0	0	0
5.329386908471669	0	0	0	0
-3.83724121859413	0	0	0	0
2.329281648694902	0	0	0	0
-1.2960142393131449	0	0	0	0
2.627617324571297	0	0	0	0
-6.37947380851724	0	0	0	0
7.610167329016413	0	0	0	0
-6.650306862736457	0	0	0	0
6.5338209268401855	0	0	0	0
-4.9914746250088555	0	0	0	0
2.082529270588779	0	0	0	0
-0.35382989135258214	0	0	0	0
-1.5840428225958192	0	0	0	0
2.0590993574251186	0	0	0	0
2.322130698159569	0	0	0	0
-7.798894576854863	0	0	0	0
7.912676998336472	0	0	0	0
-4.4183130065071765	0	0	0	0
3.4980765566219603	0	0	0	0
-5.392154015748588	0	0	0	0
5.923761489560306	0	0	0	0
-4.865756594661178	0	0	0	0
4.007669007142212	0	0	0	0
-4.8360781838085245	0	0	0	0
4.905752969148438	0	0	0	0
-1.7794245044101729	0	0	0	0
0.21004296378691123	0	0	0	0
0.48134211153545436	0	0	0	0
-3.2988632072999735	0	0	0	0
