-0.057349929743914174	0.23698462040751878	0.08868847633138444	0.0279621881155947	16910.226234075068
-0.04106074608906596	0.7039778071702756	0.16953565664806547	0.05491312982965724	16910.273867069467
-0.06788695937223821	-1.4402725895025767	-0.7068080881263938	0.010507843519320659	16910.291794701745
0.41361847040507627	-2.499502913993169	-0.9642188780420611	-0.13913051506204965	16910.25048896059
-1.0153897431893455	3.842429228302649	1.930020157883277	5.706015781931342	16910.647193294986
1.4526100575293484	1.2077482170716678	-2.0469281968556743	1.0471975571115593	16908.351305189342
-1.4607287415945862	-0.5230820944329793	-0.07528588417601156	-0.28678360745040266	16908.68919561556
1.0942011370257134	2.388603979803108	-2.949392172302737	1.463416722395479	16917.520498046248
-0.8792788549749204	-4.140697215666684	1.4112829953868555	3.6528334759513825	16909.819857769082
0.4791243346843288	2.6444009200747516	-1.8212725234665186	-2.0699783327675334	16910.33491383069
-0.36254190783929374	-0.3725232572921158	-6.85005588662635	1.4231966277273926	16906.55537353405
-0.06613703799677495	0.1021524447420461	-0.7629956794485935	-3.3270420607670843	16912.61200029697
1.113983853705541	-0.23928626084292404	2.475893885150626	-2.975588338411214	16913.946230771173
-1.521073261240005	0.006383995484071647	1.229185745175542	-0.7190354160707102	16914.391766583074
0.314577694680672	-6.371651267377153	2.130571105061904	1.6292235562430193	16911.408828798736
1.135994275676218	2.0791642565013575	-7.1985470000743845	0.9705583133581399	16910.904291173985
-2.257258551212203	-1.6319695718745422	-3.452343247909937	-0.6368384250524741	16911.85450907932
2.066360592274947	-3.1234945744448055	6.454914920245514	-2.566995941072946	16910.8014805441
-1.7841077556395035	2.604762932965805	-0.4987678580061612	-2.2286691560616703	16911.199618754872
1.7549301948683294	3.4554539794374293	-4.1018534583296	0.7979883441569484	16915.09703134776
-1.8675709840419472	2.1273978423380484	0.26365368486416685	-0.7073021506948294	16913.821469444363
1.5546486994725797	0.3571671890161099	-1.1668498637913132	1.8434156377342532	16910.354702744033
-0.633882514257806	-1.2871924057004733	0.18789273053306488	-4.413550045376027	16911.332892417795
-0.616496462769426	-0.512749133606782	0.5626130733168537	-0.05130791901009957	16909.648733513106
2.080197929388376	-3.26263171003216	-1.7917720213461763	1.91803979003042	16913.193857603597
-2.7208794382538457	0.35681592009287044	-2.4456747650956316	0.08330555790436733	16911.14787411183
2.016455910145595	-5.294635946762355	2.8042423805948147	4.7363325201009445	16908.032267003124
-0.6143382256461578	-0.4867624166687321	-3.2638685858557324	1.5462143543803393	16917.695008871397
-0.07923969192151503	0.24057351300361063	2.72112892666415	0.1032584876461442	16910.0389477402
0.03699572799695261	-3.483110023509603	-1.0172246000507101	3.1381657444821514	16915.744797325468
0.24084004272823734	0.7778576283259184	-3.0585441800686937	7.046355475471756	16916.67624688229
-0.04836719309964366	-0.4099822877577708	1.174038994879723	0.23106012416108967	16915.144004823793
-0.7233532901002633	0.3608313444858524	3.2218330816216962	3.8466390187439288	16916.675799369743
0.5571117718453564	0.5950240376214282	0.8583318341213868	-2.3348022860536872	16915.667981794068
0.02929521980985328	2.6654904705113296	-2.173612046661475	-2.051939414176175	16920.2220145951
-0.281041533491873	-4.6344593567968175	2.8408960692524516	0.3069620134605344	16908.18352311238
0.282515783603678	-1.5449484835880156	1.3647101712900565	3.3331864970566585	16915.883522903972
-0.7161181115352449	-3.7323253335363376	-4.797244975358211	-0.40543496499854825	16909.970999324196
0.9977316595900092	-3.5610411441739203	-0.3446656501680678	0	0
-0.810285262212119	0.6738720089290524	2.348286417873723	0	0
0.3480485719865172	0.3983786506114342	2.3483168954597744	0	0
0.018547633416332587	-0.4240796988804405	2.911110644342841	0	0
-0.6715295092729576	-0.39452147393794945	3.877967323979007	0	0
0.8329350742854942	2.546463502969587	3.680828430185187	0	0
-0.2661383905270043	-1.4645342951204015	-2.102904781926256	0	0
0.1462384947673172	2.8995895976892783	-3.373099962620799	0	0
-0.29110738337361397	0.9769769793800336	-2.100628390586735	0	0
-0.267617620889979	0.5733600290700664	-1.9952679996348905	0	0
0.8034967944778941	2.3534231452248804	-6.927889876115515	0	0
-0.9598888527692111	2.589453604781717	1.1209505092783445	0	0
0.03603694539592084	4.266968074513336	3.493094365698923	0	0
1.4995434235006542	-3.5021126872361847	4.571352380428181	0	0
-2.7694496695372948	0.40899422200644153	1.26858880932987	0	0
2.6615798838401474	1.5099498924826307	-1.163156677975664	0	0
-1.9505238495618968	5.536079770611032	1.2552601637875114	0	0
1.2563101184409007	0.11256594302312095	-1.625918143596195	0	0
-1.452190499707342	-0.0159518687966127	7.007060980290262	0	0
0.9961337800994272	-2.1933860736563062	2.349281868580121	0	0
-0.5767973803264042	-3.854657810056736	1.580166948470719	0	0
1.0779755903190065	-7.069853497965703	3.6691129623765733	0	0
-2.059139448276305	1.8219322366355684	5.631517583689913	0	0
2.8386243036013354	0.4639583576527144	-0.1571312648187302	0	0
-3.0262642249080827	2.0329136553626554	2.706204896558404	0	0
1.8000788934056473	-5.082921097108198	-0.39023697666453927	0	0
-0.1886469322643336	3.492612790402987	1.1697890119341992	0	0
-0.986993634728961	-3.3390066258356086	2.383146878538824	0	0
2.2269083212674516	-1.04394132445654	-1.4739733664224843	0	0
-2.869118910974322	1.0325945119063675	1.1386158107690534	0	0
2.6656998651403043	0.7086389920641096	-3.2157509494214622	0	0
-2.2292461396816066	-1.3476962559595336	0.08088260104612743	0	0
1.909060919311564	3.596220434208071	0	0	0
-1.1181232839327606	0.8845392957225044	0	0	0
0.39516837258379667	-1.0408866397200924	0	0	0
0.5324087079592701	0.5727811582971682	0	0	0
-1.6203893625851862	0.9190341564227253	0	0	0
2.3158690923841405	1.2076122917409293	0	0	0
-2.701709719613646	-0.6356212163925576	0	0	0
2.2817425733125987	3.470311698450473	0	0	0
-1.5508518463392775	0.22643699209624657	0	0	0
1.1554428601603846	-2.697335204435454	0	0	0
-0.8906792236503023	-2.94908583364672	0	0	0
0.9641127730468142	2.720412962150732	0	0	0
-0.6717528697902608	-3.3375820731722	0	0	0
-0.11222610873316086	-0.014506485938532876	0	0	0
0.9674045278982462	2.698692458825299	0	0	0
-1.5063368243602469	-1.8233946983655045	0	0	0
1.024862579277631	-2.405712412432713	0	0	0
-0.24554639525105415	-4.440234567141928	0	0	0
0.08838348927974238	4.697505851264246	0	0	0
-0.6543170558463274	-2.885832807706656	0	0	0
1.43357175247791	4.823702196827917	0	0	0
-1.5575972838907788	-2.4059324929420995	0	0	0
1.2242164093603591	3.16330223815347	0	0	0
-0.9623747761015977	0.27098267155889744	0	0	0
0.48392514305223955	2.762598433574638	0	0	0
0.05381161707246207	1.1030363862784966	0	0	0
-0.30576503758369	-0.38282544110519723	0	0	0
-0.07687677191740505	-2.8159166994559968	0	0	0
0.9410443613503645	2.4377374278511326	0	0	0
-1.6834342702031222	-2.5923930294070416	0	0	0
1.1575765841538228	0.4456049153714474	0	0	0
0.08713917890781886	1.4705702008504673	0	0	0
-1.0898366207584331	-1.1284294371254546	0	0	0
1.572100768169534	0.11235957910581362	0	0	0
-1.5173356238895224	1.2818882572266475	0	0	0
1.3329145776682623	-3.15239973677658	0	0	0
-0.6922095546073663	-4.32769599963774	0	0	0
0.14611964623689033	0.16777022423320176	0	0	0
-0.2892334544854762	0.7833236410444542	0	0	0
0.6661732767638497	2.000086185542436	0	0	0
-0.9044909943290094	1.135254475774211	0	0	0
0.7294141074781919	-1.5387930690869638	0	0	0
-0.6711049609440707	1.360679854570762	0	0	0
-0.318892719558896	-1.6243567844366993	0	0	0
1.3181374326747317	0.704702395550612	0	0	0
-1.505670553514399	-0.9837983074716661	0	0	0
0.6196210726362423	0.1898192142357331	0	0	0
0.7944224797914217	5.3457360340433695	0	0	0
-1.5371810351121198	-0.1577516587698824	0	0	0
1.5280624528972666	-4.782879862054379	0	0	0
-0.8084224849886255	-5.197517889659402	0	0	0
-0.2579777787020774	0.6717102079263881	0	0	0
1.7667210228095058	-4.532339979549263	0	0	0
-3.3064781682603126	0.528816679700121	0	0	0
3.4625381489179716	0.2961363829412562	0	0	0
-2.7742393605777735	0.49062298686830275	0	0	0
2.1271308689417197	-3.6774351209140193	0	0	0
-1.7268466424616307	-5.564404440365813	0	0	0
0.6548500609388128	-1.040474886188612	0	0	0
0.742535046004484	-6.083206896702627	0	0	0
-1.889768138099825	8.506589187459518	0	0	0
2.272084977444031	0.09385164611949648	0	0	0
-1.8898638335777846	6.453389307184622	0	0	0
1.3322140187695197	0	0	0	0
-0.7929393485175567	0	0	0	0
0.28064089851589813	0	0	0	0
-0.6581102705188471	0	0	0	0
1.3682779068530664	0	0	0	0
-1.5584291573734177	0	0	0	0
1.1629993745537774	0	0	0	0
-0.4637102558326518	0	0	0	0
-0.4112814550514088	0	0	0	0
1.0511750487359137	0	0	0	0
-0.8817470568887202	0	0	0	0
0.36246986791650215	0	0	0	0
0.016209828044786434	0	0	0	0
-0.29597261841534106	0	0	0	0
0.7923168230919515	0	0	0	0
-0.9991298879029742	0	0	0	0
1.3518012727839874	0	0	0	0
-1.8464943969158796	0	0	0	0
1.711273721217978	0	0	0	0
-0.7435394359332932	0	0	0	0
-0.30574803742720746	0	0	0	0
0.9593975739479035	0	0	0	0
-1.5754912692155045	0	0	0	0
2.029384051822369	0	0	0	0
-1.900320756543529	0	0	0	0
1.0510790382317197	0	0	0	0
-0.9771695775587048	0	0	0	0
1.4629857398230897	0	0	0	0
-1.5503714394143557	0	0	0	0
1.5031696404275081	0	0	0	0
-1.242151097880317	0	0	0	0
0.811502414681172	0	0	0	0
-0.042238076108851885	0	0	0	0
-0.7221009714924662	0	0	0	0
0.5009887617537316	0	0	0	0
-0.03740520305773032	0	0	0	0
-0.36204277325706613	0	0	0	0
1.2266660563574163	0	0	0	0
-0.965991139762501	0	0	0	0
0.11969770873415797	0	0	0	0
0.30136747009694886	0	0	0	0
0.6868953394922954	0	0	0	0
-1.5905315972580567	0	0	0	0
2.003782093293701	0	0	0	0
-2.245309544128517	0	0	0	0
2.929649117566079	0	0	0	0
-3.288463687076465	0	0	0	0
2.5668113884824493	0	0	0	0
-1.3635337784721102	0	0	0	0
0.6320698366555746	0	0	0	0
0.44076877249883495	0	0	0	0
-1.823896523580622	0	0	0	0
1.9388312718765732	0	0	0	0
-1.5508399950272889	0	0	0	0
0.8393776263350503	0	0	0	0
-0.3330317964381351	0	0	0	0
-0.006283607237300259	0	0	0	0
0.45331480465862484	0	0	0	0
-0.344998830379609	0	0	0	0
-0.21854935435176515	0	0	0	0
0.9130941318975019	0	0	0	0
-1.0371494847628497	0	0	0	0
0.8297833960204173	0	0	0	0
-0.6942049898101885	0	0	0	0
1.4485340460521385	0	0	0	0
-1.9181299639709266	0	0	0	0
1.6879596261458687	0	0	0	0
-0.9880914939722132	0	0	0	0
0.8584825934242204	0	0	0	0
-0.868357867082139	0	0	0	0
0.5297693917103459	0	0	0	0
-0.22420510497478574	0	0	0	0
-0.1987356873160877	0	0	0	0
0.3921677593723203	0	0	0	0
-0.7750560064484802	0	0	0	0
0.9023083172908528	0	0	0	0
-0.6712558311458636	0	0	0	0
-0.2813269227492725	0	0	0	0
1.1838375193674082	0	0	0	0
-1.619366645526874	0	0	0	0
1.352402990162659	0	0	0	0
-0.440943887477367	0	0	0	0
-0.6066086170116023	0	0	0	0
1.4690969700686978	0	0	0	0
-1.6017095041234413	0	0	0	0
1.1620219309022275	0	0	0	0
-0.8112576356792829	0	0	0	0
0.2667746512884577	0	0	0	0
0.5876221146571368	0	0	0	0
-0.5282365052393914	0	0	0	0
-0.109554944909938	0	0	0	0
0.3854005792381727	0	0	0	0
0.15089244031780424	0	0	0	0
-1.1558364641436043	0	0	0	0
1.2828221122904893	0	0	0	0
-1.2874968674744736	0	0	0	0
1.6912748045746255	0	0	0	0
-2.582312934702749	0	0	0	0
2.6870635545654835	0	0	0	0
-1.782360785471127	0	0	0	0
0.6847559557853415	0	0	0	0
0.24083197785964217	0	0	0	0
-1.357859481956389	0	0	0	0
2.227660457755647	0	0	0	0
-1.833312119091481	0	0	0	0
0.8870644290739165	0	0	0	0
-0.3414468369339261	0	0	0	0
0.5984847644049722	0	0	0	0
-0.9475395724770905	0	0	0	0
0.5714781787214562	0	0	0	0
0.24868662238234407	0	0	0	0
-0.5168343342161421	0	0	0	0
0.7240571540844911	0	0	0	0
-0.17100076041228363	0	0	0	0
-0.7298600280607275	0	0	0	0
1.31493207560802	0	0	0	0
-1.481783476091671	0	0	0	0
1.450123853928531	0	0	0	0
-0.6738138142586294	0	0	0	0
0.07315257375880435	0	0	0	0
0.5211326431154646	0	0	0	0
-0.39667062082676807	0	0	0	0
-0.21388799822679516	0	0	0	0
-0.02709563811655613	0	0	0	0
0.8153271344453614	0	0	0	0
-0.701805808319321	0	0	0	0
