0.19907356411022903	-0.9405925076507131	5.80547328875592	-0.3918381049891764	16922.20787038009
-0.332460348713127	-2.058879811048392	18.307337993493235	-2.5042150625509265	16921.591835384654
-0.7177295548094378	5.030959371682499	-9.145981252050333	-16.211553287817907	16918.478097461295
0.685266936790363	2.4514344239031587	5.830149384915487	-8.035028456611869	16923.257745900883
-0.47837165559436556	0.1356015793689238	3.9257381448204143	-16.841104222176227	16912.81860893565
-0.05158631739561059	-5.900488505885875	-9.276421968950402	-9.55092691432705	16951.32250348949
1.1857630116280475	9.002964254568383	-2.1773559649060417	-9.562939123431406	16893.536683139308
-2.8389837677940335	2.035500598186921	13.941072505313215	12.571760753630073	16922.057247543184
2.3287302150709976	-2.448187439562922	5.04112682306895	23.42561392361405	16884.89244511805
-0.169049644850233	7.7706667721671465	-10.024486494357234	7.377261787585297	16886.887970129304
-1.196903891066249	2.236025541044583	12.922114665228193	-10.333777080680505	16909.882899904842
1.0854456902016167	2.9919288974101903	-9.010901495401683	18.120001455473684	16867.432256319706
-1.1868737233004438	-1.6784930981959576	19.174245675059097	0.2894396582846639	16849.206150038364
1.1740018996454182	-8.568203753835057	-12.82479705280845	-8.692261213256089	16855.322299373718
-2.243236585081931	-8.244582146310009	-7.677481127133021	-9.560837585827954	16879.68517859795
3.298288025498117	1.436699655226775	23.16090384096674	8.051296149700349	16889.10768463585
-3.1831944637079417	5.804529867664506	-4.441762585059294	-21.85972362797621	16896.23953389254
1.9197019290887738	-4.265754044341321	8.071680457335603	18.84219768557611	16926.686357596547
-1.1057569473936795	-14.879365720291617	-13.131836871887842	1.249776244542403	16925.128187980845
1.5716010385902948	-6.094491656092536	-8.406438448682366	-29.800087537673747	16946.82574591693
-2.470440464120159	3.028236288775936	5.330579771995076	-5.4194804757535735	16915.384672747452
2.6181001883791666	5.33244892332538	-17.15202775487097	8.966166990435752	16900.82215574351
-3.115286626868823	-4.425242950528329	3.7391987967857574	-7.289526755795947	16908.91596555872
2.3564380492434935	1.0594637330970045	1.140762327469659	1.7032401301595144	16912.78875943712
-1.536831592514929	0.2588041651536557	6.755688242144018	27.421038445302685	16887.169466770178
2.4082618589142513	-1.7664198520114596	-0.9320064086071085	8.04976710939981	16920.62645844914
-2.9114301732770542	-1.9084864851062093	-0.9185087505289999	0.842712436514347	16932.26311566745
1.7372685147577158	-10.1067082542544	8.537212002646797	-8.71536854743188	16970.15349668569
0.7047571171946956	-0.4311750512085055	10.506612816499626	22.24112337930707	16970.968733002286
-3.467783161986702	-6.731053876930233	1.0539821961196765	-23.254896724458675	16932.804790355403
5.613284198852881	9.428801177605479	13.779354151398493	-11.996277558084316	16901.205408913433
-6.524490057679884	-12.632117245899224	6.828928477617438	-5.629742179348568	16891.495563631564
7.042816439113594	4.6014292253911435	-0.27442434809367455	-5.143855580539949	16894.35412140258
-6.273661187437227	-4.491363829482445	-10.154302761732112	-23.54849895939708	16878.417515200574
5.127334192062683	2.9789349632359006	-5.714671797570915	11.808687072668604	16837.290887853047
-4.092627981024933	-2.9059943218086417	-1.3099633246299902	-3.0601884176334977	16866.315300612365
2.740860332735487	-4.567339656629812	7.785704052988251	-5.038582967561567	16851.267381616108
-1.6392228121198613	-1.2387684701757706	-11.890714427092277	28.299427535589018	16868.029754977044
1.6496679969234194	-4.439047254209541	-1.7714788161612063	0	0
-2.2214298611531405	12.241516351347016	-9.903413726284072	0	0
3.388934231680139	2.84532786119518	8.83353766456878	0	0
-2.783574546022038	4.50895958444854	18.81726969944262	0	0
0.003985524440821564	5.1024918103017995	-17.76207758559744	0	0
1.8940026564400867	-5.934451557277775	-12.191899605073132	0	0
-2.7150294131016537	4.379018630068892	5.249487646183752	0	0
3.031513685544205	11.832471564363317	-13.86495767569862	0	0
-1.9735128368589372	-8.128883003192989	-8.803086637772765	0	0
1.9291501449017048	10.68185076469615	-2.536708171420287	0	0
-2.411182343753609	4.41039253894531	0.24924626650710024	0	0
0.8055138890693314	-2.0234652628030005	3.471702074831512	0	0
0.6951349739422312	6.943010668768622	9.62785742437022	0	0
-1.1820119665607933	4.206824387027005	-10.486155829395301	0	0
0.7726442117604009	-7.991815127792677	-9.439188061244053	0	0
1.346905804413197	2.0804193685445753	0.6842112087001055	0	0
-2.9089604746007183	8.590658978776524	3.569477571591605	0	0
2.7878183200887108	4.19759213543567	-8.550850069336121	0	0
-2.2736993332251743	-19.693382243289093	-13.570899950849594	0	0
1.826463475471499	9.62129809899595	7.5523901114111425	0	0
1.0454716812476974	-13.320526019743554	-10.641582014247788	0	0
-5.211154068372856	-12.707713031742486	7.659870328271964	0	0
6.125589423946785	-2.7841410714049246	-6.955865723253794	0	0
-4.490354892390137	2.2450271364036283	-15.71900730720391	0	0
2.8128982857022606	-8.096066674128096	-11.397788222930899	0	0
-1.67652728970193	-7.552695108383276	15.87525567340036	0	0
0.5192789661494288	-10.386919788409138	-3.9650166467456813	0	0
0.3842856150617706	-5.150922109391111	5.952589319631272	0	0
0.08637459064760122	-9.104363057532602	-1.8625533037903494	0	0
-0.15404795115205872	1.7807115012529096	-0.2793844668653094	0	0
-1.253471575404049	1.9418049790187268	-2.9828440405955803	0	0
1.6947545357474283	15.31047448254236	-1.1598718714885905	0	0
-1.59244306574341	-7.592816714524417	0	0	0
1.6215708083558553	0.8975793119685846	0	0	0
-0.5330935776349293	9.989409646099432	0	0	0
-0.3838591178716584	-1.8740760511561163	0	0	0
0.2459986562113059	-14.7153787215587	0	0	0
0.7646995240554233	-0.4893829034074386	0	0	0
-0.635371057465143	2.1314371088930457	0	0	0
-1.3292027691284432	4.008682891372821	0	0	0
2.682046145466849	-2.430842622960789	0	0	0
-1.6879452571982299	10.639967832657483	0	0	0
0.5213861792357832	-0.11343113763592072	0	0	0
-1.0337979110051805	-4.7223091919615925	0	0	0
2.94440980597048	-9.082029186524707	0	0	0
-4.761869073929667	5.592848064035145	0	0	0
5.2945008079210965	-5.4578704526097965	0	0	0
-4.106099959984313	6.022771935941165	0	0	0
2.249809446778144	4.871242402132303	0	0	0
-1.9154971570521937	-3.493145632942415	0	0	0
3.6501749065432065	-5.752392781984668	0	0	0
-4.0769747741607745	-12.907151614720306	0	0	0
2.5878031026768795	-6.3292377096599495	0	0	0
-0.6742022811153845	5.44535746020248	0	0	0
-0.0786592878774286	-4.7095010517809754	0	0	0
-0.8895630577814728	19.55940128402211	0	0	0
2.2826660868821307	-11.803701077026723	0	0	0
-2.780784642916025	-2.614718649738755	0	0	0
1.9466910502842367	3.3153939278515523	0	0	0
-0.41448665911104143	-0.9073455167661635	0	0	0
-0.3644314691213566	-7.4978306062550075	0	0	0
-0.3756308310881167	7.383138698576772	0	0	0
2.1149693046558227	6.717518206122371	0	0	0
-3.4791291737155348	0.6437024918985088	0	0	0
3.0427252803771054	-6.16809436109925	0	0	0
-2.887762686783951	-6.3324574455683305	0	0	0
3.650747578334439	4.544546165131258	0	0	0
-4.068758521935145	7.048047443434264	0	0	0
5.225615594816311	6.8003289866819685	0	0	0
-7.464185248295266	13.282427750429399	0	0	0
10.138846660354254	-13.085628605687788	0	0	0
-10.003733703460313	-5.867036647597708	0	0	0
5.98887066181765	7.648020066254205	0	0	0
-3.286268943423586	3.384873011063476	0	0	0
3.7961191411734276	0.1503541539604285	0	0	0
-4.251572798650962	-9.519657333896255	0	0	0
2.8905185720441793	0.31708505718034274	0	0	0
-0.521984380281566	-4.057064521654176	0	0	0
-1.4184078509854743	-5.120770136450879	0	0	0
3.463251191778845	2.70132834313997	0	0	0
-4.897201031416884	0.13957486235111816	0	0	0
4.196016022136398	-10.986807311158998	0	0	0
-2.4024431285692813	0.3206155757726492	0	0	0
1.0729743780371948	5.700989701284129	0	0	0
0.3216233963593922	2.3208982751237457	0	0	0
-1.3911471312838444	-0.9626311705361132	0	0	0
1.7675717109488716	4.804427567687021	0	0	0
-1.2604956476926574	-20.737916835323865	0	0	0
0.020136923941073803	9.546900155086057	0	0	0
2.7067589188177976	0.21785814590327135	0	0	0
-4.621293053295801	-4.121805972104632	0	0	0
4.6339660708838295	11.278432811247491	0	0	0
-4.544380120437644	-13.590872062913206	0	0	0
5.389459630976546	8.154530808179437	0	0	0
-5.228474167961771	-6.318829799686085	0	0	0
3.7805755812527195	0	0	0	0
-2.62760945803349	0	0	0	0
1.390274549981072	0	0	0	0
1.34858354849149	0	0	0	0
-3.174405715177066	0	0	0	0
2.9603497305709183	0	0	0	0
-2.2404234881789193	0	0	0	0
1.2935769260802203	0	0	0	0
-1.778227028514813	0	0	0	0
2.9098196525606213	0	0	0	0
-3.7246336111384153	0	0	0	0
4.026552675839596	0	0	0	0
-3.8775535851254688	0	0	0	0
2.297978349516015	0	0	0	0
0.21084319692382536	0	0	0	0
-1.842210901621712	0	0	0	0
2.1528584422587045	0	0	0	0
-2.028758891914329	0	0	0	0
3.271469852567485	0	0	0	0
-4.291266486482435	0	0	0	0
4.587524729241643	0	0	0	0
-4.791175274856371	0	0	0	0
3.5681041607307122	0	0	0	0
-0.041140580425889084	0	0	0	0
-2.5041104695642886	0	0	0	0
3.5441152845792416	0	0	0	0
-4.569614136803679	0	0	0	0
4.011537234507948	0	0	0	0
-1.7715708026214898	0	0	0	0
-1.0933095506154586	0	0	0	0
4.167197999144541	0	0	0	0
-5.19740951278677	0	0	0	0
3.2886721919676276	0	0	0	0
-3.010099772025427	0	0	0	0
4.926363665004509	0	0	0	0
-6.013955145525358	0	0	0	0
5.0670165412641595	0	0	0	0
-2.6347092773600664	0	0	0	0
0.0537945876466992	0	0	0	0
1.0651200086190258	0	0	0	0
-1.1396914256574675	0	0	0	0
0.8966920838128587	0	0	0	0
1.5764522714905098	0	0	0	0
-5.142600501939484	0	0	0	0
6.760060461901986	0	0	0	0
-7.874627940808175	0	0	0	0
8.493694200139501	0	0	0	0
-7.2460125336262635	0	0	0	0
5.307893213957108	0	0	0	0
-4.581049801951266	0	0	0	0
4.8083366042373115	0	0	0	0
-2.9944242429198553	0	0	0	0
-0.5927930728269644	0	0	0	0
1.5317481484662423	0	0	0	0
-0.6282517533192333	0	0	0	0
-0.10891848465275444	0	0	0	0
0.16410682917953068	0	0	0	0
0.7412573457478118	0	0	0	0
-2.2896909289235197	0	0	0	0
3.9113372726381215	0	0	0	0
-3.3367110031996816	0	0	0	0
1.3064337212595447	0	0	0	0
-0.08660776639870704	0	0	0	0
0.39574369708154933	0	0	0	0
-0.6117106338883929	0	0	0	0
0.37253941239129773	0	0	0	0
1.0128660629236919	0	0	0	0
-2.2029241918699753	0	0	0	0
1.1321844674834978	0	0	0	0
0.8552417448517176	0	0	0	0
-1.3702755866786376	0	0	0	0
0.24952271660088599	0	0	0	0
0.463901382019813	0	0	0	0
-0.3090004311330361	0	0	0	0
0.11713295345332853	0	0	0	0
0.12739172076733496	0	0	0	0
0.20505203542813177	0	0	0	0
-1.1277998318341105	0	0	0	0
1.4415161915767527	0	0	0	0
0.3191125429055788	0	0	0	0
-2.5445067974536855	0	0	0	0
3.1851651614692145	0	0	0	0
-1.015029488554795	0	0	0	0
-1.9324836487528074	0	0	0	0
3.2986293303850474	0	0	0	0
-2.9369991865351466	0	0	0	0
3.1745451508338434	0	0	0	0
-2.9656152210282016	0	0	0	0
0.7455468061487025	0	0	0	0
2.219554514492124	0	0	0	0
-5.114017339867026	0	0	0	0
6.079104524306402	0	0	0	0
-4.445748331748753	0	0	0	0
2.3403627635072866	0	0	0	0
0.29276141467448014	0	0	0	0
-2.341412680056102	0	0	0	0
2.962815230826635	0	0	0	0
-3.228457392090071	0	0	0	0
2.7678878132942657	0	0	0	0
-2.228034562562783	0	0	0	0
1.1898039624373027	0	0	0	0
1.1564993975715865	0	0	0	0
-2.5275926564304	0	0	0	0
2.274098825356468	0	0	0	0
-2.306356154369638	0	0	0	0
2.2919834282085887	0	0	0	0
-0.3769308519555281	0	0	0	0
-1.2997766268126867	0	0	0	0
0.5458627539385077	0	0	0	0
0.9769951137931798	0	0	0	0
-0.6259402750360508	0	0	0	0
-0.5563162089937634	0	0	0	0
0.7550814135816069	0	0	0	0
0.8174744067008746	0	0	0	0
-3.311140320622002	0	0	0	0
4.129409546594914	0	0	0	0
-2.473303821656856	0	0	0	0
2.0656763970909964	0	0	0	0
-3.005053973625351	0	0	0	0
2.8877791474492867	0	0	0	0
-0.9553614081246451	0	0	0	0
-1.5118189912400197	0	0	0	0
0.8147620540504903	0	0	0	0
-0.20808977169672005	0	0	0	0
-0.4939403618346532	0	0	0	0
2.4945324846304615	0	0	0	0
