-0.05078063580142356	0.6676259272927041	0.24208992767583482	0.04189436351812503	16412.477135353445
-0.30487376888649464	2.087259123589604	0.49456358149402035	0.13638183415183391	16412.616671006985
-0.7627623350032806	-3.111409345887573	-1.6463597033912123	1.2299337922905664	16412.72203041645
2.1874327598863985	-5.971625272264731	-6.724729397387662	14.09095825073257	16412.991148909954
-4.35557482976386	9.729706160861227	-4.420587091642446	-6.14467699247038	16409.66477731633
4.879068558179448	2.546572886436074	-14.672978548118678	13.3055891675982	16423.630795618887
-3.4479457057184533	5.765771385015583	15.109827500953713	10.65372778294197	16491.532819868517
1.9062495311564334	1.7780740085689075	-25.05121645962754	31.719010628993914	16513.682392692288
-1.1527302698020137	-0.17528577391677658	22.34440510781795	-30.007504767442782	16565.289260763053
0.6464899001459088	2.160246046970421	-7.840270736620468	8.800233833682753	16652.522349352283
0.19802709586045353	0.7128201296978673	-13.410938514099186	4.173343164900217	16837.580387500435
0.18760320191486812	-5.024755174121317	-3.0021455002387114	21.200632120114335	17088.982261309433
-1.0368115050930626	-1.640265724184836	1.552074945663989	10.738026515284218	17549.60865505471
-0.308554820470448	3.5636977307715156	-24.176845664429095	25.375956968165497	17990.741286178192
1.79139847941169	-7.536785351616942	0.2698178613500204	-21.770232137716505	18380.707447979472
-2.849958793252476	-4.226063396182347	12.999093024306745	-10.907851364490114	18654.56593173954
4.348825242588028	2.9937894378147334	10.024614647999911	-11.348804980130609	18761.84639236923
-5.649238614970251	5.711006227615442	-12.347115443151623	-5.006139737727381	18611.622576814796
5.851349206112992	-8.81124750213408	-0.9183131020583915	17.146665124053953	18366.44510462278
-5.43380846537184	8.082798172685912	-7.137803086292152	-11.016955235461438	18123.01378663025
4.736912488586135	-6.3838818992499	0.673739792099525	2.80288844803394	17826.591995175913
-5.078223893742411	2.326812052636491	-15.741412731656041	-3.2778910777088868	17637.347617925076
5.993952338498275	-3.7257151639719766	-0.688280053252214	-22.421878045736605	17403.79255641618
-5.645771090826081	1.6991744523888386	-24.743096622294075	-6.3756507743074735	17257.472870414833
4.743349937776642	-2.603313776646587	14.029685961180064	16.112720663202765	17062.314936656036
-2.5225769444161514	-9.559710910417031	-10.9562791193095	3.250244089642365	16900.42045785875
-0.4591540922615138	-3.495640067350301	-7.854814143746481	-3.284779060785766	16713.449530596412
1.7708217762736993	-6.934784010222309	-9.860256537211711	17.286017793356706	16572.07758118105
-2.3819256331842382	-4.434030495787809	-10.123464276100037	13.308824485377357	16441.05970868619
2.7068903059251213	5.468044800490368	6.080026298882885	-3.192018327708297	16324.056698883564
-1.6244296697901888	-4.424175899634577	0.9607800680502976	-2.782526028870379	16222.95771959219
0.013386132447202215	3.7257244248160504	-10.664867382414016	-20.54411671081752	16200.525517639748
1.6344804498539247	-1.3634202505011643	-12.732606516188724	20.670394857416255	16148.504504051074
-3.1332513098903974	-2.513280088562368	5.733529406913519	3.8114412486999925	16234.450815131417
2.2947524274960074	0.008276208193933599	4.120060284002065	9.589757558920581	16215.276535398105
0.36436795811142275	-4.24651128271735	6.476563980424132	-2.7670718099590346	16237.138543249086
-1.0588773229127924	9.093619937016513	35.70734959106784	-11.696210078988713	16235.815191370784
-0.7214265077578261	5.253915342548083	3.2092479330520547	-3.761785531297079	16274.194664925204
1.266032729047069	1.6325261198859664	7.268299103984489	0	0
0.559810631199376	-1.0150820424073288	-7.565737876247837	0	0
-2.1987176756020474	5.361193657319959	17.145765621592176	0	0
2.0229009431392626	-6.372466961225783	-1.334017567771184	0	0
-1.36472797631955	1.1829355287858618	-2.3927939313231974	0	0
0.5531847375763306	-3.1891604799206448	3.9280839518476256	0	0
0.8395438739099461	-9.816219664002773	0.7351258120740738	0	0
-3.031101679576082	4.350812257054088	6.3715593162135065	0	0
4.388967276032858	-8.702818121401805	-0.4026567151556435	0	0
-2.2014223383423968	-4.881169374355991	3.716028910558535	0	0
-1.4223900928107156	-8.66004267490338	-7.7522899544816255	0	0
2.8098153792815523	9.576108163683443	11.252778408834374	0	0
-2.8100232872665316	-6.877165031574208	-14.000372843276281	0	0
2.204211390078541	15.625187614905883	13.910120694630933	0	0
-1.445633575418924	-4.3399400454213435	-10.76312966021753	0	0
2.4675979670880466	13.367836926109973	17.49511921268656	0	0
-3.6773921075158995	5.419845590300326	-22.317083410169985	0	0
2.689899252109555	-2.403505502093708	-5.262005855241327	0	0
-0.582488099113796	2.695724394551931	-15.893974499691353	0	0
-0.012336521971704428	0.9842046664105624	-4.760385143713577	0	0
-0.3568676422277406	5.28609092020983	10.192811880355237	0	0
0.22167361818878817	-6.989281969042281	2.7845669872073557	0	0
1.0222136209935897	-1.5256388070943387	6.098247258763848	0	0
-3.1096631970868245	5.997190882916698	2.9548455147587447	0	0
4.971914924725432	-5.966393549403122	10.313052834726406	0	0
-4.514948292945093	4.941055054036909	3.659790303242204	0	0
3.1371614142866022	6.007052908228587	12.990131734809054	0	0
-2.7192923832838005	-2.6246743655497795	-7.0480279821868095	0	0
2.842976845012039	7.2381120976720865	-0.362205579354395	0	0
-1.775768523050857	-4.680673525833811	2.554903026244901	0	0
-0.4356259546488488	-0.4527788513357365	1.735228203726649	0	0
2.3694563977440666	0.37462765082794647	-13.441308736117932	0	0
-2.7708427849050494	0.28233049183022274	0	0	0
2.355382364673794	7.223540959278779	0	0	0
-1.6940762846666573	3.5927402164288793	0	0	0
0.542409286632342	-4.750342220620553	0	0	0
-0.606748393207063	6.31830568172505	0	0	0
1.501612308316865	-2.292239621254083	0	0	0
-2.4559160675748686	0.42504619613369243	0	0	0
1.9876901466021195	17.80169689067425	0	0	0
0.27369428160574216	9.429653149729731	0	0	0
-1.492197303461431	4.969094030898688	0	0	0
0.28060211466221574	-10.082873388091215	0	0	0
0.8976411704544631	10.008209728628898	0	0	0
-1.4912805894812635	-12.329344755760296	0	0	0
2.175322879275086	11.519537330096433	0	0	0
-2.7345458422370186	-3.8549009710768303	0	0	0
2.3569919673425233	1.3434999285979998	0	0	0
-2.0666885066982914	6.573940484617658	0	0	0
3.8589884691561807	1.7601775514354188	0	0	0
-4.9389549060544695	0.5266009682212882	0	0	0
3.5538224831823015	-10.163091698299581	0	0	0
-2.428581830078137	5.413425335719232	0	0	0
1.6438501181157932	11.530933559208286	0	0	0
-0.5299070552626901	0.9281459757970083	0	0	0
-0.08216266833122887	1.1069538597319948	0	0	0
-0.8126908695221644	7.834629938014793	0	0	0
2.0843029353600997	-0.22951298482335858	0	0	0
-1.521015942037863	3.013707570238644	0	0	0
0.1481608222735673	-4.457568273404114	0	0	0
-1.2787629935758815	4.419479924957784	0	0	0
4.187265727509832	-3.58840623665985	0	0	0
-4.884387319738494	1.5505997510783018	0	0	0
2.705264402766403	-7.376379292932249	0	0	0
-1.629649263362893	-4.17918262701064	0	0	0
2.3840543340852847	10.512523617053702	0	0	0
-2.2369408130326534	-6.037244660615755	0	0	0
0.37801700530606297	1.1540280897721473	0	0	0
1.3294098728022803	-0.6222151144733559	0	0	0
-0.6203746776123396	9.334147433553795	0	0	0
-1.3641453281480054	-0.7361745218189881	0	0	0
2.328073918358875	2.508827659649697	0	0	0
-2.5240008335978956	-2.66479282558268	0	0	0
1.2957846263618578	-0.7397461169813653	0	0	0
-0.671312195851101	7.454755915434163	0	0	0
0.3131609782690177	-1.3754299997621686	0	0	0
1.0512721488688115	-0.6337637756882657	0	0	0
-2.2807782851043044	7.665669250984237	0	0	0
2.3327920507145308	-1.3909793321949024	0	0	0
-2.4490026649736976	7.614171745424763	0	0	0
2.1716678970857544	1.146830953421997	0	0	0
-0.8367079578706651	2.1592735526718982	0	0	0
-0.7360719434736822	2.089016927420218	0	0	0
0.524887282706878	-2.8441602057690147	0	0	0
-0.7969189388870177	-3.8381587439895952	0	0	0
2.094111040335733	-8.554265154508116	0	0	0
-1.7044979551091686	-4.207248160401058	0	0	0
-0.5333877940030334	0.8303942734832006	0	0	0
3.1814384998726624	-5.062253630798509	0	0	0
-5.070464337436832	-13.006800873217024	0	0	0
5.448630289949172	9.058411991734822	0	0	0
-4.644875462442634	-9.806249786281292	0	0	0
3.5089742702601967	9.335737576393193	0	0	0
-2.8884619074579874	-6.950577880510515	0	0	0
1.8898697977129046	16.827270703046217	0	0	0
0.3359434836413726	0	0	0	0
-1.5122647940290577	0	0	0	0
0.28596567743026213	0	0	0	0
1.7385696810210192	0	0	0	0
-0.3932793893670805	0	0	0	0
-1.8045203428272316	0	0	0	0
0.16068147339050398	0	0	0	0
2.0530452308141776	0	0	0	0
-1.8169061974965501	0	0	0	0
0.6739694867835482	0	0	0	0
-0.3965525409557813	0	0	0	0
-0.35746942133577875	0	0	0	0
1.4918885968414841	0	0	0	0
-1.23935135241463	0	0	0	0
0.17619370668678158	0	0	0	0
-0.03828112621535951	0	0	0	0
0.8827820080491335	0	0	0	0
-3.2408449654114833	0	0	0	0
4.731331491073163	0	0	0	0
-3.753877682666534	0	0	0	0
2.319255620606718	0	0	0	0
-1.7654594851385212	0	0	0	0
0.2065182689985008	0	0	0	0
1.1985526471955055	0	0	0	0
-0.652214244101657	0	0	0	0
-2.2668249231228828	0	0	0	0
3.5677174210113165	0	0	0	0
-2.029984189061892	0	0	0	0
0.5981308146209301	0	0	0	0
-1.2960297166300805	0	0	0	0
3.1662773876781642	0	0	0	0
-3.005279207808961	0	0	0	0
0.8492702790553963	0	0	0	0
0.18009126147983068	0	0	0	0
-0.05608302567458878	0	0	0	0
-0.3397012715643086	0	0	0	0
0.18279491814682558	0	0	0	0
1.6049179945718706	0	0	0	0
-4.0781162524761285	0	0	0	0
6.046779631882032	0	0	0	0
-6.963297119052719	0	0	0	0
6.898031044358298	0	0	0	0
-5.216845417065933	0	0	0	0
1.5958219216865146	0	0	0	0
2.756593135791256	0	0	0	0
-5.696758866613557	0	0	0	0
6.180493256000254	0	0	0	0
-4.334998595558318	0	0	0	0
2.898631476711536	0	0	0	0
-3.1022123597551214	0	0	0	0
3.788781532799007	0	0	0	0
-4.578648575817617	0	0	0	0
4.5302422833723455	0	0	0	0
-3.2382330566086424	0	0	0	0
1.8737447333749273	0	0	0	0
-1.4343173659348167	0	0	0	0
1.5256493373425073	0	0	0	0
-1.0835939389749853	0	0	0	0
-0.05114241621965476	0	0	0	0
0.4988335284658305	0	0	0	0
-1.1715845717750284	0	0	0	0
3.1061873075065662	0	0	0	0
-3.993434802426137	0	0	0	0
2.7373392644087815	0	0	0	0
-0.10541300834555045	0	0	0	0
-1.4589810352281987	0	0	0	0
2.25545760576788	0	0	0	0
-2.982258866867788	0	0	0	0
3.9923846473400104	0	0	0	0
-5.551405004024815	0	0	0	0
5.805160001146298	0	0	0	0
-3.003635989575997	0	0	0	0
0.0893790902942797	0	0	0	0
1.1507220210104308	0	0	0	0
-1.9682466007368191	0	0	0	0
2.7215417823502293	0	0	0	0
-3.5346926964839085	0	0	0	0
3.080774172388253	0	0	0	0
-0.850063854476474	0	0	0	0
-0.5693266142463429	0	0	0	0
-0.1547509367158213	0	0	0	0
0.7551014472999213	0	0	0	0
0.46480654723136183	0	0	0	0
-2.3475863188737307	0	0	0	0
2.664889654749551	0	0	0	0
-2.2151158085669707	0	0	0	0
2.7628239408255766	0	0	0	0
-3.6262180557388177	0	0	0	0
2.413288886489781	0	0	0	0
-0.12246052776107064	0	0	0	0
-0.7266864405461462	0	0	0	0
0.14050592943826246	0	0	0	0
1.5452570663517164	0	0	0	0
-3.056524410237337	0	0	0	0
3.1663933419998784	0	0	0	0
-1.1236866158301169	0	0	0	0
-1.219141689075741	0	0	0	0
1.8655592674638584	0	0	0	0
-2.384215070000252	0	0	0	0
3.9367116386136445	0	0	0	0
-4.500260936021526	0	0	0	0
3.5799866761867207	0	0	0	0
-2.252327107420527	0	0	0	0
0.9797419948168198	0	0	0	0
0.1799186775748396	0	0	0	0
-0.13653733122227152	0	0	0	0
-1.5163739665335356	0	0	0	0
3.20792767448318	0	0	0	0
-3.028992977035564	0	0	0	0
2.1215992969665294	0	0	0	0
-1.7520087048863147	0	0	0	0
1.389885038103607	0	0	0	0
0.3823573858138616	0	0	0	0
-1.4202676300514128	0	0	0	0
0.17764413158337788	0	0	0	0
1.0071192627985752	0	0	0	0
-0.8860611029760364	0	0	0	0
-0.16238429485909478	0	0	0	0
1.6007775602154695	0	0	0	0
-3.3584955558243976	0	0	0	0
3.771526768415356	0	0	0	0
-1.5468407460257936	0	0	0	0
0.040129685544343374	0	0	0	0
0.013764802362445039	0	0	0	0
0.5519304475426168	0	0	0	0
-0.7376270071042157	0	0	0	0
