-0.09233077927763844	4.1197171384253295	-1.2993992179416125	-0.4756110790610961	16811.465099697278
-0.81265604054785	13.234049034532582	-4.361420247107986	-1.1638287194583654	16811.835844648635
3.0474789424499136	-0.45645781903461113	2.165470147108948	7.917901538496238	16813.25382091901
-2.851789891546005	-6.266221184884223	-1.597254136763624	-6.30350555205824	16810.158325225213
1.0170663923333194	2.290166957315563	16.65907798212757	27.146193413730586	16820.52292892786
0.6248727252363508	-6.179291945367353	-1.4446323115510324	9.10563837397288	16780.690723647844
-0.5053696172501247	-4.311125006010975	21.708544999791343	-5.529721415902827	16771.483791226106
-0.8939169558859987	-3.642829991008597	5.078840327831912	-13.54155395890946	16798.299486155825
2.0376011328862518	0.2972401428821314	-5.559183815611689	21.67590468804964	16739.32482238413
-1.5517593739841828	0.12444325133066769	8.643953612483614	-0.5288032123969657	16715.928255445768
0.7516057824485713	-2.611439975159101	-16.02132555030873	22.809604843502854	16687.711528041742
-1.5796342905368164	0.9351120756518085	-7.787575069094615	1.2715030856034986	16578.059859389177
2.4816008510761804	-4.654620927079108	24.937592633045043	8.586420486845341	16553.253438153737
-2.643416375213178	4.476998241511268	5.589446910640788	-11.373592244372333	16640.914113856452
2.0574335800117325	-4.929654273881283	-20.389008500204923	-1.7988568173753947	16819.583169048215
-1.6688645537030737	11.55461253163326	32.141059287299925	2.7516134643343833	16875.795721653965
1.0187747869192023	4.193842979379404	9.653786640669196	13.399622866396598	16931.71090487108
0.865183215393678	1.1715927393021985	-15.136679564434203	38.90471155222863	16879.660441019176
-3.214764612910642	-0.19135008511396734	-0.09687104474164698	-14.851936942494504	16846.019785510904
2.5181808489230306	6.971104361867418	8.765285827118916	9.173900175352102	16852.011319034842
-0.07126787022419734	-1.642944122606771	3.0882319843266544	28.914352605592754	16778.743293016483
0.13844697222446456	10.85725363247277	-8.246347448421517	-81.44430376570145	16711.760735237865
-1.795230023485935	-6.541864028017301	12.163984506364898	9.561388242900463	16771.87235832676
2.5082757030195992	-1.0502605458189151	7.274089491486663	-13.90373336703604	16726.820577429993
-2.059269240779429	-1.4122305742998122	-16.2300095247882	33.09586381965613	16894.07918861632
1.3688357920214074	-12.510643724824746	20.53456902632894	48.10345130019735	17039.053204373577
-1.7084023475232115	-6.613686726369323	3.8457740327542496	19.69253571565261	17077.796071392186
2.3310696158288025	6.332253996220402	-12.219935246746246	-39.48718372358002	17059.80662814851
-1.7361145147742079	-7.682955156899737	11.91174460715267	45.65349257615725	16765.639064385745
0.873631370399977	6.511967670122523	6.078749571557196	0.41325486721616755	16923.938280919567
-0.41906303137540846	4.418519582682158	-28.164485173422705	26.847592850147265	16978.521596430688
0.4997529996175203	-12.237714641218538	0.4084257873930426	5.538695626212487	17027.070954383213
-0.6013258743209349	0.7264177265595038	38.772543888971896	-14.233462162286784	17048.043039050513
0.8438944988233956	-6.033689820596024	-26.523135006742933	49.31365523048697	16996.423338383378
-0.5052862691868754	-12.68400752908915	4.90306199953649	-41.429338561487114	16877.017715097973
0.946573440996211	7.257134168514838	3.819550852871032	9.400193441650131	16885.50304094277
-1.1535831378290524	0.04929965460686958	2.992936452980828	24.039198023731387	17064.51364827429
-0.7576648279802569	2.9817760187553404	-13.83936017956755	-52.652224564323745	17021.496481902992
1.02270508404213	2.72918697527475	-6.91530404945118	0	0
-0.21150542169947784	-3.822465954678748	18.14449972756779	0	0
1.1150011919594078	3.1643880444172936	-71.233757310733	0	0
-1.3930729472958987	6.196195354021533	41.517577414475014	0	0
0.4688237117391125	-5.513083301077479	10.528870143154535	0	0
-0.9238583331119017	-0.21687077491871776	0.16522287742549224	0	0
2.016188442213952	5.008258267173559	-35.725388755109876	0	0
-1.9277816935125145	-17.441005813642512	-1.979168048880254	0	0
1.7608659649135703	8.200863299938014	3.985670099283027	0	0
-1.415643248497723	-7.88247792259633	-40.09691281205981	0	0
0.029527027212857604	-6.728159978763124	45.31922485760906	0	0
1.247568015302349	-3.3235380506356975	3.1319487777007566	0	0
-2.521003099867464	7.341101577390475	28.049359547710722	0	0
3.228195969070242	-12.791043746987647	-18.11480297141283	0	0
-1.8834203345673757	2.7573313108360864	6.268865430705077	0	0
1.6308350376573628	0.7833568144893874	9.253240096827426	0	0
-2.9603732756437253	0.13859675738028443	-16.303494327172018	0	0
2.3588976824909835	-7.48013593331595	17.253591052319578	0	0
-0.30516739258785464	8.59732847161952	-1.449990757248969	0	0
-0.3215773452948838	-4.085535700203465	-14.023760304212516	0	0
0.7019331778014717	8.514740879698827	-3.402619236704723	0	0
-1.548187202588899	2.940537736183316	-17.143266511986084	0	0
0.3265311826345041	5.377610098538561	18.751227152758702	0	0
1.1150885865530284	4.248351080447129	-6.808761378619707	0	0
-0.8894414855879944	5.435534378597573	5.804729237349449	0	0
0.47137664724463235	-8.501826681332659	2.488758488493687	0	0
-0.39632368045077726	10.958388487333004	5.706396233638927	0	0
0.784778807448653	-21.653926303777602	13.886704500001088	0	0
-2.694159909178474	14.532137244570393	-3.265050077992626	0	0
4.525459657686632	0.6641871656121339	1.6281874499440505	0	0
-4.0551394132427845	-0.7118747488206694	-19.117133917698908	0	0
2.4018328218864653	-4.588922377015365	-1.9783049023021277	0	0
-1.5203081763630735	9.907361220682347	0	0	0
0.840669626825381	-11.14231402226698	0	0	0
-0.0435736105735387	25.58389283131183	0	0	0
-0.24893776967937242	-11.590729329433202	0	0	0
1.0768035315895546	-0.8914816241509698	0	0	0
-1.7823055057440342	-1.7765868382313457	0	0	0
1.80983081110017	-0.9474183975726476	0	0	0
-0.9770436130724462	-16.975697908494197	0	0	0
0.2440701463852335	-1.1381819667940292	0	0	0
0.16507552508770118	21.56800963234138	0	0	0
0.5036141539762298	-20.714701804282356	0	0	0
-0.8619341004954535	3.792440363338436	0	0	0
0.42545726465107236	6.68494525593438	0	0	0
0.11052558490020203	-4.065657370389474	0	0	0
-0.4986931519956954	15.086280065959293	0	0	0
1.8540020484274606	-11.885079438555714	0	0	0
-1.9747792930130004	5.630936662829676	0	0	0
1.223166518858008	-6.374184157040787	0	0	0
-2.3167435669650587	1.7600251417756496	0	0	0
2.2837646868090147	-8.687020949094396	0	0	0
0.6074667449455475	-1.969769263680675	0	0	0
-3.2877974384521593	6.196062791678635	0	0	0
4.201314129833705	-0.33713172127790614	0	0	0
-2.6598888316909495	-11.07484371142516	0	0	0
0.22717762902158967	1.318203398142451	0	0	0
0.6101631738750157	19.070576232049127	0	0	0
-0.3635048774512484	-1.9083689684590155	0	0	0
-0.23744250107476716	6.422798014281426	0	0	0
2.100823606044429	-5.893300499142569	0	0	0
-4.438685313066571	7.7037605182844615	0	0	0
4.000327847812869	5.616158991098651	0	0	0
-1.6946521307435063	5.310559123309702	0	0	0
0.3947762120848495	8.361419868977507	0	0	0
0.5847195021170677	7.8640871000985015	0	0	0
-0.971235574085199	-4.888191862746503	0	0	0
0.23271987215087364	-5.955609126105877	0	0	0
0.8467042641737663	-2.9384648413962964	0	0	0
-2.3526840976765797	4.375508032248376	0	0	0
2.4942264787677644	-9.347734693402018	0	0	0
-0.735278120222091	5.31783646003354	0	0	0
0.40329737654300146	4.997216998214547	0	0	0
-0.9495597173831669	2.6090062192600953	0	0	0
-0.023857328483209983	5.069578476627619	0	0	0
0.056485124135576825	3.0864027484853978	0	0	0
1.3010756926257514	-8.142624791761172	0	0	0
-0.9219812657355249	3.4942749470293535	0	0	0
-0.4992549391545822	2.9847371327584327	0	0	0
0.6549438062961599	-2.5504436300571953	0	0	0
-0.11150356812672868	5.126606373315376	0	0	0
-0.4209847770150432	-3.8444779830828466	0	0	0
1.9452779860539238	-1.7127684425056557	0	0	0
-2.3692464692958453	-3.7383652883384073	0	0	0
2.683512761056768	6.335143190535867	0	0	0
-4.386985915395179	-2.7585410061852116	0	0	0
3.7671132397490155	6.586118655831193	0	0	0
-1.5007152580382481	-2.49084380899275	0	0	0
2.5355484379636337	5.511764220215632	0	0	0
-3.267663720204375	-4.8059017547672624	0	0	0
0.7861693528953566	-0.5712644465302219	0	0	0
1.8682714416122224	4.360897987921234	0	0	0
-2.0855186417263027	-5.217807971946613	0	0	0
0.5912437023969872	4.4147328283467	0	0	0
0.4132169570387987	0.3976305865911982	0	0	0
0.40043289096428936	0	0	0	0
-1.7538829056426266	0	0	0	0
2.919593175580779	0	0	0	0
-4.641578030033351	0	0	0	0
5.331775272602847	0	0	0	0
-3.5181180529095712	0	0	0	0
1.5188793756273924	0	0	0	0
-2.5866155600269707	0	0	0	0
3.508884955038262	0	0	0	0
-0.14537309400510168	0	0	0	0
-3.2884448782377618	0	0	0	0
3.6269155438046212	0	0	0	0
-3.559807068548089	0	0	0	0
3.5290195136123543	0	0	0	0
-3.3039959334458544	0	0	0	0
3.12129192091885	0	0	0	0
-2.1364861915676556	0	0	0	0
1.6262225756253983	0	0	0	0
-1.230796099912311	0	0	0	0
-1.8994079070454717	0	0	0	0
3.555638330279578	0	0	0	0
-3.6212151160632047	0	0	0	0
5.697031519253905	0	0	0	0
-3.941426474850111	0	0	0	0
-1.7740093770171441	0	0	0	0
3.0328644248693024	0	0	0	0
-2.6048630088003293	0	0	0	0
3.081821719265484	0	0	0	0
-1.949217783635227	0	0	0	0
0.845225646886739	0	0	0	0
-1.5731494149848686	0	0	0	0
0.8707298721047536	0	0	0	0
0.5865580262926784	0	0	0	0
0.5609427302457775	0	0	0	0
-1.9768889564047782	0	0	0	0
0.278088911034132	0	0	0	0
0.4713297529534728	0	0	0	0
1.3518070718788238	0	0	0	0
-0.7686497338274876	0	0	0	0
-1.5544099879694855	0	0	0	0
1.6524721466663195	0	0	0	0
-0.5209925015978101	0	0	0	0
0.2874447716641413	0	0	0	0
-0.6557426563076376	0	0	0	0
1.4636888826487535	0	0	0	0
-2.2787957153460567	0	0	0	0
2.1773307632526837	0	0	0	0
-1.3274154871080057	0	0	0	0
-2.499061787285207	0	0	0	0
6.83038308025445	0	0	0	0
-5.623728850557342	0	0	0	0
2.1165562509051625	0	0	0	0
1.7326488411205574	0	0	0	0
-5.267405886793902	0	0	0	0
1.7289029201141446	0	0	0	0
5.327331705184406	0	0	0	0
-7.3816493812179615	0	0	0	0
6.406086690531517	0	0	0	0
-5.872240784080098	0	0	0	0
6.955174634686486	0	0	0	0
-6.708835143337495	0	0	0	0
4.504845213000209	0	0	0	0
-2.6276646433006974	0	0	0	0
1.7836241135317579	0	0	0	0
-1.761317668889042	0	0	0	0
1.927541699203374	0	0	0	0
-1.3760394448781312	0	0	0	0
0.3328976077303949	0	0	0	0
0.6898814719970261	0	0	0	0
-1.3153461148928187	0	0	0	0
0.2741915573612417	0	0	0	0
1.6470294547705606	0	0	0	0
-2.4925176902312245	0	0	0	0
1.9562452629609268	0	0	0	0
-0.8671989987878277	0	0	0	0
-0.4321938071259197	0	0	0	0
0.2874176634075738	0	0	0	0
0.0669432821774052	0	0	0	0
-0.5878140268305998	0	0	0	0
2.188049928847555	0	0	0	0
-2.0301432907345713	0	0	0	0
-0.5536913950042006	0	0	0	0
2.8154778135452574	0	0	0	0
-4.177953893411015	0	0	0	0
4.139619876964765	0	0	0	0
-3.2934627281861992	0	0	0	0
2.0711840666346504	0	0	0	0
-1.4387734310165712	0	0	0	0
0.41971260915181574	0	0	0	0
0.6427180416187852	0	0	0	0
-0.5208298053068745	0	0	0	0
0.19399527806314154	0	0	0	0
-1.2986975305834818	0	0	0	0
1.0486084586843702	0	0	0	0
0.3547892584222012	0	0	0	0
-1.94971319140528	0	0	0	0
1.3378891061364158	0	0	0	0
0.21329960856259333	0	0	0	0
-0.27650933110955833	0	0	0	0
-0.47943008546670285	0	0	0	0
0.8131520314316774	0	0	0	0
-0.8668445922197208	0	0	0	0
-0.29730709835023816	0	0	0	0
0.987975895521835	0	0	0	0
-0.6145903071671626	0	0	0	0
0.3620845978091225	0	0	0	0
-0.4722040878461229	0	0	0	0
0.5522758530311833	0	0	0	0
-0.7396093576274936	0	0	0	0
1.655895914024427	0	0	0	0
-3.3857254706786435	0	0	0	0
3.343814657162234	0	0	0	0
-2.387576546272527	0	0	0	0
2.1089352956974423	0	0	0	0
-2.035765017460939	0	0	0	0
1.009355093496353	0	0	0	0
0.22982314445913943	0	0	0	0
-0.5518721540174312	0	0	0	0
-0.03536525409047897	0	0	0	0
0.19955623684408152	0	0	0	0
2.0464417608150214	0	0	0	0
-4.610351488121502	0	0	0	0
1.5762633887605375	0	0	0	0
-0.11699776926223393	0	0	0	0
0.09295188180358593	0	0	0	0
3.519245689261737	0	0	0	0
