-0.37445612856053856	4.903969296677367	-2.26518278199093	-0.34902207194819823	17047.758324548755
-0.5704763793646066	15.306542463812569	-7.809056864027809	-0.9625213975554061	17046.3787036713
3.9392492952919085	-5.778639232225579	-3.894504801493312	2.553443364034493	17049.376064747437
-2.466092833020639	-2.3503362902375287	-8.474461786757118	-5.4591933240765655	17046.408273280053
1.5881773933887402	-1.565860022032382	-0.9487208105451401	4.226480032972802	17050.123251306806
-1.096980927602182	-4.606447101299395	-5.24867788130436	7.790404989897652	17038.49099955472
-0.27512906483136135	-4.481346591559415	-3.5804129564404406	-1.5175481096858618	16993.245432758464
0.25818629023770256	2.3800089016322516	4.467305519463707	-36.3225814223898	16950.795208345273
0.797882460785658	-0.4999887314532785	4.0050846154630335	33.32261607915892	16990.48130925564
-0.41443672888076577	-7.6880676850050875	1.1048933215077454	-8.093850055320772	16966.968200992444
-0.26116702781732926	-1.7144368495627589	2.4758050502760085	-3.7083976440528374	17048.00571578983
-0.9083975328425709	0.1626853024489776	0.3489539086476441	47.016539280535966	17086.166904789112
0.9707287837931702	7.424712034576096	-3.8305980741154855	41.731853166079446	17055.226182415605
-0.24555887725819758	-1.1530800894420636	5.27413310426806	-54.20782729323618	17052.858400019963
1.5102659278692627	-0.9076821547662846	-12.55282818873087	6.525547732642494	16906.184552332088
-2.3163654423044733	-0.5606189144319416	-1.2158066929344784	-7.549345409193023	16816.516511203754
0.17754619754170164	-5.60846989108218	1.686846029183343	8.900644963478712	16777.239905291877
1.300020675680706	0.7720049812249954	1.2646577975583	-6.878348733787604	16793.559589638353
-0.6655549610512139	0.9888570528140335	-2.036223888014362	-0.4776125948527721	16781.324082824474
1.256240056197285	-0.7977714116098866	4.966723809670711	-4.9667796100302155	16748.514909937323
-3.6011607760014925	-7.562424399904174	-22.315288170398162	21.875319609953706	16797.356834264345
3.3472736736368986	0.4468001203932843	-4.669756365307435	-17.400569621390176	16899.09838390861
-1.2004293463596554	-4.4160538065888915	25.623192221434792	19.072340459682948	17007.965515120795
0.660954116101216	0.7269366145663341	-34.224423867189046	-26.98593663224743	16917.058699108868
-0.22092908952182455	3.4644687299163266	11.659112014537598	45.27920752720675	16821.375976195068
-0.7047934449049151	-3.9577255033788816	-8.405961670056243	-22.74811430443887	16848.969271939408
-0.1557586109763207	-1.3897630597970334	-4.23465922810324	9.2213864215597	16922.361614603196
1.1406145428807761	1.9224560339984436	6.077955149274118	-10.08347414753193	16850.67306140652
0.47708756665614516	-3.1701524308720224	4.0355224126277704	-6.969581463205444	16741.316590249106
-1.8544522729453377	-7.057983291107206	5.808730109296107	-4.476943034782465	16706.875338734055
0.010843624381628558	-1.5694464755463855	-11.224156051699197	2.7978608274174093	16758.651059841603
0.99221049315112	-3.320317866604249	6.872189197731558	-13.834053633132896	16759.634995055832
0.29698470979699465	4.283943894685478	-3.327525922574793	2.4473937171784996	16784.934940779087
-0.1721265022851668	-9.320796648026317	7.081148985845289	10.224937532455527	16840.07413419237
-1.010720079111337	5.134760155739606	3.0048728038972143	3.3050682765071713	16844.284991415465
-0.15582486461010348	-5.607635248675933	6.2803330413750444	-1.4837038105788878	16814.783466151148
1.412690266414188	-0.07105062585555544	6.849468091166543	-5.869737114628194	16813.239234993696
-0.36874671016179406	-1.9910684301630326	10.106578596777808	-7.85928935797584	16831.514072981998
-0.8180681278236008	-1.4723543903952816	-7.658447599931307	0	0
-0.1289702148246974	5.563642774696511	-6.192832338360091	0	0
-0.4050369259365496	7.431386765103284	2.700005907972823	0	0
1.7396942055372264	3.430672392112612	3.0290595514591843	0	0
-1.1784527824324371	-7.971284861179967	-5.594557024753485	0	0
1.8504568425994847	-5.48487896655422	-8.88503330730559	0	0
-3.9501177348498615	1.6465085955890544	9.656509993050733	0	0
3.531434509272181	-7.563748632590226	-10.040081394492773	0	0
-0.8686063103399846	-6.7202497257238605	-24.921851495606603	0	0
0.3927922775086756	-0.8618618716776183	-36.44236941367329	0	0
-1.239050650872322	-3.833575486831009	11.370821175712763	0	0
-0.09765194777475728	-6.260125297254952	-3.762422975617099	0	0
1.1599174203193598	5.141650769261638	1.0660062950067868	0	0
0.017690353323878583	-4.266596737113709	33.66646141134112	0	0
0.3120821683041797	1.8625441711338127	54.30589472224547	0	0
-2.51335810994388	4.261422897029256	-7.289113413303824	0	0
2.2077885790101277	-5.584083852877782	2.137991014468028	0	0
-0.6862255447322525	6.537832451506645	1.6418274409900278	0	0
0.6831567058550263	1.4139121614499146	-0.790513983017533	0	0
0.355342801617347	-7.356674846521045	-5.155759089064162	0	0
-2.3394062104596216	2.952722366020595	4.777944499520345	0	0
2.6445403082962073	-3.897509612569884	-13.123213425218225	0	0
-1.7022657795652876	2.4458166679548867	-1.3386357677267	0	0
2.2936519433171796	-1.1515401059263795	2.170078420118685	0	0
-1.5581333359860636	-9.994998390376871	-2.9033972836910777	0	0
-0.8835572885202154	10.714945390763383	3.533351415845317	0	0
0.6985295330419206	1.3008027927210364	-4.008444351869599	0	0
1.5609623709038303	4.664895167374617	-2.9073346400063684	0	0
-0.40090417420489644	-8.084642102378893	0.7537644157481509	0	0
-2.4326713689092614	1.229946526894011	-0.11621866177712548	0	0
2.120951175322375	-1.0498188331811278	3.7929100654811236	0	0
-0.4558131596431565	-1.262984653919169	2.3926733993598077	0	0
0.8466765561411549	-8.416407396895089	0	0	0
-0.18139191783595976	-9.367999234278216	0	0	0
-2.1524495434335904	-3.2907820194533883	0	0	0
0.9474785758395114	5.892615083957715	0	0	0
0.6609540481999687	3.8922324537129285	0	0	0
0.9822868287859094	0.026531471705460774	0	0	0
-2.14143335334154	3.189546903348429	0	0	0
-0.22393124116125307	-11.085919156810817	0	0	0
2.066188930602351	2.8546056155330675	0	0	0
-1.9135191691714084	-6.287169623166946	0	0	0
3.447091749536206	3.180906224721987	0	0	0
-4.64927465781475	1.196577579000838	0	0	0
2.107282810530627	1.0104989045701487	0	0	0
-0.9353142267774075	-0.06132138401268605	0	0	0
1.4796897147191217	-4.088520775995306	0	0	0
-1.360323870555078	3.9024038740023457	0	0	0
0.7083399697767945	-1.4466230628548757	0	0	0
-0.7592982875505925	-2.883207427973076	0	0	0
0.7290249702571572	6.212444629227839	0	0	0
1.1286888891931355	4.595537841035302	0	0	0
-1.4966899320340303	-3.2531846868594485	0	0	0
0.05503509039850485	-25.472892674165372	0	0	0
-0.8947710135677411	-110.59901662093618	0	0	0
1.6191289678488374	-36.64792702004921	0	0	0
-0.00514810113143227	-6.658333442583853	0	0	0
-0.33254809284075293	-1.8404953118851566	0	0	0
-2.0719917469050415	4.387595446687172	0	0	0
1.7653760008085158	4.437483935121087	0	0	0
1.4996501312691635	2.2340926669012973	0	0	0
-2.225022810856352	0.8670871579859778	0	0	0
0.8845381871611337	53.08439366584452	0	0	0
-0.517988639827756	40.80922427246841	0	0	0
-0.48866626280807424	-14.367469416541987	0	0	0
2.0231224032514064	5.807168346636168	0	0	0
-0.8979104668705276	4.184750025368821	0	0	0
-0.7421802211340491	-1.5993164504917345	0	0	0
-1.1735063224925355	-1.3143462599193612	0	0	0
2.5400839738677448	-0.9515232838668979	0	0	0
-0.34307398347335294	1.1537944963673823	0	0	0
-1.4007909308889808	-1.446766862902905	0	0	0
0.6850361101151918	-0.07972844564308446	0	0	0
-1.2806303686497458	3.89544604457609	0	0	0
1.5218092089284312	-3.549644644752341	0	0	0
-0.3318249945763654	1.5534688316718572	0	0	0
0.6254824170921651	-3.0099448947262744	0	0	0
-3.0145949323876167	-1.6135289367452614	0	0	0
2.952822547350465	-11.1821575743947	0	0	0
-0.5209589144584115	2.316537446338984	0	0	0
0.19606509544691875	1.381683841366467	0	0	0
-2.10841760913393	-4.8411023135700475	0	0	0
2.156329375562663	-1.6949631678648487	0	0	0
-1.3850272569388196	-1.1611946508187145	0	0	0
1.0782813221106622	-3.23076425545608	0	0	0
0.9593739865494868	3.3101396325876067	0	0	0
-2.4611407334042426	-3.1331791735746464	0	0	0
0.46210277656624754	-4.602416113624727	0	0	0
0.8639723593037019	4.0741053642364236	0	0	0
0.42014346216730303	4.031684787922636	0	0	0
-0.03716031931889319	-0.3246735260450251	0	0	0
-0.9922484661069149	-1.8445806438306533	0	0	0
-0.7422620596676097	2.3686221836418326	0	0	0
2.5323945671139683	-1.7776250230394979	0	0	0
-1.2156451267620696	-4.3112149746553285	0	0	0
-0.1760275662937545	0	0	0	0
-0.48901404905244306	0	0	0	0
-0.44859291446111627	0	0	0	0
3.168979245030542	0	0	0	0
-3.1266880855026855	0	0	0	0
1.5660174932285003	0	0	0	0
-1.8014323422398846	0	0	0	0
1.2650078564654024	0	0	0	0
1.8693085172156856	0	0	0	0
-3.554249811494607	0	0	0	0
2.823297221589449	0	0	0	0
-2.735159878528286	0	0	0	0
2.2415267762284117	0	0	0	0
-0.8137380774380389	0	0	0	0
1.193710011223736	0	0	0	0
-2.873754842730669	0	0	0	0
2.7183561823249036	0	0	0	0
-0.8799296755186887	0	0	0	0
0.08752478996846236	0	0	0	0
-0.8792567703123879	0	0	0	0
1.0731290245181881	0	0	0	0
-0.06043899531049135	0	0	0	0
-0.18903165844174197	0	0	0	0
-0.45603677277551213	0	0	0	0
0.765611829310096	0	0	0	0
-0.6242886476279494	0	0	0	0
0.06357204537392391	0	0	0	0
1.3022531034218616	0	0	0	0
-2.37873149670704	0	0	0	0
0.9237962672301734	0	0	0	0
1.0271176175880896	0	0	0	0
-0.6890105049418764	0	0	0	0
0.15501125124832527	0	0	0	0
-1.3269602769706808	0	0	0	0
0.315997446455917	0	0	0	0
1.3686147213512996	0	0	0	0
-0.11168423268118488	0	0	0	0
-1.1144927459899279	0	0	0	0
-0.04194954500970027	0	0	0	0
-1.2573989345820848	0	0	0	0
2.9043214640773414	0	0	0	0
-0.3002033565102096	0	0	0	0
-0.7465786971037645	0	0	0	0
-1.915273523657845	0	0	0	0
-0.5000495577050543	0	0	0	0
4.6547004961064715	0	0	0	0
-1.5346664478516203	0	0	0	0
-17.875703450073104	0	0	0	0
28.343533606720854	0	0	0	0
-11.418440660681576	0	0	0	0
2.639594961388717	0	0	0	0
12.990525953566461	0	0	0	0
-35.828325644841364	0	0	0	0
17.848924383507487	0	0	0	0
2.9379083061327833	0	0	0	0
2.6522570195659867	0	0	0	0
0.5815094160498973	0	0	0	0
-5.997787828207123	0	0	0	0
0.6627627311712132	0	0	0	0
0.6306233834409198	0	0	0	0
4.927091077001613	0	0	0	0
-3.0204618379901405	0	0	0	0
-0.4415562276586158	0	0	0	0
-3.9144721857502134	0	0	0	0
-14.851261396736845	0	0	0	0
56.372729752276825	0	0	0	0
-79.59011981039501	0	0	0	0
81.10699485626719	0	0	0	0
-57.80450010798808	0	0	0	0
14.982215992937562	0	0	0	0
4.757954482384001	0	0	0	0
-2.9082954303102326	0	0	0	0
2.2038098529968764	0	0	0	0
-0.8244876180542988	0	0	0	0
0.6553015939374163	0	0	0	0
0.30257274576227644	0	0	0	0
-3.762329968397296	0	0	0	0
2.4837461027986905	0	0	0	0
0.6311410111444076	0	0	0	0
2.472974496099347	0	0	0	0
-4.316959731128897	0	0	0	0
0.655420599421312	0	0	0	0
-0.5143007623287943	0	0	0	0
2.875936530838075	0	0	0	0
-0.13494497188488452	0	0	0	0
-2.2715074922537823	0	0	0	0
-0.5468671804078795	0	0	0	0
2.0652234922551713	0	0	0	0
-0.2193018551086965	0	0	0	0
0.7853248283780445	0	0	0	0
-2.142045549509575	0	0	0	0
-0.5692516746505802	0	0	0	0
2.3807032322699015	0	0	0	0
0.8023817221243377	0	0	0	0
-0.1613074906784746	0	0	0	0
-3.523622025441817	0	0	0	0
0.6276385763439265	0	0	0	0
2.5180151664989125	0	0	0	0
0.9713390280726628	0	0	0	0
-2.7283740754238863	0	0	0	0
0.019347362799393863	0	0	0	0
0.5593114335643747	0	0	0	0
1.4155178606797776	0	0	0	0
0.1841048422207976	0	0	0	0
-2.237793173889301	0	0	0	0
-0.9076456246345401	0	0	0	0
2.109298129140427	0	0	0	0
1.3191007706157407	0	0	0	0
-0.5382028993024406	0	0	0	0
-3.5858944454175727	0	0	0	0
2.794060080962417	0	0	0	0
-0.6220125714818749	0	0	0	0
2.638572623535552	0	0	0	0
-1.7841961165436473	0	0	0	0
-2.7120252288400977	0	0	0	0
1.6426248318025998	0	0	0	0
1.3080021210405306	0	0	0	0
1.5520971918012236	0	0	0	0
-3.709461227542441	0	0	0	0
0.7397302687564817	0	0	0	0
-0.6758192633430653	0	0	0	0
3.5493333581115962	0	0	0	0
-1.7493935255922466	0	0	0	0
0.44843084717631143	0	0	0	0
0.4195995146174383	0	0	0	0
-3.300435320769566	0	0	0	0
