-0.3795179012159622	-8.79337019897067	3.3306624056796323	2.0399834814542572	16837.12983370169
3.0421574942525496	-29.368426853481836	10.144508783125161	5.989294718517527	16838.537019008272
-8.883687279445269	-20.833611016010664	-7.866207790396913	-3.468341976710491	16836.11647877484
13.560951145710028	-40.235162444735735	-30.749259941533296	27.267877826927133	16839.94955150343
-19.54530720862983	7.574712992905418	-17.517390781756504	4.421347845871622	16829.18904760448
21.41513580625599	8.589382246651589	-26.579272891065457	-0.327864631047035	16864.79796761605
-16.465991383427152	62.77653965500404	1.5203699586747206	7.7528701773757405	16925.339951730715
15.04654755553252	-4.678230960041873	4.324085554104002	-23.481813466792147	16982.47191248285
-19.012798925966294	27.436174094262967	-12.420589379644227	-10.99438608957091	17003.324396202766
18.95673380676793	5.846824699421951	-31.829149027667768	17.441977997644486	17000.20286467552
-11.992984676359363	19.566795092030404	-25.856729812900753	-32.82173119664111	16955.43668707103
7.853692756053533	22.866219725146046	-2.9979513786160084	-28.208048560780966	16946.3148783953
-11.0613723304456	17.118146439460368	-19.29651255534769	-6.7559488841939555	16924.05467104689
14.872072026753166	-4.41910087107739	-25.312500501099493	5.948321112945649	16829.772739637454
-13.243757139937607	-36.53648190418926	-38.9105330752427	1.2289602594312043	16906.41566258654
10.812279260962264	-0.8449170580655547	-58.62194270621589	-51.29401743487254	16951.331272327014
-7.735099998516901	-21.182543133860428	-1.0347505612675434	13.014858931514794	17092.661605670728
2.3502014813114656	-14.348283461054855	0.326893082936877	-23.135339845440996	17136.929326661688
2.135082239365893	6.906793842404461	-19.78958477072645	40.268099152870604	17105.20441298944
-3.599758720503033	-13.3831014474571	36.392166433439414	-6.647792479318923	17078.19693846119
5.342706936576867	-5.489902452755835	-37.60576041655219	-35.796201442404865	16931.40205689355
-7.670279686105005	-19.056181619427257	-14.937596360581466	-15.243447526135824	16823.903721903065
9.991158765417985	-10.38855784984311	-14.142916998063427	-11.669840050625297	16706.32895602271
-13.311239676338495	-3.635216211366682	-19.17255700747873	-18.264809076750836	16668.874410129974
15.843376101755645	-49.39256349936104	-2.7028856984330503	-23.905190385616947	16682.18241934853
-14.76682988968907	-0.19994286355178303	26.57444184587925	0.6568507275779893	16680.37067299544
9.831046667263543	-67.82470599984859	-21.644865755870768	18.691145204448176	16767.525804529574
-4.598969948774261	-18.42108604187049	8.583282372376075	25.06834222011784	16801.48352744549
2.5266515136500374	-23.408229439891322	-18.90384488398763	4.287500975989531	16706.50928130049
-3.8554003782607253	-23.64781293207013	-52.922500014050684	9.004850797185554	16670.29571999208
4.028608988794858	-0.41486438703071116	7.698934875767918	-2.179839774184657	16665.95753977718
0.8880001382176204	5.012130331387738	30.36111094714593	-2.4290984629280103	16672.89499096808
-8.100036897398688	-60.90303440222659	27.46555423377366	-2.197994846503292	16718.841215832337
9.38735292880775	-26.832946123638933	-27.734067180069985	-22.947870047968124	16739.138951758534
-5.63811568716514	-21.55110045873341	24.046170572127537	-20.600283565044336	16772.66925538272
3.7722928512320237	-10.542448568252048	-16.673217497261916	6.232367075602369	16832.55320497401
-3.726338529409155	24.635128303453143	-25.333734734171898	27.617128765863228	16891.161704572354
0.7050225543206281	37.772880753521115	-48.487293377434625	11.918079659510411	16827.22759276934
1.839403590752596	-43.795168410321274	43.533752108715234	0	0
0.5114264598449836	20.788494225379544	14.286953461286913	0	0
-7.130135452881063	-28.72549343785193	44.51377536557516	0	0
13.95013567164549	-49.56526301173199	2.104865514705125	0	0
-17.5107787536689	25.863363554030933	-11.381530827048465	0	0
18.505468020168955	-48.458733711742745	-25.32641337479747	0	0
-14.72518532871824	-5.252802193316448	-13.579362308743967	0	0
6.531635487425163	-65.1213262572546	10.506697802524585	0	0
-3.3684729602059917	11.50839881240477	4.28848815611903	0	0
4.855949646068865	-23.49584204897129	3.9473464450893516	0	0
-0.42135773289263767	-26.48875976207522	37.71090134960268	0	0
-9.539402062449689	-4.194039812994326	-3.0450200461497587	0	0
14.116021242121072	4.497932044072847	15.534403550640363	0	0
-10.319811957385305	17.861974677570785	13.467635725158331	0	0
8.564060371765017	-28.703880922224144	0.7581500430116535	0	0
-14.38738862135532	63.955966805469146	-26.829297189523956	0	0
19.346431855984207	-11.108628405828014	8.156045361639471	0	0
-12.340092041166933	13.218839974970791	-17.1921375197022	0	0
-0.7693900312522572	-28.368956204262034	19.972905579372025	0	0
8.510947543443905	-43.986152767072014	37.64862649413712	0	0
-10.484494110326814	47.68276176672117	11.464269175340476	0	0
9.02799690888805	-12.037037821245242	-50.24779734390847	0	0
-7.7709956591504294	67.04531157765854	6.580112795212386	0	0
9.607872642133408	-8.074530526682153	34.37359727365819	0	0
-16.245210620146032	-17.97695800670821	-37.7692891658871	0	0
23.66859843205627	-41.590935035139424	-2.9491234988754798	0	0
-24.664059513300316	44.68545846778686	30.184937216363195	0	0
19.042177176075853	22.275939089524257	4.776602140992225	0	0
-12.754529514956381	-32.54697293910416	-8.368736928940947	0	0
8.536744452548156	-22.6634752185659	9.903794893917421	0	0
-7.055703730789048	-58.82757975005077	-17.33272053524179	0	0
7.959503838356824	-13.773690363735277	-25.833965670937587	0	0
-10.58856187893717	5.208946264724652	0	0	0
10.51349765413736	13.637436420910056	0	0	0
-5.479298377278539	1.7291637796545274	0	0	0
-1.162874572769546	-11.647191729672222	0	0	0
0.668125216377355	9.689864842249968	0	0	0
4.247556357387488	8.603580091656191	0	0	0
-4.167514769535266	38.84273369077641	0	0	0
-3.2942281326986205	4.667235469325213	0	0	0
9.404315472363557	-31.112339627634043	0	0	0
-8.85174879511137	-21.729695580344732	0	0	0
3.460946676158855	-32.602135031951185	0	0	0
-3.48195123040761	1.7001740480289982	0	0	0
11.68214155771954	1.1895438087896935	0	0	0
-18.094326511452593	-12.398147095789142	0	0	0
12.257321375827601	11.911434725322543	0	0	0
-0.6543470211801719	-1.0519721844446366	0	0	0
-6.105160572233508	24.133750023251267	0	0	0
10.698754826011637	1.6056004851361294	0	0	0
-18.8778965960511	-5.883765076720721	0	0	0
22.925592901309365	-21.88559159210231	0	0	0
-19.0392473475272	-47.549117131726625	0	0	0
12.812243193678093	-5.622745573462211	0	0	0
-10.088021419971824	-13.03206516655164	0	0	0
15.435216966538697	-17.255133442362244	0	0	0
-25.202104799431588	-45.63320161724127	0	0	0
32.39729367707372	-1.5640436719065747	0	0	0
-31.64581554249616	-16.321814190145652	0	0	0
21.65787064020082	15.57581771580196	0	0	0
-7.384531315139057	3.810177466041104	0	0	0
-3.758819776639754	-28.62124618216997	0	0	0
11.147062287216883	2.2740893203546833	0	0	0
-10.043063396312839	-40.55679840337829	0	0	0
-1.8253392584765749	9.47063355872723	0	0	0
12.194318478622748	-0.34320529056076765	0	0	0
-12.90570643547661	9.12456570919364	0	0	0
10.194556325221185	-3.729486239677115	0	0	0
-13.527565333790406	-17.39920497193814	0	0	0
21.073154404268827	23.15381714904879	0	0	0
-23.8285412779765	-27.18211218626493	0	0	0
17.36228909338687	-34.3407703822339	0	0	0
-10.019237500401125	-24.985790817051573	0	0	0
11.551610321114481	-24.497856696234237	0	0	0
-20.432018978298785	11.752121373254653	0	0	0
21.11390843472836	-74.06843790031621	0	0	0
-12.406162012389913	9.276245103096237	0	0	0
5.500590040678034	-78.09686913546304	0	0	0
-10.156426546950065	60.72146598532927	0	0	0
20.485186921207138	14.565655519448207	0	0	0
-22.0279326436627	-1.5862216782122402	0	0	0
13.18291590111015	-21.12758418990044	0	0	0
-7.810929974792728	4.550452844712872	0	0	0
9.826673738271268	12.615635438996264	0	0	0
-13.104718469630505	-1.9901722103238129	0	0	0
14.667180465727085	-64.2994433219471	0	0	0
-16.573055369589127	14.198349360325523	0	0	0
17.34849657317318	-37.125406074129394	0	0	0
-13.364800589949205	-0.8188545803533955	0	0	0
7.145422954055093	7.626067477903867	0	0	0
-2.21461527845522	-9.077170776275615	0	0	0
0.041088732041664855	-96.1982414166157	0	0	0
-1.2216410467003556	131.11245313191276	0	0	0
0.5726177123558145	-35.30017219879431	0	0	0
1.7408601381904134	0.9346231940070666	0	0	0
0.4169515108295343	0	0	0	0
-7.96282888089285	0	0	0	0
15.539713333387162	0	0	0	0
-16.265840904415036	0	0	0	0
9.456446467482209	0	0	0	0
-3.0491612118947913	0	0	0	0
4.421959299587051	0	0	0	0
-11.746501447302656	0	0	0	0
12.226122680859376	0	0	0	0
-6.761480107833812	0	0	0	0
4.371812056737134	0	0	0	0
-5.0830119713608966	0	0	0	0
6.387951298452933	0	0	0	0
-7.431047957140983	0	0	0	0
7.070085541596114	0	0	0	0
-7.557341277303209	0	0	0	0
9.4661179038742	0	0	0	0
-8.187258301461092	0	0	0	0
-0.08212328902331478	0	0	0	0
10.689879883847617	0	0	0	0
-12.128805058806655	0	0	0	0
7.582079392837478	0	0	0	0
-4.8962375937891025	0	0	0	0
6.249879399369448	0	0	0	0
-5.1149257284551055	0	0	0	0
-1.6116117013680977	0	0	0	0
9.245799426062163	0	0	0	0
-16.52490713349286	0	0	0	0
21.668313982214435	0	0	0	0
-21.732562181640006	0	0	0	0
19.17836071284747	0	0	0	0
-15.56508654333998	0	0	0	0
9.400016525052507	0	0	0	0
-1.1303467497710855	0	0	0	0
-1.2640654833230869	0	0	0	0
-4.639043449925509	0	0	0	0
10.503450052657676	0	0	0	0
-12.225338322098004	0	0	0	0
11.40267596995885	0	0	0	0
-7.99176098445939	0	0	0	0
3.3879984807607855	0	0	0	0
-0.17578160983293856	0	0	0	0
-0.8310992463227294	0	0	0	0
1.1156067761839665	0	0	0	0
0.8857878429240671	0	0	0	0
-5.988710024765915	0	0	0	0
11.69205277804101	0	0	0	0
-13.463958224374167	0	0	0	0
11.680960875718874	0	0	0	0
-10.908742654758022	0	0	0	0
7.726146365977392	0	0	0	0
-1.7528724608699378	0	0	0	0
2.4989499700936264	0	0	0	0
-9.909450966115529	0	0	0	0
16.06454345622857	0	0	0	0
-20.81625360203929	0	0	0	0
26.866797081825553	0	0	0	0
-30.785859102330612	0	0	0	0
28.10805800989337	0	0	0	0
-18.59867399397296	0	0	0	0
5.821176247974371	0	0	0	0
5.742044821109658	0	0	0	0
-13.798661813905191	0	0	0	0
15.4239581364576	0	0	0	0
-12.13867117814248	0	0	0	0
10.035287271916864	0	0	0	0
-6.1401164510723945	0	0	0	0
-3.9104705976470484	0	0	0	0
13.81416153141911	0	0	0	0
-15.617012412934258	0	0	0	0
12.160976882762881	0	0	0	0
-7.746532823766493	0	0	0	0
5.350461027119842	0	0	0	0
-5.126316157603036	0	0	0	0
5.37721040104968	0	0	0	0
-3.14491448907291	0	0	0	0
-0.6140876977087046	0	0	0	0
1.3699538382623544	0	0	0	0
0.2384288698981436	0	0	0	0
1.3474905798710495	0	0	0	0
-3.5805853852554037	0	0	0	0
3.191766147350222	0	0	0	0
0.11602203882619477	0	0	0	0
-4.865730142969319	0	0	0	0
8.50270307749161	0	0	0	0
-9.681407862022802	0	0	0	0
8.098790923017496	0	0	0	0
-6.825304491593712	0	0	0	0
6.472314053770397	0	0	0	0
-0.5988778326852255	0	0	0	0
-6.894870924266499	0	0	0	0
2.611833523121952	0	0	0	0
6.41397485572768	0	0	0	0
-6.4757222894931346	0	0	0	0
4.239620515954783	0	0	0	0
-11.514362954153015	0	0	0	0
19.332197270892202	0	0	0	0
-14.945284063876414	0	0	0	0
3.4971248778798625	0	0	0	0
5.68626880526444	0	0	0	0
-12.556815837982363	0	0	0	0
11.34773810072538	0	0	0	0
-3.4730950589421212	0	0	0	0
-6.306433305707273	0	0	0	0
16.2787368222138	0	0	0	0
-19.038712163179177	0	0	0	0
11.48286300527014	0	0	0	0
-1.5234053096906095	0	0	0	0
-7.158653811761184	0	0	0	0
12.227490393906187	0	0	0	0
-7.1852041325709095	0	0	0	0
-7.0560045558676165	0	0	0	0
16.962020144416122	0	0	0	0
-14.320652609021366	0	0	0	0
6.12536789694726	0	0	0	0
-2.4743182749778896	0	0	0	0
5.853046939920894	0	0	0	0
-8.128214804946602	0	0	0	0
5.424005274238972	0	0	0	0
-2.0277210041274643	0	0	0	0
-2.4108331809793953	0	0	0	0
9.791977607874351	0	0	0	0
-8.148262762577147	0	0	0	0
1.082050445520366	0	0	0	0
9.358129702456942	0	0	0	0
-17.377963516883426	0	0	0	0
