-0.07742538433150514	4.056980418628314	8.441766805656911	-1.3545282760591846	16708.044770334447
-1.0374846156703796	14.550160540472014	26.223389420978577	-5.867422039361614	16706.162036068537
6.165698682875679	6.821667942888816	-15.513479330133393	-17.068587309118797	16703.59804658901
-4.896781681153797	-3.367737538831321	-7.881686140093095	36.11290528364752	16709.682670015158
2.526765422936471	-2.0923957175623897	4.018465374412713	-8.628070281528267	16687.03830172625
-1.9426278255908755	2.1232655763628685	15.808156533844226	-46.413383443302095	16771.904892380306
1.3122902616776386	-34.777310037607684	-25.873549165623658	1.670315674091995	16980.890916828488
-1.2581395991796782	12.635676599211443	18.874934252576907	-59.38674625284486	16778.9393495637
4.456308617082129	13.82128580769411	-59.24667443132262	6.369045803355505	16727.667582620765
-5.501883569452488	0.027452874416439954	22.550880461998275	-30.89565039062576	16709.920430665927
0.4842876280355881	14.310670013002088	27.997408780316505	-31.814525923753067	16484.6131376491
4.0307803912122395	9.394664471474833	-10.228966794638907	42.150903214843	16397.325142081507
-3.7848961310466436	7.143377777153972	15.087276544630555	-87.15514485939377	16422.95973933245
2.0505503135748953	-23.25512138027662	16.73381958798508	37.68557797927136	16340.92301825542
1.0374856301891455	8.723353818167531	-6.698968986838153	18.46459341219824	16227.5398060777
-5.1480870307588305	13.248088545575506	-71.12912287809296	27.030720431872666	16133.352905554508
5.332187935729543	-13.08504142528416	78.62263398470449	3.2508208857606036	16338.93537545711
-2.4165370336399405	-7.648865438493388	-28.53645020452832	90.67954005882912	16722.377752862696
1.101255727185496	15.590672902793045	14.29799973863335	-36.09422435628957	16653.129173510522
-0.6474894003991096	6.364981316828953	0.5746710502706094	-26.01870528882577	16686.447470562445
-0.6349537029024148	-11.117265430128235	-18.495516519567346	95.94901186008443	16787.53181473999
-1.2222460354367684	3.419026103345189	-13.23705812355604	89.5505612993082	16640.6406152557
6.69638837567188	-12.691504264652053	4.560287761404041	-60.3972601898717	16701.737006119718
-8.990197027905644	8.576699774582053	15.234618045630782	1.2233715958047782	17033.780324582633
5.330576971941305	1.0900137310225801	-9.343177622531215	-20.520408503068296	17400.46625441418
-3.34242417686621	7.462016081305194	-5.0486630696847214	81.27730006789378	17401.164425150793
4.950527881205652	0.9102420070226742	5.134713292099889	-45.63242278496307	17201.863694752494
-3.5506715609756085	-31.054607509782507	12.511117902409254	19.737595652190237	17173.71303291557
4.712299650314165	-143.10730979076698	-0.6295035019045372	-6.131733223824142	17255.32119198849
-9.872899489458767	57.81134313863627	11.40066184019257	21.52348032618002	16973.087986531584
10.399824047154873	-25.660518739026763	-8.45405019396172	-25.145018023242102	17032.639018895887
-7.483554297681167	21.732931388031844	-2.5282700357819152	-64.8418056525449	17237.87238697341
4.649198302704029	-0.34786177004390595	24.299904548088378	123.92918124251301	17397.192410511045
0.8746011320337885	17.74902101555653	-12.962677596117587	22.33842875633553	17182.959766107953
-5.768387540147259	-1.6284790640840896	2.4953713111290767	46.6360945420857	17140.70975610271
4.230863540089771	10.574445744526486	14.36367744515833	-21.70101854427523	16966.891367119602
0.257294931529529	6.13936339502321	-15.207769661096677	-46.617618944906226	17131.488360297255
-1.5525919263478087	4.370964846864943	53.99866479831337	-43.950669153286924	17370.822272692047
0.4586131911517839	-2.6321568780175397	59.38225597040842	0	0
-1.9756202567712293	13.621850277880597	85.6576993904886	0	0
5.336254744275415	16.514235838015594	-15.186630955666445	0	0
-5.189961731853238	-15.511297914107004	-0.9448447442460832	0	0
3.11272798924238	6.667223369500498	-16.375550396830903	0	0
-1.6944491701567728	-4.157022793385281	-0.026767564575521874	0	0
0.46046919202884595	12.78253155995862	10.796603405322202	0	0
1.1252383290146284	-15.720576616851424	0.9583771757305897	0	0
-0.9205196573320507	-11.596216052621038	-9.428335442050056	0	0
-0.28454189474289393	-9.232215353148433	16.843423447603513	0	0
1.6027474629852279	13.648562364055984	21.878652468745372	0	0
-2.664758655441638	1.796298227152164	-2.8272027494301	0	0
3.5656019795720653	-4.437012950428986	7.235269271678618	0	0
1.4863907851326204	2.585142898875695	-14.945641340115259	0	0
-8.20007117996996	-7.827326851045633	4.7129426150840175	0	0
15.3685322986708	-17.662394592239124	-13.263938309810996	0	0
-32.64659161287365	-6.746271451399743	6.792653814001341	0	0
46.517462705061256	9.1362386894126	-6.19711506826404	0	0
-34.380743089267106	-0.4776786140572469	7.212043276982001	0	0
12.159840620482932	-5.686448472331314	-4.858488401009041	0	0
-1.095939812409135	22.80950303441128	51.3975544077888	0	0
-1.5226881213578238	7.121656534012814	6.607287022108608	0	0
5.011259275977665	-11.333293820189546	3.126981965635565	0	0
-6.336138742716429	-5.711657055700137	17.19625124705742	0	0
3.046114201601526	-25.121821153505117	56.66694191837176	0	0
0.11279943503700451	-8.525246648492292	43.34895514869491	0	0
-0.6336154833610621	5.637231660776656	-40.46411091710897	0	0
1.397417596791442	18.418756224429295	1.6330743745986354	0	0
-1.9998436536679023	7.32396411596212	-8.280210094567778	0	0
0.11859779909195822	-2.5377587178802585	7.388925549019277	0	0
2.305621212670907	-19.413982373364888	5.79427956682791	0	0
-3.528232401404125	-2.0194047136359004	34.80497942686641	0	0
5.544339116746954	-2.4934871303404407	0	0	0
-5.277365750739271	1.002020861719373	0	0	0
2.0861819153893393	-0.8901869281625778	0	0	0
-0.2657624004699386	8.000477133619093	0	0	0
-0.5286705675141121	68.26023390195988	0	0	0
4.358363233467593	51.10650087578016	0	0	0
-7.220790270055097	-7.509427979285228	0	0	0
3.55143941647615	13.734996149633517	0	0	0
2.255237803444288	6.603811886878198	0	0	0
-4.1137418531240115	-14.959479752360082	0	0	0
2.7564554021230663	7.65731483043335	0	0	0
-0.907931798270802	-33.009630882920305	0	0	0
-0.0488804642166869	19.837943468155572	0	0	0
0.5637336200411909	-8.811523340266831	0	0	0
-0.15142711974629464	2.468500834832355	0	0	0
0.26213856280040204	-11.370817664051003	0	0	0
0.07156751589619859	6.43527780417665	0	0	0
-3.838144420780921	5.012729224417356	0	0	0
5.613651394960208	13.334476837699242	0	0	0
-2.198486187823967	1.331358871516727	0	0	0
-2.257908016535616	-14.997032759561904	0	0	0
4.315112022316065	-9.134756170832887	0	0	0
-5.610470004187938	9.959600161950291	0	0	0
5.400285666741425	-10.89664583153921	0	0	0
-1.943782004397434	-14.135061072321548	0	0	0
-0.6820929204654504	-7.860826473046245	0	0	0
-0.7159035891580885	8.347736746572707	0	0	0
2.871822155777636	20.103290366465558	0	0	0
-2.7448228435132336	-5.623798448895855	0	0	0
1.461320837940704	11.455116148735925	0	0	0
0.380043384173419	0.6223340453217645	0	0	0
-2.5367297565778344	1.2824063165889044	0	0	0
4.140057047468886	-2.6497691177666525	0	0	0
-3.7203149294198994	0.08362381336104363	0	0	0
2.540328559606607	-6.12705591965409	0	0	0
-0.46768006274152185	-12.208696058662476	0	0	0
-4.238691717429255	13.083719797988685	0	0	0
7.740921187830899	5.747564909908263	0	0	0
-7.068011534104286	-0.1607787434504786	0	0	0
5.96977824783761	-2.485720229286372	0	0	0
-6.603929290041762	-8.572904675122189	0	0	0
7.232920648186813	-9.153651831668938	0	0	0
-7.4701561874878735	-6.930859164131675	0	0	0
7.367945129023134	21.23830383632732	0	0	0
-4.5060358797874684	9.25379931261726	0	0	0
-1.1051604420674082	-3.9301732967753082	0	0	0
4.384143577271452	2.798393700605544	0	0	0
-3.062055914518311	-0.9200530323035707	0	0	0
0.3405134739428348	4.316874949705436	0	0	0
1.512026359045045	-25.10986249177097	0	0	0
-2.3169109844699847	8.241059059252905	0	0	0
3.2458676118269025	1.0019293618636382	0	0	0
-4.327055912958535	1.4121158360222097	0	0	0
4.650469448619376	-116.20410476924897	0	0	0
-5.507884856119965	12.117291264153423	0	0	0
5.691519043727993	-19.448758928161467	0	0	0
-3.971908216843353	14.259198164305097	0	0	0
2.3153578570978013	5.729955151185543	0	0	0
0.7977282822700573	-2.8974316737267785	0	0	0
-6.541173725106447	-17.84311405744225	0	0	0
10.134324742234632	23.287929589492677	0	0	0
-10.390529220012091	-7.3402189251898875	0	0	0
10.965998959865026	-4.990351595173948	0	0	0
-9.895009683286872	0	0	0	0
5.718914825547529	0	0	0	0
-2.817881533821044	0	0	0	0
3.0304241349895236	0	0	0	0
-3.148609962807541	0	0	0	0
1.4027914807698423	0	0	0	0
-0.5855483488333917	0	0	0	0
1.4653680917199523	0	0	0	0
0.6871118511788978	0	0	0	0
-2.9584434442321026	0	0	0	0
0.6677185308227749	0	0	0	0
3.4036531937280046	0	0	0	0
-3.5207192077976046	0	0	0	0
6.883500133159188	0	0	0	0
-22.44467083141773	0	0	0	0
33.9030887380745	0	0	0	0
-26.64864541054959	0	0	0	0
14.520690905847154	0	0	0	0
-8.694501000601825	0	0	0	0
8.026117839216404	0	0	0	0
-8.469201283363851	0	0	0	0
7.901822985083548	0	0	0	0
-6.446666702513092	0	0	0	0
3.564331772095038	0	0	0	0
-1.6398652331101289	0	0	0	0
1.5907782616071486	0	0	0	0
-0.8486972420349446	0	0	0	0
-2.2033449137010663	0	0	0	0
5.209803447067017	0	0	0	0
-4.527390866091125	0	0	0	0
2.240983683744517	0	0	0	0
-1.1172433616818864	0	0	0	0
1.3309312703523588	0	0	0	0
-0.3946388076986622	0	0	0	0
-2.0273364768688396	0	0	0	0
1.7935767401658254	0	0	0	0
2.336537317270519	0	0	0	0
-5.02428873683764	0	0	0	0
3.9072285983914696	0	0	0	0
-3.730411882875714	0	0	0	0
3.4490809452858002	0	0	0	0
-0.5841553771396519	0	0	0	0
-2.177396315673924	0	0	0	0
3.419981015956587	0	0	0	0
-5.026089270457817	0	0	0	0
4.447020435686021	0	0	0	0
-0.8745521274982764	0	0	0	0
-3.0792784005995983	0	0	0	0
4.479174122055525	0	0	0	0
-3.6807681211870076	0	0	0	0
3.4121100624492584	0	0	0	0
-3.741948482882016	0	0	0	0
6.046637331876298	0	0	0	0
-9.963609164976617	0	0	0	0
8.697399582258903	0	0	0	0
-4.377310378583537	0	0	0	0
2.8443986036966393	0	0	0	0
-2.8392866907941823	0	0	0	0
-0.9505395080385455	0	0	0	0
6.468468570745543	0	0	0	0
-7.991009285545623	0	0	0	0
5.934495738670286	0	0	0	0
-3.483294995884826	0	0	0	0
0.4725130605543981	0	0	0	0
1.6087683261064285	0	0	0	0
-1.2674266967103094	0	0	0	0
1.575384961720296	0	0	0	0
-2.1954126085920223	0	0	0	0
0.31716329915491315	0	0	0	0
2.3783183106227312	0	0	0	0
-2.37742672286884	0	0	0	0
1.732950315977881	0	0	0	0
-3.8198349156680536	0	0	0	0
5.394203491278688	0	0	0	0
-2.549718671440125	0	0	0	0
-1.0832164168598055	0	0	0	0
3.5740847635609967	0	0	0	0
-4.493415036592992	0	0	0	0
3.1938189703327637	0	0	0	0
-0.915068976250005	0	0	0	0
-0.22847715210358643	0	0	0	0
0.0019619723607604556	0	0	0	0
-0.39087495084980617	0	0	0	0
1.6617863161715505	0	0	0	0
-1.239472971308146	0	0	0	0
-0.37478896438305753	0	0	0	0
-0.5532510456924342	0	0	0	0
1.2964633620167945	0	0	0	0
-0.0041105032347559245	0	0	0	0
-1.154874936136416	0	0	0	0
0.0834842965228546	0	0	0	0
2.5015090084785996	0	0	0	0
-3.987908103416885	0	0	0	0
5.017213008150705	0	0	0	0
-6.605527001324944	0	0	0	0
5.316679113892334	0	0	0	0
-0.6103568004846309	0	0	0	0
-3.9675951046738405	0	0	0	0
5.10492120049264	0	0	0	0
-4.148075545748746	0	0	0	0
2.386508811945234	0	0	0	0
-0.7517178782768212	0	0	0	0
1.698307357860152	0	0	0	0
-4.722744579908117	0	0	0	0
8.369903739360034	0	0	0	0
-9.98292402025961	0	0	0	0
6.938552064257642	0	0	0	0
-3.0003995040698754	0	0	0	0
0.756287387384468	0	0	0	0
6.550633070276305	0	0	0	0
-20.667414656112733	0	0	0	0
24.66952351369754	0	0	0	0
-9.514394455516069	0	0	0	0
-2.507253203961824	0	0	0	0
3.094805582249542	0	0	0	0
-5.961805177926443	0	0	0	0
8.323988670291996	0	0	0	0
-3.7644794124570993	0	0	0	0
-0.1176450088334704	0	0	0	0
1.195457749058086	0	0	0	0
-3.938853530500168	0	0	0	0
7.408668751958949	0	0	0	0
-3.2277178822255195	0	0	0	0
0.30747153996763643	0	0	0	0
1.2941873278349831	0	0	0	0
-6.952498538383452	0	0	0	0
