-0.36467894917071675	5.608678793195928	-9.583658971602532	0.33936505722294896	16845.569158255763
-0.6696894954837447	16.373600054995983	-31.21924784629512	1.4394041646059605	16842.291182599038
0.6794526460887127	-13.469835932620867	-0.6921772102564745	-6.681460684485899	16848.564150106406
1.2117138387957596	11.7272395223726	32.20204579836059	-17.267593665756195	16845.59703876491
-1.5353942300004633	2.6722408020958994	-2.765502727463769	-0.18202521868018096	16840.450681453265
1.4289915362696348	2.6736848015785313	-35.075169650893045	-9.570808945698673	16856.298361793695
-1.5122084762463288	9.21666640006795	-2.506208082228639	7.132330388877008	16915.96362014839
-0.6486895271376127	-19.147937119740206	27.94440693184744	-12.228920985468363	17019.2285306352
1.8799126484968625	27.601993992652986	-23.686669303145706	-69.46355088308775	16995.00535110877
-0.4117710990539223	-5.670813578404378	-26.035815738110756	26.76759067180747	17024.996846506572
-0.27571936320228474	-8.177379117092997	12.243829243828472	-33.450161458815515	16831.837849618085
2.314714648353373	-4.981224448942946	-3.3505946537098765	64.08977571228395	16656.31960025688
-7.878268970811995	-8.248454329632736	9.906020867102	-37.9988999167787	16595.9757520528
9.815269735726474	-16.000571362095066	3.5900739371413124	-10.899860048213426	16714.866427310455
-5.216007180346018	0.20865712736157604	-9.081900395995234	68.6271407239051	16715.623497420536
0.9096611650883943	-0.06004840515363696	-7.478448166959623	-25.4669948368942	16650.97838026398
0.3495824512116954	9.749740167956581	-19.98604881408467	32.13997411918703	16959.599622537935
-1.5634587618718143	-4.172697995304752	2.0676671455219378	4.1010057108196065	17045.41990507924
1.7272299365307333	-0.6318886913788475	-30.673394464043866	-25.620711801665934	17053.02931206916
-0.9783617536768574	7.638923376388178	8.044163881922259	-29.613119250813995	16943.521419101868
1.0999703765175042	-6.059120698766627	9.742653952434537	24.769765526926676	16922.71888603691
-1.0236748636276474	16.890655057634717	-12.105370403960848	18.825531416740105	16955.94249514339
0.6731459361520535	-5.6613481494576945	-6.022495397244455	33.454973016274806	16752.546682877844
-2.033671095222992	1.3384806563600407	-2.117100695714882	-0.9285777971596474	16846.256796256897
2.4911346136969144	-10.280296419035032	-40.47051599117536	-21.593621733909558	16963.93276252292
-1.5342113895170684	11.005394790315016	22.245316387956123	18.700935406926604	17004.022510803334
0.7141694927132463	8.759646919025712	-5.6661777878147035	-18.324464602993103	16981.325534996067
0.9794786638280328	-8.539808605765558	8.620041133166495	23.70186797503422	16869.949283267404
-3.1223880642896944	9.31228185238519	4.299568167971415	-4.1769021501436185	16906.11785222396
1.3479451258805284	-6.452408605923878	-27.884555303836436	19.58655081153661	16913.123273294797
2.362559687762534	12.242895658264615	15.387521723961399	-22.778792923467904	16948.953256240027
-3.0222141751951384	5.240280360417728	-16.233943414169303	20.471132056345567	17013.585306314126
1.2219983916932335	-5.418636086383785	-3.533480639777011	-4.551609854310485	16969.93614092682
1.057282201865135	-9.263891948289839	-5.427035784728631	-2.0028418646161157	16957.879710839556
-2.793198296288274	1.8017507991549238	-8.421919376060657	26.57379267009479	17061.700258234752
2.799842777069543	3.707316054415571	-32.70884638128881	-9.660802921253179	16984.49826560115
-1.4673540740889237	7.475097974710927	-33.12121282004098	-21.59157282677866	16977.7784781382
0.5994449386340008	-0.03457049631804665	24.71121560224988	10.437401054913352	17065.762971255688
-1.5832027023579869	-1.5139309490989703	4.098588567453632	0	0
2.1778179578363677	-3.400039579165771	-17.337417261792993	0	0
-0.3906225264031704	1.9002067476926996	1.5225642104876869	0	0
-1.9058168068856887	3.419579551721114	22.338072178465453	0	0
2.3772283524855666	1.4333056838836171	0.49628713389451207	0	0
-1.457252535819741	1.564125222782529	-10.295545086915936	0	0
0.7928005609298197	2.255323093812102	-16.018446239012775	0	0
0.4792192234282808	12.280808087908824	-1.4389895292996613	0	0
-3.385653902409395	-11.733429657304747	-10.827859001958416	0	0
5.142693306328638	2.762482314083286	-2.4483586963672224	0	0
-4.161215761469066	-0.17765791568533018	5.649613873096612	0	0
1.8139434808622	3.561105856400907	-5.0115484049592425	0	0
0.827163281549808	-6.073177027896591	20.064821658416733	0	0
-0.4093261780301063	16.288758036483046	3.091843682779512	0	0
-2.631627098224655	-4.686940095087962	-27.578339280964357	0	0
4.0801706497885135	6.199971804378393	24.472894919288166	0	0
-3.0946881169283387	5.921307400130971	-3.52818635624854	0	0
2.431598796345668	0.038791046698193554	22.843735573763894	0	0
-3.640829807327293	-3.7969184620307175	4.406602050325077	0	0
3.9522628723985918	4.497643639959243	-4.202098146502394	0	0
-2.307029658369167	4.916491648683319	-5.705076461858397	0	0
0.8989803314945846	-6.85392766537651	1.15785287585868	0	0
0.3779324965591968	-2.127821343974844	2.0443693663910096	0	0
-2.1510525731296894	1.102161626153645	1.689528429892178	0	0
3.440490905028767	-2.740161294015479	-26.603357309929876	0	0
-2.511884944071163	-12.019443935727033	12.31422686489573	0	0
-0.7828934645481169	2.324971993526333	-14.914513516301383	0	0
2.7306967814227434	-2.7014993014282	-9.791360142289633	0	0
-2.5665325928336173	6.293310108217206	-0.283965652554798	0	0
3.3597648618360907	-17.83959170220048	1.9631447671972069	0	0
-3.8393884215430845	-4.344928606825242	14.289687428237542	0	0
1.2452828601220531	9.89207355721475	8.78298980546657	0	0
2.1615838918780597	-0.8771846403914267	0	0	0
-4.115170753131089	-2.4465978958766996	0	0	0
4.491587523833303	-1.1276483631411907	0	0	0
-3.441331601155497	5.785949995378779	0	0	0
1.0452200395672975	1.1806280941164502	0	0	0
0.43411054549457617	-1.1682232742088985	0	0	0
-1.0209164422699146	0.5381264366573149	0	0	0
2.0528573965784105	2.1016466705750076	0	0	0
-2.146737511026515	-4.897110091733914	0	0	0
2.2513797536248745	8.608162691047426	0	0	0
-1.7561066069113949	2.2718857466283495	0	0	0
0.38209014077990133	0.04177569657339575	0	0	0
0.6641459268576071	6.445387035314248	0	0	0
-0.1596295883722263	5.995696889767721	0	0	0
-0.5311717174622785	0.5351627632862375	0	0	0
0.8727485680846101	-16.13591791256585	0	0	0
-1.0671136765466755	-5.388453967584823	0	0	0
0.9220085603753319	11.253673445716004	0	0	0
-0.0450372396514922	-8.381215524151713	0	0	0
-2.9579289287520254	2.2215967615783114	0	0	0
4.057573697100921	-3.0749617481285014	0	0	0
-0.03036698497236756	-9.701203148040861	0	0	0
-3.999719576091792	2.8283844802736553	0	0	0
4.496321031042989	-3.6159634208729514	0	0	0
-3.3837576728684695	-4.6764216136349575	0	0	0
2.0092787928514326	3.461722615992443	0	0	0
-0.20417217235179663	-4.641942652137715	0	0	0
-0.48981908119507267	15.37618980683569	0	0	0
-1.3164323937292792	-12.534623262681109	0	0	0
2.063010448236099	4.882080820976256	0	0	0
-0.020861101171931296	9.226015966728816	0	0	0
-1.6841754694063553	-1.7659974289587694	0	0	0
1.2976355815598026	13.17707276207009	0	0	0
0.08875778588472372	-1.5713642383809585	0	0	0
-0.9791744584734658	-0.8772092075410853	0	0	0
1.546742185824506	8.999330828204712	0	0	0
-1.8883626566536478	-0.45592389297021185	0	0	0
2.156261070051684	19.19928416258073	0	0	0
-2.026543926394254	-16.830553302199142	0	0	0
0.7636354044271982	4.551091260424258	0	0	0
0.37393343953015545	1.3056354335653353	0	0	0
0.5683262829190809	-15.141846888293053	0	0	0
-0.7878531050186908	-6.939917722811913	0	0	0
-0.6535622159392247	-8.823837551587353	0	0	0
2.5591184652222196	0.48278695537768357	0	0	0
-3.847013604334286	-2.1378570200853844	0	0	0
2.8011757915357762	-4.571276370288672	0	0	0
0.2314754687696663	6.3680234060360235	0	0	0
-1.7296756685563182	-12.691716760322748	0	0	0
2.570998650279897	-5.123989778857542	0	0	0
-2.6890417476984183	2.1807467724705702	0	0	0
0.7144906637174557	-1.262043163034427	0	0	0
1.3014305221525788	-18.908266707203076	0	0	0
-0.23991718410938745	-0.5835015235091419	0	0	0
-2.3568496061209387	1.5004375951642714	0	0	0
3.236084320353484	-6.191824300466479	0	0	0
-2.2222387376780333	-1.5203605509587277	0	0	0
0.7703339166386982	-4.175246726183779	0	0	0
0.18790287875783207	12.656632869295265	0	0	0
-2.3429793927143336	-5.4249095653796005	0	0	0
6.015197326748748	2.592608356303451	0	0	0
-7.167988717681119	-12.660467744875362	0	0	0
4.92740802152219	10.138107662546005	0	0	0
-3.6063774186622197	0	0	0	0
2.791011446999484	0	0	0	0
0.14394617083110717	0	0	0	0
-2.179260051397087	0	0	0	0
-0.22976138532263235	0	0	0	0
2.627998752924846	0	0	0	0
-1.897740597713458	0	0	0	0
0.3318471349843577	0	0	0	0
0.3532165633771882	0	0	0	0
-0.7657030329703289	0	0	0	0
-0.14158650112884885	0	0	0	0
1.6090621828535063	0	0	0	0
-1.068260788836092	0	0	0	0
-0.4781210049540263	0	0	0	0
2.4029717242759574	0	0	0	0
-4.631044923514629	0	0	0	0
5.064308709550147	0	0	0	0
-3.83250381728476	0	0	0	0
3.861454322251234	0	0	0	0
-3.502412807638585	0	0	0	0
2.015312294567593	0	0	0	0
-1.4106164500401377	0	0	0	0
0.6471487789894823	0	0	0	0
1.5287014482523418	0	0	0	0
-2.042945248200624	0	0	0	0
1.477109799866902	0	0	0	0
-1.7580571557190794	0	0	0	0
2.3963118222858952	0	0	0	0
-2.581054039518939	0	0	0	0
2.161304056004049	0	0	0	0
-2.7921569712158814	0	0	0	0
3.700512754847381	0	0	0	0
-4.001280177979297	0	0	0	0
5.139943786423736	0	0	0	0
-5.241566821192777	0	0	0	0
2.7049204874439425	0	0	0	0
-0.6946055875578665	0	0	0	0
-0.5429631080703956	0	0	0	0
1.810254793060544	0	0	0	0
-0.837859533808988	0	0	0	0
-2.0896254161210805	0	0	0	0
3.1985580771774877	0	0	0	0
-2.0013012726484476	0	0	0	0
0.5297033977847079	0	0	0	0
-0.7935945299009006	0	0	0	0
1.8997039676993666	0	0	0	0
-1.0439708013139324	0	0	0	0
-0.9185496987254567	0	0	0	0
1.0108092267893198	0	0	0	0
0.1374457873136805	0	0	0	0
-1.1871671162520627	0	0	0	0
2.3216858976720474	0	0	0	0
-2.6060795378428523	0	0	0	0
2.2225255485857076	0	0	0	0
-2.6349028232797167	0	0	0	0
4.279186393943299	0	0	0	0
-5.402672918913822	0	0	0	0
4.295247046115293	0	0	0	0
-3.169143214688013	0	0	0	0
3.7525848685726046	0	0	0	0
-3.4299954615947286	0	0	0	0
0.11229572065506943	0	0	0	0
1.9502204519193427	0	0	0	0
-2.151101278242578	0	0	0	0
2.077221458880153	0	0	0	0
-0.5024924870646998	0	0	0	0
-1.2270481149656476	0	0	0	0
1.190637840226806	0	0	0	0
-2.802589945254695	0	0	0	0
5.966696647147025	0	0	0	0
-6.904217226032465	0	0	0	0
5.199379444585986	0	0	0	0
-1.9892179759916644	0	0	0	0
-1.9685959840365541	0	0	0	0
3.7409000072687135	0	0	0	0
-3.2539551468142633	0	0	0	0
3.0653849286862567	0	0	0	0
-4.041311659116644	0	0	0	0
3.475277459848037	0	0	0	0
0.5033648853768256	0	0	0	0
-2.6446237706835376	0	0	0	0
0.44183973482651595	0	0	0	0
1.9816066391808818	0	0	0	0
-1.9080460489265505	0	0	0	0
0.6236158117637842	0	0	0	0
1.3306305347840421	0	0	0	0
-3.82082293060688	0	0	0	0
4.536560178233053	0	0	0	0
-2.700551597165571	0	0	0	0
1.3202769795149933	0	0	0	0
-0.7481283117112838	0	0	0	0
-0.3225395690931592	0	0	0	0
0.4277332966055951	0	0	0	0
1.2408434711807885	0	0	0	0
-2.9575700568734433	0	0	0	0
4.378406493950074	0	0	0	0
-4.813930217002557	0	0	0	0
3.9543044801922207	0	0	0	0
-2.791032841316877	0	0	0	0
3.40432526828787	0	0	0	0
-5.1996846197381	0	0	0	0
5.526804644615481	0	0	0	0
-4.410922083261013	0	0	0	0
2.7160583991768803	0	0	0	0
-1.3134163359968127	0	0	0	0
0.40673158241242646	0	0	0	0
-0.26398404233282236	0	0	0	0
0.6096813034068234	0	0	0	0
-2.1083162886481333	0	0	0	0
1.4178106118508325	0	0	0	0
1.643387366458235	0	0	0	0
-2.837394237351738	0	0	0	0
1.561674038518376	0	0	0	0
0.9325530537273963	0	0	0	0
-2.815369546159758	0	0	0	0
2.694244766361315	0	0	0	0
-2.0372825840079827	0	0	0	0
1.7737060620281326	0	0	0	0
-0.5385248558022582	0	0	0	0
-1.8075880767091164	0	0	0	0
2.381277248708443	0	0	0	0
-0.47629178402038974	0	0	0	0
-0.3668255138126426	0	0	0	0
0.24646869779103042	0	0	0	0
-0.18769866744470676	0	0	0	0
-0.036828260593622986	0	0	0	0
