-0.1021286952626923	-0.9866395279904907	9.198579361168669	-0.4418355019101341	17464.397301371813
0.24954934718484623	-2.1269155569491147	28.565141096451697	-3.85551891132053	17461.322303747802
0.7971124281991067	1.402069339379068	-22.931794683448487	-33.90669783175292	17457.787406839485
-0.5802045307852737	4.74045173873067	2.0961224176275834	-10.777849009691494	17466.171116129386
-0.07745845381865024	-5.499163989083058	-1.5963462412620686	-4.264612297402721	17442.61622288148
-0.22186344374075873	3.6395435000606966	4.387157246979839	-37.355707195775665	17526.086589350092
-0.7956564254583469	0.7717593699620267	5.6947717813360015	22.08061648339597	17833.36806333086
1.5643056516389393	12.784596187694603	4.754166610096689	-5.669749351814289	18070.850214845566
0.13974492286463658	-10.211670900671365	25.9600641670758	-51.504214521038904	18109.76450434558
-2.2673762615585176	3.9000729880815044	3.4550314247455844	211.2711221675918	18000.024947937694
2.276345245703972	-3.9741453694491753	-6.930642773460207	-115.61842819805926	17938.312619790035
-0.9596301400125711	-14.2798559035013	-8.013260769660505	-50.84242665268667	18231.452036940078
0.9681620167436407	2.2996306234956876	16.05929813228697	-34.63776683422026	18537.946211665192
-1.2206080904684171	-18.98229799341634	-4.519691208502252	140.41110148739435	18355.905378040967
0.9805001893993222	-1.9151237187121808	-12.06551094753263	6.30456593753334	17993.576829825903
-1.243786162773013	0.7031490396692845	71.06184955619575	-46.28356508946695	17490.588872187865
2.98611292188302	18.203570472951554	-78.92502760966687	43.23594196437341	17203.499837638374
-4.126165633271633	5.92821731976079	-8.386843199571132	6.431945410898962	16726.380313395854
4.3028005998866945	0.18236640659601733	41.07524851272126	-7.38078756540223	16639.407415616857
-3.2275444660018167	2.913137118367459	-35.94723314344493	24.40816463635663	16566.307284062717
0.47121361970743436	-11.95196992425275	2.431273052386601	25.218565018357396	16487.425789708122
1.7468595771395456	10.70723005332566	56.469608845572196	-8.912263310112266	16218.080348924672
-1.0807039713799753	14.624220221452504	-5.836970260782024	71.7260018739068	16146.29297166055
-1.6610048487608111	-12.74564210304898	22.41385231391449	-80.3615805588267	15955.989563041428
1.9274162782516413	15.236360970479467	19.58525290939427	8.424401136165656	15809.13637569574
1.7233083607988533	17.25970145326687	35.7630099605569	7.2681485329044335	15851.570267257226
-5.024932322136216	-5.4659054199915715	22.260966328896373	8.11614697237492	15584.368989335522
4.69510960264963	-13.012435824057576	-18.689254101498776	-17.2824825245998	15455.470577130483
-3.8747250141427685	12.471439721267572	-11.167801688343104	21.79688104810991	15504.67246669688
4.028117836941469	-24.109046822493127	11.807148853276047	23.277618248837726	15478.62856899689
-3.2426535755792187	14.351500448569993	4.358670640135244	-30.45077532096532	15547.418977642315
0.4604747248369421	-18.96851703524888	-7.170315231527141	10.43255109861947	15636.374725898862
2.065789370155798	-2.603345628256605	8.25812875439442	2.6076838180312905	15614.269652927054
-3.629933425095942	13.461194462689306	-2.398704622073737	10.989825374754133	15712.344034714126
3.304993511457546	-13.083673990537505	-4.071575010332992	0.30007552042957286	15809.124562296178
-1.7555724050282677	11.842994121005077	15.825587383122937	0.29599432759206934	15930.949441373541
1.265641770295666	-8.559496172336466	-16.750617648701294	-5.246965091785086	15991.584285541263
-1.189402487335954	37.79875754586625	55.32015341242128	-10.103353588620251	16022.363247843698
-0.1647943179843665	-48.957259060234975	-40.66017421705183	0	0
2.086751672839462	27.731245901157436	-5.010730724436343	0	0
-2.5700301239887935	-10.975270497790333	-8.050845950762266	0	0
0.9728297577996727	-8.4172497062101	-29.58226923872347	0	0
1.3140147919475567	11.99971903183058	-0.689063324605371	0	0
-2.9453303693308115	7.860078497405539	-28.58965559925764	0	0
1.1198411456300619	-14.442037201889733	16.372566702113147	0	0
3.0429895537478444	-1.813250676588865	-12.38720945733786	0	0
-4.616466030566585	-13.675699433990275	-7.018912381666411	0	0
2.4292478108907574	25.097793859354766	13.494349902944137	0	0
0.7826356567686688	-20.912692812779255	0.2787509122210139	0	0
-4.157035630048718	6.940778802025875	-7.907577938874681	0	0
5.08890941909042	-3.643698790281668	11.177951735300311	0	0
-3.2959986159020858	-17.0824385571745	1.1429025045582364	0	0
0.03123160821411375	-19.99790120998489	-11.080393078531145	0	0
5.7605165771015265	-4.7721896881193615	-13.290933245884702	0	0
-6.889580454089334	-12.647650290076577	-16.298719948192414	0	0
5.1568885272874425	5.771308225923512	25.227877058443198	0	0
-7.642670861074876	10.947992307411134	-7.739740825941979	0	0
8.212270496579585	-6.258175657684923	1.8590242001789363	0	0
-4.259214430932708	3.7527027463859355	5.299764181932716	0	0
1.7475413889865195	7.070690498151009	-12.627814052564858	0	0
-1.4366706670062115	27.60179330911862	6.434434438885091	0	0
0.29772924479004104	-7.278958456683235	5.580842931392539	0	0
0.9396891921422537	-10.983464530081989	8.345856068592582	0	0
-2.5421708996197268	-3.3732518765067354	-27.50239936898825	0	0
6.133216085394466	9.453621443517022	6.947052585295637	0	0
-6.779372272069487	3.709501818916017	-8.455996134217386	0	0
2.6523540804883154	-0.5661047149046183	4.190386621049598	0	0
0.6077511544847098	-10.11761427506329	-2.504660266574021	0	0
-0.8100262498527186	-4.491557146089356	6.526481546161875	0	0
0.18084458170282147	-6.895464444056017	0.4253442112024004	0	0
-2.965278705081346	4.65152667586662	0	0	0
5.198512445443868	0.49014520179923693	0	0	0
-1.697916086500534	13.034553533715567	0	0	0
-3.0340515657065765	-9.417839893167823	0	0	0
0.35145112852260496	12.866159226774691	0	0	0
4.854920658393752	-3.3092249963745815	0	0	0
-2.5037666128644673	14.404204493687352	0	0	0
-2.9667830848938124	-1.5183701072694404	0	0	0
5.559867655676612	4.285661434490343	0	0	0
-8.270854248259369	0.9157630332571713	0	0	0
7.87320387941039	-5.087768883558745	0	0	0
-2.786277601830278	11.700763793439563	0	0	0
-2.4774075103411946	4.59610576229646	0	0	0
3.765286216839847	-12.848750795195976	0	0	0
-1.9435010828367396	1.7193712050439842	0	0	0
1.3451674389120996	-7.494701909695799	0	0	0
-1.781929245027257	-0.06970859733495871	0	0	0
1.0798448456445726	-21.41761068996084	0	0	0
1.0386114200166006	-5.357488653092695	0	0	0
-0.7668398127545757	-22.988492160862663	0	0	0
-4.0096177919857325	3.3602788377521975	0	0	0
3.9649119937828488	10.053251134331916	0	0	0
2.9193556930314912	6.243194911368107	0	0	0
-5.7221833629023	-1.1738080916357774	0	0	0
2.8750200458435202	-10.674465791461785	0	0	0
-1.3918711829745263	1.721261313978161	0	0	0
2.507742376871846	4.656950113716796	0	0	0
-3.534752818319056	-1.732690323187505	0	0	0
4.3517091722609536	2.6829889602320165	0	0	0
-7.686399901239255	-8.810884560455627	0	0	0
9.17354520856479	-12.371198848548651	0	0	0
-6.618309471850154	7.523036257580166	0	0	0
3.3284939564041593	-13.755876516741736	0	0	0
-0.6465468449961378	-0.2886283592211285	0	0	0
-1.1002192853929316	-7.495514142761671	0	0	0
1.1875283845121487	4.8954241393063	0	0	0
-2.2026839681869603	-19.078963704942502	0	0	0
6.023159064833891	30.588454080849957	0	0	0
-8.206775746478677	-1.9138254172786517	0	0	0
5.913216495610172	1.68013994243762	0	0	0
-2.385793630665539	9.415196765539577	0	0	0
-0.143659796331427	-4.958965624349283	0	0	0
0.7410814659177589	26.80922002430985	0	0	0
0.9741940814887826	-8.326014146361615	0	0	0
-2.6208651672526813	22.106886774750933	0	0	0
3.390628704348856	-2.9939535071480066	0	0	0
-4.8165241432535595	6.587583790701579	0	0	0
5.71957885487349	-0.6506964849193508	0	0	0
-3.4535092113481056	8.10785475486982	0	0	0
-0.19440906884135245	2.204051048743949	0	0	0
2.204974175288008	4.021446260611583	0	0	0
-1.6941361574026388	-9.105363388186213	0	0	0
-0.3101816981523271	-20.60684399889238	0	0	0
1.7569415622501054	0.08620618686317272	0	0	0
-2.276120296497062	-1.4333982580488893	0	0	0
2.283228801279911	16.549370440739366	0	0	0
-1.0675241818208292	-8.013034608804695	0	0	0
0.04646830819518044	7.175438468950269	0	0	0
-0.13624031953493443	6.721194691872107	0	0	0
0.578732178570533	21.55180407456409	0	0	0
-0.4574314475866146	-31.172667362366056	0	0	0
-0.556751165344636	1.4481663523308796	0	0	0
0.6484946943864784	-4.06136532363962	0	0	0
1.1482653932948566	0	0	0	0
-2.355468487940115	0	0	0	0
3.5550568970100684	0	0	0	0
-4.97246853579999	0	0	0	0
4.29178667021371	0	0	0	0
-2.5580497852847373	0	0	0	0
0.7672219193156664	0	0	0	0
0.4831638659615436	0	0	0	0
1.4187175732670383	0	0	0	0
-2.9430355884548334	0	0	0	0
1.8400235747765024	0	0	0	0
-2.46809164321224	0	0	0	0
3.8884254845599244	0	0	0	0
-2.53748675605393	0	0	0	0
0.8985431367643457	0	0	0	0
-0.7903309419902484	0	0	0	0
0.7187665344683722	0	0	0	0
0.7732558818415143	0	0	0	0
-0.9981006299455899	0	0	0	0
0.5052227598666406	0	0	0	0
-1.3681068976210966	0	0	0	0
3.0735267442216028	0	0	0	0
-3.491950034115362	0	0	0	0
2.1203562327440366	0	0	0	0
-0.37225054960423876	0	0	0	0
-0.6197245136089293	0	0	0	0
4.273700918792336	0	0	0	0
-6.299414061126242	0	0	0	0
1.9955588697080202	0	0	0	0
3.9366242482161695	0	0	0	0
-5.777303316687565	0	0	0	0
3.858876937416909	0	0	0	0
-2.6906330962493854	0	0	0	0
2.650852728128797	0	0	0	0
-2.28058748013423	0	0	0	0
2.3912046806474123	0	0	0	0
-3.9424571707917124	0	0	0	0
6.8536708500948365	0	0	0	0
-9.466151566927714	0	0	0	0
9.292047819655423	0	0	0	0
-8.343247223596315	0	0	0	0
8.132519293577396	0	0	0	0
-6.804314374169955	0	0	0	0
2.734214996496256	0	0	0	0
1.3068659304389527	0	0	0	0
-3.044833017072058	0	0	0	0
2.54089791249028	0	0	0	0
-1.234845837009651	0	0	0	0
1.1252307437964006	0	0	0	0
-1.7899703633857271	0	0	0	0
2.0931542874084528	0	0	0	0
-2.235991612646103	0	0	0	0
3.766419597720059	0	0	0	0
-5.857009506402662	0	0	0	0
7.7265532671642845	0	0	0	0
-9.233343658146183	0	0	0	0
9.049680463279167	0	0	0	0
-7.391491613068219	0	0	0	0
6.18809063971198	0	0	0	0
-4.861710832329329	0	0	0	0
3.286267009823476	0	0	0	0
-2.110159395096538	0	0	0	0
1.1910914407562743	0	0	0	0
-0.7933588073387057	0	0	0	0
2.440773423093823	0	0	0	0
-4.889560462340121	0	0	0	0
5.1863990964415265	0	0	0	0
-2.326363921080741	0	0	0	0
-1.5179852902125148	0	0	0	0
2.923245649836467	0	0	0	0
-1.1885550092003356	0	0	0	0
-0.03300690251336391	0	0	0	0
-0.7084635819866918	0	0	0	0
1.4671719422337475	0	0	0	0
-0.8124017928837759	0	0	0	0
0.9892909305982229	0	0	0	0
-2.012633544386894	0	0	0	0
0.42248431802768494	0	0	0	0
1.5716680010841557	0	0	0	0
0.4523274761199261	0	0	0	0
-3.451004558792036	0	0	0	0
3.2823592352222946	0	0	0	0
-0.9184619726913894	0	0	0	0
-1.565107718975483	0	0	0	0
1.9695316492017838	0	0	0	0
-0.48248436046724663	0	0	0	0
0.35832886692097077	0	0	0	0
-3.540466962553701	0	0	0	0
6.726891379687217	0	0	0	0
-6.680101408112584	0	0	0	0
5.3487769002892875	0	0	0	0
-6.488282805822919	0	0	0	0
8.510640695547444	0	0	0	0
-7.056463525270985	0	0	0	0
3.1729568979011944	0	0	0	0
-1.3659423047480743	0	0	0	0
0.8715996353303126	0	0	0	0
-0.235896826140376	0	0	0	0
-0.3866870802998079	0	0	0	0
0.839572976612871	0	0	0	0
-0.734629488883904	0	0	0	0
1.0643887372825773	0	0	0	0
-2.9518173887051447	0	0	0	0
4.971828201643795	0	0	0	0
-6.056464600703421	0	0	0	0
7.500673623141168	0	0	0	0
-8.815487264856785	0	0	0	0
8.690779013365685	0	0	0	0
-6.06197932062868	0	0	0	0
2.425568536215941	0	0	0	0
0.6587926616637318	0	0	0	0
-2.0501646970386176	0	0	0	0
0.9562990523461252	0	0	0	0
0.11431356180663954	0	0	0	0
-0.1309711795152495	0	0	0	0
2.4966614065026604	0	0	0	0
-5.928486529866696	0	0	0	0
5.285868869286901	0	0	0	0
-1.3280053208975247	0	0	0	0
-2.1366500496376304	0	0	0	0
3.4891782131428926	0	0	0	0
-4.014152370342934	0	0	0	0
2.1284052294807836	0	0	0	0
-0.1987753621270727	0	0	0	0
-2.2876427984279815	0	0	0	0
5.294598619184967	0	0	0	0
