0.14937686764438496	-2.8912577268187505	1.838294640961493	0.2071544568116792	16969.076720975263
0.49285897169839643	-9.050231285523068	6.078293140642245	0.3621002520117713	16969.494229360924
-1.9289509809079703	2.443334848306442	-1.4813909096069864	-2.520250383505811	16968.146851914
1.3751468251556531	3.9947092131930333	-4.378721328782149	-14.471680123710101	16968.850690068186
-0.3861997854184338	-3.9982780275683325	1.3111829320230584	11.628887460765625	16972.324949384576
-0.9080726742739031	1.6764509446795657	0.9821426776692448	-5.017284262674494	16956.91662582038
1.3762086664039543	-1.0753394624720372	1.1033085394185207	-29.62585355735152	16900.267432675613
-0.7509769049013002	-0.13007456196374534	1.1177396723068256	-2.94990409774654	16744.76983063623
0.14643987150379445	4.340050708538975	-1.0621019445603253	-6.806203978610924	16642.346368448947
-0.9351435160356942	-3.2108300414053446	7.950050339891291	5.109792986435636	16683.301712432192
2.2665212565976347	-3.3098925884615227	-6.783241534323466	-13.240291611940307	16724.30302390476
-2.3981212612731895	-2.2642607044940704	-1.622518178730516	-21.842120186448568	16841.631197602204
1.9991145491603461	2.626882336799092	-10.919440496026013	3.1794758254612674	17112.134638025364
-1.8201144158889946	1.5345957505862842	0.35057199018355334	-4.801179987701374	17072.096121809383
1.6182470256669674	-9.275778322043912	6.209727780339165	15.411533347238716	16992.526655080885
-1.224145199943898	4.33363319890266	7.718560422473345	8.636139562258805	16970.741791401568
1.4347270797725074	-9.588991498661002	1.4723298372165488	-4.5971896425853345	16980.228143697143
-1.34688588846916	-1.7003308570790239	-2.494172642290607	-4.717436151781044	16860.99519287415
0.3082246169921987	4.059781541860474	-1.2127663845690222	18.581236828898156	16753.718931513788
0.28003363488861055	-6.077302990079687	3.036717654068582	-44.03453629833524	16727.677503607512
-0.37530983725471145	2.3208658702162026	5.034106282309978	10.562188394402028	17085.170088355313
1.3984961039848898	-6.809300937038174	9.340415549298669	1.8630319337436845	17131.889365721574
-1.8400175022050362	5.642896589394937	2.9987581917331454	7.122945246450499	17047.58879387583
1.324798920153789	-1.65853424139231	9.919454141554922	-12.023798536647078	17006.90595314539
-0.4346050606394982	-6.024845062755531	5.057529855373673	-3.910368663517332	16994.634271716175
0.8919741706311797	10.971442511967894	-4.924216347876097	-5.695526003713127	16989.36837812226
-2.6799029642182504	-1.7763403399863051	0.8009931988190999	-14.352886313824996	16936.371546075417
4.06724341381242	-5.3863692957249185	-1.9688547361503623	5.351816271057956	16878.839523647013
-4.340736650494179	4.720169609015784	-15.880637448560392	-10.746263396505071	16845.386634965827
4.559791969214601	-2.5316804002895026	2.133621558497765	-20.08340646827706	16898.86525621327
-4.912438132979098	2.4468451557859865	2.266177531548621	23.2856768680565	17010.31778884572
5.221219453492033	0.7395752468395003	4.853499319049021	-3.671496614428932	17006.382334021037
-5.132146084210476	6.799618746757339	9.327081128602018	25.9780156138371	16986.36216518994
3.8095535417783353	-13.263702038934753	0.19298224545764242	24.553884487510743	16875.98890761896
-0.9467108869324292	1.5184644378597625	-12.782431170625472	9.917549876659137	16720.945846295523
-0.4864471003155586	-0.6518616248222031	-0.0874171390029943	-2.944605324349922	16714.431193446417
0.13155836853402292	6.4644649302074555	-2.650258062564461	-20.51342533573228	16697.86225716441
-0.5863094253992074	-0.44880772674484604	6.282607630623033	-22.7883751416896	16742.310798174833
1.431745345257724	1.7200635546477727	1.4837917336160018	0	0
-0.7387652700937011	-2.957265564978897	-0.40276177360726706	0	0
-0.758229567885337	-1.9706260483821296	3.426599342714624	0	0
1.4301985923117329	-4.130601967180169	3.276721710606978	0	0
-0.6388734293740939	13.829718696064134	-0.5335170436168255	0	0
-0.4244772839860502	-3.998091682879526	-1.587339576679156	0	0
1.8945578823027347	-2.00894353928809	-5.954133720469997	0	0
-2.4726813344448573	9.71294073111315	7.885965570760234	0	0
1.1082394955464423	6.048069391763519	-10.489033978813481	0	0
0.16843732213291673	-6.434375162740366	6.430133932581342	0	0
0.49859974445342914	-14.628909640953289	-19.064533901051888	0	0
-1.1058194936379735	1.9785413654937827	3.3373956332161185	0	0
1.0437508812461402	-16.227781035166394	-3.0577370367170573	0	0
-1.1833960476764886	11.468128809126519	-0.8685944774063898	0	0
0.9602890377779971	2.5467182947160794	-2.8677242224053288	0	0
0.33145490440390546	-4.360720964897517	5.725784105622296	0	0
-0.35140646539987586	-6.9277921668691675	1.593905045860751	0	0
-0.5376981363834261	6.9828724358076855	-3.6201579203120104	0	0
-0.4619752607246923	-9.27380341151268	-10.607982588712716	0	0
2.4769596480759404	9.110613186136852	-1.3030916304758335	0	0
-3.229836799908739	1.6905388153829435	2.8124471022882744	0	0
3.284681873927987	-10.12913149329568	1.2911896362227537	0	0
-3.2044623884827317	6.51356912475628	-5.8660083895710216	0	0
1.7832683970865375	-3.2413361230810764	-8.376925594433175	0	0
0.7925698763356266	6.399211025158145	-2.6012419288986735	0	0
-1.7621931166035694	-3.039687343965248	14.521234437597457	0	0
0.4540152058974982	7.2561564983656694	-2.2371533654787754	0	0
1.482628520200599	0.25699151491362215	1.0781297368287284	0	0
-2.298710068426267	0.9908582656183569	-2.8590307753554356	0	0
2.3011502484056905	4.442631651088277	3.700240675601748	0	0
-1.6893993417846076	9.23708854290794	-2.6309546392740657	0	0
1.3695662670448243	2.450177828794466	0.1737377535334872	0	0
-1.30434700181155	-2.8503745368072515	0	0	0
0.326155089475499	0.7878738591423797	0	0	0
0.9681962970562452	7.111862984838581	0	0	0
-1.2716799222842	-2.822298242005793	0	0	0
1.6079398991109315	6.8085376242358535	0	0	0
-3.0850585378511397	0.894434377851212	0	0	0
3.795262483714488	-5.286457008330643	0	0	0
-2.4446848061166833	-5.11198776281077	0	0	0
0.7267894776030701	6.855321193531076	0	0	0
-0.06806214852282721	-2.210818251054306	0	0	0
-1.104019892677229	3.784475841236123	0	0	0
2.270957181770278	-7.60073106544678	0	0	0
-0.6458812287278306	0.9796051387109586	0	0	0
-2.493146453148391	2.928863935588481	0	0	0
3.5585453940264955	-7.845575565598658	0	0	0
-1.9888610002241833	-2.2220973348604502	0	0	0
-0.2428436795112816	-2.4958890802705653	0	0	0
0.9834017622137523	6.312160531356419	0	0	0
-0.19763533521415155	-9.026157706782989	0	0	0
-1.1927117005462762	-0.47342814324854743	0	0	0
2.7916061330328716	-0.2603937765746238	0	0	0
-3.967654354751474	-0.4664942872788913	0	0	0
4.355876846062053	-4.021806936328218	0	0	0
-3.5785990796888996	-0.6964119008127696	0	0	0
0.5158578340469333	16.416113191715368	0	0	0
2.006216734763491	-9.28840456045684	0	0	0
-1.2565109552774487	5.002671201288841	0	0	0
-0.13527523576121325	-2.130726821268709	0	0	0
-1.1703834946874707	2.3954082744892347	0	0	0
2.7667454290239704	-6.941621535923062	0	0	0
-2.074614081609326	1.0616594407172286	0	0	0
0.4950325959129387	-1.414550223947856	0	0	0
0.874050711385415	2.2780616924081727	0	0	0
-1.2891365931616505	-4.469295875173032	0	0	0
0.4836939906212905	-0.6775587568516883	0	0	0
0.06861176616844489	0.11660423062966174	0	0	0
-0.7022337682858506	-1.2885386209174072	0	0	0
1.8521572054818662	-4.90366575571651	0	0	0
-2.205002610962275	4.77730666758336	0	0	0
1.1599151136688306	-7.480528658488041	0	0	0
-1.0716310884496778	-0.5619994876303167	0	0	0
2.1428184287326673	-3.6035498369973027	0	0	0
-2.5611514338489556	3.0334586110653348	0	0	0
1.0582304902892403	-4.640231577888791	0	0	0
0.8447959532996308	-4.799639180832926	0	0	0
-1.4141122032931008	0.9546742722567174	0	0	0
0.3663911853836339	2.1910839376428157	0	0	0
0.529155495049416	1.9984982178616093	0	0	0
-0.8153155814742163	3.9432844618632785	0	0	0
0.004669376030477679	9.238500977791318	0	0	0
0.5799294731751772	0.4130853063754998	0	0	0
-0.21579810250526066	-1.187647441970725	0	0	0
-0.10621314380534841	0.12329531285333672	0	0	0
-0.5370602072915887	-0.038152375425219986	0	0	0
0.6238022201448388	-2.8429750967039595	0	0	0
0.5494011143205668	3.94209173363614	0	0	0
-0.9423666343485095	-0.007365679231121192	0	0	0
-0.21848833597205441	-7.49314039621737	0	0	0
1.0781446327316289	16.94846827893936	0	0	0
-1.1749302526608574	-11.063193794110553	0	0	0
0.9415985960492108	8.155709858232953	0	0	0
-0.012503502197290572	-16.309725834905784	0	0	0
-1.3071898005406908	13.454806430698817	0	0	0
2.060760866195288	0	0	0	0
-1.0990460398653923	0	0	0	0
-0.22605012525907853	0	0	0	0
0.45291990187414655	0	0	0	0
-0.556629725484683	0	0	0	0
0.8461396827783645	0	0	0	0
0.30172208364186304	0	0	0	0
-1.8466734734209425	0	0	0	0
1.8468517156689828	0	0	0	0
-1.3230059170972694	0	0	0	0
0.9182892303058736	0	0	0	0
-0.7230560391932528	0	0	0	0
1.4047041063046564	0	0	0	0
-1.5250071265005687	0	0	0	0
0.6717491469713863	0	0	0	0
0.9220149152226753	0	0	0	0
-1.7043558173438527	0	0	0	0
1.1815204066297653	0	0	0	0
-0.24553463771195538	0	0	0	0
-0.6845646304095396	0	0	0	0
1.725453500765795	0	0	0	0
-1.3430541465490506	0	0	0	0
-0.4483647138752218	0	0	0	0
1.3267869018091858	0	0	0	0
-0.6745999373259437	0	0	0	0
0.8149312893182881	0	0	0	0
-1.5040459544761688	0	0	0	0
0.6627491243418859	0	0	0	0
0.9426202667023773	0	0	0	0
-1.0078819648507604	0	0	0	0
0.015034499093076192	0	0	0	0
1.1151134039568262	0	0	0	0
-2.1969487247278394	0	0	0	0
1.9002694943832381	0	0	0	0
-0.04047406408113119	0	0	0	0
-1.1808247096206799	0	0	0	0
0.8222835648836551	0	0	0	0
-0.5030746683873417	0	0	0	0
0.7316745256268931	0	0	0	0
0.8779580648381966	0	0	0	0
-2.3258701969784426	0	0	0	0
1.8257336006150808	0	0	0	0
-0.2347695858543446	0	0	0	0
-0.32501470701982527	0	0	0	0
0.34777403276530805	0	0	0	0
-0.12518532814809902	0	0	0	0
-0.35920057366598	0	0	0	0
1.037051529389771	0	0	0	0
-0.5776317280738681	0	0	0	0
-0.5397072039713109	0	0	0	0
2.0247321483038263	0	0	0	0
-4.687980473054992	0	0	0	0
4.943376885071366	0	0	0	0
-1.4294506513626573	0	0	0	0
-1.1174380526461007	0	0	0	0
0.20254977927238116	0	0	0	0
1.1016765067556733	0	0	0	0
-1.0661967955459701	0	0	0	0
1.148484313693146	0	0	0	0
-1.805761785700689	0	0	0	0
2.0750368779755277	0	0	0	0
-1.503824587523468	0	0	0	0
1.4747401581225077	0	0	0	0
-1.6967123525655836	0	0	0	0
0.8231337140473158	0	0	0	0
0.17317483945885925	0	0	0	0
-0.5500344850028966	0	0	0	0
0.459571252503018	0	0	0	0
-0.08922679822007495	0	0	0	0
-0.0310259314839314	0	0	0	0
-0.3640678208268753	0	0	0	0
0.7451588114641297	0	0	0	0
-0.048058635117513404	0	0	0	0
-1.1820124385932615	0	0	0	0
0.6187412047894014	0	0	0	0
0.06091694008141246	0	0	0	0
0.1821233357340617	0	0	0	0
0.015533289338016232	0	0	0	0
-0.05776260558560864	0	0	0	0
-1.603075518772144	0	0	0	0
3.188516286204525	0	0	0	0
-2.99600749598212	0	0	0	0
2.475259398652156	0	0	0	0
-2.648961443204165	0	0	0	0
1.8017633487814493	0	0	0	0
0.16152640029631726	0	0	0	0
-0.21393198142140335	0	0	0	0
-1.2571556593272106	0	0	0	0
1.1918899819168658	0	0	0	0
-0.34895619131545175	0	0	0	0
0.20888563462073506	0	0	0	0
-0.07002075207395819	0	0	0	0
0.41457114074039936	0	0	0	0
-1.9587094783442538	0	0	0	0
2.7351788322502557	0	0	0	0
-2.2629071490830057	0	0	0	0
2.009705809586613	0	0	0	0
-2.2389798260569975	0	0	0	0
1.8229324541496155	0	0	0	0
-1.568841029026295	0	0	0	0
1.9526027504581194	0	0	0	0
-2.510443470094934	0	0	0	0
2.5538178903376973	0	0	0	0
-2.180092583076707	0	0	0	0
0.8499712193819633	0	0	0	0
0.9587032284518671	0	0	0	0
-0.7021270620743749	0	0	0	0
-0.7877754903776335	0	0	0	0
0.8274452868248687	0	0	0	0
0.3591945172425639	0	0	0	0
-1.1537906640071682	0	0	0	0
1.5335556758812245	0	0	0	0
-1.0469703216766817	0	0	0	0
0.1164192139929412	0	0	0	0
0.2659342635717721	0	0	0	0
0.5291453745635977	0	0	0	0
-1.4235019639868085	0	0	0	0
1.1495482927105058	0	0	0	0
0.7662025833077095	0	0	0	0
-3.087123708318373	0	0	0	0
4.812023020500753	0	0	0	0
-3.166787230880196	0	0	0	0
0.45857198504199204	0	0	0	0
0.24329136942623109	0	0	0	0
0.04555933116336064	0	0	0	0
1.0499391557213826	0	0	0	0
