-0.12170642264018028	1.7203364952620177	-1.7694509007719432	-0.04035307508763708	16977.228158225098
-0.2732969032784496	5.192273503954716	-5.879123340118113	-0.0469348076935745	16975.94524462753
0.44658600977579965	-3.1249156281005455	-3.073297222306863	0.8428052340019718	16978.072634756645
-0.3180990639603749	4.99635070690065	-7.665288658340216	43.80198568963263	16978.403712823732
0.8156333508509945	-5.139788618501001	2.408891269964016	-73.80195504457349	16961.962951969013
-2.1222094607703923	3.3853951218895446	30.831159946256406	37.796579096329836	17036.457125887682
2.279852763805671	-8.777526464528648	-18.800684053561653	0.04501440937420398	17025.501634004788
-0.5346207293445318	-3.68930175180418	13.636772741866451	6.078786318060622	16846.01175005963
-0.8426422615617284	20.8876457301279	-1.7904659235531284	8.673737281567398	16817.58754175004
0.3321279405120592	-29.88407604870381	-5.323452012462965	-1.357741976582588	16853.053991135654
-0.5246524195467401	18.94916232887011	3.0536555811518724	91.6914031007443	16912.04015523737
0.826720825094398	-11.61276124660445	11.809111630650335	-50.054784826644294	16841.27595768661
-0.1797614518271402	3.693108908251382	-16.145782903776876	15.59134843913344	17039.857728105133
-1.0840916924847974	-1.2568227561563532	2.3276747442057655	-38.990652600437926	17033.897750183434
5.260193849871946	0.6933370527156981	-6.471554142424679	-26.425571519971896	17101.686430767193
-10.38616550337818	-5.652397063067724	-1.1446136913383214	14.534905050026595	17224.316381384582
8.575635051021997	-4.1173517845083225	32.51896762172487	31.996998515097715	17196.952638895218
-2.0858654993115096	2.360968083541067	36.285043004305734	-11.187648545113007	17127.207448917827
0.28528339882716836	-9.59299849704312	-34.22044187633561	71.3172214490032	17018.80556624699
-1.9346458847408243	-8.423646055091481	7.764003866644899	-18.778240075548553	16716.338042856427
1.6981678332071724	5.954849962654421	21.40723305878474	-18.198839235127565	16069.009355387185
0.06863317729388996	-8.944518231061828	-24.256429768032845	-22.370072010295615	16154.059106731136
-1.774852817155569	5.3463760805368565	31.156571303723794	9.45259969345993	16302.25867579464
2.773970548730638	-4.581993160931958	0.9521398856373935	-34.72462069921572	16363.158035598019
-3.5373407726500616	3.3795449254572816	6.974934579728767	70.18190955220146	16722.764951421563
4.577432612140242	-0.10478119972842137	-5.243967792991427	12.44728610119877	16908.798390669665
-3.823420770878286	2.0475316807103567	-17.558084554172922	25.483698418565936	16987.349672818065
1.9198161387507113	-8.073470865021605	-7.82503204715789	0.24257682989269824	17064.00970029866
-0.19023838542403837	3.105629044143896	-5.228548306438697	-14.368603373796802	16973.616988120884
-0.6140723439005313	-3.00042011561753	17.44491788038529	11.801565118965783	16937.20054631441
0.8012368851149319	-2.759631838165383	-12.603093572221795	-6.941940555834307	16956.289884314036
-0.2631607038290156	-14.440178062847096	-3.2573344774756237	-11.024340894705489	16727.189114964796
0.8151512182952345	12.923608396997004	-57.55116013383591	26.949164479370907	16831.575832001872
-1.6918561775882566	-12.36042152768583	43.174680155432355	101.40955107007449	16774.0649436983
1.733634232911271	3.100969405036764	-18.784071223881497	-65.09958427108553	16740.566719438484
-1.0129726338380252	7.878924826932305	18.57721467480428	14.031976486630242	16853.168110012448
0.20505178262256862	-9.183281313401494	-25.254855459730592	29.723740917212268	17229.256169303968
0.8078389778009907	7.348688897103415	7.162620703594328	-121.54283976303589	17238.687032367845
-0.8422754060488558	3.8544570160322422	3.6363453969489967	0	0
0.12743401792263853	-8.257885144450057	-4.460170088823361	0	0
-0.7037454873240847	14.628758740309365	25.864322259970223	0	0
1.082546111293233	-3.7535097737371785	-27.346066567846307	0	0
0.5873172348222084	-9.306795025408363	-16.554560044938796	0	0
-1.8385061991601432	1.6066503905690723	-6.037230350859346	0	0
1.5696088654524942	0.19578896088214037	4.9054685087472905	0	0
-1.0224337313253002	-6.224151459439369	-10.403785485893636	0	0
0.8132704797840091	6.265319567459841	2.551620125509416	0	0
-0.674703706811357	-0.4795039608745526	4.808980260867386	0	0
-0.09091817757172294	-4.931718159921374	-2.925666225718601	0	0
0.801408084671742	3.726727587804959	-13.659557268435762	0	0
-0.8904015886840924	-3.8436274566242616	13.715617877996948	0	0
1.6017120770729534	5.917418037412531	-0.5599652964820336	0	0
-3.781029600044832	0.05982838251814826	11.207061500636073	0	0
5.629816732151816	9.947988689955324	3.819258459769543	0	0
-6.070825016815363	-8.39089603529753	-29.705497693276442	0	0
5.553168576175594	-1.9448996118390767	11.127668593113327	0	0
-4.370347432888401	3.4733055150042844	-13.729997722265182	0	0
4.44338332584298	1.7096928856030331	2.1163151357751815	0	0
-4.573311465106755	-9.528902753402775	5.057456785053759	0	0
2.2402613031549876	9.783553967638944	-17.483827019279957	0	0
-0.8116444501586102	7.682562283327414	14.528306218625161	0	0
4.340762708921069	8.55631275724945	8.17517736562263	0	0
-5.53062159161491	-8.855930549732925	-5.780546768534691	0	0
2.6874745822951667	12.66128097964485	-36.66477486341874	0	0
-1.0562608314543809	0.17322075378095292	20.5063272021098	0	0
0.6473093710901523	3.8435801641719465	-48.88193368510542	0	0
0.20646496344877363	-5.218770655100641	18.69178161597162	0	0
-1.6272392807977525	-1.642281595244775	-5.614704705048581	0	0
3.3804885823037694	1.1912944687338012	37.03005671585174	0	0
-3.8127726768533208	1.2021389156913145	-19.06921927747115	0	0
1.3367166832010824	-0.6219808556861537	0	0	0
1.4390279852767236	-2.5296574392261135	0	0	0
-1.8590365109558888	6.954453271092149	0	0	0
1.4998903307051705	4.214176249712487	0	0	0
0.07747747684334882	3.1405264448248857	0	0	0
-1.2394890559186393	-12.634890050259784	0	0	0
-0.40970670882976634	1.7983553632401978	0	0	0
1.549634797539774	-7.567929588144452	0	0	0
0.17092079253997383	13.90002447206664	0	0	0
-3.20954720355693	-3.243903344277733	0	0	0
5.369282129113891	1.6934690202197729	0	0	0
-4.106648074739901	-8.33624897045383	0	0	0
0.8136051430326745	4.121548680387399	0	0	0
0.8780718163615191	-1.582986247796235	0	0	0
-0.5207215277247528	2.772564635145933	0	0	0
0.1448435480893906	-2.1939229915754765	0	0	0
-0.013814451238424397	6.417720480697028	0	0	0
-0.44263833828565424	-5.47837583270708	0	0	0
0.22150304305184676	8.935495974257982	0	0	0
0.8955055019195157	-6.001715948150078	0	0	0
-0.7135509474220996	5.55924963667664	0	0	0
-1.1486788451807612	0.4508936602551188	0	0	0
3.047881408467653	4.74673759395462	0	0	0
-3.5895650034484206	0.554166249587027	0	0	0
2.615438594090861	-4.867561667685237	0	0	0
-1.1355127691906972	-1.3230436788061297	0	0	0
0.34444885809354986	4.253606198466365	0	0	0
-0.7236158269872206	-0.883069753378841	0	0	0
1.2791005518677565	-3.29269600318284	0	0	0
0.643169607360548	-2.2392356674239835	0	0	0
-2.5013562458555185	-3.5727516245577178	0	0	0
1.9097176553600619	-4.549489154167368	0	0	0
-0.6703495340145409	-0.5200353163249218	0	0	0
-0.6699023916874296	-7.474521063882854	0	0	0
3.129488133200951	5.269668331327537	0	0	0
-6.244815202112292	-1.0986304009807029	0	0	0
6.459996433497807	6.067652863847371	0	0	0
-3.89304624543756	1.4279140516649136	0	0	0
1.792158392085355	0.7389889854232621	0	0	0
-0.6051375344712397	1.3690566887006952	0	0	0
0.9897105481882846	-8.777759623219701	0	0	0
-2.784896699607721	-1.4374843174976988	0	0	0
4.098820706069986	-10.215902113452351	0	0	0
-3.888724102781424	-2.1631433505542645	0	0	0
1.6761527597838466	8.96888065996881	0	0	0
1.0155856789419886	-2.251616965135902	0	0	0
-1.0238676976099228	-6.797797916885621	0	0	0
-0.913193768701575	6.4621794759278615	0	0	0
3.2170356946270076	-10.274410566610705	0	0	0
-3.218012420654013	4.198528065910708	0	0	0
2.2944623589479463	6.376094719638623	0	0	0
-3.9153227810210893	-3.1972673471331845	0	0	0
3.834650825637752	0.11990115743849117	0	0	0
-0.21907961648183516	-1.7372335327633195	0	0	0
-1.0886606779434373	-7.046639480930452	0	0	0
0.7593362434405293	11.90535066209457	0	0	0
-0.5686809873404144	-0.3836932397035753	0	0	0
0.22948278304863834	1.8465176942507426	0	0	0
0.4482703670866286	-1.7698251948813493	0	0	0
-2.2504441491271905	0.48132285292969357	0	0	0
3.7811945906708075	0.17226018309605706	0	0	0
-3.668279805117244	2.0769593693341193	0	0	0
2.4590054101614953	-1.2091582745861444	0	0	0
0.0059376562896744645	0	0	0	0
-2.6771757463118178	0	0	0	0
3.4340381025812476	0	0	0	0
-2.522809725337673	0	0	0	0
0.560143929170124	0	0	0	0
1.4268873586551152	0	0	0	0
-0.7291358271769468	0	0	0	0
-1.803906801388365	0	0	0	0
3.1111721285895726	0	0	0	0
-2.918101718802852	0	0	0	0
2.3071143938486003	0	0	0	0
-1.0307636323377665	0	0	0	0
0.2854381295053159	0	0	0	0
0.557144589118387	0	0	0	0
-1.1839633477044487	0	0	0	0
0.16028003602330188	0	0	0	0
1.366426692457459	0	0	0	0
-1.785757517165763	0	0	0	0
1.4385824699360867	0	0	0	0
-2.248580014224551	0	0	0	0
4.500018218250823	0	0	0	0
-4.07297031288838	0	0	0	0
0.5815699868058033	0	0	0	0
1.4166637872775212	0	0	0	0
-2.719263678323351	0	0	0	0
4.169123156043348	0	0	0	0
-3.209905998482398	0	0	0	0
0.10885746998710033	0	0	0	0
0.4762095573268681	0	0	0	0
0.6551474827327155	0	0	0	0
-0.2949106753036048	0	0	0	0
-1.140555625926524	0	0	0	0
1.0705946374826567	0	0	0	0
-0.8204644548158271	0	0	0	0
1.3911126745584141	0	0	0	0
-2.264074191456487	0	0	0	0
2.318286413196873	0	0	0	0
-1.1859119807686866	0	0	0	0
0.006737235796784091	0	0	0	0
-0.41899483283879846	0	0	0	0
0.47664211873321705	0	0	0	0
1.0695322076431353	0	0	0	0
-1.6959212693158179	0	0	0	0
0.2416418785227208	0	0	0	0
1.3131578043906202	0	0	0	0
-1.8450955120931312	0	0	0	0
0.5147989138709335	0	0	0	0
1.0442908214225994	0	0	0	0
-1.3041536432167575	0	0	0	0
1.8238870752073524	0	0	0	0
-2.8805034001844163	0	0	0	0
3.2367295979595596	0	0	0	0
-3.1517747028942154	0	0	0	0
2.2604959062051435	0	0	0	0
-0.41844699978832267	0	0	0	0
-1.1380126400487072	0	0	0	0
1.0707518394906685	0	0	0	0
0.8289881458158419	0	0	0	0
-1.6765231226585442	0	0	0	0
2.0627856899160975	0	0	0	0
-2.2886443903117026	0	0	0	0
1.4799184130762413	0	0	0	0
-1.3383395011000516	0	0	0	0
2.0105496958735216	0	0	0	0
-2.070139192745593	0	0	0	0
2.404846503213413	0	0	0	0
-2.878881516179007	0	0	0	0
2.958558837066761	0	0	0	0
-2.102168235113467	0	0	0	0
1.0838904386130466	0	0	0	0
-1.1541488593968339	0	0	0	0
0.2487583051373079	0	0	0	0
2.7107860127073238	0	0	0	0
-4.666634195728236	0	0	0	0
5.235418259934626	0	0	0	0
-5.846292400058218	0	0	0	0
4.29588877747009	0	0	0	0
-1.7460328583762816	0	0	0	0
1.5531012621465408	0	0	0	0
-2.471999841103255	0	0	0	0
2.764450849064019	0	0	0	0
-2.446285747457054	0	0	0	0
1.6232482216227808	0	0	0	0
-0.4934639406031991	0	0	0	0
-1.708550163254671	0	0	0	0
2.90178854843375	0	0	0	0
-2.2696345341527078	0	0	0	0
1.4373597226120722	0	0	0	0
-1.4329184416432952	0	0	0	0
0.22396359423673573	0	0	0	0
1.175590888141592	0	0	0	0
-1.726078690329338	0	0	0	0
1.6054567919106049	0	0	0	0
-0.3818466735972734	0	0	0	0
-1.4373634398463864	0	0	0	0
2.1949620628297595	0	0	0	0
-2.053428283002205	0	0	0	0
0.9116519883891385	0	0	0	0
0.595662792799807	0	0	0	0
-0.73192166853363	0	0	0	0
0.043909308918593126	0	0	0	0
-0.929148649334067	0	0	0	0
1.3928724822779657	0	0	0	0
-0.6076624140674411	0	0	0	0
-0.2919225956323004	0	0	0	0
1.2954106430492445	0	0	0	0
-2.5897320105733073	0	0	0	0
2.5387377662115256	0	0	0	0
-2.3166582061772303	0	0	0	0
2.4371636850894234	0	0	0	0
-2.5387274499214385	0	0	0	0
2.0563913925758257	0	0	0	0
-2.1147291895130422	0	0	0	0
2.1719698599873	0	0	0	0
0.9564426021569901	0	0	0	0
-2.0161045664482344	0	0	0	0
-1.1955701131671717	0	0	0	0
3.2968400009744485	0	0	0	0
-3.579225477179648	0	0	0	0
2.8490255371384166	0	0	0	0
-3.4096118192245584	0	0	0	0
4.507254716078052	0	0	0	0
-1.6029669639036825	0	0	0	0
-0.10213464032749187	0	0	0	0
0.09249752990063342	0	0	0	0
-2.845378997923504	0	0	0	0
