-0.22570014173601294	0.48174197000829366	1.5799404190412503	-0.14865067091352557	16893.54049002751
0.9178656929233213	1.541367125769014	4.734267430418868	-0.9924082147758497	16892.899777190367
3.397296098123796	-0.9522357239333061	-6.622823318175222	-5.420435619374814	16892.790959828933
-4.421253361045622	4.9751026757332255	-7.6098440202132025	-9.709358717525078	16893.321368203564
3.811433821726304	2.263190653029902	-3.721291328140623	15.564121490624657	16893.109050054813
-2.9829678127087647	-0.4344984819154689	-23.858741303382786	16.4365048168698	16892.40265795085
2.577596101110487	-4.92880703807127	10.417886062402417	-37.33959997495508	16823.83310357858
-2.5637495114542688	-4.669538116549234	3.25141399249884	-9.970557216080806	16834.476658826894
3.12328434716445	6.061735645951899	20.139311801564347	14.01291384472259	16717.993713799715
-4.2887163672146045	-7.582009995156966	-23.619154852982575	-6.0303190226464665	16569.568113063986
4.361091139540655	-2.5286958644533186	-2.9748352410026655	-30.18138445191269	16672.114216420578
-1.880808513969626	-0.1339576167997052	1.8208959021192896	24.984838523820343	16767.71142189166
-2.299218469073132	0.9761766888712629	-9.73112913855087	11.737999081395671	16875.97657362953
3.585064340435096	4.695053071190316	-0.025801714505178097	17.423424835527996	16950.98697489448
-1.8061552757976997	-1.4842945817634643	-4.308568099799643	-16.98992171965807	16913.186672825777
1.3341543914049296	-19.01060194772147	-4.36109681062068	4.986224770153314	16958.353134698096
-2.8243870413690146	-9.930529397296063	-6.719408354477949	-14.147619243654503	16933.882413678923
3.335996103648135	6.27916457485734	1.1845706319987102	-87.73573141666424	16667.826335294354
-3.6449036008050157	11.871532108154803	-16.283272223832526	6.52607744773195	16695.523833205327
2.6266524270177527	-18.717761323845643	30.259348985189305	-24.193817022811274	16703.48973726512
-0.8676019312523238	4.6219085349930396	-9.683566725986879	26.329796182475647	16787.057780301853
-0.3424547767087489	-3.3196844068754885	10.673651424891204	-42.05492843344669	17118.44264341308
0.9123220048962253	-14.61779033549238	-4.2420729142011595	-61.88771889620497	17204.25745236104
-2.144193704681541	3.3742926004988334	8.301904750074726	48.311106753149716	17413.69330022767
3.8398616055766226	1.6272085590684426	9.416825429252924	-11.314354742447648	17194.40146079674
-4.797964251005077	1.2135765477730729	-8.992786109331377	-6.070259479408307	17091.612740806788
4.977622518138297	2.0022000121697445	-0.532225931727595	107.8910042534263	17237.33868368355
-5.664827709129355	3.8776250007256508	-23.388393062124976	-17.312490000159784	17396.386275118286
4.912505781259178	13.273379190934236	6.385956064388637	-20.539616836045923	17585.66190332709
-2.8941918483761384	17.380828070427498	-17.338454062898734	20.499553864480305	17696.025177535183
0.13789265956073393	4.799442828477744	-4.5603060960129795	-8.056728214903899	17462.055785339486
3.6790912104265274	-6.804821409384253	-5.671817046599855	-25.925913982012844	17221.058319831613
-7.537308764305301	-22.95251323728965	-15.09006598286794	3.603490655901169	17139.854775709064
7.959355667423516	20.762013844031813	-15.974536989369739	3.2951895200450565	17044.506427820255
-4.442114268684442	8.026085604443146	36.33698465428732	-27.3809718894519	17052.235177951694
1.1106612278764985	12.58324745339879	4.607445428949333	10.806235061737027	17063.52080488709
-0.8548389437067669	3.6371698920735938	13.953112974872454	24.460282684701156	16991.109748036943
2.4228379936319655	-14.888193411621614	-1.7973784315839225	-17.494205499791548	16867.889737143636
-3.1939684150810876	3.3719284727898327	18.857027820880717	0	0
1.700178778539616	-9.32897759920698	-21.44070526573084	0	0
0.6183716018696828	11.437583491519902	-2.0522058354276425	0	0
-2.796025586476908	1.357371388071087	-12.876917310958603	0	0
4.198488422248985	-6.034121337638503	5.165086331733207	0	0
-3.165423755179397	2.421412424039495	25.86190790485587	0	0
1.742240691906133	-2.176351784505229	-23.57869884775789	0	0
-1.7243739251875922	3.8585207559998267	16.444829756491032	0	0
1.246419457666974	-7.258927755348282	21.138119229646023	0	0
0.8135127139300025	-6.365750903624033	5.4985945006761625	0	0
-2.761088509460194	2.257662874869567	-20.19876045144025	0	0
4.220795709682157	-0.7421992427339816	32.98131343219339	0	0
-4.7716381866026225	-5.016178855380893	-4.178899340832814	0	0
4.978629696566514	3.6178071917652517	22.392748759627594	0	0
-4.488423398422789	20.000067270689414	0.2102796770828803	0	0
3.9608809634777344	23.569696322594957	-3.407052149035522	0	0
-3.4270468323053223	-3.0317781475653973	-19.412478755957366	0	0
2.129893420668438	-5.2164579537126485	9.142004093300969	0	0
1.5048819145582542	19.631846316564136	-1.2575130734276456	0	0
-7.390358840292556	-15.444658738694663	-13.086887302902355	0	0
13.216901850211165	-20.876361245067514	9.384283761353615	0	0
-15.74823214416405	-4.413274799900655	-4.919428856955179	0	0
15.34752368154551	3.407266053487028	-5.708608096296956	0	0
-12.304767990280418	15.970112500477036	24.223106430836353	0	0
6.3238151271769425	51.966288506900604	-22.282127311586464	0	0
-1.4294795816347659	45.294268979003384	-1.79961820094357	0	0
0.9505909221648352	-54.37057945385146	3.3223183426857616	0	0
-3.185208610817895	27.311274266048464	8.637383808536725	0	0
3.983356522629414	-17.928678840872273	1.7582284864243718	0	0
-1.6377480846993606	-27.01682363986165	-3.251980220713037	0	0
-0.9236348703796793	2.725490757552784	-9.31714640878296	0	0
2.308816284460825	7.682288062750516	-1.3770589086416436	0	0
-2.1206910636373593	22.66724580333272	0	0	0
0.33505986037881286	3.3944106844896567	0	0	0
-0.4100056046153142	-19.77005048268299	0	0	0
1.6808619288033455	-10.795191520348624	0	0	0
-1.2288372585490777	9.909712299479239	0	0	0
-0.471980698630901	-0.13868225568370462	0	0	0
0.5737670082025801	-9.812262507307736	0	0	0
-0.17991149256472028	4.864195597265464	0	0	0
0.9853601434302703	1.6734681727825347	0	0	0
-3.3681142702070304	-4.253155216938822	0	0	0
5.59941212188042	-4.467500796123716	0	0	0
-5.0352305230065895	4.0868213810796306	0	0	0
2.733843660933374	-15.896639701007388	0	0	0
-1.312947247111417	21.071106977823746	0	0	0
1.7776149248168025	-4.637919209066936	0	0	0
-2.974215506161201	8.861142096172046	0	0	0
3.3675775420274903	-4.055729088484611	0	0	0
-3.436829412251633	4.320200994674963	0	0	0
4.1529535934450195	-13.917917241009405	0	0	0
-2.931248453360901	19.65408022303923	0	0	0
0.5220709811089463	-8.530257253102278	0	0	0
0.7752989177896694	20.17491730272475	0	0	0
-0.6480127649773308	-14.994400743903043	0	0	0
-1.033642260762825	10.697722169234126	0	0	0
3.1337936274754625	-16.21940633741103	0	0	0
-3.6670385798567366	2.2021817762525586	0	0	0
2.229456035869994	15.193174230278217	0	0	0
-0.7529770617525529	12.456861962545034	0	0	0
1.1339064675820225	9.363424126771406	0	0	0
-2.005429339890938	12.289493421831011	0	0	0
0.8279436784069318	-0.926230728005649	0	0	0
0.8089420218314416	2.3234807282375414	0	0	0
-2.9341559200296103	6.332712780600204	0	0	0
6.828251387155063	-4.526464587768842	0	0	0
-8.031625125267645	13.798681544874754	0	0	0
5.224351186493699	-6.5416783244628505	0	0	0
-2.9758373146493398	-10.133977717046633	0	0	0
1.6550229746596372	-8.321062114124857	0	0	0
-1.3702651904844885	9.437888084591435	0	0	0
-0.24723595648021046	-1.541895164820744	0	0	0
3.320217182090829	5.797701799871533	0	0	0
-2.844882251069336	-1.851715481780758	0	0	0
-1.1119155678574941	-7.145961403372141	0	0	0
8.454572612555893	-4.554864212993323	0	0	0
-14.702078735920963	-0.8317254170256518	0	0	0
18.653710945433147	-2.8667517547034578	0	0	0
-18.531913067417975	4.107924404789657	0	0	0
14.956281822761852	-8.950172459336287	0	0	0
-13.282289363231662	6.909955884595256	0	0	0
14.187838122195018	1.2901120062552351	0	0	0
-16.615059027940944	0.514298345962203	0	0	0
15.340633922551405	-7.87339457359063	0	0	0
-5.611246999557785	-1.4881756132256996	0	0	0
-6.606731470106702	26.9672314853009	0	0	0
22.211393749124476	2.555221331664555	0	0	0
-33.88580205691458	0.09329184115014755	0	0	0
28.823608394654414	-3.7919137989973564	0	0	0
-15.77334131452777	3.342898514211818	0	0	0
6.185482594501877	-2.7847132836270916	0	0	0
-1.219231822021655	8.795927811030204	0	0	0
-2.2698476987434404	-9.983431408589219	0	0	0
4.52824586418717	5.012227257913423	0	0	0
-6.969592621416602	-4.7271104877401555	0	0	0
8.949384840952696	0	0	0	0
-7.8605959550781535	0	0	0	0
2.7678046918259795	0	0	0	0
2.001519658658516	0	0	0	0
-3.029955992572688	0	0	0	0
1.0574041165233439	0	0	0	0
-1.5667431631819255	0	0	0	0
4.1338365560675	0	0	0	0
-5.10100805641175	0	0	0	0
4.401102751458346	0	0	0	0
-2.0291141150965473	0	0	0	0
-2.2636662439756066	0	0	0	0
5.07363665647113	0	0	0	0
-6.205221916699706	0	0	0	0
5.39875928441878	0	0	0	0
-4.903554955493952	0	0	0	0
5.75165690484728	0	0	0	0
-5.383216758943895	0	0	0	0
3.936798300424222	0	0	0	0
-2.185525706007681	0	0	0	0
0.38390717851565626	0	0	0	0
0.0036959401878320364	0	0	0	0
3.4688723160723853	0	0	0	0
-7.8804962595186865	0	0	0	0
10.040415586841192	0	0	0	0
-10.78300167183518	0	0	0	0
9.687939522578837	0	0	0	0
-6.022395369630253	0	0	0	0
3.3992569374559025	0	0	0	0
-3.250550510219746	0	0	0	0
3.557070007601773	0	0	0	0
0.16945301242286348	0	0	0	0
-3.664288374688219	0	0	0	0
2.875876443562582	0	0	0	0
-1.0589528093905898	0	0	0	0
0.5935685164570188	0	0	0	0
0.02935192521378127	0	0	0	0
-0.8405204873438308	0	0	0	0
1.303895975857408	0	0	0	0
-0.7234392560381835	0	0	0	0
0.9926771600785358	0	0	0	0
-5.25668932575541	0	0	0	0
8.292589380548996	0	0	0	0
-6.5524055216195904	0	0	0	0
4.608541342655599	0	0	0	0
-4.296613027522135	0	0	0	0
1.950471279683569	0	0	0	0
2.675162805812107	0	0	0	0
-5.599821858667909	0	0	0	0
3.653345332526982	0	0	0	0
-0.9249889807348595	0	0	0	0
0.7058330116626124	0	0	0	0
-2.403515632053171	0	0	0	0
1.5868210054223084	0	0	0	0
1.4689622225947545	0	0	0	0
-2.3581078973732374	0	0	0	0
1.7245541333171204	0	0	0	0
0.6298025345560561	0	0	0	0
-4.3362475850249425	0	0	0	0
7.346028305214865	0	0	0	0
-8.89055414349496	0	0	0	0
8.451441580969878	0	0	0	0
-8.677217024402005	0	0	0	0
8.69572357542237	0	0	0	0
-4.913374766271609	0	0	0	0
0.041749262610714766	0	0	0	0
2.444484716824128	0	0	0	0
-3.960320893561132	0	0	0	0
4.888460267753985	0	0	0	0
-4.303427032970049	0	0	0	0
1.3996694710455628	0	0	0	0
1.2454252749415815	0	0	0	0
-3.2926097494494115	0	0	0	0
5.320125058059141	0	0	0	0
-6.103789830265335	0	0	0	0
3.6219474009416714	0	0	0	0
-1.4943525535652427	0	0	0	0
0.7719541742639251	0	0	0	0
0.5269167755476403	0	0	0	0
-1.84315693053302	0	0	0	0
0.7452710997065424	0	0	0	0
1.5621803935911345	0	0	0	0
-2.2927264360818853	0	0	0	0
2.261738265480645	0	0	0	0
-1.9416632849630489	0	0	0	0
2.826310970015534	0	0	0	0
-4.733246480489193	0	0	0	0
5.073737040469844	0	0	0	0
-3.5050953306050374	0	0	0	0
1.078592165056449	0	0	0	0
2.185683469597187	0	0	0	0
-3.542737291035216	0	0	0	0
2.689900439866733	0	0	0	0
-0.5465725177577951	0	0	0	0
-1.9471434211083292	0	0	0	0
3.064229386031812	0	0	0	0
-2.3061128510156053	0	0	0	0
0.9906670092760592	0	0	0	0
1.40940169008703	0	0	0	0
-4.9383773307701375	0	0	0	0
5.68639812520626	0	0	0	0
-2.9856093898722946	0	0	0	0
-1.3271410402446904	0	0	0	0
4.659706581986569	0	0	0	0
-5.560255707598472	0	0	0	0
5.529563515453859	0	0	0	0
-6.981889645453407	0	0	0	0
6.584247448445616	0	0	0	0
-4.316949073286239	0	0	0	0
0.9251931117424732	0	0	0	0
2.426992713768975	0	0	0	0
-2.2991650464094704	0	0	0	0
-1.552177911052702	0	0	0	0
4.268960354066124	0	0	0	0
-4.794792368455354	0	0	0	0
5.8812932629320045	0	0	0	0
-6.735468897064109	0	0	0	0
5.857738430494713	0	0	0	0
-4.806287214726844	0	0	0	0
3.7484081743513613	0	0	0	0
-1.8859203365853432	0	0	0	0
-0.5905643395127029	0	0	0	0
0.9454495213899463	0	0	0	0
0.024722064736231175	0	0	0	0
-0.8849477105354637	0	0	0	0
1.7829305347555149	0	0	0	0
