-0.6518809287897867	7.376815229001977	-8.547233878891973	-0.0019255703935243673	16874.13601258842
-0.1890231865675034	22.070311476343875	-28.13260505286273	0.37646094824130216	16870.93431814171
5.209286079144178	-13.864818665986839	-5.280220148450198	2.2416863538171867	16878.46015729771
-4.0656070217341025	11.419987765950566	0.8106863020659176	18.50879404184832	16873.843256491313
3.352006490432231	-6.752076529390827	14.745100202214061	-30.213525959378657	16866.085652426445
-3.9445514991638504	-0.6459578440991365	-0.35696897318095466	-22.33301213583796	16899.487814828073
3.1735960512901684	-0.22313927703117997	1.1890509844844814	13.306529908957557	16981.149941407108
-1.82431795582891	-8.869777558614352	-7.575248302043676	-0.679185668441292	17125.745229395492
1.0372149442553322	7.500317496905119	-11.50123904354544	-41.904989624920375	17134.79099376858
-1.4194355509366758	-5.630678875649451	-7.555293612985565	0.9502126018605566	17037.100048947035
1.7012894569042558	-4.659155549705403	-2.6150307186272244	3.326598503482373	16949.824169572406
-2.0713893604447904	8.327926463116967	3.783092342596703	1.9249205097366797	16720.585398929732
0.8260945383459628	-5.741470892388236	-6.461705259269877	17.086401615667327	16411.275586547563
1.7631128139176226	1.5251251659523035	20.083602898443587	35.29530456220091	16293.970238574531
-3.317705758588602	-7.676331026466315	-5.805158941485416	-20.823598134162992	16278.397073847773
2.5321239585376034	4.599152058441746	3.9392206208796665	21.591296857758167	16191.001807321154
-1.528186208045767	-9.17686315363217	-6.779191714441708	-24.95722231990453	16340.272970634092
1.5212505847035374	-2.803182606350589	-9.350217300010428	11.721110641173382	16352.710179275145
-1.4616417784003914	6.786801687079418	5.392541440069209	-2.100886146812357	16424.700724987393
0.9682441750013879	-15.156479502331607	21.017717302571242	27.96263879022733	16505.71924277648
-0.11628262809327339	13.302234788114475	2.2118887599042694	21.86168910717366	16607.74978817687
-1.5466346657364767	-3.160950010328463	-10.556089825904692	11.81487295903392	16665.75427793638
1.9975849599406459	3.5344645775250783	2.5668942491037683	5.465578552427488	16729.463476766832
-1.8890335066029422	-0.7921104923073017	-26.264875826022205	9.786446123993485	16817.842286681935
3.0200750318226213	7.686324941322752	9.8764570158542	13.352291257170947	16922.391973111145
-4.764900345220283	-2.7704986459395755	-7.565879794292499	37.39938652861808	17029.26818736476
5.077331935683098	-2.953176516579248	-0.20364346466770655	-15.881466951102297	17030.164609939002
-3.7658072557037983	7.714514880768128	4.835366218279461	11.585020903131664	16904.385379326348
2.4774999668122675	-14.027093246581586	-5.272794798891141	-11.094832810413891	16927.118741666087
-3.239871314573314	0.37440763566447544	-14.816859463899917	19.267423816378567	17009.94628188307
3.5596253599197993	5.073509325442927	-3.4338371188806605	-3.212699614036694	17039.35117224553
-0.8920940383055438	-11.985157234828506	-0.89609702440805	15.833751035612082	17015.11248747886
-2.5144483389064973	-2.1294448212275654	-4.065573589961801	-9.116703735579776	17084.34592716244
3.4363869697240617	-1.7608032672833218	-5.46559293870537	22.43366146481179	17184.199062381118
-2.7276446211339547	-3.801428389880172	-21.564186340687712	4.2665629524598785	17260.242027299966
2.596768002396665	3.4251397213119006	19.38811925957917	-2.1213228322185955	17195.452480004293
-4.103369265391251	-2.9988677251257485	10.597517708338032	-8.86170457431038	17185.117858844118
5.279310270580176	-3.3875962316071977	-5.424411685925733	-16.34694440470875	17204.395657591624
-3.16360535359933	10.166388622350262	6.440723748650498	0	0
-0.5214825882613994	-9.32914075726086	-4.934961398547699	0	0
2.5328118960220323	2.8790684335533925	2.6673035491061228	0	0
-2.7652280909028377	1.1231684535363726	-13.842572847287471	0	0
2.3182794636059967	-3.2914994730985043	7.261130804097121	0	0
-1.310033188289971	-11.489130454510601	-2.988602230903524	0	0
0.21288374476544902	-18.813551264690574	-4.917139297116876	0	0
-0.12448690435971344	6.859752696420159	2.832661829244273	0	0
-1.3580654297739372	-0.9525058809117013	8.91382135282609	0	0
-3.219912377564711	3.4539651422379123	20.94384090750728	0	0
3.8763043163789703	7.253777969434445	-7.4135687125780265	0	0
-3.1801844132094246	-2.67976938395212	-7.608909743747176	0	0
1.3006283596590649	-3.134770262262073	-8.195120691189217	0	0
-0.6556131179569604	3.344119582780152	8.501545082873662	0	0
1.5252015637735639	-10.739467093947908	-16.441780520870168	0	0
-3.447746880947591	-2.0997090653966026	-0.9576803575489095	0	0
2.965957272550696	-2.7449168594970317	1.0153578619308945	0	0
-0.6248797506689456	1.7225490826587517	7.855760107495044	0	0
-0.9274548937006628	-0.408142118281809	-7.264862136606467	0	0
0.26501498397595924	1.3442900478373474	-8.97161846006685	0	0
2.143010470788866	-1.3479495171654108	-1.6380575815765752	0	0
-3.8147864069575945	-5.046385171699271	0.26135085988209994	0	0
3.209489741170323	-0.3700660299850327	9.679681049196603	0	0
-1.8296825363120846	3.859615055916862	-6.86239165341037	0	0
0.9860160395628412	-10.41879945870005	14.510797300024393	0	0
-0.13306379458926898	-10.389986453866307	-10.889910270076115	0	0
-0.020403472051313543	2.52976444951927	3.6754375834348707	0	0
-0.14568216464937933	12.703715994925751	16.359250005537717	0	0
-0.6748192184067463	-6.140686098559726	-4.955559308867791	0	0
0.72797896376197	2.3039318755396465	1.2124594819997867	0	0
0.5345741221301736	-6.914610131944507	-18.85249808812209	0	0
-1.0504287726051587	-2.3350869745132457	7.366473414045146	0	0
0.9845204299657198	2.7127230960530113	0	0	0
-1.5993115471255877	-4.821231364063173	0	0	0
1.1820479210591586	19.50163308371185	0	0	0
0.5016505545069734	-7.004376489319014	0	0	0
0.12423199020570053	5.262951077550113	0	0	0
-2.4859032216779795	1.275711092073756	0	0	0
2.9007142645322617	2.374099723204054	0	0	0
-2.1070179402892038	2.585015374255576	0	0	0
1.6248659835147166	1.4794342077845286	0	0	0
-0.30004991843440365	-2.1641682070952513	0	0	0
-0.8013707364461169	5.37684010353567	0	0	0
1.5381740705725875	8.17056421387138	0	0	0
-2.136812143127763	-6.0691758380669185	0	0	0
2.4598980569812667	6.918248045106317	0	0	0
-2.137499304882006	-7.451168894378981	0	0	0
1.097976475241289	6.940344361406652	0	0	0
-0.5567838717802189	-1.9243775004017465	0	0	0
2.31168959805602	-3.28701225925046	0	0	0
-2.4292346297486986	3.040032392446321	0	0	0
0.03622973404953456	9.10015181576788	0	0	0
1.307183140800312	-18.65613787661556	0	0	0
-0.9815779619389602	18.867294094834207	0	0	0
0.32009671562393294	-3.210476862612637	0	0	0
-0.2851575272928528	1.614947778532617	0	0	0
1.169369288323324	-14.105281618193438	0	0	0
-1.9801332593410947	-6.476265638517127	0	0	0
1.8448354488861085	-1.8705222889047093	0	0	0
-1.141734120828815	7.90680345736655	0	0	0
-0.0848924832876321	0.5147928548752034	0	0	0
0.29768081532752433	-0.7471579571253457	0	0	0
0.6395222912244307	3.95350669494303	0	0	0
-1.1336309981836976	-7.799119089885117	0	0	0
1.122378232168714	3.5598214256069056	0	0	0
-0.4031882784571721	5.986922991355726	0	0	0
0.12775024556977854	2.394475878197696	0	0	0
-0.4466402171528827	5.853925414546346	0	0	0
0.7994525467145337	-3.1165956842951203	0	0	0
-0.43843060894945296	4.477740473372535	0	0	0
0.6260842218166616	-6.792724807170991	0	0	0
-2.730753426522135	-8.203140363320394	0	0	0
4.571682271675606	19.94269667435109	0	0	0
-4.084017938969758	2.6340623816829094	0	0	0
3.388239671025886	0.7930524895452535	0	0	0
-3.2754138044442698	5.778854485432632	0	0	0
3.2622757899759094	-2.6989518516813575	0	0	0
-1.5868162512545183	1.8989501874146555	0	0	0
-0.6529620980819999	-5.297076642726566	0	0	0
2.3900029506226517	9.043316684057814	0	0	0
-3.2194697273384065	4.118228168218835	0	0	0
2.8240221440782207	-4.61666193001993	0	0	0
-1.0385689686754134	2.2444407036985154	0	0	0
-0.8156727398914612	-4.904190283831369	0	0	0
1.8920933140127687	-1.37608075219039	0	0	0
-1.56002715030575	-5.163957877300476	0	0	0
0.3679401337909809	1.2830697811128289	0	0	0
0.445906744629859	-0.740088277974948	0	0	0
-0.9174436163746051	-0.19933914620067128	0	0	0
2.239337000563573	1.450060486082009	0	0	0
-3.1610481218663864	-6.010320876384881	0	0	0
2.112549255540543	12.703919335842258	0	0	0
-1.7252716200177787	-15.453991405785331	0	0	0
2.9385763925310044	11.184048509538457	0	0	0
-3.027240423718723	-4.874957256602968	0	0	0
1.905767739646791	0	0	0	0
-1.828804689381748	0	0	0	0
2.188981396219333	0	0	0	0
-2.580439829953235	0	0	0	0
3.848598046708183	0	0	0	0
-4.550274544492503	0	0	0	0
3.6067136219545617	0	0	0	0
-3.67889203265603	0	0	0	0
4.047461577160014	0	0	0	0
-1.6195349781646726	0	0	0	0
-1.6508323013977773	0	0	0	0
2.4276144259628865	0	0	0	0
-0.9426684508711602	0	0	0	0
-0.7938300983990771	0	0	0	0
1.0554929319085105	0	0	0	0
-0.4431551933182689	0	0	0	0
0.10295470701309739	0	0	0	0
0.15573717191676906	0	0	0	0
-0.041135387150468716	0	0	0	0
-1.112919449001744	0	0	0	0
1.5166427204389024	0	0	0	0
-1.0894700672573805	0	0	0	0
0.8049503815769725	0	0	0	0
-0.9643662658974677	0	0	0	0
0.997027898859983	0	0	0	0
-0.8474245679548531	0	0	0	0
0.9541016246928464	0	0	0	0
-0.19763441838091467	0	0	0	0
-1.0356415780519868	0	0	0	0
1.1556175841495318	0	0	0	0
-0.5652067664940077	0	0	0	0
1.2563427332843986	0	0	0	0
-2.0938950524669337	0	0	0	0
1.4950353819930768	0	0	0	0
-0.6672829385281673	0	0	0	0
1.0004258482724424	0	0	0	0
-2.596998839779097	0	0	0	0
3.139601124387248	0	0	0	0
-2.409279607634012	0	0	0	0
1.2668516623278805	0	0	0	0
0.06393392973489398	0	0	0	0
-1.2631873959712436	0	0	0	0
1.157044728204255	0	0	0	0
0.29920210094851996	0	0	0	0
-0.3944326321979048	0	0	0	0
-2.8866717564104434	0	0	0	0
4.103187840028177	0	0	0	0
-1.4372143715554628	0	0	0	0
-0.3499598199762346	0	0	0	0
0.05749706717832481	0	0	0	0
0.6327765460908594	0	0	0	0
-0.5458155774191411	0	0	0	0
0.33461706774918554	0	0	0	0
-1.339580468764403	0	0	0	0
2.8703186895439785	0	0	0	0
-3.4469180269922006	0	0	0	0
2.8059240430854544	0	0	0	0
-1.9915846802090513	0	0	0	0
2.5924509234404667	0	0	0	0
-2.9754740419874963	0	0	0	0
1.6190441463673793	0	0	0	0
0.0026455987426032834	0	0	0	0
-0.6733433249720022	0	0	0	0
1.2896565152976223	0	0	0	0
-1.8824242776516087	0	0	0	0
2.562511522291146	0	0	0	0
-2.8112577477544107	0	0	0	0
1.43436385407783	0	0	0	0
-0.10503433060640788	0	0	0	0
0.38442573936099933	0	0	0	0
-0.9477642410459453	0	0	0	0
1.5336090781938552	0	0	0	0
-2.0083763248869744	0	0	0	0
1.8594728235909912	0	0	0	0
-0.42946195712981705	0	0	0	0
-0.6112876199065767	0	0	0	0
1.2281198946436263	0	0	0	0
-2.433639666849892	0	0	0	0
2.9452226090466525	0	0	0	0
-1.947935323492942	0	0	0	0
0.6138149476502832	0	0	0	0
-0.35857297867782023	0	0	0	0
1.2537173610299206	0	0	0	0
-3.573418547161914	0	0	0	0
4.549717425419814	0	0	0	0
-2.4208454994695643	0	0	0	0
-0.582935311585139	0	0	0	0
2.7940250545854894	0	0	0	0
-4.320059862691309	0	0	0	0
4.748343796971255	0	0	0	0
-3.7780027735693977	0	0	0	0
2.952471379170774	0	0	0	0
-2.626796240703449	0	0	0	0
2.3346313834036465	0	0	0	0
-2.0668002316979326	0	0	0	0
2.6654840994310334	0	0	0	0
-3.11910167384692	0	0	0	0
2.585177373374563	0	0	0	0
-1.4396379065990104	0	0	0	0
0.7277184380499975	0	0	0	0
-0.9024461089880873	0	0	0	0
1.1331497476576544	0	0	0	0
-1.4431084950600308	0	0	0	0
0.6900462527952982	0	0	0	0
0.651018041512387	0	0	0	0
-0.97584903254252	0	0	0	0
0.4414823897053779	0	0	0	0
-0.4405784035443574	0	0	0	0
1.0971922161199856	0	0	0	0
-2.074096015216128	0	0	0	0
2.292468204148662	0	0	0	0
-2.1717919711876874	0	0	0	0
2.2961703344410083	0	0	0	0
-1.7603183867918801	0	0	0	0
1.2839750925145808	0	0	0	0
-1.1022905346923153	0	0	0	0
0.8493496429204583	0	0	0	0
-0.9201653381021515	0	0	0	0
0.19773037249649406	0	0	0	0
1.0377906990837147	0	0	0	0
-0.021785111772778976	0	0	0	0
-2.708568624734802	0	0	0	0
1.386356805343894	0	0	0	0
-0.2966395590599262	0	0	0	0
-0.5283234338168157	0	0	0	0
3.0941953220053193	0	0	0	0
