0.08444587193912412	-1.8653195825692208	1.8712350182742767	0.11439947244006987	16911.77834647172
0.4162904241741998	-5.769660062274269	6.094263854096539	-0.026196309879367163	16912.032252546687
-0.924845302340934	1.5561221453321537	-1.2006404596222353	-4.984804582058274	16910.62955316606
0.7045034225133691	-1.165603949873244	5.153459128114406	-29.342300097706257	16911.24206646877
-0.11020916950441517	-3.2279348277288165	6.301482069837903	9.238507163486133	16916.806726191306
-0.10799771264957059	3.430601956408651	-3.4437267487179497	-9.251726250846275	16892.973112380547
0.15677267571731335	2.1169175959776467	0.6763436616060403	13.60699572641441	16893.447469710092
-0.9975860879378615	1.151062898097976	4.818541940298431	-1.9626419579099377	16826.4445778459
1.8417098204625333	1.2575196307132899	7.498439019281861	-0.7479719826392	16876.910439396528
-1.8086821855877346	-1.2213018664971926	-7.620776770684401	9.839138008606355	16884.462536245406
1.0429939997433948	1.7682926245364357	-13.541592376447497	2.4045821556729408	16874.91876106235
0.2368285159464989	4.760319580368346	-2.6070445163135645	3.3018368229640345	16877.039053567434
-1.63626367623052	-5.391008799661897	0.6309634766749355	3.8723811396337595	16878.69162847322
2.3108459402660344	2.0752104600546772	0.16205533114155912	-19.515337530333483	16857.134378564548
-1.8371135774763232	1.70668466742341	-3.8566942392735086	-5.315918587770227	16869.03153458784
1.3889124593798314	2.0823207066794183	2.6015760949071023	4.189584956365792	16897.075867682554
-1.4402777187296394	7.304905429939012	2.004351685017866	9.966668268694917	16991.176577263293
1.9725447386307877	0.7634917674123827	-2.356988757462517	1.4434301897363326	16996.766680011857
-3.34509105883685	-0.640506818131108	-5.232033638135093	6.890222710575557	16988.73657486595
3.5138422023096325	2.020932025932211	-5.627717440406201	-1.3330904203533294	16946.13591271063
-2.104522405178173	1.5262420426222576	10.77094619721447	-6.908434191222355	16939.552526958178
0.8545798086882925	1.0597805309908779	2.105775243651692	-5.592921412947177	16918.125851731616
-0.895616631773926	1.361879691851847	6.2502267779944845	4.705489553171631	16927.43117994563
0.6739943435345452	-4.378607920775053	0.5044582614893045	-10.815538899615817	16877.121528168038
0.14979971935075298	-1.7868031695831803	-0.3276571671306101	12.285165122878695	16811.21956881399
-0.666856003475047	-1.9374439975059587	3.1133454190684944	14.746870162630245	16710.510743288294
0.8057313419745356	-2.885780277733261	-3.6407800265442205	-8.207036731697897	16617.207276502086
-1.388993716476996	-3.9065298661057426	-9.272578747651025	-5.216011585633112	16627.28517690079
1.4287686492738914	-8.006009765616753	-5.846573404244339	-29.446828674273945	16630.735183399087
-1.22347193249594	-1.8453260638923368	-3.3281469165513187	3.903209987525045	16703.50268310456
1.9541857360328976	-6.963226041296629	0.18749401481609596	-13.252327112658094	16617.637844600136
-2.0734291331405785	3.5118347000161023	-0.11002907948883944	-68.43666469988382	16700.957910469704
1.3713291050238041	1.6044058582816518	-17.80059892493979	60.68971890085298	16046.56041245416
-1.4905220507331052	-8.103704541673899	10.174493554609413	-11.177541336389908	14639.052235345833
1.702764652740612	-0.5978102100568776	-5.537391883573818	8.864087877670144	14042.222996181634
-0.6843022933852652	-0.7967233551929596	3.417106328879072	-0.8232397336916648	14375.007160110214
-0.780816861166187	-11.871483967032582	5.852346776186508	-21.65924552802494	14498.211937646909
1.349916705281224	14.419187721130164	-7.256414367045608	-6.165558195536889	14569.505774204568
-1.7621610417193594	5.02476450244648	9.047349277191742	0	0
2.89851324173776	-0.17278364942085034	-1.3889628787839285	0	0
-3.7035732292143493	-1.5137408772943886	1.059998528019051	0	0
2.7191618378198825	-4.95879604218613	12.883669207784521	0	0
-0.8711974314063013	0.13115772516162139	-0.1640138987943658	0	0
-0.0385164193162737	5.827278141038491	-3.8223141964100478	0	0
0.30816339792372816	-5.643120249382726	1.0500389510015253	0	0
0.059559077012409034	7.129501323896704	-4.399396430799726	0	0
-0.29696874074101487	-0.9487972227946528	-10.121175442062992	0	0
0.03751743058225543	11.42213716998959	-10.119501422785603	0	0
0.6235757754518971	0.8867309871635172	-9.194727923387276	0	0
-0.9697513131430142	-6.387009825170928	0.8953756482037107	0	0
0.9395899476645155	-5.702166515176351	1.97893966293654	0	0
-0.5505667864969794	-1.8270696592580222	17.075926767931605	0	0
0.8243029796981673	-1.9178320519396692	-5.005601961708436	0	0
-0.998050017005518	-7.687786726217006	-4.7676238257489985	0	0
1.1711859027208433	15.097945691799467	-19.848550562772203	0	0
-2.000410435696587	-3.684304330355488	-17.753042234557142	0	0
2.788780727688703	3.0939229494610956	3.1838373909670707	0	0
-2.979461158595292	-5.202733130949106	1.293449182945551	0	0
1.732466258706424	9.223179816610894	32.93001415659144	0	0
-0.5912307154815437	-13.155798584091905	-27.214663075446353	0	0
0.1838683435600572	6.343143182708566	17.322172755724125	0	0
-0.9016364843673372	-3.9604386532853795	15.451607936084145	0	0
2.491441300457531	8.612767786746431	1.023101294877577	0	0
-3.336235693601374	-3.9726786465454964	-25.07082854281832	0	0
2.7944199710504734	1.2857771750356832	-27.837249155522656	0	0
-2.2964260321016496	-5.311655856336671	4.4418733379567215	0	0
2.02170406851225	-4.3815325218262515	-1.2280385609659419	0	0
-1.3099002681446663	-0.8343816114108975	0.76604163419006	0	0
0.8097282286963363	4.128403535428056	4.70480970283279	0	0
-0.2857120738315828	0.029742559126560764	33.65688052442927	0	0
-1.3565571044299318	1.3446007763745484	0	0	0
3.5099563587786093	-2.4018439169162917	0	0	0
-3.1201765948733566	-6.037553419370084	0	0	0
1.3586991426522275	-2.0221616778408773	0	0	0
-0.6778613534940163	-6.745066510941157	0	0	0
0.1585445338410807	-4.666931958158145	0	0	0
0.40302752511732365	6.526229729341864	0	0	0
0.06544642810022339	-0.1087623002393272	0	0	0
-1.313326295421632	-0.27641278911873	0	0	0
1.8676260990900246	-3.424710290789214	0	0	0
-3.0025277904055514	10.717216754985841	0	0	0
4.518995635415088	-14.463487012399199	0	0	0
-5.166277716760511	16.506122667266908	0	0	0
3.784325218094125	-9.716150333849477	0	0	0
-1.5789894602977768	16.231130156402692	0	0	0
0.4158823450125766	-2.7156830517928583	0	0	0
-0.7086611251492059	0.8266351984672085	0	0	0
0.7048828247832617	-8.419833163767507	0	0	0
0.3175624062135398	4.204308093861762	0	0	0
-1.160285881851955	-4.05288830857873	0	0	0
0.937248818109893	-3.2882557714982426	0	0	0
-0.17886605114048137	5.027076276856803	0	0	0
0.810540496634836	-16.942807867787458	0	0	0
-2.5685304757442253	11.735173365266384	0	0	0
3.774503029689434	-0.14581462301774906	0	0	0
-3.721416134288404	-7.269428827144942	0	0	0
2.675362880922947	-3.901647665460743	0	0	0
-1.171060834247129	-6.6267423474259175	0	0	0
-0.6085251778059231	-2.7607774012821693	0	0	0
2.5317004028343035	-0.5361786584549151	0	0	0
-3.2724051283389173	-2.054861203055758	0	0	0
2.10302762537102	-3.656145243751382	0	0	0
0.00860621628770275	-6.892607422110956	0	0	0
-0.4477712091899235	23.780865575017323	0	0	0
-1.1176141646870335	8.54188256855737	0	0	0
1.3467424252593219	20.772608144106243	0	0	0
0.5356272718263995	0.5519780764239002	0	0	0
-2.149106406645764	-34.951477898647376	0	0	0
1.9944952739313635	-4.658936695158673	0	0	0
-1.3600123074706048	-0.5422968247793989	0	0	0
1.7794099849538654	29.093826728881126	0	0	0
-2.2392989619886237	-41.491137799592664	0	0	0
1.1687720271342457	1.095592773514852	0	0	0
-0.36163208125795165	-12.504558491561518	0	0	0
0.9906634938867498	14.849103833694919	0	0	0
-1.4068092538262107	-29.256022206002328	0	0	0
-0.7225043805133922	26.783353307426907	0	0	0
3.093607443458602	11.75810445503705	0	0	0
-2.584401947030827	4.352388128004627	0	0	0
1.2218320036675436	3.291979027633708	0	0	0
-1.3738430352069173	-22.841337365479617	0	0	0
0.9331012986953553	-6.465667781306408	0	0	0
0.5941367057088627	20.702571866685602	0	0	0
-0.9192009757021964	23.309851719062777	0	0	0
0.36556748235941683	-41.25911171255862	0	0	0
-0.17641638838101414	-0.806852899624559	0	0	0
0.8397685782578606	-2.6646489982766894	0	0	0
-2.066346349930079	-10.785384399087377	0	0	0
3.2416067191238227	-13.706046195973279	0	0	0
-3.2087923563096226	-3.1717208692905245	0	0	0
2.3725511227577414	8.137601976142669	0	0	0
-1.4705740733488923	14.08714880078962	0	0	0
0.8777150052082945	9.647126549884682	0	0	0
-0.5627259017016044	0	0	0	0
0.4816616202411126	0	0	0	0
-0.8883639527114013	0	0	0	0
1.1470895691844163	0	0	0	0
-0.7586953479042364	0	0	0	0
0.6035343561070334	0	0	0	0
-1.2382494209116004	0	0	0	0
0.8675095243890567	0	0	0	0
-0.31720913549651186	0	0	0	0
-0.13614042385079728	0	0	0	0
0.026673602942139496	0	0	0	0
0.9162883317140924	0	0	0	0
-2.2859266162967984	0	0	0	0
2.8985937827891135	0	0	0	0
-3.0473407050243537	0	0	0	0
2.2127704454769628	0	0	0	0
-1.0975847822664306	0	0	0	0
0.6195580090018709	0	0	0	0
-0.6003892587893276	0	0	0	0
0.3263133515283627	0	0	0	0
-0.5168846629045518	0	0	0	0
0.9784101338530249	0	0	0	0
-1.7505037810373238	0	0	0	0
2.2576335360113475	0	0	0	0
-2.3925097865991845	0	0	0	0
3.597396390844125	0	0	0	0
-5.521397056927981	0	0	0	0
4.786300322999786	0	0	0	0
-2.4263750363209837	0	0	0	0
2.7601677442183643	0	0	0	0
-4.05760311136973	0	0	0	0
2.208621547204544	0	0	0	0
1.1076302530447322	0	0	0	0
-1.3830031967452214	0	0	0	0
-0.31236616539495543	0	0	0	0
1.1017670983157615	0	0	0	0
-0.4715842107562622	0	0	0	0
0.4764859975632234	0	0	0	0
0.10485010772366365	0	0	0	0
-1.6570010222796085	0	0	0	0
2.80109335172871	0	0	0	0
-2.167153504550747	0	0	0	0
1.6617347796373565	0	0	0	0
-1.3732788608008448	0	0	0	0
0.6268113635198205	0	0	0	0
-0.02958019276722723	0	0	0	0
-0.5736910090241949	0	0	0	0
2.7209104834250866	0	0	0	0
-5.471765192571333	0	0	0	0
4.11442863436946	0	0	0	0
1.1092092450443545	0	0	0	0
-5.457345348807365	0	0	0	0
6.0818405600054675	0	0	0	0
-5.728170526645883	0	0	0	0
6.297591778394072	0	0	0	0
-7.102521732569329	0	0	0	0
6.814865661977194	0	0	0	0
-4.9685456166100295	0	0	0	0
2.720562852344429	0	0	0	0
-1.3851374115767001	0	0	0	0
1.0379976765745482	0	0	0	0
-1.2917121397778502	0	0	0	0
0.331495751409669	0	0	0	0
1.3193330800495673	0	0	0	0
-1.9856123660157294	0	0	0	0
2.7292551191921817	0	0	0	0
-4.598835819315987	0	0	0	0
6.299446168930231	0	0	0	0
-5.1705215562049744	0	0	0	0
0.949072585878767	0	0	0	0
3.530347952204103	0	0	0	0
-4.927464183505698	0	0	0	0
0.7540825065810068	0	0	0	0
6.40750218777027	0	0	0	0
-14.849130876487592	0	0	0	0
24.380497396549494	0	0	0	0
-31.119703155306198	0	0	0	0
31.077014801545353	0	0	0	0
-21.144355830712698	0	0	0	0
6.33601282783885	0	0	0	0
0.7666584789442297	0	0	0	0
-0.12440468236971469	0	0	0	0
-1.641850652301052	0	0	0	0
1.717172885409198	0	0	0	0
-1.4274369305958032	0	0	0	0
5.608868323445101	0	0	0	0
-9.907221481156	0	0	0	0
7.538217257782826	0	0	0	0
-1.1530367666372854	0	0	0	0
-1.9757614502964742	0	0	0	0
1.8518807158132446	0	0	0	0
-1.4980247231502943	0	0	0	0
3.102494210566043	0	0	0	0
-1.2297409423316523	0	0	0	0
-2.844625185108818	0	0	0	0
1.3832972152445109	0	0	0	0
4.678567268210045	0	0	0	0
-9.018270393993056	0	0	0	0
11.656504255105318	0	0	0	0
-13.550314553998803	0	0	0	0
14.471114299839016	0	0	0	0
-13.907473324207892	0	0	0	0
11.585815136524054	0	0	0	0
-6.052226752765968	0	0	0	0
-0.9460316599080087	0	0	0	0
5.99500526343509	0	0	0	0
-10.821689640329552	0	0	0	0
11.870856504956613	0	0	0	0
-8.069568206862101	0	0	0	0
3.371668271855988	0	0	0	0
-2.6318911708171697	0	0	0	0
5.4784524375786035	0	0	0	0
-8.582451399210797	0	0	0	0
4.749431441550406	0	0	0	0
4.005453443692218	0	0	0	0
-10.996359903665422	0	0	0	0
10.080096178288073	0	0	0	0
-6.075456622735487	0	0	0	0
4.856880180326911	0	0	0	0
-3.768839783063129	0	0	0	0
0.48535553469093173	0	0	0	0
1.7169012219155846	0	0	0	0
-0.7943625860579857	0	0	0	0
-0.594142333391602	0	0	0	0
1.4949494734504398	0	0	0	0
-3.2309707588953245	0	0	0	0
