0.11252817993162267	-2.2989951321317506	0.49025139666001394	0.2967981498607486	16896.328425217383
0.5702601765665491	-7.370086182325593	1.776366229133174	0.8066987064706268	16896.786718639843
-1.526350988242541	0.6960243883890058	0.9317889299481976	-2.2029165154145147	16895.90057477442
1.6262601891764206	0.6960655119972685	5.234955457301908	-14.498757483148921	16896.390921661008
-1.2651929139341647	-1.56928947270206	4.144937998622893	14.876694324714421	16899.528724835553
1.0721809953786163	4.541035638219363	-5.816705377941631	-9.408618209289244	16883.775768650274
-0.7908574447137653	-2.8120695467742536	3.791673432689038	9.699197133751596	16864.811759545853
-0.6336122838161558	1.1319819143055199	-3.1835621527833666	-6.166726456104968	16830.873789868332
1.8214893436014066	-3.8451800202645288	7.499824816684551	-3.9347603586859776	16886.320485162225
-2.2423938291218946	0.006077612567324309	-4.8750685388456105	2.7069298396070565	16883.164593746907
1.7675052468084118	-2.8391099588752695	-4.733804081436801	1.8382274920431598	16910.956479605466
-0.37399640087450337	2.574809746248228	2.2591608517889483	0.43034597772854966	16886.42005424761
-0.42220095850685624	-0.8839871153928129	1.0202891108882	14.344676969881888	16884.118276438996
0.47491140283270283	9.204823548444793	-2.8800315473525586	-24.058183764733286	16869.473101131476
-0.5824230841853151	3.0193339734714684	-0.7867814387976324	-4.152687594628446	16864.8375202728
1.4942580482099856	0.5107110294075454	0.38235221851277856	8.67503646375421	16870.45333758271
-1.7233977393020794	3.950803102703766	-4.690008067802623	2.915919014677371	16955.972719716396
1.5966253969705946	1.7485239901792227	-1.3272355011145152	16.221132856724594	16978.83734372308
-2.2948394348303154	-3.5739249757744105	-1.385092157401246	5.722417963793006	16985.66422730314
2.418750094019927	3.7681772404487646	-12.20691723209164	-3.9260636795975046	16932.463954449144
-1.4121484491583018	2.9303978554849692	5.832887926912193	-9.883693564098323	16936.906457095836
0.7439743446049221	-1.414632921782271	12.407769217688028	-5.841435365839871	16928.73489547474
-1.001285285323462	4.908854317425401	4.18274125848211	-3.960939575462973	16901.250309034567
0.86395484173282	1.4160348190076846	2.6199844512511135	-5.26394531591788	16853.877694594416
0.9002328674692777	-1.6542148071115292	-0.30675556568134255	-4.975157123100971	16800.286488168927
-2.7383506698873106	1.7942684428754703	1.1215140909530277	20.104347227117927	16701.312250949257
3.5256655465562403	-1.2615572447357337	-7.275985373192768	-20.64834903775838	16606.496417704762
-3.7737879579112104	-1.4927348815295503	-12.662428244096787	0.5513623222138762	16628.39350938894
2.778783941457668	1.5400825460795105	1.6398044803080012	0.42932887379643603	16654.21894671214
-1.5057949845808167	2.894795521133098	4.61265227330334	3.904640601990309	16675.909851496646
1.5737857259724635	-5.750662729314101	1.7945318547286604	6.635609390883658	16654.43055496198
-2.081332301801048	1.7398292931551467	-2.7381047856239746	-60.84404091879162	16629.578363046738
2.136204266886587	1.577051026045467	-19.09335967758146	36.43308821053381	16062.031762971925
-2.1457148375014157	-1.6107921407719772	11.8296619665511	-19.1721142033429	14860.188657547518
1.419397611036402	-4.351773340096003	-6.063966444955881	-9.43235890796609	14330.074876618364
-0.10803393384640003	-5.220340162034496	-8.20740686996713	3.6308553850175684	14538.417552649342
-1.0446313744442506	-7.609531035308777	3.9634816634839893	3.1684851257137012	14646.889177150073
1.0926668091270244	5.932154176083017	-0.4510183425205838	0.8719255720594248	14651.148734717426
-0.7167499690561598	7.915803826789478	7.804066427152421	0	0
0.8686469923296158	-4.961468070037903	4.498589764295687	0	0
-1.4394005316638996	-4.635912062953658	-9.004159469263442	0	0
1.6645459699396312	-5.065156603651964	7.653029426314248	0	0
-1.2976040552994803	-1.4403358931699373	-5.352470149111724	0	0
0.7433588330430254	9.60562482463667	-3.5784202926101614	0	0
-0.17195716033955932	-7.050020578539893	3.427553127297429	0	0
-0.8572592629863038	3.4417734204346218	-3.4543961635491485	0	0
0.8549631005380576	-1.6437682973341907	-8.803036259956954	0	0
-0.5374547570754231	3.628631418915745	-8.4729988016541	0	0
0.8609315467326084	3.3960030735242697	-4.120659596142602	0	0
-0.8579276210231441	-15.378281933989733	16.570711115478005	0	0
0.29766330541128383	-0.3257651931065695	2.491925178508623	0	0
0.038340510291419605	-4.606025937483423	13.88707182725976	0	0
-0.14674383788020862	-4.834915374526979	0.31391753283669743	0	0
0.5504363818123608	-10.63450138631189	-20.432707155185696	0	0
-0.2536869628715053	9.039251890250902	-3.254174848571921	0	0
-0.8954053059109413	-3.7254952025446357	-11.354087287446404	0	0
1.631046979096645	-0.9093823575821247	9.957826994033823	0	0
-1.8493746027984272	-12.453972891257052	4.190218323051752	0	0
1.1464340248676663	3.970339105028522	6.502068480318158	0	0
0.5676115788093554	-20.49054555200148	-11.53666675324942	0	0
-1.3620449030829462	6.837176530030952	17.265435759604856	0	0
0.7712713017674986	-3.5768191875421778	7.879073863198357	0	0
0.768291930011145	1.4101533703374898	7.10918128455242	0	0
-1.3153331750345103	-5.173718576355057	-12.915723255965219	0	0
0.9766786396124658	2.854469180173041	-1.4739082974874975	0	0
-0.9154835880242018	-6.035677736358387	5.127038329906668	0	0
0.8677778395496674	-6.927051424134341	-0.3413609391042627	0	0
0.15866676486015763	-4.560763998355142	-0.5340607467858831	0	0
-1.452649114872635	-0.7610959800270081	-4.081552802351396	0	0
2.1010318947443665	-1.4377413458410118	4.713176211121677	0	0
-3.2816248942708057	2.945885397878996	0	0	0
5.2965195281124196	-3.6662455565519565	0	0	0
-5.9992706408218694	0.1586756369656115	0	0	0
4.595982653666049	-8.041187842921687	0	0	0
-2.896774187215975	-0.4026021868861207	0	0	0
0.9625960097011443	-10.80853129520407	0	0	0
0.7796161516608962	4.475730467843647	0	0	0
-0.32152849249785476	-2.419673000893283	0	0	0
-1.3770899543210717	1.6673556492671509	0	0	0
1.3929445584287663	-2.287408439317211	0	0	0
-1.5661511959755217	6.097894203764056	0	0	0
3.1843239924782196	-7.626272299233015	0	0	0
-3.9215444852282175	11.67871514769142	0	0	0
2.385451751285359	-10.347012520574218	0	0	0
0.23921729001821035	8.189799105484525	0	0	0
-1.6142920330362571	2.9632888461616105	0	0	0
0.9776295407198319	3.3863857337805996	0	0	0
-0.36534269680258546	-7.138027480392616	0	0	0
0.8639303532599669	-0.614539363014039	0	0	0
-1.753253925927055	0.5602114244978011	0	0	0
2.228421725224891	-4.759814083191401	0	0	0
-1.5058282101301117	1.4544345431947008	0	0	0
0.6736420798734244	-11.540252594364468	0	0	0
-1.8267890807524978	8.580047461449979	0	0	0
4.00943140804209	-5.562637116570798	0	0	0
-5.182438033296407	1.073747619975137	0	0	0
3.787405209774022	-5.041313688934551	0	0	0
-1.391595888681394	-1.8795036366499502	0	0	0
-0.6997043924635875	2.1402224217567394	0	0	0
2.683574783192263	-1.760567073283731	0	0	0
-3.6098355747190283	-2.518342705263251	0	0	0
2.5044256594881205	3.012388581988425	0	0	0
-0.53148258485421	0.9793060934386517	0	0	0
0.18923936927639318	15.391569050534038	0	0	0
-1.2417587689498006	3.7478060167992524	0	0	0
1.4663058701520129	25.70673554083381	0	0	0
0.21960875322729834	-3.2288131252896335	0	0	0
-2.2998040451768205	-14.904766097030056	0	0	0
3.1948040528443116	-8.31156188726667	0	0	0
-2.5715619944077943	-3.0726028228462923	0	0	0
2.952193807890154	26.059723411872078	0	0	0
-3.5968564531088916	-47.272716475607695	0	0	0
2.40751001951746	18.310958745493764	0	0	0
-0.2974565403596472	-7.088419073474007	0	0	0
0.029987895749016502	13.132185612228518	0	0	0
-0.5281267961120832	-25.2609126213153	0	0	0
-1.6326402526211226	26.373526105822165	0	0	0
4.143498593450772	4.1240245753354685	0	0	0
-3.4585532623105664	10.754963693826838	0	0	0
2.3423679181301367	6.357212874230662	0	0	0
-2.679152042122581	-10.90888542759977	0	0	0
1.74670326813402	-2.035843318474882	0	0	0
-0.5254694881311295	13.701044019209512	0	0	0
0.7019960720269722	33.965718940318496	0	0	0
-1.4293668444021534	-27.917822922772693	0	0	0
1.44843434163527	2.3024229150010314	0	0	0
-0.5214037652893069	10.668798029725643	0	0	0
-1.2344809306876812	-11.747536964889079	0	0	0
3.1032288045333587	-12.61663452351818	0	0	0
-3.770769624039694	9.753654585708553	0	0	0
3.176494821630804	-8.758970403749544	0	0	0
-2.2169061786167887	19.317812134703004	0	0	0
1.0792949516759691	2.0668949087955397	0	0	0
-0.5536127455848785	0	0	0	0
0.6476606415409663	0	0	0	0
-0.3639503508060855	0	0	0	0
-0.1424880256081167	0	0	0	0
0.6678929894483332	0	0	0	0
-0.31961247028152684	0	0	0	0
0.134985638751985	0	0	0	0
-1.0431106570492332	0	0	0	0
1.8151674611420887	0	0	0	0
-1.1885863871771178	0	0	0	0
-0.1111380426375348	0	0	0	0
0.9000850307243198	0	0	0	0
-1.0240974780441192	0	0	0	0
1.8941144979636917	0	0	0	0
-2.920713470467824	0	0	0	0
2.3472085589200944	0	0	0	0
-1.116840698309673	0	0	0	0
0.6356666126322068	0	0	0	0
-1.0966440331034875	0	0	0	0
1.4334734294099434	0	0	0	0
-1.900765637591448	0	0	0	0
2.3914589730654825	0	0	0	0
-2.265544830269789	0	0	0	0
1.68447527593392	0	0	0	0
-1.2562824947074276	0	0	0	0
1.5103486032841076	0	0	0	0
-2.581023049885218	0	0	0	0
2.3239562408583154	0	0	0	0
-1.5955130020130497	0	0	0	0
2.77069247578099	0	0	0	0
-4.158949785005952	0	0	0	0
2.530659055547261	0	0	0	0
-0.20395383949338708	0	0	0	0
-0.015888550469561835	0	0	0	0
-1.0149610920122072	0	0	0	0
1.5172253392173047	0	0	0	0
-1.3347193597326452	0	0	0	0
1.507304728988764	0	0	0	0
-1.52455629001048	0	0	0	0
0.3204891531205192	0	0	0	0
1.244040130832353	0	0	0	0
-2.274602633415526	0	0	0	0
3.6022692256484348	0	0	0	0
-3.9378781617950125	0	0	0	0
2.989447779306353	0	0	0	0
-1.9093276830974801	0	0	0	0
1.9189249770329369	0	0	0	0
-0.4650527086576588	0	0	0	0
-1.6611715131413547	0	0	0	0
1.355561757248772	0	0	0	0
1.1599919784455537	0	0	0	0
-2.452433287541261	0	0	0	0
2.030576442252226	0	0	0	0
-2.512432870368052	0	0	0	0
3.5596470774982336	0	0	0	0
-3.689033896955017	0	0	0	0
4.3070444742816605	0	0	0	0
-4.975454940867628	0	0	0	0
3.5225413083923343	0	0	0	0
-1.8475047292588727	0	0	0	0
1.1631715290824616	0	0	0	0
-0.16333606878919937	0	0	0	0
-1.563430630689787	0	0	0	0
2.7896712826957284	0	0	0	0
-2.550253331311957	0	0	0	0
2.2438816029988473	0	0	0	0
-3.010500132762047	0	0	0	0
3.972028249959891	0	0	0	0
-3.0104249011935664	0	0	0	0
0.37735375218679224	0	0	0	0
2.0672491791963736	0	0	0	0
-2.2698822805143877	0	0	0	0
-2.132956772565578	0	0	0	0
7.958993606630457	0	0	0	0
-13.575636970902544	0	0	0	0
20.496233957102888	0	0	0	0
-25.133568744969722	0	0	0	0
21.899309006457607	0	0	0	0
-12.197308173216662	0	0	0	0
1.9180793952296682	0	0	0	0
2.439162702728467	0	0	0	0
-1.6028381025099847	0	0	0	0
0.7056936825732691	0	0	0	0
-1.821405327160953	0	0	0	0
2.148109094782477	0	0	0	0
2.840139834861688	0	0	0	0
-8.739718605181231	0	0	0	0
6.5648956386900394	0	0	0	0
0.5504962247270555	0	0	0	0
-3.0994953966558683	0	0	0	0
2.2795945487622973	0	0	0	0
-2.836759816544408	0	0	0	0
4.782978858813323	0	0	0	0
-3.8381849832097927	0	0	0	0
1.7197563194292869	0	0	0	0
-3.6799473567463394	0	0	0	0
7.934830692063407	0	0	0	0
-9.58341669899054	0	0	0	0
9.767755353220743	0	0	0	0
-11.267669228491634	0	0	0	0
13.043446323513429	0	0	0	0
-13.384815605212971	0	0	0	0
10.640616356517967	0	0	0	0
-4.4452964371534165	0	0	0	0
-3.365128696917438	0	0	0	0
8.974174093543944	0	0	0	0
-13.460972085098163	0	0	0	0
13.034650041214654	0	0	0	0
-6.845829589588725	0	0	0	0
-0.2520120935805963	0	0	0	0
1.3688715079781346	0	0	0	0
3.3431783521409244	0	0	0	0
-8.830390190467064	0	0	0	0
6.997159940523318	0	0	0	0
-0.8046729248873206	0	0	0	0
-4.519964207241458	0	0	0	0
5.347128870421336	0	0	0	0
-2.5390345108833117	0	0	0	0
-0.01890997717819687	0	0	0	0
1.181682620903203	0	0	0	0
-1.301852046784056	0	0	0	0
-0.7270053220037909	0	0	0	0
0.6781101648456556	0	0	0	0
-0.5754545142990111	0	0	0	0
0.35698116964708504	0	0	0	0
0.6543211001374232	0	0	0	0
