0.825690631994128	-0.9460500923192896	-0.830955749397404	-0.5689366490952068	16914.146109087742
-1.8667890998792132	-2.007994568951183	-1.6963959961929191	-1.50723404666293	16915.248618585065
-3.0669635398449557	17.419074879972676	10.963401681739384	0.20986706035004943	16913.452059220246
0.25696636919014537	27.51392755460241	31.898026509955017	8.913351133161086	16915.26965315414
6.028114678724464	0.8772087946974949	7.230483280262348	-0.43254707944826976	16912.178379529865
-8.458194913736413	-14.371652978292332	0.7054031393824687	0.4058731401072322	16921.891477708188
8.314578086727082	-10.618146412828274	-20.942274285898847	0.5085619319264083	16927.472808249047
-8.897081239927132	-22.497244547450144	11.039606714415669	-40.22450834083371	16985.944585762398
7.904792918345763	0.6380771948848007	7.470911369164412	-106.45669093923779	16914.388709709285
-3.513462964748527	21.247320105528594	-27.593257490397406	6.072226382090037	16918.59283185179
-1.0763486616266391	-4.649214355372507	4.105700269267658	3.1950445341469162	16879.309000934638
5.147033353822145	38.87617159680985	10.36729470456585	-9.989011415646004	16935.031576550326
-9.841963600763314	19.92778535897221	6.847149488826588	5.446500050103964	16928.445932808856
14.353833346790907	0.9677562014333816	48.65998009707347	7.047360115455746	16944.57199898846
-15.872270568664774	4.790269270271494	36.63965480767716	-8.01761359971708	16880.769006333543
13.276170169786106	-8.695637482652835	-7.860268275818541	-6.1982564791728265	16852.818500646717
-7.996781458876711	4.06691445050177	18.089843813584295	-17.12907024349782	16869.903969294686
2.4620518284243573	-26.153528372259373	6.163186323710903	-9.972317371065785	16854.91550802753
-2.501610175225025	-10.201845255547454	-17.87264936816507	-7.437828200214426	16899.846717438748
6.785979632907363	-16.195398118738993	1.4526159563593382	9.156788242640985	16908.26888687871
-7.327600023996887	-22.53240233274054	8.266572077268506	-9.671144534697945	16936.01136906249
2.9467901985710725	3.882727720543791	-13.36078862393471	-8.984488573043564	16946.28125523677
2.5074788328515396	-13.604722541679742	-7.268769968935729	-1.1729524833526312	16935.22378664146
-7.674883167725575	13.402319673622749	-1.6505973052528589	1.3798527146230128	16917.807098753703
11.725139865444781	1.292736148445826	-4.087988385252984	16.259545438611426	16902.663000091037
-13.213087395335421	-71.60687388794827	4.116437612683441	7.484204625878149	16887.936583593848
13.937910087339482	34.11494205896603	19.582883841999106	-18.277165311434658	16883.7958672953
-13.95848779487099	1.4811175634110754	8.22363235725301	23.346756558036915	16892.681279381817
10.334937382550144	5.340908569382087	4.999236836089764	-13.53602027905481	16918.681687031334
-6.221721189351655	-7.214366912914777	32.58481350406372	14.588336208187073	16941.54274326992
4.167213722492654	6.45053176923534	-22.57521655615274	10.24507565313057	16959.921381405973
-1.158488765550345	4.229891981018987	15.18019016344796	-7.472267974797106	16935.80896062542
-2.904745902802148	5.986058521731657	30.423175631980968	9.25764531436792	16906.668243521824
4.2587729305842	18.460251698695586	-22.093813755157456	-4.346040644236311	16925.285199658727
-1.6869309619011688	0.26073726597589797	20.211063815345298	5.7128664662259325	16929.750815312884
-2.5492611847076105	10.019274301202387	20.6984836913998	-3.1901712095576045	16898.08808282152
5.622039757456122	5.2759768632313	15.597799406993829	-2.9091917366399542	16934.463322843345
-5.530823378520935	-5.824602004096093	12.517558064841282	3.484698031447408	16977.895533922976
2.682035760625716	2.6509214566049266	-18.08146957949097	0	0
-1.733904992952752	-14.413523514186231	-27.009560432534414	0	0
4.363423028883773	-22.62153143672652	-7.517455607469216	0	0
-6.2822820715622285	-31.43379396749296	-4.509930228484961	0	0
5.752884707083702	-11.89323375007568	-2.6323694391170562	0	0
-3.339315708997667	3.6540971360622194	6.113071558403931	0	0
2.130082516014852	7.9012018355268125	1.3622573552060686	0	0
-2.810369865115277	23.44724563393136	-12.216912494563815	0	0
4.2764418967859115	25.42802659634861	-35.17330626178075	0	0
-7.407121748823194	-7.719361947416516	-10.863683833725958	0	0
3.099329869849832	21.83023887455147	-15.20317201262472	0	0
11.993423390164295	-16.50677135072108	7.044304689658972	0	0
-19.1196610499114	39.503029276274724	-7.318308758826532	0	0
13.621098147430821	-3.6762497816328263	-6.119425443870327	0	0
-8.23128939698205	13.257399038094462	3.2499639076766726	0	0
6.643061801718538	-29.525750347723402	-20.742075625665095	0	0
-7.956679424294869	-0.3916728557833693	7.738203856875046	0	0
9.186492584958131	-13.101238403793595	-3.395640856520714	0	0
-11.235503914739624	-14.422439585471686	-2.8003748501639762	0	0
14.669156615392637	7.896029656592056	-2.8939526428719233	0	0
-16.270712594306694	14.713513084148069	9.374934251165683	0	0
14.077804918672967	-17.650500637807156	33.78857149561165	0	0
-11.886618501790252	-7.244033058659291	15.815735164455887	0	0
11.853514926609932	-15.311892866987328	-6.253369637469262	0	0
-11.807487784473786	-28.36123372549121	-8.701442013394797	0	0
9.597436753938482	-7.5711393609980036	-19.575697999354603	0	0
-6.084726289493474	2.520563894576	8.825297369692649	0	0
2.6983382987362816	17.244955883065394	-19.886137153604636	0	0
-1.6762123308793022	-18.646065238477398	7.533594647769448	0	0
3.929654515120731	8.491966297713397	-4.2428291147868435	0	0
-5.4900114495915915	22.78539464659059	18.242622412994223	0	0
4.4430356881005295	3.284196096537272	-7.155395913786151	0	0
-3.2026909819432348	-15.695269038895766	0	0	0
4.655186133024181	-7.579551525270951	0	0	0
-6.35638146750604	-24.3846162406985	0	0	0
6.496731190086713	-13.853737847850105	0	0	0
-4.067264369253152	-4.739368086688209	0	0	0
-0.9494274662284994	19.12697016337909	0	0	0
5.456870584861242	24.07620274185974	0	0	0
-6.730357111873133	24.828302179953532	0	0	0
6.022175724545697	-47.622567682030876	0	0	0
-2.3623021776174866	-15.762125322952592	0	0	0
-2.5075023501774325	-7.001552564692766	0	0	0
5.115282662664583	-19.19695002939381	0	0	0
-5.183480669377978	-3.999569211650879	0	0	0
3.895328831536922	2.9625540224466462	0	0	0
-2.2352914840526807	13.93958048847638	0	0	0
1.3641188848850376	-1.6273511833013075	0	0	0
-1.6835700892500967	-5.212242602987793	0	0	0
3.766786343051038	-35.21423592227457	0	0	0
-6.165829051118642	9.800265563375163	0	0	0
6.54195858777549	-12.796674136247809	0	0	0
-4.214727354694816	-12.335703363125937	0	0	0
3.6681056815075195	-15.191573739556155	0	0	0
-7.379919159481091	-3.7053275607785423	0	0	0
10.255775599926771	-6.5318879992579255	0	0	0
-8.558420664903558	9.973592486297541	0	0	0
4.6262453878518315	-11.597036803806823	0	0	0
-2.8936586202226664	-2.113833561346837	0	0	0
2.550300875767185	7.850893796505005	0	0	0
0.7902557760768829	16.946818117215443	0	0	0
-6.787974091817027	2.5569093901327875	0	0	0
8.77390175576003	23.46565043841391	0	0	0
-6.966032208482787	-0.8101321975931057	0	0	0
7.315008525698985	-7.71390555086932	0	0	0
-9.603571182112944	-0.6138098663163092	0	0	0
8.85296442798306	23.381573490383786	0	0	0
-4.761860310328885	12.605700414280825	0	0	0
2.9812197175442066	-45.77645379769716	0	0	0
-5.1340265169907795	6.685160289339429	0	0	0
7.17881365263041	4.324136822749374	0	0	0
-3.985710021425298	10.88032724521296	0	0	0
-1.108257609315089	2.59056326107018	0	0	0
2.914244443811036	10.253649907764675	0	0	0
-2.6526342323855587	-4.416462737225409	0	0	0
2.082452539581041	2.7879091942559597	0	0	0
0.738440268122325	-1.318837437697006	0	0	0
-2.001275642303149	-16.93897880001665	0	0	0
0.5966136887298674	7.925818689222986	0	0	0
0.5316277275782753	-2.561384433760182	0	0	0
-1.0145401191737236	-10.016084469106659	0	0	0
0.10812672952163638	-8.193106804578797	0	0	0
1.033853043358988	-7.706836581561689	0	0	0
1.9301618694334621	15.445662708613519	0	0	0
-6.09476199804827	4.513034083403618	0	0	0
6.548751304194468	7.886247076464429	0	0	0
-4.824266051124461	21.16186847957939	0	0	0
2.70771507524244	30.078871802370244	0	0	0
-1.9041836798962208	20.447585938011066	0	0	0
1.505961543390363	-0.7270253809546432	0	0	0
0.9460635144711489	13.034305010060521	0	0	0
-3.154844808497998	38.40779089186423	0	0	0
1.582798284859507	-55.33726833536539	0	0	0
-0.32608127651973007	5.171691868787747	0	0	0
0.6374602969512253	-6.852721115588501	0	0	0
0.13384315476690034	0	0	0	0
0.05429151530996279	0	0	0	0
-4.049096594256717	0	0	0	0
8.33539864192479	0	0	0	0
-7.712355111097914	0	0	0	0
4.151963330041781	0	0	0	0
-2.0844713760862987	0	0	0	0
1.0702292405975555	0	0	0	0
1.4475183220325505	0	0	0	0
-4.541837326084028	0	0	0	0
6.292949583144797	0	0	0	0
-6.707355171729773	0	0	0	0
6.929994312803167	0	0	0	0
-7.650775670601199	0	0	0	0
9.953070351289767	0	0	0	0
-11.43557372634588	0	0	0	0
6.999646137017891	0	0	0	0
-0.8486146170959046	0	0	0	0
-2.7137472874986344	0	0	0	0
7.784173877683358	0	0	0	0
-11.865608256254525	0	0	0	0
9.236263479666277	0	0	0	0
-1.5513660898522659	0	0	0	0
-3.7652160279483198	0	0	0	0
3.853039882509698	0	0	0	0
-1.7973314670870835	0	0	0	0
1.1054390015215247	0	0	0	0
-2.6691895908414907	0	0	0	0
5.214416553189764	0	0	0	0
-6.765228461360515	0	0	0	0
6.056056618409009	0	0	0	0
-5.101579654568816	0	0	0	0
3.9795027080924044	0	0	0	0
-2.511709352524292	0	0	0	0
1.1994696503643425	0	0	0	0
-0.6872449943201957	0	0	0	0
-0.7615645778804847	0	0	0	0
4.059066785378562	0	0	0	0
-5.317403364742027	0	0	0	0
1.4042581730795547	0	0	0	0
2.0092710290139593	0	0	0	0
0.9443547834123436	0	0	0	0
-6.071179436926769	0	0	0	0
9.207164750613558	0	0	0	0
-11.715442931716936	0	0	0	0
11.191899763171087	0	0	0	0
-5.183152953211049	0	0	0	0
-1.2333654875576983	0	0	0	0
3.595086775892767	0	0	0	0
-2.8465168832800742	0	0	0	0
3.817767834512267	0	0	0	0
-4.811150262441323	0	0	0	0
2.4348504149891994	0	0	0	0
1.7083857864317267	0	0	0	0
-4.3596315666455325	0	0	0	0
4.5420841932889715	0	0	0	0
-2.839127785353817	0	0	0	0
2.1965037603446333	0	0	0	0
-1.655687704875497	0	0	0	0
0.351982069245949	0	0	0	0
0.7265631346350503	0	0	0	0
-0.11674564085733152	0	0	0	0
0.4196725134064039	0	0	0	0
-2.121522978938117	0	0	0	0
1.6722507478526722	0	0	0	0
2.6465792733813487	0	0	0	0
-7.089650716841859	0	0	0	0
8.399928841014827	0	0	0	0
-6.9691329473904915	0	0	0	0
3.4846222795156905	0	0	0	0
0.7319993686940336	0	0	0	0
-3.3874455255404925	0	0	0	0
2.5128110626174376	0	0	0	0
1.1676388456666942	0	0	0	0
-6.3332629745937155	0	0	0	0
12.399149587386361	0	0	0	0
-15.112762121764838	0	0	0	0
9.893296012943239	0	0	0	0
-1.3735700607697225	0	0	0	0
-2.771209480209045	0	0	0	0
2.2665668310570837	0	0	0	0
0.26184954190869547	0	0	0	0
-3.47339224728492	0	0	0	0
5.682353019397532	0	0	0	0
-6.226711500542365	0	0	0	0
4.803407693180134	0	0	0	0
-3.045123126621597	0	0	0	0
3.39019875857489	0	0	0	0
-4.875334889550217	0	0	0	0
5.664422206780806	0	0	0	0
-4.720916014109648	0	0	0	0
3.9123592209327356	0	0	0	0
-4.795025997078746	0	0	0	0
6.67927923374031	0	0	0	0
-6.881700707707452	0	0	0	0
3.764471225379822	0	0	0	0
3.1075307434088373	0	0	0	0
-8.049364215012012	0	0	0	0
6.495265685191882	0	0	0	0
-2.5283444180935177	0	0	0	0
3.0970317397302836	0	0	0	0
-5.994830205014296	0	0	0	0
5.313301779252555	0	0	0	0
-2.5040661159669995	0	0	0	0
0.514693436603892	0	0	0	0
-0.04796065675176919	0	0	0	0
-0.2227747842355896	0	0	0	0
1.4940279011555688	0	0	0	0
-3.3619537097213694	0	0	0	0
3.7614898099813416	0	0	0	0
-2.0784798605067962	0	0	0	0
-0.469437423476343	0	0	0	0
-0.708347662398495	0	0	0	0
4.286516780214619	0	0	0	0
-5.825651980560281	0	0	0	0
5.85412483250618	0	0	0	0
-5.909174155265774	0	0	0	0
6.097548912185893	0	0	0	0
-5.643873929858472	0	0	0	0
2.779275665846093	0	0	0	0
0.6791193321987876	0	0	0	0
-4.587792795126383	0	0	0	0
3.0088718490594673	0	0	0	0
-0.11203728488069942	0	0	0	0
-4.036439999711845	0	0	0	0
8.407394199470723	0	0	0	0
