-0.09025188594083033	-4.194791102830969	-7.527175660307094	1.123462706589848	16834.90207456757
1.8114266393032992	-14.863471214337743	-23.118766019370014	5.336222311813131	16836.6353591257
-2.0834059221147427	-3.8853402111939914	18.263987956311695	17.03854181599003	16838.058425175353
0.13621411748798806	0.963964685235041	11.207703649989341	-11.86582144848127	16833.95361027248
2.8306166202225285	0.3244856620503711	-15.134978484849526	-28.031757223837914	16847.4281869551
-3.553733085788643	-13.620919257664141	33.799255015351434	9.210405997756851	16801.264483539093
3.8386356494144493	-8.712782776935711	6.74100077180519	5.148925840001652	16879.970286781187
-4.010473228507166	13.513180735467898	1.5840066678624112	-52.00853464402638	16892.692449460363
2.1011445400597566	-5.456114049014836	-19.00538153627626	4.731546881219543	16936.88841676091
1.2573352037218157	19.248931447138496	10.34508733517815	-58.34988158372509	16860.616407064663
-4.90911787892346	2.1721874061071276	43.413466820589036	9.550461848996406	16887.393502705476
7.556935748966296	4.821425830846593	-9.710994416474009	-16.733167782700875	16898.641210556696
-6.918599663493616	-1.324359578913402	10.30632451356638	-52.753469719331136	16851.090309443432
6.284405670506622	-5.9466121088688695	25.00561160035683	-34.51006702395891	16895.779633252343
-8.022818795238408	-0.17986744254547204	-84.2734031822116	-74.79582776016807	16926.6960204344
6.858404139931672	-8.122756705839429	-19.774422725818297	-40.80935813213824	17041.842396033448
-2.8619029701754712	-0.9989057413042346	10.970011391534513	42.904712935566735	16877.598802909073
1.253829988692459	-2.8121283247206748	25.734796906813784	5.25735903720539	16875.58206214438
-1.2615501741228101	-2.002228723644272	-3.4506722673020533	19.10016294616672	16895.007505816793
0.45418249899892515	9.68836298985088	10.940852630267784	-11.698563622310132	16924.6640869383
1.430367659156552	-9.883109527280254	-4.89684525773643	37.575418917539864	16845.60615320189
-3.3705375262643074	2.087276940035693	14.795489715466218	-2.8931956758293182	16905.59359678939
4.86878145433441	-6.314281281294178	-32.191308305884476	-30.408894798274716	16954.624751294166
-5.476755322804017	-12.95946249831048	30.333408076991745	12.292860532446966	16963.013508160057
5.081501846593092	1.4265710110987655	5.190089926831703	30.456193639134895	16998.816214215978
-5.493346312064766	-9.94481906336707	-8.08723147075763	4.484654650508261	17001.885309053934
6.395879463693774	38.337195103696224	-8.156298752256603	58.59799982664573	16960.667667702815
-5.113676567000816	-11.547644043478407	41.13807956340436	-42.93264246751504	16984.602784412426
2.5676546914899703	2.0953948625206564	17.370575054016072	-11.177397726917789	17026.858712077104
-0.4262182757670274	3.522478916994089	-8.721867791389272	-10.72949504676832	16981.640050492595
-1.020036801520213	-2.343683218779262	-17.968715337791664	-34.881262939702694	16923.586892121835
0.06718610643317646	-5.753402536028261	-38.30919103438019	-28.57207919045915	16926.571202663967
1.6143015877353761	5.140402715770492	31.486858478426	-28.50436276229759	16848.714639783993
0.3770461696112335	-1.3149782210093548	8.808763816351942	6.825472030411817	16930.94217050776
-4.46808874309113	8.671862359604283	-9.942945345554406	12.984654580248517	16972.243169819783
3.9809941777282205	-3.0090539062664945	-22.647387553173843	-2.7003056629827	16977.74948190072
-1.2936609695846073	-3.579167664613024	-16.175942605947526	-15.580616117830402	16916.458642890975
0.7067169401342781	3.056942110769512	10.896151156356993	9.26552476297968	16949.039139920395
-2.4095017470734845	5.488752259822434	-23.947481473296733	0	0
3.4267086327826703	6.608588968929986	-17.04252829377745	0	0
-3.1626871849906166	-9.647643090350954	47.706799532113706	0	0
2.124702491430348	7.877431971651156	-14.117802404708783	0	0
-1.3485710882542037	-11.499326108334202	7.006266018212159	0	0
0.9974098629743082	5.315669633259752	7.778739746525844	0	0
-1.9127814083135206	4.216955326402314	-25.38846327311451	0	0
4.187015886704053	7.9390850622008315	1.0544109095811365	0	0
-4.25790432582361	14.63498970142912	-28.47128072974671	0	0
3.389829707351609	-6.789723409815366	-12.133879298179465	0	0
-5.793677742687549	-5.107322332980345	-9.088390744961274	0	0
4.829325474654901	10.140694148514925	2.2758198480891423	0	0
1.523110144566573	1.1232430416504613	-20.97454855962141	0	0
-1.6869394956741743	17.840606326715736	6.079090929808032	0	0
-3.3860105900559176	9.52318076996093	-4.734755273045536	0	0
3.739478593404023	0.02522761390868311	49.28328685459198	0	0
-1.3144976561416541	-1.7970640690366722	-15.558286682401913	0	0
0.8760437103584806	10.081020902959061	-1.473746971677059	0	0
0.7694514088871216	-15.34936443787685	-8.57672563698415	0	0
-3.3389041767131857	-5.780488116153123	9.034723742406271	0	0
5.617868605216138	4.11000566193907	1.7516123136218908	0	0
-6.828974928623623	-1.2395239701888698	57.18993236454254	0	0
6.541860815978083	-16.969886479656154	-30.038825885121966	0	0
-4.259484760410594	-1.3705697736775733	-2.8180281202443638	0	0
1.9117507816365915	12.222635099434548	3.0700242656210293	0	0
-2.2073968916466953	-9.289126978152147	-16.373515189018818	0	0
1.9345910714930952	14.805354089476076	12.70933670897439	0	0
-0.0412888428951419	7.116692856969209	-19.72832513325389	0	0
-0.11219537829968829	2.952664868438184	6.089572185419513	0	0
-1.9700322518714728	5.686723325442692	-1.8398805747307136	0	0
3.165548048568681	-8.793683168369498	16.774574980701473	0	0
-1.5265730867975904	-0.7767781634877977	-12.954675737360787	0	0
-2.009240067630138	3.4466968650425898	0	0	0
4.534163830114835	10.848720073686842	0	0	0
-5.287530314449022	2.6496936456658275	0	0	0
4.2271444583186835	-2.7690061607040164	0	0	0
-1.7821162737139318	-16.699714449423993	0	0	0
-1.5343768086009177	10.269167966882264	0	0	0
4.748743481790399	-14.912487634079305	0	0	0
-4.9708601831335955	7.580776714315334	0	0	0
1.5736384565814276	24.648242558107285	0	0	0
1.9358913595346507	0.2634764120202533	0	0	0
-3.073987158935253	-8.951340761038082	0	0	0
2.3708456797957	6.228066821831547	0	0	0
-2.197707783100782	-4.280614994650115	0	0	0
5.20768141348681	18.537069204691953	0	0	0
-7.140779344505368	-4.377807365498512	0	0	0
6.58197400559547	-0.1068327727301508	0	0	0
-6.0702404448989995	-7.7674367819235	0	0	0
3.937646719980407	0.10780795494609663	0	0	0
-1.5896739687570403	-7.951828350203478	0	0	0
1.6542277877997407	6.100642400334124	0	0	0
-0.5099135184453658	-3.9020226484374305	0	0	0
-2.7333237430071193	7.513155525970085	0	0	0
4.602373798463653	1.6784094556379472	0	0	0
-4.368443558171236	-5.067526525592747	0	0	0
2.61228564431039	-3.1225073165196804	0	0	0
-1.493877819737122	-15.301731309015523	0	0	0
1.9169235241291602	17.63176785990928	0	0	0
-2.659102786465681	-5.231570381740255	0	0	0
1.2341622272998052	-10.313587514340313	0	0	0
3.096276438337675	-5.398156085754195	0	0	0
-6.266509641058882	10.24427646422268	0	0	0
6.511368246102414	7.311609833150698	0	0	0
-5.7370578846405	4.813286823822253	0	0	0
0.39320186340628993	-12.482129684318174	0	0	0
5.349821021218304	13.325190438311878	0	0	0
-4.008849546158224	-24.87633415109459	0	0	0
1.059950960431273	-4.684455871209025	0	0	0
-2.1835654369597677	1.9569732875542911	0	0	0
5.845617192233881	-8.345815964785572	0	0	0
-8.862895761392785	9.247911201709812	0	0	0
8.782972930855877	1.7919126636664444	0	0	0
-4.8067766728202415	2.6777348695021033	0	0	0
-0.0686643439498198	-7.999808039418625	0	0	0
2.2788434724690205	5.987696133287379	0	0	0
-2.1585357769003934	-7.351498959986699	0	0	0
2.1736983120757856	1.4625218024280429	0	0	0
-1.9322381646034898	-2.0641862589916613	0	0	0
-1.0310045276440434	-12.899688937155794	0	0	0
2.6714304615356284	21.701750897882576	0	0	0
1.0418986668568024	0.325144351247161	0	0	0
-4.938991360643875	-10.242900922497746	0	0	0
5.490378960606378	-0.5319376151217412	0	0	0
-3.4888820184813127	-8.707281000146281	0	0	0
-0.4991807961088526	-0.9533318558630413	0	0	0
1.7438630272594438	3.727192469861066	0	0	0
1.9562279731671808	11.965005661746716	0	0	0
-5.475517193478751	-0.8042103325799275	0	0	0
5.801022502076144	-5.363099300550246	0	0	0
-5.455530165419155	8.753879736318225	0	0	0
4.524513650472791	5.371017069621452	0	0	0
-3.350083183962589	-10.678668718027815	0	0	0
2.842287500170187	-2.8845732751743753	0	0	0
-2.494446740830618	7.335447188957112	0	0	0
0.28943077878207646	0	0	0	0
0.4029804691568941	0	0	0	0
2.1103446263473984	0	0	0	0
-4.57242746045965	0	0	0	0
3.9923234775613565	0	0	0	0
-2.1319752618221273	0	0	0	0
1.5673368260365947	0	0	0	0
-0.681115439371105	0	0	0	0
-0.9122144022087468	0	0	0	0
2.1042286974231033	0	0	0	0
-3.032204267068117	0	0	0	0
3.9916944718606757	0	0	0	0
-4.818313391823082	0	0	0	0
3.0617414113168735	0	0	0	0
0.5483454707249322	0	0	0	0
-1.3084137486215965	0	0	0	0
-1.9291135607652876	0	0	0	0
3.6263255748054704	0	0	0	0
-0.9065367663374033	0	0	0	0
-2.4868730062783726	0	0	0	0
5.090540964388033	0	0	0	0
-4.455650898385848	0	0	0	0
-1.0332598647109492	0	0	0	0
6.240617779455903	0	0	0	0
-6.0783699517101795	0	0	0	0
2.570855762761596	0	0	0	0
0.46018678521506473	0	0	0	0
-1.45649964265872	0	0	0	0
1.5743931273943872	0	0	0	0
-2.8421186566049883	0	0	0	0
3.853172310669052	0	0	0	0
-2.785641121044023	0	0	0	0
1.657342073763587	0	0	0	0
-2.127984673784539	0	0	0	0
2.9918472105095972	0	0	0	0
-2.6065022156478648	0	0	0	0
0.7669117601549544	0	0	0	0
0.385173678920431	0	0	0	0
0.6143278618107928	0	0	0	0
-1.3717670420311094	0	0	0	0
0.9057860945332621	0	0	0	0
-0.9024289251537141	0	0	0	0
2.2128915100280153	0	0	0	0
-2.7578967511061094	0	0	0	0
0.3432445691045558	0	0	0	0
1.8427205642417661	0	0	0	0
-0.5978179575631231	0	0	0	0
-0.10948448106898923	0	0	0	0
-2.7727673868684164	0	0	0	0
6.312281840258009	0	0	0	0
-6.373545500050284	0	0	0	0
4.088735818263338	0	0	0	0
-3.6717678264656612	0	0	0	0
4.161136210043516	0	0	0	0
-3.181948975510508	0	0	0	0
0.054800951715492374	0	0	0	0
2.4524148829293466	0	0	0	0
-1.5682331115731714	0	0	0	0
-0.8490180726385645	0	0	0	0
2.3767503192366135	0	0	0	0
-4.803577327294342	0	0	0	0
6.465772508972755	0	0	0	0
-5.213409834382674	0	0	0	0
1.667160327094905	0	0	0	0
1.959123263584985	0	0	0	0
-4.090875405867436	0	0	0	0
3.343374304648904	0	0	0	0
-1.2005807250708074	0	0	0	0
-1.8617791208731234	0	0	0	0
4.276973938411544	0	0	0	0
-4.035162039487929	0	0	0	0
1.2782586997862069	0	0	0	0
3.230736233542437	0	0	0	0
-3.3339539651187096	0	0	0	0
-2.559486414557071	0	0	0	0
6.25028899236824	0	0	0	0
-4.039065364464726	0	0	0	0
2.0814959267428392	0	0	0	0
-1.7284094516087407	0	0	0	0
2.018643777502156	0	0	0	0
-2.2084586319324018	0	0	0	0
0.47264125723942385	0	0	0	0
1.7849933771245148	0	0	0	0
-1.0991277859660116	0	0	0	0
-1.4085437478055383	0	0	0	0
3.1387533603184394	0	0	0	0
-2.6536018078832555	0	0	0	0
1.7404174795266343	0	0	0	0
-0.8426643542712426	0	0	0	0
-0.6650101333666214	0	0	0	0
1.244737863102678	0	0	0	0
-0.2040692270826696	0	0	0	0
0.1040990438439593	0	0	0	0
-1.7152688876377766	0	0	0	0
2.548845677671828	0	0	0	0
-0.6329626368658339	0	0	0	0
-0.8949987861562647	0	0	0	0
2.1808101884232087	0	0	0	0
-5.594390143093811	0	0	0	0
4.407756087030116	0	0	0	0
1.4275911907437333	0	0	0	0
-3.871414719391254	0	0	0	0
2.757246969757645	0	0	0	0
-0.561811323607941	0	0	0	0
-2.5351441604245366	0	0	0	0
3.185687001066249	0	0	0	0
0.6647904708380565	0	0	0	0
-2.2586128109506944	0	0	0	0
4.927119533391888	0	0	0	0
-5.3839671997304634	0	0	0	0
5.39218697263825	0	0	0	0
-5.056592697497656	0	0	0	0
3.0299500478193977	0	0	0	0
-1.3320541943093502	0	0	0	0
0.9253075113564719	0	0	0	0
0.44038556617136493	0	0	0	0
-1.6325350322371506	0	0	0	0
1.7237115843211939	0	0	0	0
0.21272516732306457	0	0	0	0
-3.8616494571244857	0	0	0	0
7.013160553294952	0	0	0	0
-6.849416381658557	0	0	0	0
1.1084973376734126	0	0	0	0
-0.30216769836823687	0	0	0	0
0.44350409685903713	0	0	0	0
4.929777652303763	0	0	0	0
