-0.011037131265567268	0.743070986477619	-0.9300430618689433	-0.03312387806637673	16902.909446301943
-0.15859272435066885	2.293850702497842	-3.0041480805317917	-0.02226022013113038	16902.649604271766
0.3417510147406446	-0.4437286614974454	0.45649185771780765	0.08394748120250028	16903.200157101972
-0.20813096632424788	1.8601788084102964	3.121930626331917	-1.4688719398365748	16902.79678870487
-0.12032525678772998	0.2351713982810253	0.138078444877749	-0.12546794995620303	16902.921992288255
0.23388500412772828	-3.06069237483392	1.7539783533157731	1.343664830463453	16902.565475040337
-0.306975262272978	-1.2417284501735892	-2.481127454113931	2.339018643050835	16899.456957357463
0.1780073610489623	0.291061516207904	-3.4359885307833196	-0.39213700722184797	16898.166292933878
-0.25288053856729675	-0.4549038515426247	1.72436067296114	0.21287457688812594	16897.456372069315
0.11908264698347182	2.586861868576811	-4.488400905429984	-0.661007148618225	16899.322218242574
-0.10847378079413517	-0.4621026952955276	2.522259364453461	-0.6877430994069016	16896.37796334311
0.40913296360885454	0.21908523638956723	2.2992410896097653	-0.7755631670966494	16901.83761433818
-0.38628056257081766	-1.4328688399116345	1.2076570589087225	-0.4533825944646708	16896.05774366521
0.3197965941219181	0.36225606760908846	0.6695915285361167	1.2630953827209197	16897.98360616991
-0.7665895232060365	-3.0709303733498388	-1.3703492572080052	-1.3987682133643489	16895.53268702218
0.7914732835830023	-0.23832362319552658	3.1234605742905472	2.827638719379607	16897.42692476498
-0.1604633605776158	-2.8003189046351054	-0.08446275619380117	1.4685273300373751	16903.181936581375
-0.25092751241312783	-1.028439216974384	-1.5453696185251573	4.067130927201902	16906.717163443253
0.2786338285696246	-2.1149760996998666	-1.1128881151873173	0.7367141990915229	16906.16164779153
0.006999039330388257	2.5614363530358375	0.5012238228203216	-0.20942552978416984	16910.6044371272
-0.25942748789448444	-0.5002855624749571	-1.1606586896257625	-0.6771829469631143	16907.991123869262
0.22149336550515386	-2.1496845221336542	-1.3752163399048811	-4.422012886151407	16909.180129647288
-0.4456565689337566	3.294753463911526	2.9714909175256565	-0.21978251300267004	16903.487661399497
0.23277708994530144	-0.37357218521142244	-1.532692581645378	-0.3771772764574024	16905.01639424427
0.04119787924798857	-0.3795967011415371	3.898603067671175	-1.3414139225304638	16906.744131175004
0.060870647883376705	-1.13307251741913	-2.4307756766264674	2.356548401876566	16910.518162927274
-0.3535162673921448	1.0419245795198293	1.9605649256064481	1.2117519683308302	16915.83188158791
0.7708177848639082	-0.3983782159356295	5.179266305159018	-0.43398606845754273	16918.377048433
-1.1927493785761385	0.561792471787598	1.669623054307209	1.3745906526047236	16914.670470393165
1.0002101541658064	0.29898481960852763	3.3991705790912903	1.3913510511069802	16920.139458255602
-0.5887538478448846	-0.9321238563869585	1.187665575355922	-2.94141511860596	16915.64659960242
0.8176919979782085	-0.6709042815223327	1.784334172849725	-1.9847267371402495	16915.3565867151
-1.2042568487208953	1.674309789309163	0.26898592769654783	-1.0334584923408556	16913.824472830092
0.9649198656183557	-2.871335941122375	-1.8072265518956385	-1.4289211591873965	16917.43765200116
-0.7034579374219376	0.6133610671563261	0.2038273429489692	0.5651059711868527	16917.73407003157
0.5785815446985509	-0.7701744483596613	-0.2965075433839388	-0.10918034385719011	16922.12398100833
-0.31462360816369284	0.5761440273319351	-3.4014901399344097	-0.1995745921793599	16921.744922054622
0.11139514102377035	-1.201837857521042	-3.458549652990328	1.934375362489007	16923.10105931206
-0.4307527518330616	1.0651846728043566	-2.0792550445932108	0	0
0.9448349313555369	-1.8890393504369811	-3.1250921037034374	0	0
-0.9944753437369229	0.25719883480095973	-1.469641995497156	0	0
0.8248520468009986	2.7460885941895796	2.9090870533024287	0	0
-0.518061353782862	1.032508277586082	-1.7428393771551356	0	0
-0.04259005322306564	-0.4260269776455772	-0.4411288034817602	0	0
0.5293804049853321	1.5602766349623707	1.7166960092038437	0	0
-0.28394778519083275	-1.930146558095963	0.431168034769172	0	0
-0.03930483022846687	1.7236013066822977	0.3063236796590303	0	0
0.1421082229173436	-0.8467945499368383	0.39161679214842593	0	0
-0.24511083619835716	2.076797010488022	1.1953269860756564	0	0
0.43910574809823544	-6.80196419846888	1.4851198102827965	0	0
-0.34698248295936196	-1.1182078471804786	0.5536827686086099	0	0
-0.1829726343290048	-0.15774483680862517	1.3810703091814673	0	0
0.4711631451085836	2.9862852931666666	1.271866119749717	0	0
0.03744332937758088	-1.038203317472174	0.6305046992228966	0	0
-0.1481915364155455	-2.0620231492679935	-1.766920951086206	0	0
0.08795539077883774	2.273143118664244	3.5996201632413687	0	0
-0.15274939615567007	-0.21865907668190943	3.83847259702533	0	0
0.5072006521483132	2.852262337398116	0.8759942580519038	0	0
-0.5072991112974421	-0.20443147983275622	0.8461623408592516	0	0
0.8264208686620407	0.7475810799818063	4.93531566862454	0	0
-1.292161932463074	1.704064387684653	1.379840508796434	0	0
1.3185107509166514	2.455219767400955	0.805740475930179	0	0
-0.7327532339624199	1.2852097806538652	-0.3944001875778014	0	0
0.7691587206450734	3.2308332121935166	-3.1985886551324967	0	0
-1.0642315712603576	-4.57900494230983	0.8585075864965717	0	0
1.200507460874654	1.3228264060619281	-0.918969178400971	0	0
-1.168257325370611	-3.5930481746816483	0.3139612726825618	0	0
1.3975820115707123	2.634358071280481	-0.15707506390495496	0	0
-1.3004998823996914	-2.086175096574344	0.7949226475222986	0	0
0.89703091442275	0.8369703926783956	-0.15373886374899826	0	0
-0.6596449313066941	-0.3828727084752188	0	0	0
0.13658028470566563	-0.7244111339201993	0	0	0
0.3933727954219819	2.9351072588653224	0	0	0
-0.35637422102239924	1.259171282957496	0	0	0
0.5299495077505725	-0.36051877870920634	0	0	0
-0.9484508421695423	-1.226655633686562	0	0	0
1.0824715427609988	1.446412643954723	0	0	0
-0.4662570030139932	-2.6500848093459126	0	0	0
-0.13564591496196954	1.089015765853361	0	0	0
0.3886577522627377	-1.450399257917013	0	0	0
-0.44176221534971916	0.39704708539052547	0	0	0
0.030933854776904468	0.8105944752403147	0	0	0
0.5876812302766865	-1.1854395314249473	0	0	0
-0.8482208626672758	0.30650318788151765	0	0	0
0.3478330162597132	5.6163568671627075	0	0	0
0.3880861046463764	-1.8078689266584576	0	0	0
-0.488388271361444	-1.726558984726239	0	0	0
0.9275470117946725	-0.6632620278816646	0	0	0
-1.3719199087006828	0.625947095171064	0	0	0
1.742304121353932	-0.9611228923978317	0	0	0
-1.445855770981808	0.2671547170952877	0	0	0
0.9297935923135938	-0.7608674941034366	0	0	0
-0.21069489839484135	0.9714007982382142	0	0	0
-0.7197923870632792	-0.5245675541011323	0	0	0
1.6726102051016767	1.752241281679808	0	0	0
-2.2482643668323448	2.6941963001193088	0	0	0
1.783406908281151	2.481422366332829	0	0	0
-0.5172984849105404	-0.9375435758067852	0	0	0
-0.619044844833752	1.5702911776701427	0	0	0
0.9863300783648796	0.9923157189802936	0	0	0
-0.8473643609159183	-1.0646652582550615	0	0	0
0.8673082965300978	-0.9214932655105983	0	0	0
-0.9041988079468695	-1.3437361345586467	0	0	0
-0.03518670015125025	2.5211153184131945	0	0	0
0.7184538788348434	0.8286397179036911	0	0	0
-0.2347770362089605	-0.17226023469320495	0	0	0
-0.1811601875168094	2.688370903657585	0	0	0
-0.11991941909577974	-3.3454216981885594	0	0	0
0.5336455822176731	-0.43267735368626603	0	0	0
-0.25148199388096515	3.715323502035197	0	0	0
-0.29306081749667356	-0.19703792798735265	0	0	0
0.2725008718399522	-0.0009431802989041671	0	0	0
0.09949878558128944	1.11371635005235	0	0	0
-0.5902294682035389	-0.6499508566930245	0	0	0
0.6590009021268983	-0.2692998035708598	0	0	0
-0.40390449341614243	0.21110587730866115	0	0	0
0.08112579673486664	1.4739570124973866	0	0	0
0.21902258548514197	-1.4460902413902588	0	0	0
-0.7159164190184555	1.0310043607850616	0	0	0
1.2965514201150228	-1.1903572002668028	0	0	0
-1.411141570312573	-0.9728407428379029	0	0	0
1.1570234681154332	-1.7776684901362145	0	0	0
-0.8195995710340114	-1.1759952267322262	0	0	0
0.06549505856075655	0.837422939367606	0	0	0
1.3143346196582044	0.9112657500545822	0	0	0
-2.1847635595789328	-1.7107251514243487	0	0	0
1.4518580423695298	1.099443170441262	0	0	0
-0.3253197163840085	-0.2782220354196667	0	0	0
-0.27438520172877645	0.11810753620449077	0	0	0
0.5113480691816008	0.9755654765149444	0	0	0
-1.0843830244822144	-1.339963967421987	0	0	0
1.3335704232872203	0.4089425393197672	0	0	0
-1.056499922789321	-0.17271548875899612	0	0	0
0.6534469368850608	0	0	0	0
-0.5481252346625425	0	0	0	0
0.6293808313950677	0	0	0	0
-0.5574787390109179	0	0	0	0
0.05852857545254153	0	0	0	0
0.6740093114056833	0	0	0	0
-0.07269042203171949	0	0	0	0
-1.2490102013285451	0	0	0	0
2.078612088142222	0	0	0	0
-1.729321666211085	0	0	0	0
1.392715970411011	0	0	0	0
-1.2539524771225317	0	0	0	0
0.5241975139937054	0	0	0	0
0.14351368476980042	0	0	0	0
0.057333851532867186	0	0	0	0
-0.4479527140304782	0	0	0	0
0.4717939916420093	0	0	0	0
-0.574262023300335	0	0	0	0
0.9329140646788119	0	0	0	0
-1.0617647896560527	0	0	0	0
0.9525428669759535	0	0	0	0
-0.7623093182263716	0	0	0	0
0.7308655663268695	0	0	0	0
-0.9103225452332069	0	0	0	0
1.5479033734908967	0	0	0	0
-1.720862259473499	0	0	0	0
1.1508391882252766	0	0	0	0
-0.451785765629829	0	0	0	0
-0.02889536878006993	0	0	0	0
0.7441218980209001	0	0	0	0
-1.2708324089028906	0	0	0	0
1.2127640841040943	0	0	0	0
-1.2316897255108472	0	0	0	0
1.8191894501920132	0	0	0	0
-2.08633338198446	0	0	0	0
1.7165966596017128	0	0	0	0
-0.9337205753221411	0	0	0	0
0.17402266936817767	0	0	0	0
0.3018639539981933	0	0	0	0
-0.4914750307767548	0	0	0	0
0.17058016453889024	0	0	0	0
-0.13012694825184923	0	0	0	0
0.2590512422500524	0	0	0	0
-0.6226370495228437	0	0	0	0
0.7886742391028463	0	0	0	0
-0.8497939684586271	0	0	0	0
0.6581965734421473	0	0	0	0
-0.3609172469779125	0	0	0	0
0.3063101101194263	0	0	0	0
-0.5197835410546787	0	0	0	0
0.24837499049801437	0	0	0	0
-0.055551704573687744	0	0	0	0
0.05835743384099601	0	0	0	0
-0.2433886000102845	0	0	0	0
-0.1151803800560387	0	0	0	0
0.2457020434759798	0	0	0	0
-0.14620978973504606	0	0	0	0
0.6594963250061454	0	0	0	0
-1.2551570122624938	0	0	0	0
0.9940711715358077	0	0	0	0
-0.3220861253601939	0	0	0	0
-0.13379276669078166	0	0	0	0
0.20391688375477912	0	0	0	0
-0.03272222875268227	0	0	0	0
-0.131059376050068	0	0	0	0
0.12292690111328142	0	0	0	0
0.047326255617683444	0	0	0	0
-0.047489520460558765	0	0	0	0
0.27949553284915396	0	0	0	0
-0.6992752290367079	0	0	0	0
1.1246085865564197	0	0	0	0
-0.5535602763261593	0	0	0	0
-0.41560137574813183	0	0	0	0
0.8110981671709183	0	0	0	0
-0.7916315242750755	0	0	0	0
0.32157514035076673	0	0	0	0
-0.12415329125573038	0	0	0	0
0.24461212134390564	0	0	0	0
-0.8561875036563364	0	0	0	0
1.087301191314836	0	0	0	0
-0.494396172082034	0	0	0	0
-0.0420911294559545	0	0	0	0
-0.3825720062854572	0	0	0	0
1.1229508264210253	0	0	0	0
-1.1336461210811137	0	0	0	0
0.746949926853226	0	0	0	0
-0.7534063818887944	0	0	0	0
0.20252503495480312	0	0	0	0
0.40594984122450484	0	0	0	0
-0.7017802522777146	0	0	0	0
0.8557689724216644	0	0	0	0
-1.296960278015355	0	0	0	0
1.2707431248579866	0	0	0	0
-1.2612663966512585	0	0	0	0
1.2075576400174626	0	0	0	0
-0.8447901737156442	0	0	0	0
0.4095438379286378	0	0	0	0
-0.34871034260601874	0	0	0	0
-0.2126667399310591	0	0	0	0
0.3229292100247534	0	0	0	0
0.007554689321587205	0	0	0	0
-0.7250418433650339	0	0	0	0
0.2657313898127356	0	0	0	0
0.3611590047821096	0	0	0	0
-0.41192516141308033	0	0	0	0
0.3264673547382344	0	0	0	0
-0.5594393895265242	0	0	0	0
1.057785531110916	0	0	0	0
-0.8699753703813897	0	0	0	0
0.5478208843344206	0	0	0	0
-0.058095675896083776	0	0	0	0
-0.52684290607111	0	0	0	0
0.6166605075806046	0	0	0	0
0.2706425006166029	0	0	0	0
-0.5522532730846379	0	0	0	0
0.05050898315490571	0	0	0	0
0.39339123309814994	0	0	0	0
-0.40169589932637706	0	0	0	0
0.4675625085419597	0	0	0	0
-0.719749904656382	0	0	0	0
0.6118959582570866	0	0	0	0
-0.6659727262201969	0	0	0	0
0.13185173121177485	0	0	0	0
-0.03688480788797932	0	0	0	0
0.048976615540105684	0	0	0	0
0.5076777248503745	0	0	0	0
