0.1786188809406255	1.9964430334793732	0.6498011116098468	-0.6329783026736351	17053.179069278674
-0.8288501179726779	7.033735034614324	2.311526189352577	-1.3914522114592387	17054.397034252426
2.6960352747581737	7.0319584050481865	5.173543821660985	13.335886775855911	17054.253999093453
-2.4698202879840423	-1.399241436156565	-15.661768089792346	-38.80237828537433	17049.49379640412
1.4595516263995307	0.6185436276886236	-0.1090941307736557	19.346331479630166	17075.04622120016
-0.7679179405822723	-2.7903747737680433	19.949210173806208	-79.41009529938555	16978.4045213287
0.6553632780911585	-3.0168926058836263	-13.746359767673383	47.15086709769194	17001.546831106905
-0.411739779441362	-6.355116749395165	10.268115444367027	48.29337885034572	16893.398668971313
1.0000869917303845	0.10236489063014176	-36.730860958593354	-51.09166321347486	16731.025221766642
-2.132631751569349	-11.423082667725232	11.779687969650823	61.76501129659579	16826.486243801737
3.5455504552074473	-11.804745923799771	-29.39057465407882	38.501875336176354	17014.893529641908
-5.673647820146613	11.593268104450814	44.418494824352564	-22.817647987067446	16842.40107658143
6.905480922726895	3.7800194255640918	-5.674001524786675	-4.674717223867717	16975.222948234412
-5.8949114161222695	-3.5653131320884555	12.594303119270648	12.826820639472118	16791.35732763703
4.932327273726472	8.720017403353197	-5.997351248399866	9.338412747286114	16585.65550957059
-5.437063657095173	-7.310448239613727	18.570065721786477	-31.061253003878207	16718.387145106717
4.583686482446154	2.6972515474971956	-18.568330107504366	4.505504017080796	17043.67420168254
-1.0627096996892291	0.6602161199483518	1.5691583710844128	-11.94001830822387	17199.276130919803
-2.8022619833296147	3.525049981903358	-11.79379292784003	-23.070676148163244	17195.399059768883
6.0503642706936915	2.374946327724473	-6.2861490830287465	-33.52091876302342	17029.662882052795
-7.088209827578844	9.267299218560204	-10.256731609789838	9.389837534039202	17033.27459807942
4.8344229654313935	-13.454752079724607	-10.734108794544639	-33.03701326677	17024.417745842045
-1.6247369784320895	10.224196423733908	7.875136297519717	60.23313260895901	17302.605420518998
0.2340010125707721	-8.184495289672974	1.7032773513756894	-9.872937031765304	17324.21526426552
-0.9685406567437553	-3.322835556151361	-0.49558724608994	24.89445341049597	16757.371257161605
0.1062765422468459	1.7739395033658667	-19.530878358683594	-72.14887043925762	16766.239554025196
2.015902381159634	5.309408414333433	3.8126360864602304	0.7381974258218236	16306.453271269007
-0.8341245743220895	3.4027339212030085	-1.995552303256261	-8.484252542773092	16633.0972327258
-2.2266197670743324	5.094611550452562	-1.2591666141228472	-52.43114560240511	16731.648406102715
3.312034436976475	-0.8113976015993956	-8.862623359268056	7.513596352099725	17051.950593407288
-3.433095613313789	2.018086379272127	8.487790882652291	36.08986334768605	17068.87886126701
4.143889427258252	4.702949558719979	2.688229211904968	-21.690926748823017	16953.61230813826
-4.309529539555093	4.6180846176022925	-7.644409823739849	-42.04484431202988	16825.463327546804
3.089864599622693	-5.947120458690961	21.93518998846625	3.604321645320539	16704.07680056265
-2.848192738704647	12.663012508279536	18.636611026732595	5.376041394246542	16789.60691101809
3.2113401462031987	-8.790637328393345	-13.212664099072654	1.6982564744616724	17036.978042344494
-3.15559848936784	-13.218882321149025	40.18089969289599	-11.595084961135711	17047.397209634273
4.720132035869462	18.012558157977715	0.1056405931553428	10.679160772297536	17049.29949114273
-4.0878865376486075	12.397040667756997	-31.96853264561163	0	0
0.45199422474767204	-11.902272471141877	19.485947255487233	0	0
0.40608187477845803	3.6524187050867454	0.302067031029722	0	0
1.643893775973261	3.981380971936666	24.947840654700073	0	0
-1.7397763711045116	-4.169718532699342	-13.051629088317839	0	0
-0.3486078542170432	2.869677991998884	15.00942515898906	0	0
0.9404414443558196	-3.892524708421867	16.008003437324376	0	0
0.6164122254773048	9.560442611669039	-11.837294036736054	0	0
-1.1616578359910221	-1.3255234091351156	6.40621380719044	0	0
0.2186029743030744	-5.051866485604521	0.37611156070749985	0	0
0.34819118571675745	-2.7699633065917766	19.203614065388706	0	0
-0.030095207169544835	12.764837379426787	-3.9983657466705296	0	0
-0.9704744718630209	-11.359993624375612	-16.573443591216176	0	0
1.6665810529443803	10.007874788530472	-8.736928505082275	0	0
-1.0515136424793923	-2.5354763110738645	18.728364513361186	0	0
-0.059760178298411404	-3.472589677114456	3.78327613405051	0	0
0.7745177320325425	6.3942184027576445	11.722907345187934	0	0
-1.0846158581647387	-2.708203207154426	-19.827069879210754	0	0
0.6700450208719602	-2.700203722013697	18.271377033387665	0	0
-0.5479231053119946	-15.970202192022384	-15.143052693988452	0	0
0.31761984932228415	13.339471868892772	40.948039372245134	0	0
0.2000087064479601	5.827061709133275	-13.02541212820816	0	0
0.2864714589195714	5.291128787091068	12.418597493502645	0	0
-1.0708422937871447	0.08162265221857012	-3.442140398350034	0	0
1.7095702889229472	-5.093606997326205	-9.020510063391342	0	0
-1.0774312739239988	14.186197703720666	-11.623902412600742	0	0
-1.760670524699087	5.043687790646267	-12.583587649435131	0	0
3.7385408338524115	-54.153914222379264	23.07560764307729	0	0
-2.690153041111884	4.205592074300412	-6.523625700055462	0	0
-0.1107677970170684	-15.232461944221122	1.84073643696712	0	0
1.0086683408341415	-7.002184207719353	-18.260910385925712	0	0
0.17450082831354052	17.193793751039365	19.584300871339053	0	0
-1.7719819710053457	-13.196308065988546	0	0	0
3.280137090375163	-3.6465672870825188	0	0	0
-2.4243759928260147	-2.6599416024467786	0	0	0
-2.939527433923807	-1.4470920819580328	0	0	0
8.960241590711242	2.0894612665008623	0	0	0
-9.268569865842522	9.191579261160285	0	0	0
4.935448010919863	-11.073579685596329	0	0	0
-1.8536061325002962	-1.6461844739412186	0	0	0
0.7918904684229489	8.038937802582822	0	0	0
-0.49244973837080863	-10.072384462741198	0	0	0
2.2360400617621607	-7.145255404212406	0	0	0
-3.879208100640902	0.29658500980964675	0	0	0
3.420928655639983	-14.116347073971895	0	0	0
-2.2642792501672844	12.815172563943456	0	0	0
1.9597889246631723	0.4973561893934857	0	0	0
-1.296668173712682	-11.80491785016882	0	0	0
-0.5264776868987511	7.061970140134527	0	0	0
1.116272089634144	-9.963572984938317	0	0	0
0.2714017712920196	-2.6170074778653074	0	0	0
-0.9989979844692272	11.865166263159445	0	0	0
1.2727661487890032	-6.619614144802803	0	0	0
-1.4595287026481998	3.6465282121443963	0	0	0
0.20014778745987627	-9.14442769393294	0	0	0
1.1088766530900855	-1.8617413823083169	0	0	0
-1.714122392787523	9.471922719376167	0	0	0
2.408347777110329	8.313051907043842	0	0	0
-1.492410040637779	4.534786170589449	0	0	0
-1.1835496017462361	-3.153999777335258	0	0	0
1.777587003578887	4.375228375236638	0	0	0
-0.03486984038674734	-2.919541573900908	0	0	0
-0.7425228594058879	-14.318405218888529	0	0	0
-0.5761632637373921	9.525170459209292	0	0	0
1.3035989659734923	-14.699661625376379	0	0	0
-0.5688488443019892	6.965176906326917	0	0	0
-0.5096998431626005	6.671420232946545	0	0	0
0.21134213524401702	-5.374951724677302	0	0	0
0.45888019770524124	2.805555496805326	0	0	0
-0.15105986684485373	-12.988130845008776	0	0	0
-0.7781054857699914	-0.781895329440438	0	0	0
1.1629647642042258	13.628995756586505	0	0	0
-1.1464725476886102	-4.782777083940282	0	0	0
1.7599917964317697	-0.007782411209269924	0	0	0
-2.745311034926857	7.755601130210302	0	0	0
4.339743983146839	18.717846209166616	0	0	0
-4.010849051425502	-10.964440358040939	0	0	0
0.5645056955189389	1.281948586250536	0	0	0
1.8750073777995269	-4.308861239496309	0	0	0
-1.6761322378523076	0.03382702915641289	0	0	0
1.5518221011579598	0.8033718371453205	0	0	0
-1.8939081422993524	-21.956276311960124	0	0	0
1.3548039411083082	14.354828445741106	0	0	0
-0.1585439095648269	-3.382514504618392	0	0	0
-0.8445001133215015	9.185683469634398	0	0	0
2.001850680780244	-6.699493962259339	0	0	0
-1.9676649653342935	-1.4339471134334048	0	0	0
-2.719208608328458	1.6633396520116577	0	0	0
10.150609877669282	-6.763671001004923	0	0	0
-17.16087924066821	-5.273006523373397	0	0	0
17.918981781242778	-9.867855489458336	0	0	0
-12.116224683417222	0.7408858001794911	0	0	0
8.226090190311659	1.8605414713149386	0	0	0
-8.262505470037972	11.070266019375609	0	0	0
7.701486299135567	4.422526197186322	0	0	0
-5.419594519142933	0	0	0	0
1.5495306148872743	0	0	0	0
-0.615002420035097	0	0	0	0
4.561978593674468	0	0	0	0
-6.445337420282513	0	0	0	0
4.146736670424858	0	0	0	0
-2.786830111752316	0	0	0	0
2.091914732463053	0	0	0	0
0.04074787829069493	0	0	0	0
-1.2739655577133675	0	0	0	0
0.6117790349461316	0	0	0	0
-0.867080794522785	0	0	0	0
0.7328307419423084	0	0	0	0
0.7134653863093021	0	0	0	0
-1.1524257269757996	0	0	0	0
2.2592053174583526	0	0	0	0
-4.449836743745884	0	0	0	0
4.634052624975432	0	0	0	0
-2.4443057453359742	0	0	0	0
0.13271077431720357	0	0	0	0
0.5051844656004505	0	0	0	0
0.6595493147627565	0	0	0	0
-4.101314069650272	0	0	0	0
6.688791673455441	0	0	0	0
-4.6074630285091445	0	0	0	0
0.3818751716918243	0	0	0	0
1.6134010733357087	0	0	0	0
-0.4298519391380964	0	0	0	0
-1.5937819399862576	0	0	0	0
1.1257015202213836	0	0	0	0
0.47966748974871365	0	0	0	0
-0.023886649292833795	0	0	0	0
-1.4548458914178823	0	0	0	0
2.308544205229609	0	0	0	0
-3.315281217753345	0	0	0	0
2.7451348959800583	0	0	0	0
0.7993945772170008	0	0	0	0
-2.082486188566989	0	0	0	0
-1.2518936875606101	0	0	0	0
2.4417702936648524	0	0	0	0
0.7985301014170432	0	0	0	0
-3.391660163523639	0	0	0	0
5.495554827353573	0	0	0	0
-5.188010787053464	0	0	0	0
1.686369982630758	0	0	0	0
0.755210366973408	0	0	0	0
0.1625535823271207	0	0	0	0
-0.733115902695225	0	0	0	0
-0.10438389338260379	0	0	0	0
-1.3866251925487063	0	0	0	0
3.004831550986985	0	0	0	0
-2.84982660103838	0	0	0	0
4.1619410923805304	0	0	0	0
-4.879421742938149	0	0	0	0
2.4817319526227095	0	0	0	0
0.4012216943380338	0	0	0	0
-1.5246117964633612	0	0	0	0
1.74401427229936	0	0	0	0
-1.9252223060744527	0	0	0	0
1.3572843256467593	0	0	0	0
-0.5813721510905765	0	0	0	0
1.0811580739137696	0	0	0	0
-0.941679323289982	0	0	0	0
-0.4149553940313666	0	0	0	0
0.7873908778747207	0	0	0	0
-2.0092965347886533	0	0	0	0
3.340528763185226	0	0	0	0
-2.8008518550173918	0	0	0	0
1.3727017248339308	0	0	0	0
-2.046223741376558	0	0	0	0
3.367468933898273	0	0	0	0
-3.2425320006927336	0	0	0	0
1.9984018008631779	0	0	0	0
-0.7199260606711135	0	0	0	0
-0.6894665612705424	0	0	0	0
1.630399116737678	0	0	0	0
-1.1843265757035653	0	0	0	0
1.0216012512467358	0	0	0	0
-1.5084026418492655	0	0	0	0
0.8287756344662469	0	0	0	0
-0.326414505574256	0	0	0	0
-0.5484202845865056	0	0	0	0
0.43626606425450376	0	0	0	0
2.129205158881767	0	0	0	0
-3.242493585974664	0	0	0	0
2.275249352765826	0	0	0	0
-1.3738557507907672	0	0	0	0
-0.15001088338048874	0	0	0	0
1.9789127116144982	0	0	0	0
-2.0799599206696016	0	0	0	0
0.36630220005257286	0	0	0	0
2.9937368601178704	0	0	0	0
-4.005026887591804	0	0	0	0
1.3899589308652054	0	0	0	0
1.0493683089931878	0	0	0	0
-2.108892719407031	0	0	0	0
2.496554909519041	0	0	0	0
-1.8775970224639096	0	0	0	0
1.030188258523701	0	0	0	0
0.0714150183378024	0	0	0	0
-1.4489202994899486	0	0	0	0
2.6981724453632836	0	0	0	0
-1.9225003391470992	0	0	0	0
-0.8818519057543384	0	0	0	0
2.911852846798439	0	0	0	0
-2.3147392385893397	0	0	0	0
-1.2498253881326988	0	0	0	0
3.6895702080018893	0	0	0	0
-3.0784553237037997	0	0	0	0
2.961240563065317	0	0	0	0
-2.2900484454488037	0	0	0	0
0.34040434323714663	0	0	0	0
0.41556905468710426	0	0	0	0
-0.06502394242143339	0	0	0	0
-0.14524422542237403	0	0	0	0
0.012125789750221827	0	0	0	0
-1.2920174204183468	0	0	0	0
3.1261441263261034	0	0	0	0
-3.2436015905950484	0	0	0	0
2.4530166153776634	0	0	0	0
-0.8742921682652849	0	0	0	0
-0.9113010959071914	0	0	0	0
0.15937158666615403	0	0	0	0
-0.2538717996812636	0	0	0	0
0.965971767655482	0	0	0	0
0.0905968408676614	0	0	0	0
