0.22239280027017116	-2.1529094725268507	4.299825602952993	-0.18912577476426407	16877.62649062155
0.19290013018918728	-6.164898720798625	13.94089301914292	-1.0576856026981147	16878.32221936322
-0.8003311336965382	5.955510925414892	-0.8951276641432884	-4.946774968059259	16875.27085851904
-0.6348768218235534	-3.439990605666601	0.9841257459609807	0.9356247742039301	16878.25717138981
1.0620046359272592	-1.7379537479927762	-2.8804174442571338	-4.794602582105853	16874.87878740198
-0.3472679536279699	-2.834219521898895	2.343519144584903	0.34282584060193244	16887.39301958227
-0.06532627238060229	-1.2500507131203094	-4.540546672014102	-8.02641970428499	16908.765846351558
0.3590116959843641	-1.2616231211900484	4.538272029441529	6.058206166350075	16863.13547002263
-1.1009059102913312	1.4975591127213121	4.647602597694757	-7.218485765040725	16859.4795726723
1.358180195682614	2.3142566198868266	4.45033474637107	8.885469160282653	16945.908907576693
-0.8388643531504485	-2.272899336779588	-4.142436661501506	0.8760891770791943	16966.686212374258
0.5602006112984199	3.382487823620906	-1.4723428084756733	-7.770548499704958	16975.53119195976
-0.5599037390249038	1.6238212106785994	-0.1879108870980275	4.738965631044579	16965.421519613745
0.31272237897831445	-5.224658244457629	3.9134751482282297	-2.0966978656502135	16996.854637202247
-0.03162884169474012	0.7183974852884134	0.29833784793405016	-10.179080440427654	16960.599179124652
0.3480976265250746	-2.726357554664105	-1.6353747027477823	5.642632462239007	16967.921880190817
-0.5843074323795534	-1.7416590254489392	-2.7525372637097547	3.0219321412774462	16954.209759830148
0.3659134735710765	-1.8789891029703867	-2.0465551607672268	1.2347725957754108	16904.561298352743
-0.9068478823081136	6.342623347434852	0.3902599630010286	3.8020670317049365	16904.657491943646
1.7330695688712723	0.06443318406080323	2.217644766523577	-6.548878724999497	16911.49370391922
-1.235954960004733	-2.3967427150495837	-3.186889389314061	-6.157221466932626	16908.37668730369
0.25605893804634405	0.36307106471316075	4.821864133364656	0.07362761908960636	16919.941970820357
0.1737208952298559	-1.2147287107759581	0.5262420385722635	5.906875590496952	16900.812526595135
-0.41659104700472227	0.2759326066173813	-2.4091216204929253	2.4043022718827842	16894.544932106928
0.17095798663752504	-0.6066469515459119	-3.0340421265912028	-4.244424365299622	16841.006534852368
0.8366601354682146	0.7612708201677663	3.8715815642928675	10.36072034600248	16835.474964513887
-1.3578991203810489	2.1059167701530512	-0.5316744014532162	1.6390865693768575	16806.853418515126
0.09409934572404666	3.0980837604543936	1.9540412151648638	-2.370611084498364	16787.782890380415
1.191263198489807	1.8786280520782341	-3.537503722679517	-0.5152610684752119	16839.447731692962
-0.5617500431755147	-0.3357559463208375	-6.391314458768477	4.190672637111945	16875.513030489743
0.0462011192398748	-0.04605669192400086	4.515290715441552	-0.75539377251026	16789.195761123035
0.044625773148645465	-1.9745575665004367	-8.653607163113577	19.65893751320121	16767.29590038539
-0.8043223343182362	-0.3550858246464159	4.48149704738691	-1.3940852396719379	16762.870321455848
1.5057151888795346	-1.3250032624744392	-1.6138036884825624	5.940346267212718	16807.85247291939
-0.6740492102157063	3.414750480113142	4.129551816420246	3.049747380984769	16841.99236877127
-0.12653239709628394	-2.8620515527922237	1.5250966338560659	-1.3226326224972809	16857.453599763678
-0.04316734596016403	-0.7130899810813247	0.5130649614954166	-4.534213402531108	16881.092746285743
0.06243496044903907	-2.4827985321074806	-1.2999640390954283	-3.6211498435523737	16901.111536330412
-0.16106489146179825	0.2305656702193204	3.8356178932093883	0	0
0.7151773780071764	1.5713826360065042	1.8880518149332914	0	0
-0.7097045859055129	-4.013961524564401	-1.7932504079713993	0	0
-0.2980468179288067	-1.5771564099156592	0.14869267783051043	0	0
0.9754486686351242	-0.48175919653038335	0.9750915358843883	0	0
-0.9013938527059437	-4.0517869846853145	-1.554943080930613	0	0
1.1263621836108726	2.9464768894772675	-0.6063149455211772	0	0
-1.0837349376489698	-1.8868793251910603	-1.9129112952221021	0	0
0.23600118985032736	0.21259913837546662	-1.7327803052994426	0	0
0.31918003569468567	1.251980317937445	3.1872519148892025	0	0
-0.13266118596669685	-2.2117202075546203	-2.5090953679478076	0	0
0.18617944974115375	-0.8409788643081555	3.5405237353651415	0	0
-0.4407005678862106	0.8604736912537021	5.518655150715006	0	0
-0.20304102873015495	1.5943556892459227	-3.0320345671188136	0	0
1.2167258504701195	-0.11907488937025335	-1.5641785070422856	0	0
-1.6583532619717047	-1.7673880611239952	-6.992299026671489	0	0
2.075530815005166	-0.19228764402384968	7.034703343634703	0	0
-2.306312079592537	-0.0552635597204727	4.633055022413089	0	0
1.577117005496369	0.46881673883896724	-2.210192551937169	0	0
-0.48572319409437625	4.6187330661643315	-1.1615478572331455	0	0
0.24815536425928286	-0.30288298854423346	-3.5950902336618924	0	0
0.09156427048341698	-3.1243683372099724	-0.6045076713194533	0	0
-0.8247136623595779	-1.9080986551408046	0.6617356492586879	0	0
1.1726121603257766	2.3144708951311728	-3.0635257774467846	0	0
-0.9357882652171909	1.6677131641457095	5.564368572393818	0	0
1.4135318378935509	-0.5079181725052138	-10.036865094382875	0	0
-2.439574105278659	0.6659084190964393	-5.043861917185552	0	0
2.182689048807731	-2.9112005172168836	3.770550457185351	0	0
-1.084441001999096	-0.660501696640658	-1.712796091081941	0	0
0.8680960839097693	-1.75897297405173	0.9198654824396044	0	0
-0.8238263103666341	-3.760093892972229	-2.610090531668476	0	0
1.0666644320181504	-3.105334435357584	9.650008513456982	0	0
-1.2048253342067738	0.19888405307080603	0	0	0
1.3855656824008236	-2.6480464878236987	0	0	0
-1.0441704814823964	0.3205590701473042	0	0	0
1.261413901490826	-0.6785297546021312	0	0	0
-2.1644129159449506	2.1336094941939336	0	0	0
2.2516964815900877	-1.2076784394238018	0	0	0
-1.1682966498146712	2.5260543726080016	0	0	0
0.8427833312746742	0.09454924189940073	0	0	0
-0.5373550979249586	-2.4234880115671373	0	0	0
-0.2349719044627534	0.31147206990051046	0	0	0
0.6380585696989769	-2.5318005790434412	0	0	0
-0.5596957666110001	1.983367723501459	0	0	0
0.47854274237776195	0.30049435467656593	0	0	0
-0.4730430890918669	-0.6173888989895673	0	0	0
-0.4049526850442149	2.468590180003254	0	0	0
1.175657975965251	-2.319484351722622	0	0	0
-0.09247958857369554	2.229993097471386	0	0	0
-0.5406386844794042	2.791354368852595	0	0	0
0.4799050726379761	-1.7551392898698381	0	0	0
-0.5586977579586545	2.6240101900658317	0	0	0
0.820291853961848	2.100495264086007	0	0	0
-0.4968270468990994	4.275876453442542	0	0	0
0.3480557411376566	0.701098149088395	0	0	0
-0.6688682914505151	5.291028724610783	0	0	0
0.4048485854601864	1.2790021253034922	0	0	0
-0.1650116877394936	-0.5730101739552396	0	0	0
0.4048081344748411	-0.7173502341123168	0	0	0
-0.6366389069727987	5.053676673535136	0	0	0
0.13228982533071587	0.6306933739707077	0	0	0
0.38296955725695625	1.624548272710065	0	0	0
0.028611708090863885	2.911381897047036	0	0	0
-0.4286053889274726	0.3606331969092409	0	0	0
0.5042702598857716	-3.7099170533550776	0	0	0
-1.4817061103985978	2.5646811780596224	0	0	0
1.6545437191716488	-1.1880088542076166	0	0	0
-0.9492397412804863	-2.9314956027930066	0	0	0
0.36948981515303814	-4.829556380996834	0	0	0
0.09814436840309781	-2.2894839965785536	0	0	0
-0.9492155487097449	-0.6997339046588493	0	0	0
1.1354759038563529	-2.116676362301966	0	0	0
-0.8014512500640478	3.1125700241129195	0	0	0
0.6157163522643287	0.5183594607846516	0	0	0
-0.609072075692211	-3.418540358817708	0	0	0
-0.1695763217826567	0.4991344112396021	0	0	0
1.2359573437266533	3.9620589690299113	0	0	0
-1.2567554074726814	0.3840495658823855	0	0	0
0.5875405756054306	3.4881872842784247	0	0	0
-0.45326102180366945	0.27495389987154795	0	0	0
0.15285646312128165	-1.6511856361085222	0	0	0
1.0512205139034876	4.579378249344565	0	0	0
-1.2431282882773758	-0.35584102923754557	0	0	0
0.2766335656940271	-2.458965277300429	0	0	0
0.33350011003672364	0.5637520528095692	0	0	0
-0.5674897477567526	-2.213651003895052	0	0	0
1.0341731233123852	0.998568299503205	0	0	0
-0.7183440414984545	-2.4548578741804263	0	0	0
0.45733910860867866	5.049095593218695	0	0	0
-0.5928224716796322	0.011799927630619322	0	0	0
0.5078689676198707	-1.8071284276454946	0	0	0
0.30670247596062694	-0.9193803414684396	0	0	0
-1.2626775699138264	1.6686961690705218	0	0	0
0.8043015506024958	1.1637966641295208	0	0	0
-0.15151143646689746	-1.5202230454091605	0	0	0
0.3915991446357836	0	0	0	0
-0.23148974375813935	0	0	0	0
-0.21523078603016188	0	0	0	0
-0.1274151110019872	0	0	0	0
0.5135612308341635	0	0	0	0
-0.08593562470962723	0	0	0	0
-0.037867827290142486	0	0	0	0
-0.33076225377790536	0	0	0	0
0.3372858994616763	0	0	0	0
-0.16037114463224356	0	0	0	0
0.20102198304184782	0	0	0	0
-0.1884801126644433	0	0	0	0
-0.30413270477570364	0	0	0	0
0.5307162283610438	0	0	0	0
-0.34372883061354287	0	0	0	0
0.19213214551106006	0	0	0	0
0.3557201312897291	0	0	0	0
-0.8685264822594547	0	0	0	0
0.30703144271356564	0	0	0	0
0.7243719564986932	0	0	0	0
-0.6499689441239909	0	0	0	0
-0.30459177198505927	0	0	0	0
0.6421011204919012	0	0	0	0
-0.32189533066066645	0	0	0	0
0.23051766992115574	0	0	0	0
0.03583242740431558	0	0	0	0
-0.17674184799968629	0	0	0	0
0.04474476810194972	0	0	0	0
-0.14149891078020715	0	0	0	0
0.7681013540627575	0	0	0	0
-1.0554890225113596	0	0	0	0
0.545221191674969	0	0	0	0
-0.38882406953008797	0	0	0	0
1.1713986710803113	0	0	0	0
-1.343848332220233	0	0	0	0
0.752105101601714	0	0	0	0
-0.47696985581631424	0	0	0	0
0.3316533720588666	0	0	0	0
0.1050944733239163	0	0	0	0
0.3084879080269971	0	0	0	0
-0.7210922669326223	0	0	0	0
-0.3261762428893604	0	0	0	0
1.5801856427026664	0	0	0	0
-1.857528511744988	0	0	0	0
1.596662795421075	0	0	0	0
-1.2311733744057918	0	0	0	0
0.5757022748817704	0	0	0	0
0.4313217287021729	0	0	0	0
-0.4165226259946664	0	0	0	0
-0.24672303720021915	0	0	0	0
0.4072963305443693	0	0	0	0
-0.5195331304669608	0	0	0	0
0.3503717398774384	0	0	0	0
0.17900851990979305	0	0	0	0
-0.7569301426312762	0	0	0	0
0.40149035556631674	0	0	0	0
-0.07244727240330917	0	0	0	0
-0.33182095685210555	0	0	0	0
0.30776956972703573	0	0	0	0
-0.056401528214614416	0	0	0	0
-0.575769940121404	0	0	0	0
0.40180567992730687	0	0	0	0
0.2584574277194136	0	0	0	0
-0.5634074488779532	0	0	0	0
0.3704022760556853	0	0	0	0
0.016510565319734383	0	0	0	0
-0.3508266104023363	0	0	0	0
1.1200803071637253	0	0	0	0
-1.5768668577116287	0	0	0	0
0.3907913471122342	0	0	0	0
0.8770546730438866	0	0	0	0
-1.3431222222965147	0	0	0	0
1.4404153726293814	0	0	0	0
-0.9168696705347799	0	0	0	0
0.5449267644141784	0	0	0	0
-0.05321017913099979	0	0	0	0
0.14848189789844213	0	0	0	0
-0.38178578836316746	0	0	0	0
0.3431172290195903	0	0	0	0
-0.7070642139693959	0	0	0	0
1.5771474560743428	0	0	0	0
-1.670470818772415	0	0	0	0
1.4132517058476495	0	0	0	0
-1.7958678765316236	0	0	0	0
1.7890204730300496	0	0	0	0
-0.8984162662530935	0	0	0	0
0.15040479103515736	0	0	0	0
0.6036539146869302	0	0	0	0
-1.1117909892091546	0	0	0	0
0.5643447145592759	0	0	0	0
1.0033052419287642	0	0	0	0
-2.072930584630491	0	0	0	0
1.8656087236208947	0	0	0	0
-1.3902470481216653	0	0	0	0
1.0860824710837704	0	0	0	0
-0.43742833148751004	0	0	0	0
0.4856343579763944	0	0	0	0
-0.5025512976912339	0	0	0	0
0.30124758007267616	0	0	0	0
-0.4213655119230424	0	0	0	0
0.9279278373794781	0	0	0	0
-1.8048079449863224	0	0	0	0
1.4195784295848384	0	0	0	0
-0.7155455246834777	0	0	0	0
-0.030234094046015514	0	0	0	0
0.8029034384015645	0	0	0	0
-0.8099626403020039	0	0	0	0
-0.17765609451128483	0	0	0	0
0.7184064474794809	0	0	0	0
-0.23403902968483692	0	0	0	0
0.13569485394427971	0	0	0	0
-0.5053500239539446	0	0	0	0
0.25863337976803535	0	0	0	0
0.5177347123006726	0	0	0	0
0.016150619449668113	0	0	0	0
-1.2625932160135847	0	0	0	0
1.102698891150368	0	0	0	0
-0.574159311861969	0	0	0	0
0.23121916821565236	0	0	0	0
0.9990312176581568	0	0	0	0
-1.7623038484338096	0	0	0	0
1.6242817575664787	0	0	0	0
-0.19426178183173448	0	0	0	0
-0.014425948034272551	0	0	0	0
-0.19063463393305824	0	0	0	0
-1.0867154571787552	0	0	0	0
