-0.14222279906847035	9.704884281272555	0.2591061276929594	-1.2910406612001282	18122.24624531942
-2.2745956780992174	31.57683920943539	-0.340622028638478	-4.859856526752935	18118.476245658097
5.908660384127565	-2.208344722003872	-12.447590978823342	-12.793754072655702	18121.245833964174
-2.3357730290535983	2.8897244856583484	7.972580471775174	26.073409407205872	18122.80753970222
-1.0869760653552092	4.737270503259367	5.466875540638895	8.923572555380161	18104.454187777195
1.5073960304374197	1.517235099136741	17.255185231024655	8.10653480113018	18173.995816877687
-0.7093055180550962	-0.7422085889024288	22.92271730486783	-2.9612656629647915	18299.212588860562
-0.9374856866987429	-1.8227447233445702	-0.5308228475922334	-21.209795982439886	18226.703629611628
3.144825750141557	-5.172483530498013	3.195364153374868	4.2861161246620725	17969.323288236308
-4.191631975917126	-6.873991851260811	-18.199769581141354	19.62349099101948	17627.30430611855
4.8597157239269535	3.550304402556719	18.392604938002123	11.539635749954016	17450.27162487171
-6.515598858857139	-18.62223913732872	-11.970212539799675	2.3385141877953117	17262.351152167223
6.659274855617404	-4.75380404567025	50.64404804565834	96.09874275309772	16944.679697183663
-4.03952295478566	-2.1907028714245627	-26.115923766910313	-38.914371081176824	16842.9176984064
-0.27295673572452017	30.933413249253675	-1.200371827861332	11.598479861864064	16754.74165897816
3.2010667088982245	3.915394273482562	-4.188029230494578	46.80155542619636	16828.044254419194
-5.381571656867912	2.3264163599585146	33.506044779232624	-48.08898876828198	16731.30498180198
7.1694857329982895	18.072126626441815	-22.17626046624366	31.186856106094865	16757.38166144495
-5.900372263941662	-3.7469077685929477	18.94788295266308	-8.234338762898673	16635.4298419232
0.17757819511744088	0.6886710346644662	-21.571359817610812	-31.84365293403107	16432.12984390073
3.580429076974532	6.05818050995569	-2.7107639037234037	1.4755910942727724	16437.50485943279
-2.678682414392547	7.284264640209656	26.25966943603946	-10.194777470912996	16439.755500130726
1.0570437462229307	6.178753089746593	-27.27519229802661	-47.218082505391095	16445.09022502626
0.29112236934790303	11.84950880306262	-5.773409288257611	64.53448249789868	16530.252003108748
-2.8109588570993793	-11.168934161442209	26.771287022547057	-10.510795577009674	16611.92663349131
4.004965875259806	-2.9187328236717747	-7.958762821082544	6.965703432157113	16544.066138357637
-2.1376794016592555	-9.562903021424319	-0.6686547157826936	30.005301350889795	16832.459561446205
-0.38306417033408735	2.447901859155934	27.521825178908216	2.4998713048155707	16899.068832242836
1.1524682656811507	5.234911833829244	5.141440817162419	-60.54844506855518	16897.06928191519
-1.0198297029738868	-1.9797869680196811	-9.72797556467792	-0.930150276682383	16801.347550422895
0.7708568138589769	-6.92119530359092	21.05322563230989	27.64357728984494	16785.696973864066
-1.4147320881874847	11.093053880441943	4.07088907338958	-12.700945961821901	16656.685979062077
4.42569605118976	-5.289646244131944	-45.20690121682051	9.898853128362504	16763.204456972995
-6.3282233140537585	2.5482361947814454	35.82232843910768	-21.520124884891388	16868.839595146717
5.057180080974518	-11.888509301302228	0.48254176624186584	18.949625620952986	16802.64339653286
-2.259665108569969	-2.7812886045464467	-18.410285806738145	-6.642522837968784	16754.52239250078
-0.17947471499732615	29.956332408993795	-1.474966331202495	-10.709240724538574	16743.50385095846
1.2483030293581052	-26.77029359118604	37.46693071614388	26.146609517655847	16783.35105518519
-0.9527077940822224	2.3540239884046628	-0.16673765004344432	0	0
-1.121158772347222	0.31712074125294976	-13.365442823117633	0	0
3.798563275698271	19.415281394937878	36.69752422424011	0	0
-2.25482706957834	-6.286760130787364	-22.955991550754618	0	0
-0.9523708620770748	-9.754056281192739	-47.679173199013945	0	0
-0.26090818996615184	21.30896717071318	1.0124005365467639	0	0
4.018948710283944	-1.1510547779986808	12.647496244676816	0	0
-6.878224518946041	18.034676004025066	-18.3573969971999	0	0
7.776494514342495	2.755012390726762	-12.195703939713695	0	0
-6.440844412266856	0.8250477271599053	20.972709598396662	0	0
4.0052338798567035	-15.186452648250537	-12.482031495415555	0	0
-2.8934829844950087	-8.048542859045725	-27.498351416143365	0	0
1.2559491928531017	-4.050751929863644	9.857106158650723	0	0
1.6655691607329217	8.901914197272212	11.91231236491663	0	0
-2.8733043153543747	19.07056288364744	-4.367713815054856	0	0
1.311230902738032	6.378653801484532	42.66809231873455	0	0
1.3612684028447504	-1.3947879983620268	-11.61512375812842	0	0
-3.747323520173417	-4.709757934971037	16.229721796374392	0	0
5.679494318163599	12.433727859849839	-37.847367949988495	0	0
-3.9356716305165307	-6.3430963905147095	33.30638444662317	0	0
0.18304479529970763	11.19778091118657	-29.656083857706108	0	0
0.829401462677005	-16.24299401737484	1.5159143850276848	0	0
1.2875876674037556	4.191100973890791	15.644039154251686	0	0
-3.100275535882119	-15.976469365008825	-3.7432722692362432	0	0
2.781299236876741	19.17779703384236	-12.407835181856441	0	0
-0.8237832705930543	-14.330877993515962	-13.624457711104569	0	0
-0.6510802609257169	-4.930341223064858	21.750464093415943	0	0
2.5550554476079554	-12.335051190878474	38.5141337203501	0	0
-5.059492988662967	-2.722999677569419	-14.489899556535363	0	0
8.135743210993795	-6.586102958663517	5.210973213049243	0	0
-11.023946783088846	-4.643035257851487	-45.9971140878434	0	0
9.170707172359783	11.378168875387331	-1.8859452390451423	0	0
-2.398960462124741	-14.122699841926163	0	0	0
-2.2863148434692846	13.767228664402978	0	0	0
-0.5275609260969958	-0.014890715360756701	0	0	0
6.2327666910931185	9.066369374941978	0	0	0
-9.152992621548385	-20.095907923404923	0	0	0
8.499206146479843	11.985307871679154	0	0	0
-7.503309118627136	4.791587145777726	0	0	0
7.796382157382197	1.769938223411991	0	0	0
-6.0690727970218745	1.985364508651621	0	0	0
1.5800445258607496	-6.6186733064510435	0	0	0
2.0969629618036905	-0.6125270677857984	0	0	0
-5.24659834863219	-14.152659879529438	0	0	0
5.787930284347453	-0.7582596326937505	0	0	0
-3.9959191612967047	-6.368015297526206	0	0	0
4.027515759415593	-2.2764251706677783	0	0	0
-6.736993572399918	2.563254311950857	0	0	0
7.844868952050625	12.786925313643067	0	0	0
-7.890334343559665	-11.569433283624043	0	0	0
10.407271082276154	3.1323168437753637	0	0	0
-12.470359351761239	-27.52409881293775	0	0	0
11.94525177953912	-7.465574491046176	0	0	0
-12.519462830253303	2.625779635802303	0	0	0
12.620050574277236	-1.506598090085653	0	0	0
-10.450940253163282	7.6675405937863985	0	0	0
7.066946813219104	-0.36342691352509604	0	0	0
-2.7885193205776844	0.1407356364713621	0	0	0
-0.46051127830712346	-27.314977033803103	0	0	0
2.8291849856769815	9.31624458556206	0	0	0
-4.530249915820512	-3.98778501532599	0	0	0
4.68669684655876	7.685888371228096	0	0	0
-4.1697235557346986	0.4828772197939699	0	0	0
4.560431623766711	8.506718943734555	0	0	0
-4.308221246302978	-6.739648469137492	0	0	0
2.0469124080949257	14.62505915019888	0	0	0
0.40528575742287387	19.56860378585708	0	0	0
-1.1331994895660173	-28.68174851571495	0	0	0
1.3700732895301329	0.14605172426711022	0	0	0
-2.1503875956079312	6.873519753136087	0	0	0
2.4770222912900692	3.9243963640566903	0	0	0
-3.1664602657644068	0.8996608146015319	0	0	0
5.183756183467146	-25.623871303866373	0	0	0
-6.55337456959419	37.488269161937176	0	0	0
5.570075383974078	-1.6137347209513706	0	0	0
-4.299311300513416	-14.960966630188345	0	0	0
6.035343815815594	2.83946518960051	0	0	0
-9.875066234390047	-9.350545509658055	0	0	0
11.313585295621913	-5.915828249616162	0	0	0
-9.02752988618527	4.383067521167185	0	0	0
7.5586996593554545	4.091060191430678	0	0	0
-6.828474060492496	-3.575266941619425	0	0	0
3.02220707092863	8.587501524163251	0	0	0
-0.9359943581446402	19.893320962153943	0	0	0
3.4008625706643514	-0.19224999418625544	0	0	0
-3.905948433161875	20.51049350902857	0	0	0
1.6370998704238247	-12.52642889493648	0	0	0
1.882796073328194	3.523732529636071	0	0	0
-5.990825094465777	-2.68949994594373	0	0	0
7.503476588332823	22.553401864668665	0	0	0
-8.46890311262667	-18.58165268725321	0	0	0
10.95545860961893	1.660915759199355	0	0	0
-10.406913241996357	3.0809437116939122	0	0	0
7.395298425355911	11.260686687762352	0	0	0
-4.8377684846569196	-26.90593235204603	0	0	0
2.7899619149200774	0	0	0	0
-1.9674208458305813	0	0	0	0
2.1070861342513325	0	0	0	0
-0.10712613048893616	0	0	0	0
-3.5382955968358942	0	0	0	0
3.8627346213137272	0	0	0	0
-1.507534155027642	0	0	0	0
0.8984031737069813	0	0	0	0
0.7812647855320733	0	0	0	0
-3.9608255893831767	0	0	0	0
2.5468605041749584	0	0	0	0
3.0671870318968715	0	0	0	0
-6.687313166709906	0	0	0	0
6.156831208908848	0	0	0	0
-3.9283304444360567	0	0	0	0
2.718057281424059	0	0	0	0
-3.1109485848344605	0	0	0	0
2.9451944795803797	0	0	0	0
-2.613453773157943	0	0	0	0
2.0536343264841292	0	0	0	0
-0.6474553957707556	0	0	0	0
-0.18159529430801769	0	0	0	0
-1.1899788406722536	0	0	0	0
1.6961888841711854	0	0	0	0
-0.24095301936731062	0	0	0	0
-0.06439709568022067	0	0	0	0
2.277618652078303	0	0	0	0
-6.565718864539093	0	0	0	0
6.3028683554911	0	0	0	0
-2.937495602023759	0	0	0	0
3.257410189461403	0	0	0	0
-4.87619140982595	0	0	0	0
3.7881128435021196	0	0	0	0
-3.1039539276243815	0	0	0	0
4.36087723725376	0	0	0	0
-5.57198598788348	0	0	0	0
5.028202644977966	0	0	0	0
-2.1402732700077536	0	0	0	0
-0.7674581938546154	0	0	0	0
1.8267273457567015	0	0	0	0
-2.282886264539272	0	0	0	0
4.245340168375172	0	0	0	0
-4.305724441794155	0	0	0	0
0.6182774548717092	0	0	0	0
3.041145874956321	0	0	0	0
-4.707322581413123	0	0	0	0
4.9463979522093595	0	0	0	0
-4.832234488782696	0	0	0	0
6.352088528140662	0	0	0	0
-8.624741046903317	0	0	0	0
8.19912237706611	0	0	0	0
-4.809794592250306	0	0	0	0
1.0601398445558488	0	0	0	0
2.4859351643693657	0	0	0	0
-4.611450878286142	0	0	0	0
6.030077241855345	0	0	0	0
-8.3529975881004	0	0	0	0
7.738349588826878	0	0	0	0
-2.7722732324662402	0	0	0	0
0.8438819791435463	0	0	0	0
-3.077780047170357	0	0	0	0
4.137880935469816	0	0	0	0
-4.409069432313231	0	0	0	0
4.636376702434326	0	0	0	0
-2.299369232478597	0	0	0	0
-2.0775399387400384	0	0	0	0
5.982954962830945	0	0	0	0
-7.335829123456854	0	0	0	0
7.395829233761674	0	0	0	0
-7.899099489949791	0	0	0	0
8.17770334917924	0	0	0	0
-6.02727261927069	0	0	0	0
3.151709518219846	0	0	0	0
1.1165894821808209	0	0	0	0
-7.961383725446268	0	0	0	0
9.018090010117987	0	0	0	0
-2.2409661438251476	0	0	0	0
-3.0512518276907272	0	0	0	0
3.8827629409424063	0	0	0	0
-2.084394062112267	0	0	0	0
-0.44869953502439586	0	0	0	0
1.9597972797817107	0	0	0	0
-3.217002070673253	0	0	0	0
4.132427901920195	0	0	0	0
-2.9842221336024437	0	0	0	0
-2.862370843186696	0	0	0	0
10.62183942382029	0	0	0	0
-12.057732376353194	0	0	0	0
6.8561773922836835	0	0	0	0
-2.030502135235679	0	0	0	0
-0.6450527390084133	0	0	0	0
0.993262481791561	0	0	0	0
-1.0477219614268805	0	0	0	0
1.8719966318464358	0	0	0	0
-1.125768215380674	0	0	0	0
-0.13235899624373104	0	0	0	0
-0.025842876397746295	0	0	0	0
1.800529809008495	0	0	0	0
-4.68596332690074	0	0	0	0
7.877299479433425	0	0	0	0
-8.873213787530489	0	0	0	0
7.9518220961253405	0	0	0	0
-7.319019699869806	0	0	0	0
6.458795687151984	0	0	0	0
-4.365998767203855	0	0	0	0
2.9455794109316926	0	0	0	0
-1.7470282669707586	0	0	0	0
1.0242589823401573	0	0	0	0
-0.6622754446581638	0	0	0	0
-1.0713290231484507	0	0	0	0
3.685720901721396	0	0	0	0
-5.0493444536868495	0	0	0	0
4.0310683643499985	0	0	0	0
-4.314483802641952	0	0	0	0
6.477459414844837	0	0	0	0
-5.970662937014005	0	0	0	0
5.090489101737177	0	0	0	0
-6.978279729367266	0	0	0	0
6.062769594175023	0	0	0	0
-1.0298497488281555	0	0	0	0
-1.4545298195561571	0	0	0	0
-0.4713694024252675	0	0	0	0
0.3363385100008145	0	0	0	0
-0.21432846424540486	0	0	0	0
0.7497078158021893	0	0	0	0
0.4308899851082941	0	0	0	0
