0.10862673651206478	-0.3721078852111219	-3.213721070959423	0.3443575032160169	16857.454085963724
-0.20316809860251794	-1.6120643838878763	-10.173755096595414	1.318475061013487	16857.01526584453
-2.1995252584798806	-1.961007086422562	-1.0597760206664617	5.036176340578322	16859.798759289093
3.771695074426006	13.645019030846477	-12.135649904047312	22.224112394191664	16857.867559161037
-2.4456254199798906	-11.288660207056509	6.555004300249166	10.719052202293327	16855.31790206951
-0.4300098905039249	9.362404124653132	-10.603630028926787	-18.32219676340793	16863.141712299566
0.9894811091892421	-11.179980362464967	8.619489889557144	1.1240195587396755	16816.177410825072
0.8327572906747918	4.397747708785204	-22.797474387605945	-4.691051519180775	16831.154825921494
-0.9819496726156913	-3.3035467163827903	7.3405560881873555	-8.943981491339372	16867.542419582867
0.08095406317007559	2.8905369983124984	12.611346146525918	-6.222238692861893	16872.883544302204
-0.9017409314709681	1.3372921384052319	-3.442471946327643	51.09428663537264	16920.737265687538
2.6596612142615896	-7.208799986096523	10.283046598485512	-21.58961837526067	16928.469040340042
-2.7671134727960336	9.695864951358097	-2.225520124713114	-7.294390243935567	16980.242765800976
2.077909391230378	4.325528629809504	-1.6285600205269049	-12.297674500552858	16959.279184251536
-1.7722268535995553	-3.892899529240772	-3.9624659996155316	18.30132700950341	16996.23958071926
2.906521209704806	-1.6338375090012747	17.183870852689367	-10.63268277073125	16962.24794094268
-4.134223558785344	3.4080640795214308	-10.847426298866097	-11.177398000170129	16853.501879111598
4.0698872080691615	5.709015067789537	5.890255276375214	-31.17529369849487	16841.61930969615
-2.669962461141047	-5.440752414612305	-3.013591716477549	13.589631233915142	16865.405764219282
1.7764593811664966	-0.5809998401877294	13.83807075247097	-9.054300274004902	16827.66120489454
-2.2950300103200476	15.885737802595735	27.32123012980948	-4.287896189791098	16798.799002866752
2.593279124611257	-12.152962640368791	-21.59641778965708	35.233130635861016	16841.526222099907
-1.7789886659041798	4.0409813664096745	9.147932289312564	15.366290202588175	16875.83324526875
1.470797206381846	0.3071803401357158	12.196895381226312	-19.06362202086595	16875.498551978635
-0.8784490051774512	-6.257397554208701	-11.369262815902445	1.3285092446185018	16909.029550996514
-0.37852839043785735	-2.775284649695756	14.24473771709637	-23.46103767822511	16922.99278652947
0.7579749296460818	6.491544046792846	-24.122969713980808	13.967668049182521	16958.65755749445
-0.6353335911744367	-3.3684175013681283	4.2117777686322455	-6.132208833398636	17000.152510974985
0.054353069610975524	-0.13077900462504743	6.1633980358813005	-6.663074945025187	17085.913628950137
0.9751855781563137	-8.400984548773863	-22.16553070199116	15.373335986019953	17144.397957423007
-1.6734239902483097	2.3014236971836723	6.179994021227856	-27.23732531512468	17070.562878105262
0.6139567382873352	4.484333136840604	2.300303759015975	-15.086301813985486	17152.483489697508
0.8199347938275352	-10.066221373468487	11.160187466880075	18.729226333577657	17118.586618386726
-0.743064929634258	-3.0150656275637857	-9.105233249560555	-15.327323563597574	16982.824023414145
-0.7568130337814623	-10.539100318658583	6.217768385767684	-10.766159123138337	16801.443043083593
2.4557949670795125	-6.6275133560321535	-9.199290558280339	1.2877864447000462	16698.64865064768
-3.3268669499738337	-9.397610122357563	3.1224222216897033	16.089927135229374	16727.70676165754
3.0188408000284	0.5082026009989704	6.106580648985016	5.1423437372153415	16704.991187861466
-0.9661655246619674	-16.289258061190615	-4.930419426755918	0	0
-1.5385199622818888	-5.04480648640731	1.4101276929048367	0	0
0.745854368507473	6.742498841032429	9.286666826693775	0	0
1.826510266605574	0.3366353335027412	0.0028740076256497105	0	0
-2.478107766121184	15.584663356305022	-15.19639468190995	0	0
1.2862334842955008	-11.042802577398142	3.4401874620411235	0	0
0.18897597390860454	1.2131868303526758	-5.900920434167844	0	0
-0.9401599914006482	-37.52555604613815	19.454411784712264	0	0
0.5204860991866269	17.35004164995498	14.97745344164943	0	0
0.6945845611277051	-1.5423387704106943	17.022069857375627	0	0
-1.5532948572137428	1.7049869371631559	-2.739987860117651	0	0
1.1867125705226371	3.6842706069017126	-21.743886494422455	0	0
0.7555428068589549	6.133483071945626	-19.20945670610695	0	0
-3.08109011693751	4.158452274600421	13.471298410358841	0	0
4.308317405210644	2.3700594599415012	-1.422351111635109	0	0
-4.131854700556765	7.016285309253881	17.750267578322877	0	0
4.044118408744886	-10.46925479292694	15.570138183136109	0	0
-4.059668327611405	-1.768302455892595	-19.207177222980746	0	0
3.2929708394616526	-8.710793422760908	-16.287055747123873	0	0
-1.6531736141070894	-5.40591596605541	8.663391161289368	0	0
0.09192068791453778	-9.763254105582604	-12.231678917593044	0	0
-0.1463800007517264	3.7449852251531652	21.219756368983	0	0
1.2778304744430713	-2.5747228499954318	-42.580579345023935	0	0
-1.758486608963544	-7.096599445021937	12.368431863124172	0	0
0.878555386665866	8.296029968723708	-19.956673477659947	0	0
1.3962505799799771	-1.1107140208978379	-2.3251713153142504	0	0
-3.1750101512241784	-1.2145101641192326	11.477462182187523	0	0
3.191480396005737	-3.0614516120087245	-3.073642296308023	0	0
-3.2594041277806056	-8.930918586045571	0.44110447500932537	0	0
2.627778440296595	-12.395878205653936	0.08861321712527115	0	0
-2.450912583767135	-0.6181484410948883	-0.7665724780216152	0	0
4.451715173644125	4.5943890628243835	-10.84693719720886	0	0
-7.50025180068431	-1.8489780887505134	0	0	0
7.423307792518251	1.092687537889475	0	0	0
-3.9216811941273377	-2.491097626653854	0	0	0
2.321792750033431	-7.509326314216985	0	0	0
-2.8513083540075783	-8.026018479916814	0	0	0
2.751735920830768	2.477079268919681	0	0	0
-2.5494555189613948	1.7451180974369862	0	0	0
1.306073402936775	-3.4924251926425285	0	0	0
1.081483641260462	3.798382513817103	0	0	0
-1.211922058380324	5.391567374431858	0	0	0
-0.3944569840905814	-2.1941986281523	0	0	0
1.9194335643344758	-3.3675397328863426	0	0	0
-0.8878502787838229	2.309939702619509	0	0	0
-1.9196269458855184	-0.11016734655595428	0	0	0
3.245662086596333	-2.0274743615349706	0	0	0
-3.5843798534080022	3.0138108614876558	0	0	0
5.401366211686472	10.653302744515955	0	0	0
-6.868467841084112	8.243531745317725	0	0	0
3.351039503064854	0.5552694110764449	0	0	0
1.734563923702062	-2.2120556099275888	0	0	0
-2.260781491049208	3.9719751577805837	0	0	0
-0.9233225435222181	7.074580016766518	0	0	0
2.73549378770943	-6.028823392327048	0	0	0
-1.8357631409006743	1.665207038707571	0	0	0
-0.20144878343347017	10.853597151986818	0	0	0
1.6472840063819163	-0.6304775366680246	0	0	0
-2.5498204076034554	1.9284548936339192	0	0	0
1.6222779863797285	9.209465964078866	0	0	0
0.45924679049953454	-0.7085650712915879	0	0	0
-0.832528246896139	5.279949217555028	0	0	0
0.23509154148634082	2.053336337598793	0	0	0
-0.19273507065783946	1.1564920247439971	0	0	0
-0.41189558949639604	-7.967449402488569	0	0	0
0.2968860359440768	4.704250131037099	0	0	0
1.2121953943780994	-7.786557394770284	0	0	0
-2.3320094861532255	-4.007584585305992	0	0	0
1.7187373485181752	21.129734546001444	0	0	0
-0.5395058955144947	-8.184054810861412	0	0	0
-0.09743664762884663	8.423360792497121	0	0	0
-0.9961529482106997	1.526511074483011	0	0	0
1.6200764329118869	-2.6348424107924586	0	0	0
-0.28026032250365773	5.1444293939911745	0	0	0
-1.0315520269874838	1.377560251390733	0	0	0
1.3405789195899942	6.576559589456608	0	0	0
-1.8194061247302784	-6.071697369744115	0	0	0
2.2195626264578436	1.2190402288762954	0	0	0
-1.3665713324972586	-18.23258322339806	0	0	0
-0.22950472782425635	-5.6134971422658	0	0	0
1.1350929637239418	3.1621828167087003	0	0	0
-1.331619922065748	4.429597417549495	0	0	0
0.14262903984310782	-16.334849243358825	0	0	0
2.2113143210763653	-2.2232126156426304	0	0	0
-2.8724983588447515	-0.6840767057039301	0	0	0
0.9480757723312934	-8.874804807583757	0	0	0
1.4607510992671422	4.585966932274545	0	0	0
-3.479032966864793	-5.952496343917836	0	0	0
5.096431732418047	9.221056464341622	0	0	0
-5.2673743599438865	-4.928871581400877	0	0	0
4.466374355905586	7.963128279060577	0	0	0
-3.16633732219578	6.293861102482772	0	0	0
1.4541284686144422	-10.457811305264556	0	0	0
0.31437265182783847	-2.9979953835938957	0	0	0
-2.6456495759558507	1.7971513414392106	0	0	0
4.2801357429559985	0	0	0	0
-4.8203472656351	0	0	0	0
4.262149744769957	0	0	0	0
-2.5591613029586853	0	0	0	0
0.6885054330262932	0	0	0	0
-0.34162141017039716	0	0	0	0
1.0379750057253716	0	0	0	0
-1.643810170610294	0	0	0	0
1.8027458679377517	0	0	0	0
-0.9967805157058081	0	0	0	0
-0.30218566733395136	0	0	0	0
1.0262355650981192	0	0	0	0
-0.371325954271434	0	0	0	0
-0.6347872782116113	0	0	0	0
0.9608821906295191	0	0	0	0
-0.10076260278298577	0	0	0	0
-1.1291246233018981	0	0	0	0
2.307370600611513	0	0	0	0
-2.041364442958738	0	0	0	0
0.9427036650776017	0	0	0	0
0.1742418905610421	0	0	0	0
-0.6477633827246905	0	0	0	0
-1.0424047461139523	0	0	0	0
3.3668477736716014	0	0	0	0
-3.583293274170458	0	0	0	0
2.503469987573787	0	0	0	0
-0.6115995486502399	0	0	0	0
-0.8397352121443262	0	0	0	0
0.21235007659263516	0	0	0	0
1.3664028257325853	0	0	0	0
-1.6691246706525718	0	0	0	0
0.8924467974817887	0	0	0	0
-0.32756148868603674	0	0	0	0
-0.13971519663316911	0	0	0	0
0.8773417931410066	0	0	0	0
-1.3386087468430574	0	0	0	0
1.1239291204657462	0	0	0	0
-0.2641600791279828	0	0	0	0
-1.0239444804607913	0	0	0	0
2.397771258608543	0	0	0	0
-2.582610623770684	0	0	0	0
1.1349469881996725	0	0	0	0
-0.6481406004641741	0	0	0	0
-0.1790969283854551	0	0	0	0
2.411880439989517	0	0	0	0
-3.8934846837725985	0	0	0	0
1.7662869370748808	0	0	0	0
1.7122572740777642	0	0	0	0
-1.9529050962792454	0	0	0	0
-0.6611935480309441	0	0	0	0
1.7001615347763064	0	0	0	0
-2.3404254054706755	0	0	0	0
2.8861252132955926	0	0	0	0
-1.7704424712534461	0	0	0	0
0.4210448063772816	0	0	0	0
-0.0251863365925189	0	0	0	0
-1.042232920693749	0	0	0	0
2.2606875406379032	0	0	0	0
-1.6731075201467434	0	0	0	0
1.4934272857455895	0	0	0	0
-3.4015145061560546	0	0	0	0
3.8268443313613645	0	0	0	0
-0.4837385133310903	0	0	0	0
-2.9289751260295986	0	0	0	0
4.245075765471832	0	0	0	0
-4.059138102720624	0	0	0	0
2.33259524652356	0	0	0	0
0.40913135848143867	0	0	0	0
-1.9131489115204587	0	0	0	0
1.675424032374913	0	0	0	0
-2.0436620190116273	0	0	0	0
3.247041158080009	0	0	0	0
-3.404736415798048	0	0	0	0
1.9240848825438732	0	0	0	0
-0.36811642189346117	0	0	0	0
-1.2973100443894552	0	0	0	0
3.571411835051002	0	0	0	0
-3.034159133697514	0	0	0	0
-0.2680800055667447	0	0	0	0
0.8090595736766844	0	0	0	0
-0.2685008164659024	0	0	0	0
1.1484574139980026	0	0	0	0
-1.1363045002534875	0	0	0	0
0.7893448489724122	0	0	0	0
-1.3957656577929	0	0	0	0
1.6455083874282863	0	0	0	0
-0.03641399340697404	0	0	0	0
-0.9211836074555961	0	0	0	0
1.2643305157964448	0	0	0	0
-1.682325680465901	0	0	0	0
1.7601531188403285	0	0	0	0
-0.9057791433756606	0	0	0	0
-0.325170450825496	0	0	0	0
0.2245255589252082	0	0	0	0
0.7671598927981833	0	0	0	0
-0.7853474234331159	0	0	0	0
1.6649186446409487	0	0	0	0
-4.65827489692591	0	0	0	0
8.14164650946828	0	0	0	0
-10.980412904584547	0	0	0	0
10.63013339259895	0	0	0	0
-7.876519913247925	0	0	0	0
6.567841215978397	0	0	0	0
-4.978449444437565	0	0	0	0
2.5863068483590794	0	0	0	0
-2.236642300539785	0	0	0	0
3.3423559149513196	0	0	0	0
-3.565516020265086	0	0	0	0
1.2181573778352188	0	0	0	0
2.0811596642557646	0	0	0	0
-2.3416911689114883	0	0	0	0
0.8438022410915309	0	0	0	0
-0.3731070527803908	0	0	0	0
0.7589388947842934	0	0	0	0
-0.6538997411326974	0	0	0	0
-1.1297452104309613	0	0	0	0
3.0640130340366767	0	0	0	0
-2.672768984627517	0	0	0	0
0.2594843646214926	0	0	0	0
0.7895384307746909	0	0	0	0
-0.6144903239785506	0	0	0	0
0.4276443834782455	0	0	0	0
0.8885980774852413	0	0	0	0
0.2326581545489148	0	0	0	0
-1.718096379293513	0	0	0	0
0.6735387837670359	0	0	0	0
