0.09002138711191066	-2.789456932000462	-8.381126052165342	1.146675111330353	17225.08605135496
1.4330230491541158	-10.263243016824632	-26.17983489880922	5.254122889339357	17226.700205006324
-1.9155925237589884	-5.514362213638094	15.764323406683204	14.739610783248764	17228.75043371169
4.851671725400493	5.884553184112804	13.288590234046325	-13.705216763366764	17224.641160075793
-7.438046659825282	14.935913505261581	-20.521689279419235	17.964176553515443	17238.472939564792
10.06813884873285	-13.304640997795644	-23.85536403846517	-2.164047179061356	17182.577692307797
-10.13991894488968	12.966074125265536	-26.95317008711193	-11.957215288481052	17118.473263208558
8.352301673704616	-15.720070015152274	-17.78803537040298	-5.236038706606934	17127.156794323328
-9.922074434474403	-15.71756747538825	-12.145305051664053	4.814447343543236	17078.416871813577
12.43118723523235	-15.005922712761972	33.61368916501995	-32.5901115935098	17055.069962571462
-10.90300818461752	-4.6725203568357045	10.983361301341375	27.334084755912116	17050.64752540302
9.1543205983293	0.9488488951055771	10.799765224296095	-15.895341080706316	17013.433303275116
-8.990087804107098	-13.431714753079362	9.434254848367786	-12.646745999126708	16953.591650781058
7.7578781729892725	1.5505763162410702	9.860786079310358	-12.859834635276869	16890.538531088
-6.788401337565212	-7.229156940329986	9.682421329378158	-7.3246629626520985	16853.58039668524
9.290675074010515	24.710211500955225	-9.302802585068747	11.149440728360275	16834.935430413763
-11.943745838270651	-25.224941077843155	-63.83198682979949	-23.49929831734316	16681.806899392923
9.294296041366081	0.758451757684341	1.7665912174984868	31.090603823958617	16753.172660400254
-3.787902974369672	-2.5278943025852243	-8.26450254582771	6.898282028349001	16805.240903544
0.7269328674836046	22.54233900615541	8.756650682321833	-28.134006809455286	16757.308612537192
1.885403800832556	-23.210923237515793	35.914651605476564	1.7559145182208198	16758.20381706668
-5.818856892364131	2.6533079549599563	24.359393820598854	3.6692297258549758	16752.375756058384
8.179841676804635	-20.55602173765712	8.232695289082656	-52.469444919215206	16799.71728805967
-5.725065817889622	11.645105939447568	12.317806445054842	25.559423783023803	16857.711665104984
3.3532326581024847	-17.967513987023658	-24.883414134669522	16.957381835163957	16865.130667176163
-3.6880715408180222	1.7113540029625867	33.3438986913889	56.703138610773905	16817.793554324497
2.976619960181644	5.143379602598607	4.2522480528967606	-99.52708216506717	16806.988201118937
-2.3014633135428753	25.233153727908544	43.96994087966445	39.759783813166976	16980.266161031795
5.076842420037501	7.233159629174743	-12.98640105023722	-1.526592143887001	16860.93581928596
-5.714567806528862	33.67243960034836	-24.476224104083627	-8.236164738997587	16607.727922032886
0.6147736096282017	-13.046940576132712	-9.331103562137784	15.884443528096824	16614.419951804724
3.314737938843791	-9.867958148351448	-4.280208215289889	77.50404311747772	16740.25108872759
-3.0608649158908463	-14.37595603834886	31.977215055316293	-86.247444546525	16787.26275424992
2.7025243624148416	15.811550216018752	-20.78164288073809	15.987687558403394	16918.93903928148
-3.905307433648126	-5.786672170512269	-6.0755276323905605	44.180464188655634	17246.112379433922
2.3428000215009135	25.724890163209672	-24.812809693415787	-15.585129331003884	17080.984707694755
2.100989853740572	-6.575695807387611	35.13084566647467	-39.465992035578836	17026.12237629095
-4.251740189592454	13.351626674316051	16.85757662291583	23.315632760174594	17156.967520351736
1.2930515775668354	-19.75946157629511	20.397073183728224	0	0
1.5883225708351318	36.801365700328176	-3.0164725328846913	0	0
-1.0937270346359327	11.729822403291308	-26.450513922421038	0	0
0.9451972644894866	-14.475578885928812	-12.94617137717809	0	0
-2.677216251738315	12.326389861402596	10.485704812096387	0	0
3.4503304167485354	11.906890978724974	-22.077081648095074	0	0
-1.7538156411594557	-22.71103604819379	-12.600813086811911	0	0
0.4383172441226435	-18.971173893650814	-18.042580328316575	0	0
-2.3754382648359353	-14.313703219416773	0.05588461467732486	0	0
4.774991524014673	17.829450854483298	0.9298925997413505	0	0
-5.407876334598882	-1.6541744646678183	-16.379738345320533	0	0
6.063290115161443	6.634959351682902	2.3388572320490084	0	0
-6.336347933216054	10.29139066093569	7.408783068836669	0	0
3.201316908420459	-5.246973463583672	20.70336681248891	0	0
3.021234150059847	4.299677459461115	1.9657130682641792	0	0
-8.692566863763354	-12.269675209101678	-10.806600673230804	0	0
9.664223905833225	9.483062439600864	31.710924357076536	0	0
-6.52363178166366	-16.672604754957327	34.19819155618059	0	0
4.034949363047531	17.002238412347978	-0.7124923156616063	0	0
-5.948231795576071	9.695566243814767	-3.1110656670579573	0	0
6.518954069699177	4.814240972166104	-19.20846391479425	0	0
-0.05650069817259862	-10.39442741450469	-2.911076775293651	0	0
-5.189280184249235	-6.970812508820245	-32.31138216492454	0	0
3.5428777577235024	-8.034709648321382	-10.890378519778551	0	0
-1.1455737610458883	-7.490824485167295	24.750524063469243	0	0
0.822414889448801	23.553732995358587	-2.333022805029543	0	0
-0.10859763153049329	20.217157789395692	-24.73230776886284	0	0
0.19290490913757452	-4.7558718881984134	-0.2817872027494559	0	0
-4.423545611309656	-13.338149094873827	-6.3333906994102165	0	0
9.358512575217325	7.79097857049269	6.026108434350419	0	0
-9.30552766912156	-10.287417439924276	7.4160757243719075	0	0
6.82568737608824	22.77752218668323	25.335565220091837	0	0
-6.029716432254084	9.38753493535608	0	0	0
5.07237882405618	5.210668135835142	0	0	0
-3.353636580678362	-21.66186743335431	0	0	0
5.8649149880575635	10.671763199705339	0	0	0
-13.84014691481432	-15.68228935660813	0	0	0
18.70949220641765	-3.475583689716885	0	0	0
-15.985508348355808	4.368008659841578	0	0	0
10.782121065383492	-8.084657484602118	0	0	0
-5.104763543393851	2.1849610658987615	0	0	0
-1.7281260744629208	28.13724032644795	0	0	0
5.624211929902195	15.448852938126137	0	0	0
-3.8646928338523097	0.3903370043599068	0	0	0
1.1926599171077896	5.349844750618914	0	0	0
-2.945957947090207	8.778385263095515	0	0	0
7.259687814932761	-23.46924629914509	0	0	0
-9.663445923878193	-7.418628147411127	0	0	0
8.556231260868437	34.80458407001487	0	0	0
-4.556775076751933	-3.633448121201077	0	0	0
-0.6599540700135549	-6.600511857473556	0	0	0
6.321071888318627	1.2203618117662458	0	0	0
-11.680020228001915	-8.645472752055838	0	0	0
14.447103159582667	6.974145187712679	0	0	0
-11.71423495363657	0.4191721469230245	0	0	0
6.672582928677919	-10.802330924640842	0	0	0
-2.6486800460765707	32.89533903017164	0	0	0
-1.2137852759404595	-16.837918496437204	0	0	0
3.8314705181416855	9.091331750546892	0	0	0
-5.202280372645276	-23.839492158283164	0	0	0
7.316388575589073	-9.615352330987207	0	0	0
-11.377148326870362	-4.858746207262257	0	0	0
14.42651603636407	14.012229935049653	0	0	0
-12.161880875130464	-16.701375531900844	0	0	0
9.201978739872857	38.755437551426446	0	0	0
-10.271134233133623	8.910452650623029	0	0	0
11.423900401026657	-7.469524722090121	0	0	0
-10.410033004368856	-1.751251716589536	0	0	0
10.30013294014337	-26.958463863265877	0	0	0
-7.580454688386119	-20.411788432655534	0	0	0
-0.6661217805174573	-6.935713774669566	0	0	0
7.6027616500124395	5.139291629338942	0	0	0
-10.023668207371522	13.191981355961452	0	0	0
10.418321639655154	-14.672351239552242	0	0	0
-8.574289290422719	-7.711180062115133	0	0	0
4.076245238909458	47.19221727946028	0	0	0
0.6966571668237904	-1.7207074946491687	0	0	0
-2.2898188864946007	-15.37672210529221	0	0	0
0.6932619053134985	-39.4661729376085	0	0	0
1.1262133415478601	3.9902542887137997	0	0	0
-3.128156385407273	-2.599026500617555	0	0	0
5.46781862024028	23.94714809983681	0	0	0
-8.016334924016313	-2.30210615203994	0	0	0
14.442626182206105	-18.602795333260204	0	0	0
-21.112393387307847	-8.677193710581136	0	0	0
22.27677836256084	9.595572475688414	0	0	0
-18.408428541015446	24.614930935041443	0	0	0
10.998258851188567	15.308530087582014	0	0	0
-3.943651545360197	-5.1524560187709625	0	0	0
1.5097311743974302	-12.580563384497424	0	0	0
-2.542830133708094	44.962962173422206	0	0	0
4.653837789378649	0.27202987591770267	0	0	0
-5.950856300209928	-16.098123378417846	0	0	0
5.492519948004727	-36.15795961429811	0	0	0
-2.918495949823125	28.291565794830134	0	0	0
-1.8067656434660861	0	0	0	0
2.1957170985174486	0	0	0	0
2.0246788179428066	0	0	0	0
-3.5148069378095173	0	0	0	0
2.9061264445446255	0	0	0	0
-2.090747759343671	0	0	0	0
-1.6584694654147825	0	0	0	0
7.288542424244653	0	0	0	0
-9.77108218835599	0	0	0	0
9.188002209840299	0	0	0	0
-12.40085229315254	0	0	0	0
18.039653730058333	0	0	0	0
-18.436005732704068	0	0	0	0
12.372000285416078	0	0	0	0
-4.092614511322807	0	0	0	0
-4.862003809831549	0	0	0	0
12.070861579387284	0	0	0	0
-14.676815562703553	0	0	0	0
13.027646363636556	0	0	0	0
-9.336543347027693	0	0	0	0
3.959237727523842	0	0	0	0
1.5059636115709054	0	0	0	0
-3.950926423968909	0	0	0	0
5.82055414308455	0	0	0	0
-10.35668296984079	0	0	0	0
12.449474803222053	0	0	0	0
-10.29024399584172	0	0	0	0
7.619364445652863	0	0	0	0
-5.643131948321297	0	0	0	0
5.438932770001209	0	0	0	0
-6.108546339656925	0	0	0	0
8.050210200151938	0	0	0	0
-10.777945516099308	0	0	0	0
10.787209453065394	0	0	0	0
-5.737808055005196	0	0	0	0
-1.9401753167965126	0	0	0	0
5.350581137757885	0	0	0	0
-2.874188124297568	0	0	0	0
0.06271654287051831	0	0	0	0
0.9742339494074486	0	0	0	0
-0.6464524669204224	0	0	0	0
0.40790742325978613	0	0	0	0
0.703808582945797	0	0	0	0
-0.9426590762586002	0	0	0	0
-0.68993871944933	0	0	0	0
1.3339813951385864	0	0	0	0
-1.1458011583261154	0	0	0	0
2.2688470487894534	0	0	0	0
-4.259493138463419	0	0	0	0
5.877278407697673	0	0	0	0
-2.9704436778390644	0	0	0	0
-3.7777118389107898	0	0	0	0
6.762379951698506	0	0	0	0
-4.481732618231327	0	0	0	0
2.133676181399508	0	0	0	0
-3.7112255609862004	0	0	0	0
6.06457996397377	0	0	0	0
-3.1583888106792415	0	0	0	0
-2.9747228270689376	0	0	0	0
4.673744452541719	0	0	0	0
-0.331097727432919	0	0	0	0
-7.271086739529693	0	0	0	0
14.021500651956579	0	0	0	0
-17.266080113636527	0	0	0	0
16.902116000763947	0	0	0	0
-11.971172181871616	0	0	0	0
5.72602986874471	0	0	0	0
-5.865087825968381	0	0	0	0
10.11826679585608	0	0	0	0
-10.268477312594229	0	0	0	0
4.505609096853327	0	0	0	0
1.8730040697906176	0	0	0	0
-6.529393973464892	0	0	0	0
9.924952495845858	0	0	0	0
-11.505070844203907	0	0	0	0
12.220461574707798	0	0	0	0
-9.025518739291925	0	0	0	0
0.5128372142335991	0	0	0	0
6.278450946465995	0	0	0	0
-8.911924400610097	0	0	0	0
10.863336351407987	0	0	0	0
-8.109634674329385	0	0	0	0
-0.1443462015153898	0	0	0	0
7.739559617693587	0	0	0	0
-11.79534492706263	0	0	0	0
13.354395650416087	0	0	0	0
-15.092502144022461	0	0	0	0
15.271723932233122	0	0	0	0
-9.836518501641677	0	0	0	0
1.1709709254727727	0	0	0	0
5.280010941826191	0	0	0	0
-4.150241035354881	0	0	0	0
-5.018536097707724	0	0	0	0
14.148717338303392	0	0	0	0
-16.418818246162814	0	0	0	0
14.457390829507474	0	0	0	0
-8.709228630547202	0	0	0	0
1.3774602095722628	0	0	0	0
3.8804580382929075	0	0	0	0
-3.217038398416591	0	0	0	0
-2.529890546462653	0	0	0	0
6.618920646524451	0	0	0	0
-4.535589283548063	0	0	0	0
2.9503448807147166	0	0	0	0
-6.966732696516246	0	0	0	0
9.66815853751713	0	0	0	0
-9.017694763357682	0	0	0	0
7.0195445139936865	0	0	0	0
-3.492973661041681	0	0	0	0
-0.5317211475454116	0	0	0	0
3.206274997143346	0	0	0	0
-5.898700780005697	0	0	0	0
8.304144570996861	0	0	0	0
-8.367718540192683	0	0	0	0
4.559148499524291	0	0	0	0
1.1911490435636978	0	0	0	0
-8.855774803363026	0	0	0	0
15.561792412761783	0	0	0	0
-14.607240354088695	0	0	0	0
6.853514215531014	0	0	0	0
0.33213825659278484	0	0	0	0
-2.89348784126787	0	0	0	0
1.3150852992363085	0	0	0	0
1.164509695448075	0	0	0	0
-3.469094495005571	0	0	0	0
4.8439234394767325	0	0	0	0
