0.053039797786006204	1.9909024322010538	0.5622384631677164	-0.3481913120667741	17376.468226937213
-0.8415998021068987	6.691534479662522	1.601129762060836	-1.0032876025302642	17377.877884579644
0.8072789684491326	1.4714827423575798	-2.2407764469809166	13.7247074062158	17379.04270809378
0.017891338017200553	1.933722570095597	-29.58150622404412	33.7782413479452	17376.27436818749
-1.1193112638165843	2.4373262421756436	35.41677842729918	-8.478093522501268	17379.854711827582
0.3065208748665995	0.6581881327139882	-0.7523997595835539	25.516914194178185	17372.1187288796
1.0494284168980244	-8.459296067747076	3.5319839566390243	8.321109177889412	17308.002966444365
-0.3482121085011656	9.367147716619002	-14.1210319917694	-23.564180162861447	17116.02521650701
0.2226842184962976	4.473164236155355	39.560156298293506	6.073169252378477	17129.28481391698
-0.5996012177463115	-2.4427720173709133	-22.70403246850823	25.338880667590843	17072.352643447
-0.5302217886511329	-0.8823991684225376	34.59451205779273	-13.393555862807844	16917.053392036167
-0.7379795074994533	-5.725055796271548	-7.654221106465087	-28.768227952677435	16853.59120656632
3.748253862160503	10.328952035410069	10.789681558902416	-40.45387536211439	16849.43638677174
-5.025517637704667	2.105083206686672	-1.9632645335727403	1.3671415155622242	17022.908478487065
5.599855355120084	8.413704769150485	16.196108853715103	-4.087597678304391	17074.27121691568
-6.184498347478751	-8.500040488220215	-10.109658423469767	28.990060874712057	16982.389037447145
5.96227772197841	3.3378952944496234	11.696499657736453	-15.885724246263962	16740.196271990724
-4.357462134769079	-4.897814482422703	-16.41030710993124	39.55388276898542	16748.331466304968
3.184644688735112	-6.518448866232845	6.896044610025015	-32.568568635097435	16801.888083715952
-2.164056029732741	6.111624134729269	-6.718412726967429	-2.5847978421265907	16956.826319794298
0.3518544237082111	1.5524178574361258	-7.837566351324568	-8.025908205517808	17065.25936243677
0.6824208428410188	-2.409598983741688	-19.71977439551219	-11.951771863705886	16942.28451677646
-0.06749933222101134	-7.250757285118979	37.25317999066317	-21.939121798581795	16966.231423889585
-0.2620297375801073	1.4046163956786657	-30.400199529295193	-20.334648505653988	16999.350341428195
0.389450027559171	4.977318878257492	11.666477321738853	35.411712848364544	16989.587625849483
0.6524917082859787	5.665055975151695	13.084416610714172	-26.078505004755925	16775.694314465567
-0.4651536773132534	-6.853248321570575	-12.309840030461174	-7.641116895313857	16750.091398029595
-2.2710462009893533	-0.8545406030482923	7.265207959103918	-31.249753270094942	16889.932258820518
3.2045404859912523	4.631714421138447	1.6279511837287117	8.178705757910407	17094.351401860462
-2.024208634264731	3.546805819204991	-0.8345041490956788	-7.985220263284617	17118.964371016402
0.6976426432230767	3.933543581911003	2.739355081108698	17.164864159009824	17036.61342655805
0.18805657057949077	-4.37106002441201	13.031186102482366	-75.31455189452508	17031.174946724273
-0.6449886339034379	5.082407171702457	-12.49918899018364	-72.64669629600006	16977.369411135453
2.2154923443483696	-10.842611541289457	-15.830105516834138	-79.67184580923414	16917.476031174952
-4.059531293675732	4.104058237618339	1.917603480094229	-112.51989853108383	16610.75958373327
2.717009285450338	-10.272328629784695	-5.95869394176637	59.53525882571864	16496.89353436464
0.22235636425084238	3.4633859257203596	-10.510554426403175	121.95693928986832	15457.077693032541
-1.518413790624905	0.694611636389098	-4.884693070982323	49.0320746766148	14593.325113492656
1.794947217653693	7.243060206465998	30.95450819939478	0	0
-2.2515041386615877	-3.7569022001528225	9.169622786884844	0	0
2.3988042973774384	3.561312084360921	8.518298063768285	0	0
-0.9085449324797139	0.7996771880456492	13.437819732642438	0	0
-1.402914482315012	1.3633089031502266	2.286477761399155	0	0
3.2085029096707487	-9.384439439028391	12.02031377914848	0	0
-3.834981443413639	13.037691194164587	-20.094655513826865	0	0
3.8034117432251904	1.730234957533014	-4.310774702000984	0	0
-3.120272720458445	-0.1930172761534905	3.683274825129203	0	0
1.374979125022918	5.933788435707953	-13.849770237971782	0	0
0.9285584201226911	1.0287526013535242	7.536794051310537	0	0
-1.4498971122160214	-1.9889261224323036	7.115376305087679	0	0
0.374358800825469	9.248253400372036	-15.330480213147212	0	0
0.3548586801968412	-2.5208609024791215	-6.168786317930142	0	0
-0.4751571602919782	1.1878813266971875	11.175517339278258	0	0
0.4263699470704623	-4.128585283520152	7.2325623724102	0	0
0.41948723869144544	2.829097511092108	7.065671757592497	0	0
-0.8458256142906109	-3.017003076415456	-8.759972653550378	0	0
0.9755479777770901	-5.7826395175389464	11.161097172952381	0	0
-1.0707975394871454	5.847409580466184	-4.659927627056618	0	0
1.2917021835867644	3.296512236318975	11.582617905604081	0	0
-1.4121887536014128	-5.191347829521185	0.38049492266316065	0	0
0.5291455079301599	-2.363363169839971	13.056905984788301	0	0
0.4084929919350415	-3.2812757528502345	2.613620170735814	0	0
-0.24513290365068485	3.7406116631283055	-48.2393390855553	0	0
0.7354637425919819	-6.7492389431548645	82.3121840465863	0	0
-1.9777336985215044	4.286066096086877	-104.70856943448976	0	0
2.8681077044551486	3.6788595008056717	22.058454090413434	0	0
-1.3708978066619153	-14.584087908054975	16.907850165607428	0	0
0.14599289763174284	13.857353076266932	-19.70844966794799	0	0
-1.08676302681733	1.5658837425373093	24.259557316207264	0	0
2.222563427292407	-2.627740675364535	51.63526248959265	0	0
-2.2817617783589697	3.7100446289877667	0	0	0
1.5424054377915652	-0.8123815014109041	0	0	0
-0.9498582247998897	-15.598177952200238	0	0	0
0.9258204240583154	8.638566712568206	0	0	0
0.051850933106280195	-0.18669941040921856	0	0	0
0.7211868611083503	25.779805192511937	0	0	0
-2.886132738866486	1.6532785631267757	0	0	0
2.077511350403576	19.57885440923456	0	0	0
-0.07001268256107096	-4.374049934372195	0	0	0
-0.9212792049314942	-0.5164290884739557	0	0	0
1.5822245333452187	-6.062335600295711	0	0	0
-0.20109016657834644	7.451669825074269	0	0	0
-0.6024208940813836	-8.567069552930583	0	0	0
-0.3031352106676124	-0.9241221346562227	0	0	0
-0.0732896327970991	-2.798362733676619	0	0	0
0.4612299028231135	-4.06474523043795	0	0	0
0.7508054084314324	0.2750452148506355	0	0	0
-1.4094978136984153	10.697730986263643	0	0	0
1.3269112164803545	-4.766439268607648	0	0	0
-1.1154133799872952	4.577737309329329	0	0	0
0.3331538945279249	9.232775320056135	0	0	0
-0.6990780111232056	-1.5829079468222886	0	0	0
1.788182896460448	7.5767773113791534	0	0	0
-1.2428337748900375	-3.1353708541097163	0	0	0
0.060890094761631985	2.3477288698840866	0	0	0
0.7180327860118751	3.5068619001543055	0	0	0
-1.6609913596187127	-1.7577531887940978	0	0	0
1.8599472331050393	-2.4452152775762883	0	0	0
-0.5600761574020297	-2.221255551780658	0	0	0
-0.5394522934921824	13.180928700457812	0	0	0
0.3885136955747086	-3.2273936023359937	0	0	0
0.045502201317873414	-4.124065096631625	0	0	0
0.6243178519499466	10.759097669242365	0	0	0
-2.0546776129189226	-0.9802289370598203	0	0	0
3.0173811648662934	-2.9577325970923027	0	0	0
-3.5759240655581763	4.623782603528618	0	0	0
3.7005543337577365	7.022173949345444	0	0	0
-4.578123886313257	-7.51442849268328	0	0	0
4.474979087732578	-0.8962276516172665	0	0	0
-3.257657238311296	3.653741164866389	0	0	0
0.8441218989666481	7.19006275756125	0	0	0
1.0964537022485317	-2.289875326739825	0	0	0
-1.9508693336143068	-4.426584878126057	0	0	0
1.1219841002476798	1.199971786901827	0	0	0
-0.11604012435613242	-4.223886128187246	0	0	0
-1.120687788922453	1.0227584844623223	0	0	0
1.2720789732594966	10.373536985667393	0	0	0
0.10918255089332973	5.918259989560468	0	0	0
-1.8967506548640003	7.328574669902153	0	0	0
2.484690864187492	10.01251573617565	0	0	0
-2.969816270517647	-26.17583073206753	0	0	0
2.520290370109336	24.74244141770805	0	0	0
-0.8917744376766947	80.1773979928107	0	0	0
0.025069891495405727	-68.21187177673019	0	0	0
-1.088194871743653	20.584406208796388	0	0	0
1.5560496145434897	33.95540054294742	0	0	0
-0.7598704865260331	20.8490091337614	0	0	0
-0.21688694879112802	62.82647089085937	0	0	0
1.4461823476183113	-98.99584196347084	0	0	0
-2.081631946167704	-156.6359757581058	0	0	0
0.042123940062666065	247.28081551883145	0	0	0
2.4302461799657706	-7.987150270332897	0	0	0
-1.7706331442573031	-69.99766179492894	0	0	0
-2.1654811162365064	0	0	0	0
5.394661992526608	0	0	0	0
-5.617586290266637	0	0	0	0
3.3377873773066895	0	0	0	0
-1.5533887780205973	0	0	0	0
0.801929947025819	0	0	0	0
-0.36963272425131777	0	0	0	0
1.1053567495935184	0	0	0	0
-3.464662497031732	0	0	0	0
3.7303396464918137	0	0	0	0
-3.7206139723151566	0	0	0	0
5.66599096536968	0	0	0	0
-5.550984823314124	0	0	0	0
2.01654633648986	0	0	0	0
-0.5447953588616201	0	0	0	0
1.324809024702418	0	0	0	0
-0.4322162978706743	0	0	0	0
-2.1374298991956238	0	0	0	0
2.9060338970701665	0	0	0	0
-0.6347041320375624	0	0	0	0
-0.7971989805380417	0	0	0	0
0.023744302498499792	0	0	0	0
1.017379582316977	0	0	0	0
-1.1770794056909963	0	0	0	0
2.3459204798345255	0	0	0	0
-4.102636494810227	0	0	0	0
3.4098577487913744	0	0	0	0
-0.7000157627609767	0	0	0	0
-0.5593557696449949	0	0	0	0
-0.5281808494070859	0	0	0	0
1.8373556566702618	0	0	0	0
-2.6101333770823203	0	0	0	0
3.07057307752207	0	0	0	0
-3.4860196481135333	0	0	0	0
3.0011584987875537	0	0	0	0
-1.927874364040008	0	0	0	0
0.6216973780584567	0	0	0	0
0.6629185641522213	0	0	0	0
-0.6663974062043323	0	0	0	0
0.12870167351335482	0	0	0	0
-0.6283314939793314	0	0	0	0
-0.11944168451515935	0	0	0	0
2.4038185962494936	0	0	0	0
-3.4522085930474447	0	0	0	0
2.21459382733363	0	0	0	0
-0.1458577016778264	0	0	0	0
-1.0882996063034156	0	0	0	0
0.35533513031156616	0	0	0	0
1.0307689687704098	0	0	0	0
-1.2149829745301872	0	0	0	0
1.7237940661412523	0	0	0	0
-2.896731778550297	0	0	0	0
3.426154541897475	0	0	0	0
-2.779141516194642	0	0	0	0
0.9410483657489337	0	0	0	0
1.6111195412234167	0	0	0	0
-3.210181373421946	0	0	0	0
3.7016295019109933	0	0	0	0
-3.6188138949311934	0	0	0	0
2.743022963530386	0	0	0	0
-1.285913944233947	0	0	0	0
-0.7176006487467674	0	0	0	0
2.8507028595398154	0	0	0	0
-3.046904247860631	0	0	0	0
0.8604311926245742	0	0	0	0
0.3771723949549539	0	0	0	0
1.2075135622729007	0	0	0	0
-3.4962582705600767	0	0	0	0
5.420983757471838	0	0	0	0
-4.87488750766348	0	0	0	0
2.028595063023758	0	0	0	0
0.7323326148391587	0	0	0	0
-0.7585884896918671	0	0	0	0
-0.6064735417292724	0	0	0	0
1.5248556112286664	0	0	0	0
-2.043549190033822	0	0	0	0
2.31828208381193	0	0	0	0
-1.5328039949036665	0	0	0	0
-0.23053329509451004	0	0	0	0
0.6113291464401698	0	0	0	0
-0.6036086775118079	0	0	0	0
0.5987317513299217	0	0	0	0
-0.570965948973317	0	0	0	0
1.0278354655188338	0	0	0	0
-1.3898401412419545	0	0	0	0
2.25597617324501	0	0	0	0
-3.7991026194258026	0	0	0	0
4.531978072991109	0	0	0	0
-3.495051232718815	0	0	0	0
1.5388275315265645	0	0	0	0
0.3449684314184793	0	0	0	0
-1.318999090590495	0	0	0	0
1.8995034349026128	0	0	0	0
-2.6942639330121594	0	0	0	0
3.0508000587101805	0	0	0	0
-2.3817803825174124	0	0	0	0
1.242440576823192	0	0	0	0
0.6105014506415074	0	0	0	0
-4.371167674500761	0	0	0	0
7.705560071086772	0	0	0	0
-8.413753414585287	0	0	0	0
8.422117404692393	0	0	0	0
-8.825025196929055	0	0	0	0
7.577071312424195	0	0	0	0
-0.043314461643944924	0	0	0	0
-11.808491207877886	0	0	0	0
20.307851426968988	0	0	0	0
-19.770846634236833	0	0	0	0
1.7894026297735621	0	0	0	0
24.947401830375973	0	0	0	0
-36.46953206397303	0	0	0	0
28.137842177212995	0	0	0	0
-11.54894731089059	0	0	0	0
2.7605536412330025	0	0	0	0
-6.330312715129239	0	0	0	0
6.072307536323471	0	0	0	0
6.541435941908766	0	0	0	0
-22.623382150199916	0	0	0	0
31.952102950313574	0	0	0	0
-19.74670513658436	0	0	0	0
-9.068622463167955	0	0	0	0
34.15908131711732	0	0	0	0
-18.570532751390324	0	0	0	0
0.42971738888984135	0	0	0	0
19.200137452764807	0	0	0	0
-45.05576199364076	0	0	0	0
