0.030119522493258444	0.9116336196489385	-0.1399957450497027	-0.0810518436331904	17367.641151744487
-0.4277749661870658	2.972800277865815	-0.6644258269364229	-0.40007011422653704	17368.088354728472
-0.16781430026829014	-0.39933800902863936	-4.5667313364621975	7.099365625299612	17369.580952492823
1.1968424335520211	8.303069205957215	-22.008949590407298	29.62693344216717	17367.94024037695
-1.3532294689723443	-0.3224953212835686	34.69316645533149	-18.169164665973568	17365.84288049207
-0.7648634581277989	2.993394356538232	10.9383105361659	34.275040566296184	17379.524539624945
2.2560106944303655	-10.719264716334152	3.8131614463646883	-1.3531846045837597	17310.315051455345
-1.7416208263755308	9.663532329843264	-2.162092557751663	-13.715651983853178	17104.93488136702
1.7606599098628806	6.761369518860846	40.81652898808527	-0.26133764265367176	17122.372168642447
-1.6522438818353749	-5.876247804398631	-21.136682844924366	24.05373567990617	17095.021206937312
-0.0367536156932502	7.709490646105138	35.26278461138412	2.2478902710249855	16942.02315212921
-1.0952665854400294	-12.816467924506696	-4.371419747746685	-35.4996986853764	16835.718069328566
4.926076612151377	6.82572022283982	3.1588253921082696	-50.81549707959029	16855.44083099189
-6.82677783671155	-1.1134272732225128	-3.987283675567525	1.1467967900117344	17030.557888550662
7.802621323984695	10.169632571924957	8.910052916642215	-10.106502422270353	17088.31419673839
-8.680184351339385	-4.3318714491767665	-4.582911938989852	37.400887164089355	16996.94118738837
7.290314097875893	2.1989331040157225	14.757090602023325	-23.974521467355473	16718.527215684222
-3.829411524192885	3.3351608215805015	-12.507655902709601	48.12311164645861	16718.272117542045
2.4648434458328907	-1.7183186290137655	-6.711227377218648	-48.84814637737817	16807.547320884878
-3.1533605382246463	6.816208555235207	-24.895165348086422	81.01853542404616	16943.373893084543
2.413504929077355	-3.09047423476909	-4.939089106496979	-67.33536350486452	17029.064014408585
-0.8915913471129002	-7.964842592861174	-10.842965944620474	-2.3367319669652034	17025.860768549286
0.4795336955173184	-5.42123425683652	43.541412303337225	-21.172872759102916	17069.645669994814
-1.2839909326611334	-6.582065002300283	-31.56699999380551	-25.251076235360898	16996.906505078638
1.51308219008164	5.622425187741371	13.453301636837764	28.60095397761681	16974.309149364268
0.39204133539961106	10.88917913091349	4.489420931436328	-20.79906180157778	16751.323544004634
-1.3689654020656121	-8.67962546029355	-6.048802517841835	-12.971690606184296	16717.35315299587
-1.4300793407683088	-2.691428811517966	11.300502344685682	-33.26131298795036	16870.22728310155
2.997799283641193	3.7384553993781466	1.6016562525663716	10.805058897228037	17072.95165750323
-1.7613681374966035	3.626990370216518	0.13744494695167475	-14.066997149904836	17109.39087494509
-0.7817825061730872	6.214178651490755	11.834849978004982	27.182874920958938	17012.888730362905
2.366828724170176	-1.0438182829905358	21.297197731198395	-77.21034314868588	17024.053969596403
-2.5679512297662512	9.028312538790892	-11.272703352119905	35.79155596809646	16976.55585043008
2.6582133964660954	-9.471119960942154	-29.84072722433058	-42.67300990668339	16895.462478611993
-3.087314550112069	9.074203304903492	-2.720328131883278	-116.94514277863095	16709.993381198776
0.6600324202029597	-3.9869951112945046	-15.56956802564126	54.93893949427574	16665.575110670587
2.7106022342526472	2.6256434182524586	-7.242486368177069	117.27037320681742	15925.707684572579
-3.701563799465248	8.035879516298834	-10.461816997248661	-22.665618367272515	15198.1881841744
2.8954778618085655	1.0779078316550041	33.67983533928377	0	0
-2.3016272948117162	-9.302932153840516	-4.845523535225723	0	0
1.251366826217179	-9.699666244098793	7.91109051458146	0	0
-0.11381145482631894	2.4154890943341627	25.318994685590283	0	0
-0.6454179337446107	1.630519921557763	0.3342516515218392	0	0
1.3581771868959507	-11.235149694694357	3.6056754606042176	0	0
-2.3555313300113667	17.832292249758957	-18.155614569462045	0	0
3.5601724446124123	1.8569570027895708	-13.321124270475877	0	0
-3.521787817026251	0.6982786094951763	14.825793410453016	0	0
1.927402636372392	5.754076302740536	9.33795698519991	0	0
1.365902588054638	0.7829150649834702	-1.1910056820275514	0	0
-4.0270139310276605	-3.332081499826657	2.0755688790029865	0	0
4.658504927503245	16.25877906423164	-10.61120509620065	0	0
-3.9850358380030855	3.104232656668742	1.3290316632807873	0	0
2.821119896880873	-3.5096319110925265	10.97229764838778	0	0
-1.5531328436458622	-6.000135148286475	19.225556959767374	0	0
0.642691861589185	5.074929288739689	-11.275256179909107	0	0
0.35301244018420164	-4.033681020938289	-8.016569459133237	0	0
-1.30536798277479	0.181294543330921	6.870183116252818	0	0
1.9147518129618533	0.3209615304712514	-5.05658343960971	0	0
-1.6820370199100338	-2.802463635077274	7.583666783878087	0	0
0.09845087521427587	-8.124315525270582	-3.4573731630681124	0	0
0.7791340605420913	9.711815946538756	15.032384774592103	0	0
-1.065065560967561	-3.4434594149094337	2.6332299562830457	0	0
2.2048454941492466	0.1905988823685405	19.80785357523851	0	0
-2.42043737059106	-6.071205413027862	30.138859453867724	0	0
0.8378182742330154	8.01424707268432	-100.60705930923558	0	0
0.5031583425876462	7.505488210176978	-1.8915028488690382	0	0
-0.026291133916174658	-13.562587265088737	25.088235499863217	0	0
1.1159793402282787	11.474027686717271	-23.133681152082346	0	0
-3.91500839813056	10.718970710255725	43.24071973362294	0	0
4.727437493670436	-13.381111511066358	65.79829298328141	0	0
-4.052593636816525	-3.6317822622356672	0	0	0
3.5810425761853963	9.970218466417826	0	0	0
-2.8584144753283667	-29.85034062414934	0	0	0
0.6483069278451339	8.936844115142648	0	0	0
2.346771238720031	-3.324632254797578	0	0	0
-2.329734300588676	10.20550072281462	0	0	0
1.3041240564421273	-1.1717821716037022	0	0	0
-1.5979623000909555	7.336173325709389	0	0	0
0.7054197422587904	-4.150107857410298	0	0	0
0.43808412137443753	5.558978928933939	0	0	0
-0.18037623244494227	-11.19667732624172	0	0	0
1.5809569846848888	2.3626891945380564	0	0	0
-2.0610489982591247	-5.37985435242733	0	0	0
0.6867505037676125	2.2837982484391333	0	0	0
-1.3708036079429036	-4.240624306642388	0	0	0
2.0991896556986873	0.6369449518203893	0	0	0
-0.23833512893985187	-3.1546930202847463	0	0	0
-1.8636616302622784	16.67481261026682	0	0	0
2.834413386075731	-3.3874591281263733	0	0	0
-2.604643850657496	5.731533966496777	0	0	0
1.225143364957141	5.335384316769108	0	0	0
-1.018186141742781	-10.55083239534018	0	0	0
1.7647146756185208	4.636900959627518	0	0	0
-1.5780024874694263	-5.081360073240624	0	0	0
0.5544070062338449	7.5144679410083555	0	0	0
1.0851108180257896	-2.3563062065544145	0	0	0
-3.8111156793743817	-2.9136835351303034	0	0	0
5.191441694228281	1.0462118737151087	0	0	0
-3.6322605027690926	-1.8462314409610059	0	0	0
1.0915832477386687	10.1346451965276	0	0	0
0.8421617446178615	-3.4834752734258245	0	0	0
-1.0272368726758074	1.4974219424836264	0	0	0
0.8887283989273627	6.155982705120465	0	0	0
-1.4084159889830232	0.6218309092401881	0	0	0
1.9135352680002455	-6.332798749819453	0	0	0
-1.9560797685523212	5.935791883271094	0	0	0
2.602739503492316	7.109671770356307	0	0	0
-3.69922839359635	-4.596880143564903	0	0	0
3.4508524995102547	-6.802464072391288	0	0	0
-1.8252541734779442	4.944702859235527	0	0	0
0.15204117178347332	9.3451108448457	0	0	0
0.5782361111623047	-4.2092687635858965	0	0	0
0.048507540627028334	-0.1389773485570558	0	0	0
-0.8135696887177772	6.322112174817441	0	0	0
0.867719837526721	-4.2629444391763585	0	0	0
-1.200653307747963	-2.3152275591423646	0	0	0
0.1624745440916584	4.882998977922867	0	0	0
3.477313853877675	0.057965999177213234	0	0	0
-5.41322094094707	8.324798766449767	0	0	0
4.148866999059244	-2.348736458082918	0	0	0
-3.05096825188172	-3.484730212400919	0	0	0
2.446514560290346	12.733387684621725	0	0	0
-1.0143576292326202	25.945316372733103	0	0	0
0.2514792203520031	-13.85861569988586	0	0	0
-1.3755286980907258	28.06067516800246	0	0	0
1.3528391816062282	11.566522357585498	0	0	0
-0.012832308524266978	34.81099633604485	0	0	0
-0.5242011032220546	-9.781243622549283	0	0	0
1.8752385673784175	-23.78152715291897	0	0	0
-3.699812850742113	-29.13945529805148	0	0	0
2.326606981127803	52.8594801855521	0	0	0
1.9367714070137083	4.283930972935103	0	0	0
-4.555584115902484	-3.05039546615415	0	0	0
2.2696679026469937	0	0	0	0
3.3014707016799036	0	0	0	0
-4.958836121248851	0	0	0	0
2.8093630354088788	0	0	0	0
-0.848507088003025	0	0	0	0
-1.3182838178108156	0	0	0	0
1.5546823448717149	0	0	0	0
1.631561673507214	0	0	0	0
-5.664712788653205	0	0	0	0
5.368238912991892	0	0	0	0
-3.2187951483999413	0	0	0	0
3.859095490270164	0	0	0	0
-3.874357729145096	0	0	0	0
1.3633864775382563	0	0	0	0
0.12030638948380812	0	0	0	0
-0.49343328847903933	0	0	0	0
1.0644789041403016	0	0	0	0
-1.9477627083451736	0	0	0	0
2.2610690451503643	0	0	0	0
-0.9171169700768473	0	0	0	0
0.5042073607956397	0	0	0	0
-1.6392933218776804	0	0	0	0
1.6496733290636456	0	0	0	0
-0.40149089847277253	0	0	0	0
0.8056222069686072	0	0	0	0
-2.7775769604058382	0	0	0	0
2.5886716743855516	0	0	0	0
-0.08392246185925245	0	0	0	0
-0.5143190165600373	0	0	0	0
-0.26364287021633004	0	0	0	0
1.223030551029261	0	0	0	0
-1.1227041453719266	0	0	0	0
0.9807819885664131	0	0	0	0
-1.0197362980284979	0	0	0	0
0.6584058990363459	0	0	0	0
0.2683393106323422	0	0	0	0
-1.164031852023065	0	0	0	0
0.594023994418059	0	0	0	0
1.5968250741540402	0	0	0	0
-2.37258126966276	0	0	0	0
-0.21165706326807054	0	0	0	0
1.6907947350048929	0	0	0	0
-0.3091131490009218	0	0	0	0
-0.3625579290993741	0	0	0	0
-1.0357902659686218	0	0	0	0
3.344618280068552	0	0	0	0
-5.140044155464935	0	0	0	0
4.271246851600765	0	0	0	0
0.1245126651402515	0	0	0	0
-3.5703676820590644	0	0	0	0
3.559930649788562	0	0	0	0
-3.3204612560274356	0	0	0	0
3.029149688947065	0	0	0	0
-1.1840941157765101	0	0	0	0
-0.33072565541161225	0	0	0	0
1.0213206298220285	0	0	0	0
-1.1758202480450493	0	0	0	0
0.363908114726641	0	0	0	0
-0.3873619464935203	0	0	0	0
0.3086116532059293	0	0	0	0
0.42495206255504314	0	0	0	0
-1.5784226802347803	0	0	0	0
3.389703758300797	0	0	0	0
-3.4163023966841948	0	0	0	0
1.1870988596429441	0	0	0	0
-0.1765688099881686	0	0	0	0
0.3930941898334126	0	0	0	0
-0.8683616781955408	0	0	0	0
2.682098709567299	0	0	0	0
-3.9360104297574807	0	0	0	0
2.7520977392265635	0	0	0	0
-0.3263682133769592	0	0	0	0
0.01681462854671878	0	0	0	0
-0.5980711857844554	0	0	0	0
0.04260933614460072	0	0	0	0
0.7033319601038528	0	0	0	0
-0.9577003155080135	0	0	0	0
1.493882082797569	0	0	0	0
-1.2104168695772373	0	0	0	0
0.7428590900930914	0	0	0	0
-1.4856446955533187	0	0	0	0
2.226332764754652	0	0	0	0
-2.35935689375966	0	0	0	0
2.443878344358538	0	0	0	0
-3.142808184515772	0	0	0	0
4.287692416875728	0	0	0	0
-4.9248946645746585	0	0	0	0
3.9754233432779813	0	0	0	0
-1.2784109914212394	0	0	0	0
-1.9372203364351392	0	0	0	0
4.01470742906276	0	0	0	0
-4.313507802163905	0	0	0	0
3.1607582924383806	0	0	0	0
-2.6295306330697343	0	0	0	0
2.7538214806837047	0	0	0	0
-2.653839089191081	0	0	0	0
1.9268982367643943	0	0	0	0
-0.5608823459507519	0	0	0	0
-1.5493601117535647	0	0	0	0
2.31855832091496	0	0	0	0
-1.3863099229174694	0	0	0	0
1.1134703591565156	0	0	0	0
-2.1080013340284083	0	0	0	0
2.016694047484215	0	0	0	0
0.6332011106912034	0	0	0	0
-3.246188571414656	0	0	0	0
4.072102155324316	0	0	0	0
-2.7597863676529784	0	0	0	0
-0.5240217347140046	0	0	0	0
4.615551817010001	0	0	0	0
-7.50826315707706	0	0	0	0
5.882713224165954	0	0	0	0
0.8019470394644088	0	0	0	0
-3.055992440679411	0	0	0	0
0.20410845244462195	0	0	0	0
-1.3322965111047154	0	0	0	0
2.283996191063814	0	0	0	0
0.5560253805349191	0	0	0	0
2.7423753906980224	0	0	0	0
-6.093692156755708	0	0	0	0
1.7741759303321345	0	0	0	0
4.36246662215207	0	0	0	0
-2.9551389911965558	0	0	0	0
-0.03732301845582242	0	0	0	0
4.6137889437972675	0	0	0	0
-8.167579846982797	0	0	0	0
