0.5166739815968668	-5.585020606768481	10.65395622536812	-0.21564490279973825	17039.428558325348
-0.8893924889585278	-16.178153967610136	34.148548412146354	-1.9102332176296812	17041.683016374154
-6.80506072482121	10.153689993856254	-6.228883519018865	-8.486370077202182	17034.63458292674
5.9418847908757755	-9.526114470646021	-14.233468283080768	3.1099339901074075	17040.726616880736
-4.974675611887285	11.009338494001774	5.13437512059906	-37.95754339648731	17034.979329626374
3.9912998102557466	-3.0036409085565197	-2.2751130721378416	-13.066099708565076	17059.50721597742
-0.5905230222599869	-9.033898274359423	-0.6063237705111817	-6.047905032479676	17093.608806335775
-2.191662919007527	4.966814689081069	1.8085874317480233	-6.942845322777785	16988.983906538997
3.3832275964108405	-6.192202205974311	0.47798757055100793	-10.703628399784677	16863.535687154264
-4.002330626022847	-8.213035601360417	20.255957860324457	-325.3063499828343	16901.735484316625
2.6545376013541144	5.772168885466471	19.165037936330293	148.85298256467962	16956.414233683332
-1.0203075778329165	2.5232501515655557	-10.010255357688493	-42.56391000357725	16851.305959222023
1.4960862115754097	-8.990486596619853	-0.28306649641815795	-18.89958407762724	16127.36171595788
-2.7772372773597667	3.300891902821867	20.855947712837803	10.39663224095645	16226.798801918932
2.4175255107560574	-7.297317801487473	-26.531536807627916	-16.947739271308407	16304.535394860595
-1.4243750778081292	5.486905267113123	70.59744804851458	17.202329578784926	16443.08029805646
-0.5228955638507173	8.366864174768317	86.68371118900994	-10.020944216544734	16516.296082636367
2.4410186418501993	-5.386375842331638	-22.061720407659863	19.077150078143603	16608.601294499837
-3.003210681887097	12.237118266582158	13.711833517510982	49.63494799735747	16789.30984257676
2.4538172503306512	-0.5021778996156385	5.750818324969501	-56.483077627291706	16935.592155600552
-1.7033305859020658	11.30503357409195	3.0985028118282116	6.1803916068659674	17011.638183645493
2.0673357941683506	-6.3125910083150245	5.893495069713026	9.619191101539059	17084.078523299308
-4.126833326872358	-5.6236433861979265	-21.814358204122883	-14.770029838168384	17007.274327162486
4.840125272543581	-5.533611544456079	22.716906324956724	-13.618410158806839	16868.45426546112
-3.5499419154340686	8.871486009026668	6.342005338110866	7.038272738229367	16851.256742304697
1.7001385731170728	-12.533404935321066	-7.647480379877251	16.550165035600898	16914.46763060171
-0.06582783650360824	0.5437446642356392	0.0906066070937186	-34.67518578384956	17015.528003591597
-0.032892045836845796	-5.413073852715939	3.9381264584502986	39.440514712368994	17026.247972448124
-1.1813231877777355	-86.38420358382417	2.362690022487783	-21.144420113455737	16992.05375377388
2.111952882045763	87.32485133544336	-3.442870711127867	14.764093799388178	16911.421352853726
-2.1410637499496517	-18.82121037012861	-2.48556530263825	-27.258819743037293	16825.44843147243
-0.20972138856486566	-10.544341192180894	4.229395481490471	-22.01484126480399	16835.145767739585
1.7858972455371642	10.356284976262977	1.579087518244151	1.795740284796139	16792.10354496296
-0.28294240717580976	-4.660541521073256	-60.835213398403965	-2.1051864895079433	16661.126902698765
-1.1333053606226358	-1.0810893526742476	2.885073262539848	7.879500048491366	16867.972537844227
0.9000950600915587	-0.06996894160576517	22.582254845830903	1.7419494267319209	16935.015937708024
-1.1833918729574648	-2.0983030924168347	-11.88834681874259	-7.533559268198772	16795.034746786754
1.545037958309237	2.938639222343255	12.421521711172701	-3.2549488704131875	16757.501278587042
-0.30803278768315323	6.998850682226923	-13.967858505306225	0	0
-1.2740181597473779	3.662656449225622	16.47259921180097	0	0
2.045885131903212	2.988307894091797	-7.096869970859473	0	0
-1.4735089825485588	4.037454769657337	7.679679297700801	0	0
0.37724525180539104	-12.449209299544592	11.355542536841995	0	0
-0.2157217743522395	16.626165549104137	-5.739230403031726	0	0
0.6233495198295387	-5.043017060230021	4.837210574743182	0	0
0.6870321620533204	15.269016263416354	2.6070065573417907	0	0
-0.3771825940066691	-2.7405682399205062	12.792607037366807	0	0
-1.8245872593392107	-1.1794863327342924	10.146782333955954	0	0
1.618961890574539	0.8855824342391898	-2.8638488634184966	0	0
0.04428944517255928	3.94891821768298	-16.679954117068107	0	0
-1.5146567126125348	-5.8652953273877415	0.8913858326173454	0	0
4.917875958859433	10.333856204213063	13.980943810511135	0	0
-7.716320270611668	3.1049802635804937	2.503793412925191	0	0
16.645085170069542	5.4875254278891035	-24.662058888270096	0	0
-36.764466363478284	-9.345162689821443	12.464374690309299	0	0
40.033404742640016	4.88066081296018	-21.173124293246772	0	0
-19.768831593999693	-4.267877571521808	11.396772918119893	0	0
4.939704824696541	3.3929943079016667	6.426925098693218	0	0
-0.5653694985053122	4.335464032853807	-14.639665204164586	0	0
-0.7525827899513828	4.428823404310577	28.28798241411394	0	0
0.2722989444823227	-6.2376710498114605	3.4914005108762893	0	0
-0.44817013226054314	-4.734769319422696	-21.95946134161501	0	0
1.7882531203179681	-1.750685608890251	-13.136622368157475	0	0
-3.3229064664272343	13.48295625432818	5.427369873484025	0	0
3.993980917503663	93.76546102223955	-6.875049264462291	0	0
-3.184540738472869	-23.21130527744417	-2.1172711169177063	0	0
1.4234718452043325	12.382874587512212	3.4101844138161397	0	0
-0.9153105167069668	8.971666064608556	-3.068473841626627	0	0
1.4355418111771812	-1.1922886869543703	5.5350975153042725	0	0
-0.15574738260897192	-12.709274564298042	4.152814907241691	0	0
-1.3423344165134026	-1.998451883279202	0	0	0
0.762151918921262	3.296671691027626	0	0	0
0.48705626926638246	2.0713827160537903	0	0	0
-0.5592567275867637	13.150264686602519	0	0	0
1.1638830573558039	-2.9509564068429057	0	0	0
-3.074505906943145	-14.050949173439953	0	0	0
4.163239426148323	-4.513704522754367	0	0	0
-3.782935964188951	-2.633729377429262	0	0	0
2.8294810690664534	-5.666854880855183	0	0	0
-1.484177972936564	8.541158716807082	0	0	0
0.3460027066262654	-6.84155879524517	0	0	0
-0.35499127980733647	4.3567262948901515	0	0	0
-0.23926737833826905	6.650273232922444	0	0	0
1.6122167750386183	-3.322492649529579	0	0	0
0.1285148960805742	0.6327082717061856	0	0	0
-2.891618016719022	-6.150740364108188	0	0	0
2.072498516780904	-9.379496798868821	0	0	0
-0.6561416236757793	9.694320600121095	0	0	0
1.9003361009339486	0.7788262699151431	0	0	0
-2.4487376413568995	11.193529223641796	0	0	0
1.3569027437944072	-0.7516152241429026	0	0	0
0.09969667568957163	-2.127861322506078	0	0	0
-1.0317976246282683	1.965151173262079	0	0	0
2.1933753685040713	-6.82000203590318	0	0	0
-3.1869508492926144	5.0779694797726265	0	0	0
3.0754607973714343	3.9230640077147143	0	0	0
-2.3869428621813427	6.46139894510862	0	0	0
1.9229163488831986	-1.4428845545091633	0	0	0
-2.519388680530305	7.876832713079878	0	0	0
2.9548063963227094	17.04251964850595	0	0	0
-2.506530255774962	-6.52644833558081	0	0	0
1.8538104498749917	5.922171635252894	0	0	0
-1.318455750953305	-3.3320381573413442	0	0	0
0.3581583118204037	-0.2564732830083827	0	0	0
0.9258632143262204	10.569208808781134	0	0	0
-1.9268554632428518	9.382644091180218	0	0	0
1.047977091131557	1.9877489103148989	0	0	0
0.9060521493962881	-11.297113103321024	0	0	0
-1.3750734936437041	7.6344162574195735	0	0	0
0.2897120790673924	-4.389735036102934	0	0	0
-0.24397375842006852	-0.3321702727818092	0	0	0
1.2647602366969366	1.0951597672858924	0	0	0
-2.346494998235322	-5.890959326207543	0	0	0
2.077759686945754	-4.94036324215854	0	0	0
-1.1862578071665695	-9.029174028114255	0	0	0
0.2583289122776691	-2.6004847676554093	0	0	0
1.5540523182784156	6.914885752897469	0	0	0
-2.4129296772272113	-101.71483376916328	0	0	0
0.8976735446391046	33.753165729650945	0	0	0
0.6507476331201758	-18.429262810037685	0	0	0
-1.4365690468421022	4.0023284087765845	0	0	0
2.0739253236242448	-7.653956452549636	0	0	0
-3.923446026661942	8.886566064217433	0	0	0
11.435142237352544	11.561513798999677	0	0	0
-24.16067962942487	2.814629908052119	0	0	0
29.316718613853837	1.869368261232765	0	0	0
-17.77823386218499	-5.683884770067543	0	0	0
4.221702292910443	-0.13391980233786427	0	0	0
-0.5453043146713057	-4.53711507753124	0	0	0
-0.8156579111559523	4.253042551442341	0	0	0
2.3739019147316043	-4.304555397455154	0	0	0
-3.485328686839715	6.015324621137253	0	0	0
5.261870341951237	0.7434341821767134	0	0	0
-4.948869467865549	0	0	0	0
3.187445827825748	0	0	0	0
-2.2649266975458815	0	0	0	0
0.9459496821919942	0	0	0	0
0.9408228919436112	0	0	0	0
-1.4150863663654505	0	0	0	0
0.7935533872372886	0	0	0	0
0.9352559942041623	0	0	0	0
-2.204245709046795	0	0	0	0
1.2518952651998916	0	0	0	0
-0.6170971912601928	0	0	0	0
1.931175237482286	0	0	0	0
-4.001302049036404	0	0	0	0
5.751747579771717	0	0	0	0
-6.597905877177837	0	0	0	0
5.953990766530005	0	0	0	0
-3.4655296551315544	0	0	0	0
1.004738154399746	0	0	0	0
0.020243539857567328	0	0	0	0
-0.500955129604904	0	0	0	0
1.2333289176085316	0	0	0	0
-1.483295751261302	0	0	0	0
1.3947127690421084	0	0	0	0
-0.5682185515709932	0	0	0	0
-0.9600553534999463	0	0	0	0
1.0348176563770153	0	0	0	0
-0.1686027325314683	0	0	0	0
0.0937635056350814	0	0	0	0
-0.047237078593951765	0	0	0	0
0.21844921330349365	0	0	0	0
-1.1601543743394203	0	0	0	0
1.6336368132880992	0	0	0	0
-1.4524565151863627	0	0	0	0
1.006499168145055	0	0	0	0
-0.7609753749966757	0	0	0	0
1.3305046401100427	0	0	0	0
-0.5901990728312967	0	0	0	0
-1.3447206663164266	0	0	0	0
2.2254585369034103	0	0	0	0
-1.56526038040208	0	0	0	0
1.0514011307612137	0	0	0	0
-1.3872564925652782	0	0	0	0
0.39781197244789723	0	0	0	0
1.62501496918091	0	0	0	0
-2.4729591899097443	0	0	0	0
2.254463266998478	0	0	0	0
-2.536692785770306	0	0	0	0
2.30173227862236	0	0	0	0
-0.9439420317436031	0	0	0	0
0.20761956939649906	0	0	0	0
0.35427564011992985	0	0	0	0
-1.7417388878481574	0	0	0	0
2.218819837543336	0	0	0	0
-1.2798051038144536	0	0	0	0
-0.03764799208393299	0	0	0	0
0.7670758126252153	0	0	0	0
-2.522706051621192	0	0	0	0
3.5301878095106147	0	0	0	0
-2.8642684874269833	0	0	0	0
2.3011185634109736	0	0	0	0
-1.9048075414438657	0	0	0	0
1.7967603841076496	0	0	0	0
-2.904442016619278	0	0	0	0
5.055895831972187	0	0	0	0
-5.046917801871032	0	0	0	0
2.5777495077374013	0	0	0	0
-0.7528307436976789	0	0	0	0
-0.004764862808166015	0	0	0	0
1.345344675334914	0	0	0	0
-2.5505731258447213	0	0	0	0
3.3926512596624505	0	0	0	0
-3.8492112604232034	0	0	0	0
2.704227559698843	0	0	0	0
0.34819532632489114	0	0	0	0
-1.6058163035384254	0	0	0	0
1.9476741107128959	0	0	0	0
-3.848864713013434	0	0	0	0
5.9595162768363465	0	0	0	0
-5.347263617617344	0	0	0	0
2.7192335925366677	0	0	0	0
-1.9527424028594424	0	0	0	0
2.749394709193858	0	0	0	0
-2.320223315418822	0	0	0	0
1.684607375565264	0	0	0	0
-0.4245716192778133	0	0	0	0
-0.9518882804228141	0	0	0	0
-0.108091194003336	0	0	0	0
2.2614625142904288	0	0	0	0
-1.663080292346912	0	0	0	0
0.005724794666932098	0	0	0	0
-0.18339990096820458	0	0	0	0
0.9895698376242308	0	0	0	0
-2.080251789121867	0	0	0	0
2.532765661280145	0	0	0	0
-0.6899174812846454	0	0	0	0
-2.6617508911647008	0	0	0	0
4.7618450883299985	0	0	0	0
-2.1450831340721876	0	0	0	0
1.6460479717884695	0	0	0	0
-12.075935573634169	0	0	0	0
22.019905255306455	0	0	0	0
-17.08550353878077	0	0	0	0
4.997147428045956	0	0	0	0
2.494963844494137	0	0	0	0
-4.769437489504625	0	0	0	0
6.155856356025886	0	0	0	0
-6.6144918208310415	0	0	0	0
5.8742554140818655	0	0	0	0
-5.621630029867511	0	0	0	0
5.217180536275471	0	0	0	0
-3.7287717175523554	0	0	0	0
2.513231909732113	0	0	0	0
-1.0510889617725354	0	0	0	0
-0.21060027887620691	0	0	0	0
-0.1057036667694149	0	0	0	0
1.0232035621395354	0	0	0	0
-1.646524500299293	0	0	0	0
1.9137672553220142	0	0	0	0
-1.757939769783654	0	0	0	0
1.4273977248147318	0	0	0	0
-1.239900549642428	0	0	0	0
0.6920682935752538	0	0	0	0
-0.28677935356153483	0	0	0	0
-0.13439053832560433	0	0	0	0
0.16613560266299032	0	0	0	0
-0.1866987841087422	0	0	0	0
