-0.12197317477045999	-0.08715999806253194	1.1546847302449237	-0.03715239262049863	17024.518593092875
0.23592377792678576	-0.255072769033049	3.5204596410025886	-0.3643933866994047	17024.042954755125
0.6798894189287452	-0.9234595524733464	-2.208176959033736	-5.614857895109779	17023.237432283808
-1.191356292263933	-1.6643471116301853	3.9748309550100913	-23.12928073907304	17023.943105812203
0.6843947188034321	8.728260457784927	-11.363781918398615	-8.53254667524898	17025.697871768432
-0.07191989799979837	6.130842617980221	-4.257425491985572	-13.621066474217955	17019.10612836291
0.08107215731136108	17.125052339210974	-11.476818243551534	-7.202301971243301	16929.7092076854
-0.7094132834620908	1.0000918150349278	13.053620162560037	-15.423654197952757	16909.388464941938
1.6290795962607802	3.434514134022443	0.7101298565915783	-2.7453337663908854	16930.41154433896
-3.8175884739893604	-4.043426502761953	-9.95609751292588	-9.47112530228955	16960.847175172446
5.753878144713191	-8.19663635937615	-3.1525116288587895	6.058716134147204	16996.78787654602
-5.107704683529775	-0.5277259464333639	3.0608338532300223	14.465846769593469	17082.782476566743
1.687408547370481	-2.861455785963898	5.027050245139122	-21.252664321018045	17001.05426017681
0.8603607968946605	-4.089200470268906	23.95862925276677	0.8288715216075104	16975.714591308508
-1.1571255449584186	7.098811616897123	-1.4559260922750354	3.1062037138462415	16974.609640190047
-0.5239619762889873	-0.07209450064627987	8.249788552501045	-20.98098349742355	17002.992334037805
2.579542126178268	10.61834533247103	-5.177396727890411	10.667788393040794	16999.09439670127
-3.8396617257173773	-1.5169847976700126	5.3837063336503945	-21.047857993324428	16853.035391428213
3.038252193811317	-2.369859265586726	4.976360402651494	7.665562145159839	16952.674900116195
-0.4408619172366457	-7.587353841669653	-4.876023812436102	0.5911656615028136	16923.619475924785
-1.688210017788343	8.84066752723615	-0.7864071756835358	-4.932182345849753	16917.76837892315
2.62699142755298	-3.01904348449429	12.399307044223505	23.793446132367166	16884.606129884738
-2.527562483826358	1.9624301177312944	2.063023954263727	-5.503829755559423	16881.78050475838
0.9053077437730863	-11.111298964761986	-18.676275415803843	-15.228836566380267	16909.611589774984
0.685514116620368	2.086540478534083	10.81792626332171	-26.942495451086018	16895.896450842338
-1.7651383251996862	0.010135400677754092	-9.21058161100352	26.639310354975862	16845.782292718646
3.2042227706068616	14.991600985959415	3.1788721392138086	-27.234678849137396	16853.798055844647
-3.9050298138347443	-5.077045872135372	25.8873422264367	-10.880721078954338	16816.88594573598
2.064974822904624	17.359592461728823	1.1870119044107241	-0.3529928388981318	16814.065608216704
-0.689995422377315	4.445643479264078	-24.71565067719068	-11.136068408044338	16767.92613891224
1.2924459885902948	3.8421658528930465	-8.210419116820859	8.536924870886267	16767.966268087876
-2.142503333683244	-1.8573472425149902	-1.138947302168873	18.023500835550465	16770.893295795435
2.304729338209299	-0.7698616508393386	2.4388134701532067	-3.683252818585075	16831.1034193787
-2.9896732136838935	3.9495155419613965	2.8917193983222234	-13.545639555381683	16845.517692926707
3.7958900142204897	-2.3494552092613787	-17.15154923636854	5.447112162999005	16872.273994190353
-2.886371616855058	-7.944770207040278	10.471553070432137	-1.6332001222239256	16848.079631469343
0.9807802484818566	-9.52793989701069	3.380041896308711	0.044227752757052485	16826.820132397974
0.00044989465148859153	1.9681695277187288	-14.79230324028741	14.523691067980181	16832.162148503565
0.6247637777880399	8.733603056114973	4.060056802674509	0	0
-2.6094274062531326	-7.105915811136029	-10.363058829895053	0	0
4.134883740785639	3.144502934069834	-10.025937923899676	0	0
-4.419597886009782	-4.411875892612471	-3.172874769936243	0	0
4.129165303788831	3.852849062605806	1.787642756678835	0	0
-3.88077633519967	-12.720012716957548	0.708457268460819	0	0
2.1147439972738056	-11.849736062590381	-1.2397860011340924	0	0
2.507646704701145	3.2615668871842303	13.80254657617867	0	0
-5.672838301761743	-1.5031169607038422	-16.0567682686481	0	0
3.386386682573743	-6.2036633733710715	7.337176280827933	0	0
-0.6118823122317636	-2.9214839793719634	6.706027327552647	0	0
-0.8755997865316871	3.4456127104726733	1.6201977505212994	0	0
2.68926537988888	2.8933428917038952	-1.2674420482404116	0	0
-3.452653024831747	-6.257435808101761	16.946600340414662	0	0
1.1734361558667956	-11.80217774661942	10.066066719954094	0	0
2.4808650584767946	-0.5218599311902636	6.734580051537833	0	0
-3.5533861184143873	22.04499337601583	15.960340256803121	0	0
1.2509750059384643	-17.788918571176872	-1.328040467858088	0	0
0.9454382187744841	2.3168087913465527	3.3130374751100646	0	0
-2.8408461632932003	7.584534012965769	6.888284426365317	0	0
4.748344063962627	6.169030631671809	-1.900994850474092	0	0
-5.99262736315449	2.376735661468757	0.09870629842708922	0	0
6.216400914723465	6.7576094339371195	-15.13967940707225	0	0
-5.4904295118106745	1.2317311941302478	-18.522819705116717	0	0
3.8080987209908628	15.221132503998454	6.340079802294255	0	0
-1.5853798151581984	-11.925377729018251	6.560931197358684	0	0
0.5297433660076649	-2.9169347907948406	1.1414206140201202	0	0
0.5972966932083352	-0.022416495851977913	-8.128152908932762	0	0
-2.306288544807373	5.923113199411333	2.238693369564814	0	0
3.04508579730922	4.976236081441151	-0.8430192466758655	0	0
-3.13157345202643	0.027376756131076263	8.697866579044643	0	0
3.1033939804199306	-5.325100665235439	-6.077792685996187	0	0
-2.5795606171349093	-2.0333286713562018	0	0	0
1.969638600002348	-4.1839013920028165	0	0	0
-1.0471279389313395	1.3681799009016373	0	0	0
-0.588494557696805	-1.2426249507791667	0	0	0
2.858341678475128	-3.1478270397327677	0	0	0
-4.059348409536987	0.8552042314494557	0	0	0
3.1249132288203683	19.643196386298072	0	0	0
-0.5019636298073706	-0.7230067595402332	0	0	0
-1.076357851631009	4.722147840472957	0	0	0
-0.5402733034517055	-6.5752973044977026	0	0	0
2.3222797210953203	3.5844687051679784	0	0	0
-2.9902737691017123	-10.744681884281178	0	0	0
4.604267311441291	-10.412529262755513	0	0	0
-5.5433102548988415	-0.7736582446575682	0	0	0
2.933869511171366	3.3644729432501777	0	0	0
0.2854052153369935	0.5861304673134953	0	0	0
-3.7254182245803875	16.910100648734883	0	0	0
7.515881617780018	3.869671541072492	0	0	0
-7.498885586783068	-9.75741171607001	0	0	0
3.7245198404266304	0.806143059900073	0	0	0
0.3958992828195207	-15.760024540175174	0	0	0
-3.855930683263523	-12.103146733299297	0	0	0
5.3261883629329745	-2.99104859102529	0	0	0
-4.977861132656166	-7.37696578895671	0	0	0
3.2724191304668793	-4.872119261220142	0	0	0
-1.5016263730181052	-11.540565554278551	0	0	0
0.4220347982652939	9.781029529930159	0	0	0
-0.08740618998016458	5.252712379748502	0	0	0
-0.4321412422651605	9.877309450101087	0	0	0
-0.06669860685909157	-2.8345571130895166	0	0	0
0.7160602604628465	-0.4648072436005677	0	0	0
0.6466951168989112	-3.0788038626439587	0	0	0
-2.4739885619796027	-2.1484812322455866	0	0	0
1.348013313830343	3.8433924833619884	0	0	0
0.36312314591875605	-5.334435878357013	0	0	0
-2.0797570050737235	-2.416554532230194	0	0	0
6.345226824003632	-8.945730872378057	0	0	0
-9.803948274388574	-17.57561219328936	0	0	0
7.303794217030777	-0.02028466483200475	0	0	0
-3.259023570874078	-1.665686585049599	0	0	0
0.7382285778639215	4.340888522658794	0	0	0
2.111264883863619	0.008437212815984196	0	0	0
-3.9857546347367787	-8.584552163004616	0	0	0
2.907911400858808	9.037557586716694	0	0	0
-1.6568123752760258	12.040233608683131	0	0	0
1.911399420539226	-0.6258777876862922	0	0	0
-2.7441188862995602	2.828812840547407	0	0	0
1.6278868453425446	1.7079746687692676	0	0	0
0.5684034589822744	20.642026238502368	0	0	0
-1.8746342735862953	-6.342391569922867	0	0	0
1.4296110620916522	12.793035752871994	0	0	0
-0.5237991403153615	-7.030957472553929	0	0	0
0.3939057689730987	-4.279252533257868	0	0	0
-2.1817577144445224	-3.215515457791682	0	0	0
3.4232370792417157	-14.687650654716386	0	0	0
-3.04991729178019	-1.8587448646132643	0	0	0
2.8586046170746826	5.3381846731833775	0	0	0
-2.7308237143529723	2.171740293468339	0	0	0
2.126405891470611	-2.1630506290820506	0	0	0
-2.0545286831301723	-3.599457640100482	0	0	0
2.3973707109990983	5.62174010420388	0	0	0
-1.8546025639198405	-0.630273651545707	0	0	0
0.2644723767193895	-3.831862026255685	0	0	0
0.6329999491491591	0	0	0	0
-0.9857624046481916	0	0	0	0
1.1666351171626346	0	0	0	0
-1.9048785688695133	0	0	0	0
3.7809694723526377	0	0	0	0
-5.126445358374923	0	0	0	0
5.792360945230406	0	0	0	0
-6.3521057636476	0	0	0	0
4.498675815143265	0	0	0	0
-1.8661573964197729	0	0	0	0
0.026581761807427995	0	0	0	0
1.1724144946169588	0	0	0	0
-1.9605776438030134	0	0	0	0
1.2495669272420784	0	0	0	0
0.6229927335002898	0	0	0	0
-3.023890605913323	0	0	0	0
3.651326118311168	0	0	0	0
-2.659457594552457	0	0	0	0
2.522991385178422	0	0	0	0
-4.946551609683887	0	0	0	0
6.899445364124027	0	0	0	0
-6.4745777410538565	0	0	0	0
5.415258390786008	0	0	0	0
-4.806010361332909	0	0	0	0
3.2572042571738606	0	0	0	0
-0.704465338862228	0	0	0	0
-1.6055815960126054	0	0	0	0
2.3154183659185037	0	0	0	0
-1.3696590054455484	0	0	0	0
0.29572225729463497	0	0	0	0
0.7036255823795017	0	0	0	0
-1.4877077522622244	0	0	0	0
0.7068583587923669	0	0	0	0
0.8963021262339694	0	0	0	0
-1.7543585027964923	0	0	0	0
1.5864364904515966	0	0	0	0
-1.4050036448011625	0	0	0	0
2.6023483454471332	0	0	0	0
-4.238396135922095	0	0	0	0
5.949443968779335	0	0	0	0
-5.359487364184105	0	0	0	0
2.1468634397994393	0	0	0	0
-0.15311785213145868	0	0	0	0
-0.18358506539553332	0	0	0	0
0.5739150265695798	0	0	0	0
-1.8417876926068288	0	0	0	0
4.077466192433512	0	0	0	0
-5.218641643365025	0	0	0	0
4.337874538495534	0	0	0	0
-1.663197277805061	0	0	0	0
-2.572363137989967	0	0	0	0
6.539366061061415	0	0	0	0
-9.400056302054992	0	0	0	0
11.965795527047774	0	0	0	0
-12.266103779788466	0	0	0	0
8.784341748251428	0	0	0	0
-3.6522344790897776	0	0	0	0
-0.2787726373783883	0	0	0	0
0.7211846631280565	0	0	0	0
-0.3705544203733524	0	0	0	0
-0.28036923614129705	0	0	0	0
1.3655766371452245	0	0	0	0
-0.6248830027213899	0	0	0	0
-1.4275994255662496	0	0	0	0
3.4626709156749484	0	0	0	0
-4.523970557137609	0	0	0	0
2.347076563064867	0	0	0	0
1.1269413842048124	0	0	0	0
-1.1893212474333836	0	0	0	0
-0.38795714477287646	0	0	0	0
0.09838479549657819	0	0	0	0
1.46186449176966	0	0	0	0
-1.6237154261735824	0	0	0	0
0.33362106020533844	0	0	0	0
-0.40910300345714035	0	0	0	0
1.869677303588567	0	0	0	0
-2.4321694290698943	0	0	0	0
2.9533133800241913	0	0	0	0
-3.3427527133021826	0	0	0	0
1.9381147933055445	0	0	0	0
1.4305009654369343	0	0	0	0
-2.9163561769090194	0	0	0	0
1.8447069524750574	0	0	0	0
-0.8315478960010338	0	0	0	0
0.2117018842886793	0	0	0	0
0.36441656709310166	0	0	0	0
-0.584564205402188	0	0	0	0
-0.46502747760521146	0	0	0	0
1.8126343839422958	0	0	0	0
-4.221466166297425	0	0	0	0
6.320686252428139	0	0	0	0
-6.133600974695348	0	0	0	0
5.583792789806488	0	0	0	0
-4.805971006411511	0	0	0	0
3.350800225300894	0	0	0	0
-2.2242628003639595	0	0	0	0
1.7029148571734467	0	0	0	0
-1.3037654459745198	0	0	0	0
2.4321091838114057	0	0	0	0
-4.70630534994217	0	0	0	0
5.075517402017709	0	0	0	0
-2.3886511634177126	0	0	0	0
0.04203880880997701	0	0	0	0
-0.5235921978783438	0	0	0	0
0.28034434372408157	0	0	0	0
2.9989983734649	0	0	0	0
-4.624390929472263	0	0	0	0
3.473150174545694	0	0	0	0
-1.3212112819953177	0	0	0	0
-1.2236906760158774	0	0	0	0
2.418467353068536	0	0	0	0
-1.4990137291159584	0	0	0	0
0.14911251037435846	0	0	0	0
0.9932668087244139	0	0	0	0
-1.4735209583034106	0	0	0	0
1.2890457129617658	0	0	0	0
-1.0796429089184088	0	0	0	0
0.6177066153508974	0	0	0	0
-0.8304286642586405	0	0	0	0
1.5475361455532806	0	0	0	0
-2.145032026161381	0	0	0	0
1.3580424892539682	0	0	0	0
-0.8546497694401722	0	0	0	0
0.01878877445865612	0	0	0	0
0.6005610188560269	0	0	0	0
-0.8108063574695237	0	0	0	0
