-0.2521454184210299	4.965740103081167	4.860579305021233	-0.8847710591774813	16712.156010820356
-0.9861775603666771	16.556775357203975	14.37438894636442	-4.559935322941868	16709.206988555583
3.775877663695141	-2.121073302754766	-18.722478729273973	-22.887593390723424	16708.815502443344
-2.891172288158728	0.8034259477396333	5.619713826300128	47.604208395678384	16715.427388872937
1.0185952308594537	0.9607885258711661	15.105314974883186	-42.47800787732143	16681.019016139864
-0.6295429193866795	-9.624611137161516	-9.746271136062362	5.35915900742269	16813.34788154874
0.5807833126919704	6.915392251780418	4.815147417536522	-13.259816380508653	16813.841512006657
0.45393989436998794	-4.923971072036622	-6.322441848154114	-3.605186931195675	16762.785283919922
-2.1461808428660234	2.5614123378816984	32.37854487348807	15.577114725718204	16717.39851805221
4.187419525936832	9.3455235164624	-14.223507076745534	-3.4180452661586855	16736.778658862866
-4.619863366940201	1.265091226815862	-5.741142164275857	-21.0725164413857	16787.09632610588
2.3099652746145907	-9.752929358943113	-10.186779449927684	-80.98813011166062	16807.70721620113
-1.1369889242818587	-6.465670373476662	10.761780421934574	0.5039483747439562	16954.17530978365
2.3403592220454854	7.248752029515899	-11.248553705509593	11.105984980273192	17023.21719051538
-2.9973199595665605	2.309233695356525	-1.7585490571916722	-33.25751065344831	16971.016181068982
2.3767580381814	-4.571076755109061	7.785577259367912	-42.66961539033775	17053.458783995888
-0.30389555710812743	-4.69598652766706	-12.165916452005533	53.782380831449956	17092.497631648526
-2.2245456032137625	-6.94880038610674	11.56785767816406	-5.886958743157464	17010.08346861593
3.737046113711152	-10.488673007057734	-8.74474327500775	-7.474684563864457	16899.119830263957
-3.424653264236184	0.9713017793222392	-3.271233949335411	19.889185762594593	16895.960093798323
1.5802869240320305	-8.86188072435585	-1.4955452391590143	20.48789427462569	16710.88718163559
0.46735899308396966	10.363248336660547	3.6980749516529983	32.92078910734	16684.63061849131
-1.809238364732721	-2.1115575571475276	16.955596100407277	-89.12324074015702	16877.869167735567
1.6577457762560854	3.8621730024790537	0.8778385444627617	62.91655605576621	17110.0867765695
0.4208132581290087	2.8504184284786405	-11.938949160802267	-15.514597431992229	16978.950256834858
-1.3967517630741355	16.675797701956817	13.401073018859066	-91.5682167497692	16884.366349602027
1.2115664655353697	-9.676910338965001	9.865983174056709	161.6659735441758	16879.618063284328
-2.3843318142523415	18.280337612452612	16.156221879301825	-132.62358624084817	16378.815445741573
2.950162138350315	10.043581161369481	-7.7875619816059185	12.91581002500611	15708.994450311524
-2.3547750671349945	2.824769357419207	15.902776992951985	-4.741988430603854	16708.579255133973
2.0771947884808384	-3.489986773833067	-6.288387311483305	18.48476227006701	17033.79178815365
-1.9143920882211845	-1.4856862677239349	2.1317248887348654	-40.17320645138402	17009.552233584353
1.9154501784142894	2.1528920441195325	5.553467740770174	87.86114792002584	17184.186132628718
-1.6468185630195151	-0.8051713965719216	-2.6308076047742617	-29.133531230890128	17167.236383468313
0.3113936027684048	9.220577794076206	-6.96815589930776	39.022325782809986	17039.827034734062
1.9639414090029135	2.7851773131511806	22.13658453568746	-15.321320462750805	16951.643374583513
-2.7813437288258243	0.9916892843873626	-16.715344110270806	-26.806407454503386	17005.717345332032
1.5141234932580403	-1.789990804216501	13.645108728120093	15.602014371439026	17143.98568227995
-1.1285008588018144	-2.820269048093465	-6.739189364868778	0	0
2.210572179966924	-13.782964948253095	-6.199079076632017	0	0
-1.886259084827735	-5.592229921286318	-5.761985983127417	0	0
1.0213681715534406	3.4013304255429873	-31.66853961006659	0	0
-0.8542017584184478	-4.848621035012208	7.314325834067901	0	0
0.6740030703074424	-2.8803470697383275	13.625141417509951	0	0
-0.8237259927753442	4.711332688167303	-15.825318075426395	0	0
1.2785162766630478	-10.875779731867446	-17.50871475986277	0	0
-2.106564657180087	5.045957017287037	-45.899043049529766	0	0
2.7295680268174323	25.157954782537544	-86.81233414210932	0	0
-1.5215476042543514	-3.591131411721449	-31.734594531816768	0	0
-0.2732850249076293	-12.074255437879273	53.48976418844242	0	0
-1.537318577251142	12.63638037878853	-1.1736795833621159	0	0
4.676724038071249	2.797221234732156	-61.88085968499868	0	0
-4.734468601507189	0.04599603744388503	13.508446149058841	0	0
2.117665996308091	10.387960268177792	26.478551054178553	0	0
1.6118156480195864	3.6392293383979606	30.378099218560223	0	0
-4.352261822186158	6.6939816801385135	15.22274371145258	0	0
5.514665301977111	4.064911948683637	-3.0276236924145223	0	0
-5.499227746382282	-2.471654112899202	2.2243952983821913	0	0
4.554090767628743	2.019016238488085	34.27761516655268	0	0
-3.0518340791167944	-1.494997247244953	-24.76231848136011	0	0
2.5721682779600883	0.620191621136243	34.80960402495606	0	0
-2.687840580122497	3.259885003867282	-2.2555600539433556	0	0
2.7188205695833005	-11.265346197428144	28.678964966824864	0	0
-2.621601909623948	-0.09957663459897503	-15.274553810753332	0	0
2.095898187359758	8.646612323947195	-11.428879173290085	0	0
-1.8348010668700283	3.7802992287843225	15.798555139413892	0	0
2.8072246910220997	-0.7618658194379009	-8.985258575244856	0	0
-3.1975695145573155	-8.598656125929445	3.9336937375623506	0	0
2.381898732782979	-0.9131543740458241	-13.086204841826273	0	0
-2.04150196022718	-1.958004946151263	25.797156814186422	0	0
1.9501593880189674	7.650445279529123	0	0	0
-2.5783762392066905	3.560928874879174	0	0	0
2.9183187832894717	0.9472580862080093	0	0	0
-2.502933137525986	-4.3850423476694615	0	0	0
2.0903830115110864	7.271348209646774	0	0	0
-0.5342503824207299	-1.9390790946757122	0	0	0
-1.9160219753029963	-6.411222588836466	0	0	0
3.83954172833446	-5.274471331377306	0	0	0
-4.511366396531578	-7.245365392332971	0	0	0
3.2227027484408595	-2.235487243154566	0	0	0
0.09443499082175322	0.07064981748854393	0	0	0
-2.1718946444302247	0.7763098657972165	0	0	0
2.8899616149805567	-10.035420962534623	0	0	0
-3.7447311040033924	-2.103678723386224	0	0	0
3.9982971633710633	-9.919362088092974	0	0	0
-3.435397584868113	5.636349485553289	0	0	0
3.7684873656977373	-6.6790129577355515	0	0	0
-4.59886850713314	19.618364908420055	0	0	0
3.867971236024964	-12.776208763249485	0	0	0
-2.1019493563915645	52.46783007665485	0	0	0
-0.05542368791525831	-30.01284058955528	0	0	0
1.3113882021391774	-84.04482544574856	0	0	0
0.48378821823567364	39.10263040153971	0	0	0
-3.8641660938777562	35.77650227080273	0	0	0
5.969725333148553	-25.72405497700865	0	0	0
-6.721513802347438	15.302894539593325	0	0	0
4.857886235485076	3.1982381191947056	0	0	0
-0.9994060864651715	-35.58684718288566	0	0	0
-0.8902331606406122	77.27715638832757	0	0	0
-0.05850603234276974	-47.65928658661146	0	0	0
0.9395853035597881	3.2380761830844094	0	0	0
0.7809546447347628	18.12764884929505	0	0	0
-3.346850916974006	-5.292168100627222	0	0	0
2.6009191643473173	6.628076015808411	0	0	0
0.4313601449710518	-8.014723077943863	0	0	0
-2.4180574822214993	6.498611282171822	0	0	0
3.436070500513395	2.1908961881693543	0	0	0
-3.6454770635120752	-3.983607938282276	0	0	0
4.044922339240621	16.571472516092527	0	0	0
-4.4370623283929405	-16.479181627978846	0	0	0
4.065937514436037	-5.589954505538067	0	0	0
-3.2000974501516595	1.2860819049044352	0	0	0
1.6959031906381625	-2.482406521491562	0	0	0
-0.1922557679885415	-11.774951724221054	0	0	0
0.11053917177280681	9.46052741513104	0	0	0
-1.2802047339925124	-19.08449045174713	0	0	0
2.2061997728240144	1.5060448817923202	0	0	0
-2.1623659748101858	7.0847108141841915	0	0	0
0.8875261485740822	-6.422316744028436	0	0	0
-0.3179702982051964	-13.669724509786704	0	0	0
0.8609264038522255	11.402963285839633	0	0	0
-1.112152693181642	4.796002983351443	0	0	0
-0.17060513408629419	2.172630764698525	0	0	0
1.5886556558109746	3.1412260779658396	0	0	0
-3.0538165610659576	7.155739263241486	0	0	0
3.7132879529745253	0.2925188603285136	0	0	0
-3.3279715906682767	-12.555162170774167	0	0	0
2.184086355629603	12.55035740983886	0	0	0
-1.0819824100440698	-15.17981148231241	0	0	0
-1.144207249776649	1.9246575210657682	0	0	0
3.5202231870714087	1.6613747608883997	0	0	0
-5.018629889830301	10.037278745467198	0	0	0
5.0903825765513275	-10.334066734581938	0	0	0
-3.2612147244647645	0	0	0	0
1.1008562040722225	0	0	0	0
-0.04141334222681081	0	0	0	0
-1.5409635582549228	0	0	0	0
2.773747939982215	0	0	0	0
-3.421326125171859	0	0	0	0
3.87340196564152	0	0	0	0
-3.7007954032493373	0	0	0	0
2.964999971241582	0	0	0	0
-1.4192538387028222	0	0	0	0
-0.1070052206268457	0	0	0	0
-0.027516782419851893	0	0	0	0
1.5082389616107221	0	0	0	0
-2.6308053843666386	0	0	0	0
3.259890439841925	0	0	0	0
-3.680005401991096	0	0	0	0
4.130824910452688	0	0	0	0
-4.179163426008493	0	0	0	0
4.623619238780954	0	0	0	0
-4.700332520232571	0	0	0	0
3.242737546246879	0	0	0	0
-1.7051718657389259	0	0	0	0
1.7205682183256386	0	0	0	0
-2.4947050692949375	0	0	0	0
1.3484662703088688	0	0	0	0
0.1727151097445443	0	0	0	0
0.07125906821953265	0	0	0	0
0.09140425129250929	0	0	0	0
-1.6609642985042399	0	0	0	0
2.90588549179315	0	0	0	0
-2.778782954268678	0	0	0	0
3.2589696283761	0	0	0	0
-3.725286740416422	0	0	0	0
2.070754558003756	0	0	0	0
-1.1173621472905353	0	0	0	0
1.1127384424786797	0	0	0	0
-1.375544610830211	0	0	0	0
0.0005058930245098736	0	0	0	0
1.4527004798146734	0	0	0	0
0.13484611652659595	0	0	0	0
-1.5472265597533692	0	0	0	0
-2.074423705139182	0	0	0	0
3.2519140866989034	0	0	0	0
8.670164862687464	0	0	0	0
-33.28489489012572	0	0	0	0
55.21485746536717	0	0	0	0
-51.22573490515143	0	0	0	0
24.850102938865803	0	0	0	0
-5.073018056926884	0	0	0	0
-0.948713537660538	0	0	0	0
2.5393905520900333	0	0	0	0
-0.022264736647699124	0	0	0	0
-5.422270966967837	0	0	0	0
4.919411535798439	0	0	0	0
1.3291769968372122	0	0	0	0
-3.812413824725482	0	0	0	0
1.8252670733935545	0	0	0	0
1.6293423423757076	0	0	0	0
-0.4393602200249589	0	0	0	0
-9.506389900034534	0	0	0	0
16.8518713616128	0	0	0	0
-8.511021409768205	0	0	0	0
-5.452353575704684	0	0	0	0
9.198959924820421	0	0	0	0
-6.470553680748239	0	0	0	0
3.2359667956217635	0	0	0	0
-0.2459094081523574	0	0	0	0
-0.16189675063423437	0	0	0	0
-0.4583024416984145	0	0	0	0
-0.21700737615957166	0	0	0	0
1.4612386083538667	0	0	0	0
-0.9813389514818525	0	0	0	0
1.5296774348630962	0	0	0	0
-4.015344612618065	0	0	0	0
4.3518576668799085	0	0	0	0
-2.5967785284516225	0	0	0	0
3.1926318522158113	0	0	0	0
-4.74360983952581	0	0	0	0
3.594134180909805	0	0	0	0
-2.6391231653152403	0	0	0	0
4.862477899857353	0	0	0	0
-4.632292690220538	0	0	0	0
1.5358331940015546	0	0	0	0
-0.7550885527377815	0	0	0	0
2.0641323865323002	0	0	0	0
-3.1091540514944924	0	0	0	0
2.333464097027651	0	0	0	0
-0.7731688806986696	0	0	0	0
-1.1172795088459324	0	0	0	0
2.4511893163520284	0	0	0	0
-2.7730648353935905	0	0	0	0
2.373939513598984	0	0	0	0
-0.7747874152836332	0	0	0	0
1.1204378895705887	0	0	0	0
-5.022659682803983	0	0	0	0
6.001490013895264	0	0	0	0
-3.344384719651437	0	0	0	0
1.7248159335115432	0	0	0	0
-1.872973774820018	0	0	0	0
3.5318226022538184	0	0	0	0
-3.7317867260218875	0	0	0	0
2.5225839600032103	0	0	0	0
-2.5266122559009005	0	0	0	0
1.5552201676517896	0	0	0	0
1.3396900428301564	0	0	0	0
-2.739763302123002	0	0	0	0
2.359243656600597	0	0	0	0
-1.4752101165217297	0	0	0	0
1.4117338083335227	0	0	0	0
-1.8396422870820643	0	0	0	0
-0.23847357886629084	0	0	0	0
2.3778926243347627	0	0	0	0
-1.8639810220960769	0	0	0	0
1.597246570558724	0	0	0	0
-1.3299549667614485	0	0	0	0
1.2985942538164892	0	0	0	0
-2.2889140450971652	0	0	0	0
1.714887847489301	0	0	0	0
-0.0791653734729394	0	0	0	0
1.3706148938588925	0	0	0	0
-3.1011047250509236	0	0	0	0
1.962464946773082	0	0	0	0
-0.7545477623842913	0	0	0	0
-0.2665285344881809	0	0	0	0
0.751616508913699	0	0	0	0
-1.1062549925623415	0	0	0	0
