0.12626807141212737	-0.06839055693257023	2.5300407733405024	-0.256809649948579	17062.251115238516
-0.23055456639673366	0.26040009058431934	7.985018769492498	-1.1666415801056758	17062.15890123546
-0.10372622934090714	2.791841281912248	-3.8591179557162008	-2.5731424220756764	17061.14968759124
0.04577696994784475	1.3278640034157405	-9.115841352046772	16.029147066619714	17062.859042672877
-0.42759753738779693	-1.3738860022604555	-5.150456297052457	-0.6444919176710044	17056.87466695594
0.13285199776020562	-4.381097801247506	-4.085741254217723	6.407535165009023	17080.16164836363
0.9396856824556821	4.397745116349199	1.9840626745608034	-15.214965155756374	17085.477381363486
-0.3398185370191271	-3.7728152263425727	10.153851470742424	-23.78954411632904	17082.077311931767
-1.5537115072621077	0.13815875835760494	-5.319025964168915	-4.758764877236189	17085.940659047465
1.300600593662061	-6.997763842424675	-1.7295192809888533	15.810084598574775	17146.631653640507
0.25520581336605375	-1.4159453802933797	-6.152202652099149	-12.733585464339484	17181.07236654445
-0.6821410178366065	2.388098609774154	-3.543017940880347	-11.397206836354712	17151.94581637556
-0.024857241112883344	-2.2623322672219572	-3.4170611243432205	13.109810597078365	17130.66192842107
-0.2587410329777242	2.0891985582637886	10.30322232846163	0.16496260779595673	17042.913320144264
1.0487950154821633	-4.552552453177057	-4.255260107504441	-12.862135560580569	16893.535973342918
-0.7743575766111732	4.934924990125225	2.419663483660784	8.44617759964025	16836.052979454646
-0.11141327390070899	-1.3936007806983213	-1.7784253037060722	-18.99642030467578	16750.788311439705
1.2399169926647815	-0.09283067085274865	0.5958899413451917	-11.996650304522717	16764.530812134584
-2.752016409706833	5.6029122742269095	-5.002603221902319	23.76612494732767	16908.830599722525
2.9939548649446905	3.1921668483349634	-9.654114986249013	-4.274514253271931	16875.260426548673
-1.2207680356286872	-0.8854342766781258	6.5149882475276115	-12.269464047484092	16899.06201468387
0.34534639808234857	-6.451724631358459	1.3323810845639343	12.791463584483452	16950.415099901253
-0.9264025549184822	7.974791381806625	-7.366342904533724	-13.414175083008047	17042.229552793673
0.3089567587129025	3.7651226345289075	8.597000867223997	5.657867033015336	17069.347980263694
0.7916268294082371	-5.128851021286508	-1.1830613830810393	-22.37469901381749	17022.90474837736
-0.8654953735977671	0.6646940056094479	15.060723205572899	14.376078691302979	16967.78790392727
0.055661350573046775	-4.359077637035199	0.6367673812917047	8.505049872430021	16863.259485433548
0.19385057592429433	4.226164935830113	1.6667912089917678	-3.3062612009013748	16699.28249641132
-0.1330090871283005	0.16482985810000628	-5.153015026198773	15.363078323800991	16654.063123516335
-0.7433478817458763	4.74712636343375	-5.164783516665281	-37.10731955222248	16656.897439724722
1.5074584651217577	0.25270241848856756	-5.5885562025746935	16.690674453556	16802.743393526573
-1.4424526781730833	-0.27022311997224335	13.241442574697345	11.25844901972087	16883.278347976433
-0.09641805485863131	2.2641083534856534	-0.9954518876421048	-28.6257040595996	16940.054421733697
0.835670532263407	-4.8123126343531055	-1.1920658115042073	13.323872758077059	17072.97991711562
-0.011592903567915869	5.851342930625066	-13.11488448999296	-8.759678591944748	17197.63527987534
-0.023563522060094044	-7.438267389867946	2.3288062814948773	4.097952193786654	17237.07069635608
-0.523187894585277	-0.9816205486747691	9.479853794408157	4.395717477888468	17209.524775921083
-0.878778573783876	3.1092514698908573	0.7966074499689597	-7.176341556149509	17175.222198038544
2.3553022396830983	-3.3820195330083394	6.775392784057843	0	0
-2.2794153763903893	10.347363826576007	-4.409596252478863	0	0
0.9983638646246433	-5.808383318029861	-3.7160715086950233	0	0
-0.08730989110869558	0.7706764642861827	-10.971282730186317	0	0
-0.09786798699058608	2.6495969005695272	-8.682262624819415	0	0
-0.10717469953333847	-3.170698651571307	8.2428630050359	0	0
1.3162630402087174	6.2502236925345045	-5.534798658019781	0	0
-1.8119403527143945	-2.188874330899779	-4.76118408671492	0	0
0.15697178493984865	4.594917270636344	-14.60664748368859	0	0
0.5825360628411076	-2.2730645696669214	13.710346672978147	0	0
0.07905725526994445	-1.2989858722019818	-5.35894294221994	0	0
-0.2764004610590405	9.697016101353718	-2.3376393353958633	0	0
-0.3416756056654222	-3.3279243693703506	7.762256419797268	0	0
0.17194872848145337	5.802289067704649	-5.300472983693126	0	0
0.4437737098149839	0.027931176194620377	-0.8619737202982378	0	0
-0.7627357666686763	4.858133939215094	0.0015597458711056333	0	0
0.6171077108085541	-1.7916541154381989	-2.6260325803708895	0	0
-0.4293417641619399	-1.882075555279343	-0.5133674599113789	0	0
-0.04722399873055849	2.2609036277224135	1.2771328290258879	0	0
0.437227392720807	-3.2374271635277125	13.966432131847853	0	0
-0.32779326762978656	0.9885813462561899	-9.328725073209299	0	0
0.5930221957138357	4.483907885807419	2.0172885253600015	0	0
-1.6043949917498566	-5.866255498526357	2.733445714910232	0	0
1.9717112374776207	0.6234813368921834	-10.28516055868279	0	0
-0.8861116472247943	-0.7513491979313471	10.132635429348923	0	0
0.3574337607664617	4.097524003861352	2.0857288733519965	0	0
-0.5748135306300668	2.7338716231127407	6.806620503465368	0	0
0.07458593325260665	6.216135941203611	-6.085195982410042	0	0
1.7320767709917533	4.289084178417006	4.217893171830795	0	0
-2.0907759876878345	-1.2304977377127315	-2.7323499930746493	0	0
1.4558993560318427	2.0716052097960684	4.555676377272519	0	0
-1.3602936562685457	-7.425765805384408	-10.039388086906357	0	0
0.940419685191408	4.8431303193234	0	0	0
-0.33398230076542745	-2.6117294894074803	0	0	0
0.6651839462589066	6.490301346019358	0	0	0
-0.5957690787595382	2.157784319070096	0	0	0
-0.990780726089028	-0.14182371575429187	0	0	0
1.4116121292766692	5.849524377862615	0	0	0
0.7269453084511994	1.47580008929787	0	0	0
-2.4115672913134816	3.475441898731681	0	0	0
2.369752952550421	-2.7251094631403063	0	0	0
-1.7633980698545173	5.543044224385483	0	0	0
0.6247462938659609	5.831671954419768	0	0	0
-0.022217974213354807	-4.986899421878896	0	0	0
0.4586722334763209	4.283481434071717	0	0	0
-0.5344505334757983	2.2551365731124093	0	0	0
-0.9106414987767977	-1.1773621656088267	0	0	0
2.0741197881944515	-5.152625419844156	0	0	0
-1.5993091439964147	0.596060096129321	0	0	0
0.18011461514156224	5.237858886447633	0	0	0
-0.15450385067340733	-0.8203917414572075	0	0	0
0.4675226250501865	-4.424634415405713	0	0	0
-0.059491399566425684	-4.173985315862332	0	0	0
-0.16491730147967587	-0.5369583057217397	0	0	0
0.3712614359276998	-6.509033325240452	0	0	0
0.7088332949561931	-1.5026617413387342	0	0	0
-2.8110655842150436	7.88058383629658	0	0	0
2.903306324460324	-7.030360715431584	0	0	0
-0.8818441915197965	0.895396760102777	0	0	0
-0.37906437072313537	-6.124027707373315	0	0	0
-0.6654504265426056	5.604669806873993	0	0	0
1.62450416146649	1.7493772148802762	0	0	0
-0.9537352785569766	-2.7574040444813974	0	0	0
0.14514661006219853	3.693057595921047	0	0	0
-0.3176107347705255	-4.359833071226795	0	0	0
0.4173481155234384	3.205354406068899	0	0	0
0.13705780433959802	7.357629289740991	0	0	0
-0.5888051611363849	0.9057261680165283	0	0	0
0.8271768005788971	4.973389237363357	0	0	0
-0.38853431398095495	0.1479465432821101	0	0	0
-0.6465251487692782	2.5792619093114624	0	0	0
1.2413411531818639	-5.662428106230003	0	0	0
-0.060872145279041945	8.173071898413205	0	0	0
-0.7240497414557794	-0.3837781639199207	0	0	0
-0.08584065365468518	-1.538573150364961	0	0	0
0.8524264652272748	0.6539384680119156	0	0	0
-0.8094742241490067	-3.9967449559765242	0	0	0
0.7641878517328706	2.891144536310705	0	0	0
0.1641738461106499	-2.3655733703221813	0	0	0
-1.233177776203469	9.652944273721097	0	0	0
1.116933936394318	-5.574807313152171	0	0	0
-0.6610178627487215	-0.0709741618208426	0	0	0
0.8463714511296274	-1.5939897658159339	0	0	0
-1.0499185105322155	-3.4467746895609963	0	0	0
0.34171286872982165	10.178860226273756	0	0	0
0.4663664261905751	-6.096513829465181	0	0	0
-0.48586457812772466	2.753519874967253	0	0	0
0.3656183881404331	-6.879383647548124	0	0	0
-1.247902901085034	3.9001615415882185	0	0	0
2.6991208946285212	1.3583067310612051	0	0	0
-3.079809498951704	-3.0325276387192304	0	0	0
1.8814289290633965	6.7154163061007495	0	0	0
-0.26305021446248134	-7.875076008865449	0	0	0
-0.7944565060132547	5.491876286122491	0	0	0
0.8901624729185897	-4.656593172161408	0	0	0
-0.4299251093121512	0	0	0	0
1.1920523482064098	0	0	0	0
-2.139479326741643	0	0	0	0
1.3424007651009973	0	0	0	0
0.562927529056239	0	0	0	0
-0.8549629764180509	0	0	0	0
0.004803933257413462	0	0	0	0
-0.11026475535893354	0	0	0	0
0.6575223325055646	0	0	0	0
-0.25105635835696205	0	0	0	0
-0.8837645360420083	0	0	0	0
1.5498157219778221	0	0	0	0
-1.2950096585277393	0	0	0	0
0.16122737599956594	0	0	0	0
0.7416889673956177	0	0	0	0
-0.17583721189224377	0	0	0	0
-0.8865869926595025	0	0	0	0
0.9215159860063196	0	0	0	0
-0.0018363962912246734	0	0	0	0
0.02942324926205231	0	0	0	0
-0.30175780144646325	0	0	0	0
-0.263392999721745	0	0	0	0
1.6040045704908792	0	0	0	0
-2.08632171489203	0	0	0	0
1.4672137004379877	0	0	0	0
0.048212245655918196	0	0	0	0
-1.142319732695249	0	0	0	0
0.21779947951724665	0	0	0	0
0.5443861913305312	0	0	0	0
-0.1119096824716479	0	0	0	0
0.054254603756938025	0	0	0	0
-0.1600559361084919	0	0	0	0
-0.17044109960117737	0	0	0	0
1.1086808917536572	0	0	0	0
-1.5737676074157463	0	0	0	0
0.3974396179976907	0	0	0	0
0.9530401569716389	0	0	0	0
-1.2771892413469104	0	0	0	0
1.5780634692121822	0	0	0	0
-0.8972027265477323	0	0	0	0
-1.391739776649267	0	0	0	0
2.6366921445066254	0	0	0	0
-2.096908601771773	0	0	0	0
1.2054086430813271	0	0	0	0
-1.5311836557814686	0	0	0	0
1.1960799000588125	0	0	0	0
-0.040304976571164275	0	0	0	0
0.15087832737565066	0	0	0	0
-0.4564046826782615	0	0	0	0
-0.18376209867455628	0	0	0	0
0.32914371431705547	0	0	0	0
-0.8956654976378147	0	0	0	0
1.4893353135564382	0	0	0	0
-0.6984325270899276	0	0	0	0
-0.8100161258385441	0	0	0	0
0.6260549301009348	0	0	0	0
0.30323397630139937	0	0	0	0
0.06530100619562518	0	0	0	0
-0.6331952613439071	0	0	0	0
-0.7416286625220536	0	0	0	0
2.396781433046982	0	0	0	0
-2.398175292736937	0	0	0	0
1.3622829706842339	0	0	0	0
-0.24594470823187464	0	0	0	0
-0.44825156630408713	0	0	0	0
0.110569491567297	0	0	0	0
0.8691067038203073	0	0	0	0
-0.9771570286739575	0	0	0	0
-0.3444134705579174	0	0	0	0
0.37873677594941313	0	0	0	0
0.5674125895504005	0	0	0	0
-0.7974005412845173	0	0	0	0
-0.034895811095864815	0	0	0	0
0.6708546475616544	0	0	0	0
-0.9011385895994835	0	0	0	0
0.5908164080143337	0	0	0	0
0.24097209242832207	0	0	0	0
-0.7745273592971031	0	0	0	0
0.19953053619699546	0	0	0	0
0.08323538228252403	0	0	0	0
0.02339744601177074	0	0	0	0
0.6821732450550186	0	0	0	0
-1.7430543770761915	0	0	0	0
0.9472545750465926	0	0	0	0
0.4679017400756109	0	0	0	0
-0.09839208789234277	0	0	0	0
-0.9845873510928627	0	0	0	0
1.2008802794156637	0	0	0	0
-0.44549672284390596	0	0	0	0
-0.4509270105773737	0	0	0	0
0.4163579563900157	0	0	0	0
-0.14350759278549674	0	0	0	0
-0.11411726345248496	0	0	0	0
-0.20369540692006893	0	0	0	0
1.1972753300778862	0	0	0	0
-0.7330087549322712	0	0	0	0
-0.6465694736536065	0	0	0	0
0.31308162218630997	0	0	0	0
0.36366327519709074	0	0	0	0
0.4930878181847618	0	0	0	0
-1.2628576566143082	0	0	0	0
-0.03676244241062676	0	0	0	0
1.6601720260962551	0	0	0	0
-2.6338946381064545	0	0	0	0
2.766187120188313	0	0	0	0
-2.56783719425281	0	0	0	0
2.510318729077504	0	0	0	0
-3.205214768728041	0	0	0	0
3.757979495985907	0	0	0	0
-2.1220903857984794	0	0	0	0
-0.8585582849730145	0	0	0	0
1.3864867749609928	0	0	0	0
-0.21141600564994434	0	0	0	0
0.32531795860658974	0	0	0	0
-0.9246101611645088	0	0	0	0
0.5669750293189608	0	0	0	0
0.4748615140422885	0	0	0	0
-0.709603191155658	0	0	0	0
0.25033196414351266	0	0	0	0
0.5695463997666295	0	0	0	0
-1.2227928774620196	0	0	0	0
0.6712428428957153	0	0	0	0
0.18452035209900686	0	0	0	0
-0.13752039595239296	0	0	0	0
-0.4841482470004834	0	0	0	0
0.26335754211660856	0	0	0	0
