0.33661541955220997	-2.375299262545866	9.934901415950407	-0.7243009804998053	16654.168529711027
-0.04026595893241591	-5.883049161328138	31.792874762932072	-3.758945395187382	16654.754184258134
0.628447944003689	12.108835968803596	-7.7525351577527175	-15.711112115894807	16648.858928074435
-2.2781010547871077	-3.6090392373428273	1.8854761394099881	-2.371515070337054	16655.44398601684
2.319686960071742	-1.7281955662060966	3.187656610706142	-21.317471127376507	16645.19573019146
-1.4386023421471776	-1.9715622904398913	-7.590322523096276	-3.905677058361235	16684.375947845216
0.671623367360084	1.4520176649743988	-0.7089446601551117	13.72870849462997	16785.737418641023
-0.06808911423807018	4.737124591542681	5.936305845758085	2.0373893318862315	16819.444469894162
-0.7074467539077176	-2.340077549429772	-4.252897610525935	7.732735948040698	16823.99990819641
1.1570858940366904	-0.36245178776164266	5.200357588042877	0.053250624044196115	16833.13660467286
-1.1866656085115892	-1.291216285341676	-7.7884368923275815	2.210475676219133	16849.097987254652
1.5668932213680904	1.3534704492373777	3.938232661396512	-13.083997095662141	16881.118334246243
-1.1010082409949433	-0.9338397589126046	-3.771426009556194	20.32278320374016	16912.665844544754
-0.6390471893982692	2.340087094565142	-8.007066873339951	-10.065044636907317	16849.298528309362
1.3752101665766858	1.5124799717951163	4.751538322604489	-2.0738414405334424	16830.864574433628
-0.9902899114249237	2.1389839716858887	-6.5138570014159	-1.3948135107561939	16868.945414760437
0.6622377194748381	1.5617916420917197	6.620837171732063	4.622383882442421	16842.0177694687
-0.6060308503832132	1.199457589004794	-4.993319897162664	8.556149912498213	16898.956100099236
0.18492646929769307	-1.7741462333287572	3.4931166231719715	15.74859363956432	16953.833623036826
0.11656458733916963	1.280852901326547	-2.307316606897274	-3.463812120022496	16871.34851885624
0.641945627321796	-0.7684873865414019	8.5937188818841	14.388106037448523	16840.775902816815
-0.7441861556843961	4.922276182556445	3.4448261714545225	-11.485172025400303	16858.62186581842
-0.25122247032336276	-2.096837744963743	-4.379150155476978	-8.289729916456452	16866.610637370773
0.7082563549591185	-0.39340438196506256	1.4052145745042424	4.641526608285133	16906.322209137306
-0.6421986849951296	0.8318521718519136	-2.859910645114084	-2.503905945503533	16918.857534188184
1.1258627963332515	0.5701139779843274	12.38852355399841	3.005646624452851	16907.098290362337
-1.1114613772792339	-4.40523531046022	-13.588251756410699	1.662706325271742	16869.69375009048
0.5822649305741621	2.0442613613579326	21.118472887734583	13.327108381446024	16865.847944954174
-0.3609423831413281	-2.6376828361643874	-2.8569736793309772	-15.387723542557538	16846.669858262638
0.6201883368458851	2.4894042578625744	7.975006858782166	8.084665639999457	16908.59573350361
-0.33000593338489637	-2.55316341930547	-2.849586290001355	-13.07037465749859	16896.95684824033
0.09257521699669269	2.4675381084573402	-9.790804502597084	-10.73856799871264	16862.804994493803
-0.35101763630367344	-1.5643002392206569	2.9771492742333123	12.154346048721166	16910.879939350976
0.34621955981869235	2.104922450305949	-5.265255633611034	2.090677592120784	16910.090068697562
0.12296433771504667	4.31428801073411	-0.42358943053011444	4.120857622123182	16955.256959870658
0.3728218029745918	-1.130114290267798	1.9411386161524007	-0.4353689607344222	16965.622689588487
-0.9792956059484013	-1.0673999788489894	5.375984714306227	-4.7053337435053635	16933.69070376604
0.7437002184329629	1.7444447000695575	-0.9086583714478849	-5.491103832498766	16932.434875005594
-0.8930237293461474	-0.5000925559626808	8.713019637766124	0	0
1.0896950637996667	3.365562151977173	-2.6245703279932826	0	0
-0.3468120896849598	-1.2335964573577698	-0.6313056461414135	0	0
-1.2374445073996512	-2.374485743347364	-11.991566065168868	0	0
1.5634240239747257	4.728508007015208	8.617343408017092	0	0
-0.5654073000278643	3.256690451516775	0.18965434906861844	0	0
-0.05291351348157747	-1.2988997839468013	5.653101588197558	0	0
-0.3308588193972497	2.4782543479367334	-10.738352621138702	0	0
0.29544083248281794	-1.7858736516707054	4.772437107761718	0	0
-0.11708667225408931	4.537967772231646	2.4048890693431417	0	0
0.3520838644377733	-2.9570340716848094	-3.01190220712013	0	0
-0.27178051955495164	1.515714888186828	-10.0666209321313	0	0
-0.3983148116250419	-1.025803745316125	4.19249460913295	0	0
0.272748565611721	2.6032237579134545	0.6583220839894892	0	0
0.16899310107524457	-0.9636776211762736	-4.360985557949576	0	0
-0.2453891835289781	-0.1375081489232528	-3.0328836121724123	0	0
0.15046071500695035	-3.2461792410220056	1.0700447834653346	0	0
-0.0578571361914797	1.418720071820779	2.459893009819993	0	0
0.1931980503281565	-1.6385862431454896	-0.34484776779981985	0	0
-0.683892775595595	-2.1150354563826212	-11.36936203430217	0	0
1.146705471673151	0.44122933150201504	-2.49148596542301	0	0
-1.2394896527217014	-1.9697054162501857	-0.9948613887546145	0	0
1.0239822607912075	-1.9955149480108858	-5.409877413804423	0	0
-1.2148913890591544	-2.0883948299882817	0.62580569741651	0	0
1.7139660864984734	4.789982056590169	-3.6912128555928803	0	0
-1.4076971738999404	-1.6002956604913479	5.240402743269939	0	0
0.8672862698061081	0.9226386791494292	-6.835602583215746	0	0
-0.9970740940602028	1.616040859150523	3.3010510844906378	0	0
1.2994048269276348	-2.002409601930758	-0.9962019247722509	0	0
-1.2624695600916453	2.475156381756051	0.3846863392330846	0	0
1.5875114147840819	-1.6225918731526434	-1.408919932161254	0	0
-1.99726511246579	7.607276232473943	6.4208070302984765	0	0
1.1517829231007894	-4.108657883108243	0	0	0
-0.4125912390376314	1.1335192162542924	0	0	0
0.6689416271237505	-0.7566270018082477	0	0	0
-0.23041452003540286	-5.08447026304529	0	0	0
-0.964402505011833	0.60376414049896	0	0	0
0.7843639335591703	-3.0403233641384944	0	0	0
0.71519779711263	8.003621303195189	0	0	0
-1.241141789742663	-5.821305749718242	0	0	0
1.5548532509801092	3.0586731092098915	0	0	0
-1.6167412983329186	-2.061045905135117	0	0	0
0.7867575005883083	1.242091705287578	0	0	0
0.7492619298000562	3.4670993898120415	0	0	0
-0.8031077780496148	0.2657085601022189	0	0	0
0.006560233989219455	2.5249046768863437	0	0	0
0.6711519262125023	-3.17880163702754	0	0	0
-1.086860278282657	0.4216009159976295	0	0	0
1.5570089048905658	1.7731265886700527	0	0	0
-1.6578279872989796	-2.784464294000216	0	0	0
1.438382630980172	0.5134625738870469	0	0	0
-1.4981938371127654	-0.07511239845749174	0	0	0
0.7157204290533414	-0.6720985588663169	0	0	0
0.7299532007169134	-3.844926763207077	0	0	0
-1.2891346042097567	6.347772395061455	0	0	0
1.2013523103616492	0.24231002934120482	0	0	0
-1.7590997102028183	3.274908320329253	0	0	0
2.0292635458350574	1.970949485310605	0	0	0
-1.2760076871797352	4.156129738131952	0	0	0
-0.1555536133065445	2.9609518870381137	0	0	0
0.3613536127698751	3.1334397220154955	0	0	0
-0.14443803955749956	-1.9206010585642588	0	0	0
0.8813328616429601	3.8879756849625977	0	0	0
-1.1266976242020021	-1.7235797545229374	0	0	0
0.28671961197694884	2.8022410866329537	0	0	0
-1.1426682302940847	-0.8263535952371797	0	0	0
1.850980871831709	-1.2360943223869185	0	0	0
-0.6837558191299777	-0.17940583038689084	0	0	0
-1.0118550527808878	-0.3908622631769063	0	0	0
1.246360440308365	2.1253031305929255	0	0	0
-1.109494653543429	-1.1934046116799522	0	0	0
1.5520310567365172	-2.5840219186392304	0	0	0
-1.470322798523192	-0.33635662597881577	0	0	0
0.7551276644338714	-3.1294826458996923	0	0	0
-0.3933533644167255	1.8507179912411544	0	0	0
-0.09250756734350318	0.8949385230330051	0	0	0
0.7619532539226128	-1.8756994621257448	0	0	0
-0.7198676281900731	1.4942483853639033	0	0	0
-0.43764835449964323	-1.480734302425553	0	0	0
0.7012214250915889	0.6337523009892294	0	0	0
-0.3509681782286762	3.7832670218182116	0	0	0
1.0385406465876201	-3.2225243781046657	0	0	0
-1.8960582403921933	-2.8670878581874533	0	0	0
1.0741851302619096	-1.9137121958948953	0	0	0
-0.1733463091818237	-7.514337798560916	0	0	0
-0.02958763819286503	0.5912295836029173	0	0	0
0.25770083386253617	2.4090696791813	0	0	0
-0.15415314988414508	2.059961044196953	0	0	0
-0.33798903170840333	0.20170400293838497	0	0	0
0.9389878595957981	-1.1615859609631514	0	0	0
-0.8604774716530628	2.6620752196349855	0	0	0
1.0335733294173934	-0.6885188083417546	0	0	0
-1.4304883187569217	-0.0731236769503738	0	0	0
0.9552110908119147	-2.3051062624089695	0	0	0
0.15582191639332876	2.2075817593764455	0	0	0
-0.4831228234295466	0	0	0	0
0.40360998912653656	0	0	0	0
-1.0192547751294825	0	0	0	0
2.275166087753618	0	0	0	0
-2.844693780216538	0	0	0	0
2.537282390355621	0	0	0	0
-1.8989678409101387	0	0	0	0
0.9160308130039425	0	0	0	0
-0.5254521285736189	0	0	0	0
0.6860260786533345	0	0	0	0
-0.429897180764506	0	0	0	0
-0.5321842940116355	0	0	0	0
0.8377273168825567	0	0	0	0
-1.170174129349661	0	0	0	0
1.4274204421060759	0	0	0	0
-1.9987148808982695	0	0	0	0
2.2313807625045357	0	0	0	0
-1.3630025970193387	0	0	0	0
0.04964602848743027	0	0	0	0
0.696083980543051	0	0	0	0
-0.1756769380163874	0	0	0	0
-0.17678556796436595	0	0	0	0
0.08600886028437316	0	0	0	0
0.08826772358453638	0	0	0	0
-0.5605186028188882	0	0	0	0
1.0838310731321954	0	0	0	0
-1.5531389453183024	0	0	0	0
1.7328109841785349	0	0	0	0
-1.4085799050341876	0	0	0	0
0.8511796753086003	0	0	0	0
-1.2754630056821767	0	0	0	0
1.2265947034203535	0	0	0	0
-0.893308180123185	0	0	0	0
0.34019623732043414	0	0	0	0
0.36852769806134233	0	0	0	0
-1.043542351815404	0	0	0	0
1.0959293724863315	0	0	0	0
-0.17762754507027267	0	0	0	0
-0.5683633002000406	0	0	0	0
0.5718973450927223	0	0	0	0
-0.863492074967688	0	0	0	0
1.047947576531179	0	0	0	0
-0.2708343028985425	0	0	0	0
0.41267767359657626	0	0	0	0
-1.3154923366863187	0	0	0	0
1.4926913421742114	0	0	0	0
-0.6103601539346002	0	0	0	0
-0.5376845082718091	0	0	0	0
2.0797713437042518	0	0	0	0
-2.377330597062752	0	0	0	0
0.7936170905756086	0	0	0	0
0.762332331458289	0	0	0	0
-1.0641742806482952	0	0	0	0
1.4391563084170045	0	0	0	0
-1.6938136865959592	0	0	0	0
0.9369093740641361	0	0	0	0
0.20688542431520318	0	0	0	0
-0.5984000439280095	0	0	0	0
0.9935183999871882	0	0	0	0
-1.7530604993960779	0	0	0	0
1.048597787267198	0	0	0	0
0.5014950494226795	0	0	0	0
-1.0570094723963948	0	0	0	0
0.34590071474126205	0	0	0	0
0.10787783734834022	0	0	0	0
-0.028423993572388895	0	0	0	0
0.18852381895147374	0	0	0	0
-0.8566868116269575	0	0	0	0
0.8305189351959399	0	0	0	0
-0.5787463046568178	0	0	0	0
0.6021786407383161	0	0	0	0
-0.8504303576579559	0	0	0	0
0.9767441806771942	0	0	0	0
-1.7394854242414013	0	0	0	0
2.111489883050645	0	0	0	0
-1.1748855535442289	0	0	0	0
0.5876996327192003	0	0	0	0
-0.9317124717443264	0	0	0	0
1.380942411571091	0	0	0	0
-1.7184344847217972	0	0	0	0
2.4431863509368625	0	0	0	0
-2.1898095648439764	0	0	0	0
1.210053963899739	0	0	0	0
-0.9278150377738683	0	0	0	0
1.5447299539889698	0	0	0	0
-1.5682751319666934	0	0	0	0
1.650152338213978	0	0	0	0
-2.136888765177119	0	0	0	0
1.3145645000298813	0	0	0	0
0.7041939355217295	0	0	0	0
-1.0619022054060778	0	0	0	0
0.7179712764986661	0	0	0	0
-1.1532820435714513	0	0	0	0
1.4737179073743931	0	0	0	0
-0.6771668482123303	0	0	0	0
0.3902713183605613	0	0	0	0
-0.8647883524943509	0	0	0	0
0.4095876321270495	0	0	0	0
0.9161880782090677	0	0	0	0
-1.5847984901806385	0	0	0	0
1.133633431851706	0	0	0	0
-0.36582404681035285	0	0	0	0
-0.2224096761263752	0	0	0	0
0.5655123948588923	0	0	0	0
-0.16992880802700938	0	0	0	0
-0.39599665230065284	0	0	0	0
0.5634412813371057	0	0	0	0
-0.38285498895553616	0	0	0	0
0.5061209696083253	0	0	0	0
-0.7056992762358192	0	0	0	0
0.696148711946428	0	0	0	0
-0.9376437345760422	0	0	0	0
1.588403576129764	0	0	0	0
-1.3284006465065517	0	0	0	0
0.5682615014652228	0	0	0	0
-0.27783908803731805	0	0	0	0
-0.9841989965411528	0	0	0	0
2.0630893671782005	0	0	0	0
-1.6099885629929886	0	0	0	0
0.5680445556421247	0	0	0	0
-0.4154933240857801	0	0	0	0
0.6591402836427349	0	0	0	0
-0.02809907141391932	0	0	0	0
0.11334243169088865	0	0	0	0
-0.34198744960789185	0	0	0	0
-0.4405255733020468	0	0	0	0
