-0.12774150108381122	0.0790076396752113	-2.8775886448454315	0.36572062624959756	16916.34991355199
0.08653367663016809	-0.3136526304155822	-9.29866976196017	1.2581296283872092	16915.315068414155
-0.712073954793091	-4.699866810901092	-1.1457038501821444	-2.1003667063131104	16917.187211397417
2.278899919787726	6.043967131926742	3.278681476307952	-7.002059573427644	16916.27405142763
-3.226971262266126	-2.898670747938631	-6.2855838080339765	-11.411490436047032	16914.621073744027
2.0968830981943114	0.48691210996184964	-6.4344578168369395	-0.44146492966872586	16921.488805630976
-1.338014741091449	1.1094325213872551	-0.32686991369314455	3.8543461130935697	16923.63864795744
1.3731604730809792	-1.9644928113667106	-4.33720657252492	2.2634525041119957	16909.03809907517
-0.7153834853576839	-1.0436754377068382	10.75525895436735	-8.746973181331157	16886.88920988335
-1.2909395333342033	-3.7163708508550215	9.260113720008434	-0.6964783181251732	16889.010126750563
1.9670594128512207	3.6197413839770647	-5.36094594891712	-0.6280819667878603	16876.56208505553
-1.1344880026122794	-2.5041394178468295	6.08494950733369	0.5340703236950475	16884.519218669207
0.7434930271532068	2.5492272339912603	1.6784750284324161	-2.2746804329832457	16883.255715747997
-1.6578165217124834	-2.5163778973708446	6.166012297442862	6.074537333507891	16889.721163607683
1.8937849332486039	3.5209518965748714	-8.186709166876383	6.407896253935434	16869.275856086708
-2.1237436693419838	-3.0389007574580233	1.503270352632697	9.972943783172312	16881.734628559785
2.2487887602719567	7.868007017157019	-9.555486706690417	5.276599877819166	16860.80961095378
-1.512437442291123	-4.731017869401576	-0.6349750680647759	-9.383020349664108	16890.11867642258
0.8831231667615356	1.7441449187993285	-8.590683985417087	4.535080405526742	16931.17223279964
-1.2427419520679095	2.8504870888961875	-2.817248563749601	0.7426071628325133	16967.467886311424
0.7358892033023068	0.600440690139159	9.099674235591834	5.987590911594353	16964.25426898426
0.13536425492601012	7.027408650701453	-3.72219226622137	-0.7293197783392316	16953.843945387387
0.5081309760893191	-1.072066667777932	8.126577923989217	3.07804911556417	16965.864370634277
-2.0353899999653535	6.712406657013567	4.876245178419168	-2.9409208493713805	16973.170222514313
2.1485334091687633	-1.7456027599951298	5.219470426296866	1.24855982903253	16971.19956760438
-0.8330222946608501	8.109801339794323	0.4632873224293377	1.970972491057637	16968.907713094057
1.0982823698385573	-4.810390558723391	-4.04835123870474	-6.534479669194042	16985.696825350737
-1.943538540631252	5.8764693301103605	-0.6699145670867921	10.049378186070328	17000.606300782085
0.9612266919747654	-2.876811411649477	-11.063209307542522	10.68621327168357	16993.852714937548
0.5014177101703297	3.5942330718561664	-6.290522154855083	-1.3036885064213806	16965.57830822949
-0.1362004787564146	-3.428791207087528	-5.898397575678089	5.277563184918847	16985.604579547053
-0.6780088367133459	-1.1886795318585328	-7.3718718703319865	-11.337027421164038	16984.90880707675
0.6210170249993112	2.153128694513377	2.860645937149812	0.3830916723626103	16986.846274672906
-0.7583897178908074	-5.536047732276643	1.1210920964861089	-2.4806369894338047	16981.264064887655
0.7999016129094016	0.49211756908027837	3.7209461587207073	0.6510669253236898	16962.551289386
-0.4871462924810501	-5.18727267727845	0.9367536981433773	-0.02045128748572722	16973.809024238166
1.3921832195327326	3.6714050232966713	3.3108736727045454	-0.4578940854903806	16972.869171422182
-2.165995113176116	-2.3643894062129576	4.6392895701035	2.9853409925718637	16975.463978322332
1.289232682515987	2.608007792752254	-0.6966028333842047	0	0
-0.6241886987913077	-11.295752753771318	-3.7912212590079832	0	0
2.0447324071625275	7.758913972396726	-4.973644067580324	0	0
-2.8994087464466105	1.5832567327952134	-8.822903734622685	0	0
1.1796550762471796	1.6414190866558869	-5.000454339111968	0	0
0.016279334328281436	-1.851064528846237	-8.922880350857625	0	0
-0.10952576316438467	4.247908479596859	3.2450975269270828	0	0
1.5891276104331027	2.438553633969029	3.3565672258096697	0	0
-3.88843584931292	-1.5827231183590484	6.144206213712991	0	0
3.6435042574412364	1.5295968226382968	2.633835950487466	0	0
-2.6205706663270263	0.19225774771746273	1.162389054387674	0	0
2.373748953326732	8.86230863110977	2.6542080016974268	0	0
-2.2922287565600996	1.2093819273077742	-0.6803671206311037	0	0
2.286634176883439	7.705727616394647	-0.3825942311305397	0	0
-2.410989014812813	4.154932934413715	-8.095798369535103	0	0
1.400038954872329	5.957330707478242	6.1636960560613545	0	0
-0.5119195859482133	-0.5262086453861627	-3.938069604056338	0	0
1.246581666537466	-1.705794588038664	-1.6395827738770237	0	0
-2.629382930682688	1.760676768571841	-7.178501289921002	0	0
2.0887884113150506	-1.2134733117358252	13.161259277895724	0	0
-1.1789146821952912	-0.18357228614692644	-0.670539138406582	0	0
2.1752570326767824	-2.913428829714391	4.380475852690495	0	0
-3.3667484520490802	3.1699220035831814	1.6117222285651422	0	0
2.1957299425631547	-6.318514443449516	7.264628368171998	0	0
-0.5535820850183413	2.3368676376384627	-1.9613643501576092	0	0
0.6302738805631947	-3.6668008532058423	-4.338089219518125	0	0
-0.35249126651358864	1.4871141897488869	1.3606136764135357	0	0
-0.7228215549472168	-6.726618365398814	-4.528015249959353	0	0
1.0082236598801089	-0.1324400294874053	1.6420514556512273	0	0
-0.1424937682719687	-7.19514873108708	-0.7259539057640438	0	0
-0.6238358872716958	0.4404192602894028	4.488032593107036	0	0
0.9951955689381577	-5.139608136305206	-1.5962858131895388	0	0
-0.7591212863496608	-4.422792255938056	0	0	0
-0.6479196337001483	3.688663737832755	0	0	0
1.7759667729340407	-1.0924966649165953	0	0	0
-0.9678513222713576	6.6820445110993845	0	0	0
0.9298076998107092	0.3688274599825121	0	0	0
-2.057861010834934	6.070512282950375	0	0	0
1.2028728289496087	3.6889452736237303	0	0	0
0.816728955256437	4.840464870195788	0	0	0
0.024906065663266475	-1.0103636185885563	0	0	0
-2.437661728784356	4.46648734675626	0	0	0
2.9715012137649737	0.023390910136910747	0	0	0
-2.2272178645324985	1.2539211443684906	0	0	0
2.2857631806984884	4.390571267884191	0	0	0
-2.581173627905258	0.5282837207006637	0	0	0
2.168103011780971	7.056302666803042	0	0	0
-2.215643566738443	0.026799214334410237	0	0	0
2.6674101310065055	1.5716422468800957	0	0	0
-2.8619767921693224	-8.135436639932394	0	0	0
3.4622457347443785	1.5823041903828283	0	0	0
-4.024021338853814	-4.197388596662954	0	0	0
2.893387314080478	-0.5648836823115317	0	0	0
-1.6930858932087602	-4.589809099783281	0	0	0
2.3962081226411627	-4.462375315330178	0	0	0
-2.4516504885451766	-1.8874244973325318	0	0	0
0.9708859477431773	-3.211837199535765	0	0	0
-0.07015436865790292	3.159059019098258	0	0	0
0.7666342506199157	-3.1845438339584717	0	0	0
-1.0229011548894817	2.2986944733912225	0	0	0
0.07000053342591173	-3.8494787173937652	0	0	0
0.32339880746103233	5.517418451964005	0	0	0
0.016872169994201158	-5.116495812287177	0	0	0
0.27511845940984614	6.351310359440298	0	0	0
-0.2583483888537259	-6.1355338489656575	0	0	0
0.03506448773810433	11.636395893587242	0	0	0
-0.8271940807431051	-2.919289704263207	0	0	0
1.269324039456727	6.993980844123897	0	0	0
-1.0168296208579406	1.1418978227138439	0	0	0
2.1285292093467234	-2.616888644981728	0	0	0
-4.351401270658847	10.64787506477036	0	0	0
4.77088126401771	2.2810299622162873	0	0	0
-3.124060917858749	0.10755672571323771	0	0	0
3.4377875938894107	-0.9295003293679116	0	0	0
-4.64391692501917	-1.8549157763889212	0	0	0
3.243090958316138	2.046293731790051	0	0	0
-1.160470096961518	2.219043113062213	0	0	0
1.664997990324963	-0.7605501026854782	0	0	0
-2.4669714464582313	-3.4001893073926013	0	0	0
1.4999408906543863	-1.6840076788558136	0	0	0
-0.41968088717957386	1.1592885095343348	0	0	0
0.4670234816350387	-0.991544852608861	0	0	0
-0.290493350752989	0.056962263124773926	0	0	0
0.5408149016059838	-4.086802843904806	0	0	0
-0.9364914530973891	-2.6349688687748696	0	0	0
0.2427526871912562	0.06623568166371285	0	0	0
0.8212942381837962	1.1205962896471249	0	0	0
-0.8959798206381109	4.722420320172233	0	0	0
1.1886537248154099	-5.7404889087334325	0	0	0
-2.9426651845497105	1.580597478912452	0	0	0
3.406678988341241	-1.1257591301883352	0	0	0
-1.418202673437925	-0.9458358938258442	0	0	0
0.43614513495549545	1.6243781301619649	0	0	0
-0.808054129164546	0.05353551496761355	0	0	0
-0.07540420505006296	0.43233797195498624	0	0	0
1.0684644455699583	0	0	0	0
0.3242038652674779	0	0	0	0
-1.913578267370312	0	0	0	0
1.9767580439379344	0	0	0	0
-1.3014927853743075	0	0	0	0
0.6932808709501828	0	0	0	0
0.13258737874515703	0	0	0	0
-0.1307740361921219	0	0	0	0
-0.5145246328928437	0	0	0	0
0.30733839647285777	0	0	0	0
0.5130853996163296	0	0	0	0
0.7244934749748779	0	0	0	0
-2.802187047997066	0	0	0	0
2.8921221583895544	0	0	0	0
-2.3847541017156004	0	0	0	0
3.026001674216353	0	0	0	0
-3.213980350704297	0	0	0	0
1.632380783501361	0	0	0	0
-0.20531290853911344	0	0	0	0
-0.3100513674687164	0	0	0	0
1.155323663763312	0	0	0	0
-1.8387288612245953	0	0	0	0
2.037966806730104	0	0	0	0
-2.4607604234883524	0	0	0	0
2.551591250134919	0	0	0	0
-1.9893625361351042	0	0	0	0
1.9735948109536139	0	0	0	0
-3.286422635954146	0	0	0	0
2.94441048566037	0	0	0	0
-0.6520448084211452	0	0	0	0
0.16185578262508926	0	0	0	0
-1.8346137125008042	0	0	0	0
1.6715650502221209	0	0	0	0
-0.3591628804105582	0	0	0	0
0.6873800482238792	0	0	0	0
-1.6433169081784627	0	0	0	0
1.0354552947013218	0	0	0	0
-0.5312955044392069	0	0	0	0
1.0839136573270167	0	0	0	0
-1.1959794916393776	0	0	0	0
1.5252728463303455	0	0	0	0
-2.152233118892852	0	0	0	0
1.9221495855495974	0	0	0	0
-1.3293476933185744	0	0	0	0
2.4712258375891736	0	0	0	0
-4.017032745174092	0	0	0	0
3.0463401672643116	0	0	0	0
-1.0863755335173053	0	0	0	0
1.3969507295821515	0	0	0	0
-1.387252648829005	0	0	0	0
-0.23519365376124313	0	0	0	0
1.0056676566028955	0	0	0	0
-0.7845548983925497	0	0	0	0
0.6646531310204864	0	0	0	0
-1.1245982972801656	0	0	0	0
1.244016852056518	0	0	0	0
-1.3384243023027693	0	0	0	0
1.6096986554178656	0	0	0	0
-1.4012013535122776	0	0	0	0
1.4585114977232223	0	0	0	0
-2.6252874935670576	0	0	0	0
2.9984515318095433	0	0	0	0
-2.0052325327901315	0	0	0	0
1.6850487972345292	0	0	0	0
-2.605539771976595	0	0	0	0
1.6880254421699163	0	0	0	0
-0.001716852001251823	0	0	0	0
0.6340849154366239	0	0	0	0
-2.3707441417151713	0	0	0	0
1.4683402929861842	0	0	0	0
-0.0649253588189751	0	0	0	0
1.0848624553268706	0	0	0	0
-1.6274885295866355	0	0	0	0
0.19409359784291524	0	0	0	0
0.7583328133242873	0	0	0	0
-0.28814375666925685	0	0	0	0
-0.4289799860600283	0	0	0	0
1.4050162359390157	0	0	0	0
-2.3134075273288843	0	0	0	0
0.651877311092349	0	0	0	0
1.0589758600341312	0	0	0	0
0.1329117572121845	0	0	0	0
-1.7394130124422134	0	0	0	0
1.2453177508969588	0	0	0	0
-0.9664642472335743	0	0	0	0
0.9213953931745777	0	0	0	0
0.18956917802285744	0	0	0	0
-1.3050381233217792	0	0	0	0
1.2153843086280602	0	0	0	0
-1.5129730560378292	0	0	0	0
2.129138776296436	0	0	0	0
-1.7380244262136912	0	0	0	0
1.1516902161793894	0	0	0	0
-1.3207682185489134	0	0	0	0
1.389189753592511	0	0	0	0
-0.059439151416860625	0	0	0	0
-0.835851682203895	0	0	0	0
-0.0208838789443746	0	0	0	0
0.1725080847535736	0	0	0	0
0.17674362187755577	0	0	0	0
1.0610668934587153	0	0	0	0
-2.407713097096149	0	0	0	0
1.839634147664583	0	0	0	0
-1.3864169235648447	0	0	0	0
2.2566806504931094	0	0	0	0
-2.064131926885956	0	0	0	0
0.10944523807145856	0	0	0	0
0.24940053508338877	0	0	0	0
0.4578790929105736	0	0	0	0
-0.3648357167621299	0	0	0	0
0.31028938121656324	0	0	0	0
-0.7267772104093453	0	0	0	0
-0.28323513510351717	0	0	0	0
1.6641751913149605	0	0	0	0
-1.6658103678832816	0	0	0	0
1.636634361849886	0	0	0	0
-2.1126650667492015	0	0	0	0
1.4780515701844053	0	0	0	0
0.7997446594122053	0	0	0	0
-1.319027404512589	0	0	0	0
-0.09686478810568389	0	0	0	0
0.4705195600549388	0	0	0	0
-0.13372599020193832	0	0	0	0
-0.08597346783098203	0	0	0	0
0.06100182649056052	0	0	0	0
-0.41124889624974514	0	0	0	0
