-0.12132435674823938	-1.6148623988023587	-4.924271884694136	0.701910675148028	16895.65169447511
1.063048931093526	-6.163259662192978	-15.46610847579008	3.019407935738755	16895.672386525148
-0.885686322301126	-5.036380442959057	6.050369489124222	6.230062107768362	16897.63451057399
0.9143458275094858	5.44169917747643	2.93465998684637	9.117137254295614	16895.939576040524
-0.5391407366939447	1.7150809893941172	-12.759730280146329	7.192451561588797	16896.546659259013
0.4167110495511466	1.9520723030943685	3.9750746911833374	-18.578975320469425	16891.990552312265
-0.4332049063972647	-10.45174967102514	-12.717946961056995	1.8503483694136804	16927.69902877112
-0.17056080411254015	-0.9014657453608521	-4.15922903830193	-1.0517436309783648	16906.44118783403
1.2530639714225842	-6.762168222890878	21.253256034832702	5.940068502331201	16924.69021156858
-2.705848312522434	3.6182054551596536	-4.454150551351049	3.4166702779284464	16959.53212306106
2.8182598743960057	-4.626612456752255	3.4551938359500127	14.56607709757867	16902.34273801619
-1.0527773242354073	5.433191847363247	9.266799189782219	-2.272084684232283	16861.503362998836
-0.2643068303959524	-5.088270701831767	-1.2977017417860708	12.914233612031566	16849.06575331944
1.299447094132276	9.76290060100721	7.843295660552471	21.039540277950564	16832.3650614289
-2.597233880402065	-3.697611921327308	-3.5814972366600557	19.030622117485635	16947.447172049513
4.0724434092693045	-2.1090993865468732	-0.30370950465524515	-1.924048158080268	16929.92626221933
-3.9253270262932745	1.6987175898510642	5.615845585102548	-1.7292703348936698	16858.00665870993
1.8993668567107989	4.837640826225702	-18.302644741507336	4.197137944984533	16817.867723984316
-0.45157768537382026	-2.616252278401312	-0.04260035745160451	17.708855899964504	16796.07863411996
0.47392257489809	-3.70629505415846	4.225611296868692	17.52236774044367	16808.506629115527
0.19427993300766389	2.5737187743339476	-2.4744433301151645	-20.611792568943088	16818.303041684074
-1.6569917042497053	-1.6214414563242272	4.898318939657926	14.443652792892408	16884.25667681646
1.70621235651479	-0.9813801843151637	8.066045924185616	-10.10395912890111	16928.21806572514
-0.9925901202574963	9.028865840980409	-0.810930706082587	-1.5138737637397952	16815.02815565371
1.664066290964584	3.0949949768559577	-0.8995354128753235	-7.782276508030037	16787.85334796709
-1.7513726988805374	-7.243864489912454	-15.293183862831611	8.707163691390477	16806.27304783688
0.813132021821545	4.06584636426949	3.838389877034871	-4.05336804931234	16743.52645228355
-0.3368201411392633	-2.277202093710379	1.2406079364904627	-0.12915208495084585	16770.323686241787
0.012030367993105529	-1.4205700193951571	-0.021791096060340465	4.608503091421355	16843.129450066284
0.6139874698113417	4.7545039143210985	-18.023631926509367	-3.544902213244015	16900.860281774254
-1.405790087306606	3.726235114441536	13.83493816485256	-7.832775875334846	16897.651542363277
1.0962276249003438	-0.9758686469749733	10.204903430358272	23.43798133585065	16855.093621204844
-0.007444878340798766	-5.772185847347927	-8.256091587647703	-56.59103511767724	16827.21290938996
-0.6519051682994146	-2.4726355631364996	5.702791922701337	-39.26663541342265	17003.30707812728
0.9461268175859061	-3.895050894368431	2.9510342722288954	35.80121644677678	17075.170341269055
-0.9782269253303539	3.929342135883708	-12.485202861806457	-6.893948072268444	17013.26873286395
0.509874302623949	1.8586370494316213	8.17229316173048	-21.65518908792589	16771.568165234494
0.1784889034009467	0.5638010820227422	-2.690206166488011	66.79538645326053	16762.537611966458
-0.11117797266238938	2.9470444214566527	-1.1903305513245783	0	0
-0.9145535460281735	3.53564240624155	1.2830309762167644	0	0
1.3483754473001994	7.059989584361986	2.6937486127325485	0	0
-0.03227656624410713	-6.784203805360107	-5.467810626960784	0	0
-2.003848543808303	-3.9620953722000536	4.723854843018586	0	0
2.6355743340650832	-0.2547390999552235	4.851919227106407	0	0
-1.2768682354112002	2.2035802109493616	19.819102193326614	0	0
-0.26025801448489716	-1.8723838957552843	-9.296118253203957	0	0
1.5750404727504375	-2.2645894785518763	8.361217391801105	0	0
-1.6505645092335115	-0.9367929683861362	-2.283606800020607	0	0
0.7872048614539295	0.6563263015843859	-6.963593949408747	0	0
0.34741336759066144	1.424233950363572	-1.6208096551241624	0	0
-0.32545123857898517	-6.712966991888294	-3.3367677391632213	0	0
-0.5566836214958926	4.131169401146565	-12.629170146593339	0	0
0.645203676298749	-2.3120516743691013	-7.749449048779056	0	0
-0.2198484976195587	3.885531188842954	-11.388644270280594	0	0
-0.8005512760364155	-5.268053393245587	-10.169752165189948	0	0
1.5407669799617096	-3.7210970376465937	19.464802254811318	0	0
-1.316450032570721	-1.1490760851863016	7.0225951459152895	0	0
0.7900116593058328	-1.0007755045049365	-15.24162611637422	0	0
0.029212600448744297	1.3125885692892894	-0.7831995412776536	0	0
-0.9503108966013301	3.0215584386348624	-7.574163844230995	0	0
1.0061220665077428	1.7007153932901673	16.526128167094626	0	0
-1.2861964484019168	3.1541918856477835	-4.214173986541255	0	0
1.8429250658008343	-6.631510470497368	0.29747722388778186	0	0
-0.9583569086688755	0.46186552262372516	18.421848546300367	0	0
0.19840942544445994	-4.847737104088772	-30.541973003218985	0	0
-0.8286427355391766	1.1782947785964666	14.111932116534902	0	0
1.0076735906855845	-5.959182651971808	-4.781625095844191	0	0
-0.8761277732875854	6.646904454471567	0.3642489992317479	0	0
1.1613403035036498	-0.20443124961695247	-0.1887823914813822	0	0
-1.7892543522224642	-3.9293345407996583	22.550318926238617	0	0
2.183626692130929	0.29506195547450176	0	0	0
-1.8983153128755532	7.580294983040453	0	0	0
1.6051710043211571	0.8530659162545575	0	0	0
-0.9900907673896171	2.5758456558720084	0	0	0
0.8309079876791969	8.436939298505749	0	0	0
-0.7040221237350366	6.965557382315637	0	0	0
0.5427554740411509	6.546051709552401	0	0	0
-0.5209400564500584	-4.457987391036426	0	0	0
1.0051574555376774	1.035977672518058	0	0	0
-2.153681297470257	-3.8029687161034644	0	0	0
2.531726720356346	4.641378956775846	0	0	0
-1.9377744879712395	1.6812740675084825	0	0	0
0.8116407703089692	-4.536833203173757	0	0	0
-0.9232371255943903	-2.321281273816716	0	0	0
0.8340222191206976	6.3452569603242495	0	0	0
0.4044501647980354	0.22320257993050063	0	0	0
-1.1637773724044251	0.6686058419992662	0	0	0
0.7896336972131337	-1.7466249833277772	0	0	0
-0.7645018606380845	-4.148111862448346	0	0	0
0.07767374228988189	-1.2640960245889659	0	0	0
0.3665278693846048	5.352418577722325	0	0	0
-0.028684788706748066	-0.5914515421913222	0	0	0
-0.7307789294078475	1.0686760119522347	0	0	0
1.034933186878611	6.627388922172905	0	0	0
-1.204104010293534	3.5492500201137034	0	0	0
1.7348292945084864	3.8444683414512824	0	0	0
-1.4239380338320586	-2.3450393228992326	0	0	0
0.05088338988440455	3.0109787623759843	0	0	0
-0.23079355417267777	5.711008446941349	0	0	0
1.4597964915587767	-9.530308634831883	0	0	0
-1.790462874916905	-0.20100477426114338	0	0	0
1.6088101407164217	-0.735624646918005	0	0	0
-1.2432008556868155	-6.333211928976404	0	0	0
0.5039165642399581	2.2670525093319682	0	0	0
1.0902212237776894	-4.76175469615854	0	0	0
-2.7061345271536936	5.086134909066935	0	0	0
3.219221648721536	-11.733775390709866	0	0	0
-2.1502086428485327	7.89967518979698	0	0	0
0.4888863807597801	-3.3127590655136387	0	0	0
0.15978783881718783	-5.383489083836736	0	0	0
0.4016176172544874	-1.295966815081158	0	0	0
-0.25193958165214525	-7.036555619378028	0	0	0
-0.10332335450270591	0.9902422782765683	0	0	0
-0.07192212754165439	-12.599018267521636	0	0	0
0.0962773045680052	13.556755010683283	0	0	0
-1.0801180946032076	4.540361668376427	0	0	0
2.3449169876812093	-4.767717193789743	0	0	0
-1.7237763299860944	-5.570921131548644	0	0	0
0.606777260934436	0.7836629978502145	0	0	0
-0.5070970801271599	0.4058900580474756	0	0	0
1.461159874869388	8.636297061133547	0	0	0
-2.1839809750450883	-4.10082158965632	0	0	0
1.924744723627903	0.2583018823633978	0	0	0
-0.9895600427474491	-0.24011609658136734	0	0	0
0.6138289667796357	-4.01659226829014	0	0	0
-0.6869403841012556	-24.39077201477896	0	0	0
0.47768246219291655	14.086224897088407	0	0	0
-0.9662638843466098	-0.7310892424702757	0	0	0
2.6468358189137433	-4.99358900515508	0	0	0
-3.0090457995657474	-7.030886015193289	0	0	0
1.8472597427280206	11.025815340266405	0	0	0
-0.24997889098423087	0.3214488301037193	0	0	0
-0.39228777923636926	-3.2408583691407884	0	0	0
-0.5417650951558883	0	0	0	0
1.6366253280452767	0	0	0	0
-0.8488821728589713	0	0	0	0
-1.0149822810158255	0	0	0	0
2.243792530754895	0	0	0	0
-2.6115375485657353	0	0	0	0
1.0802438114594608	0	0	0	0
1.3226573810914601	0	0	0	0
-3.1005452309971204	0	0	0	0
3.08987201708144	0	0	0	0
-2.021041880232957	0	0	0	0
0.4577568455472374	0	0	0	0
0.10354261390285302	0	0	0	0
-0.13294145599390106	0	0	0	0
-0.07694333063325587	0	0	0	0
0.4041595358452241	0	0	0	0
-0.9946349863177204	0	0	0	0
2.1517569131629983	0	0	0	0
-3.044791559509001	0	0	0	0
3.1096110939232773	0	0	0	0
-2.198185217940143	0	0	0	0
1.6794848680348835	0	0	0	0
-1.1230047770124898	0	0	0	0
-0.273940124171105	0	0	0	0
1.267741670277779	0	0	0	0
-1.2963872233035332	0	0	0	0
0.3907291675296136	0	0	0	0
0.6090742509776419	0	0	0	0
-0.6549109615845126	0	0	0	0
0.34057462634022784	0	0	0	0
0.44300199884156655	0	0	0	0
-0.8834058193413057	0	0	0	0
1.1942696136084976	0	0	0	0
-0.9232166224071605	0	0	0	0
-0.7863735809203121	0	0	0	0
2.515863250745028	0	0	0	0
-2.173563810668533	0	0	0	0
1.4761947953267054	0	0	0	0
-2.270342314479194	0	0	0	0
2.8461712869382296	0	0	0	0
-2.1069776363548414	0	0	0	0
0.7241102705204554	0	0	0	0
0.8799581752045711	0	0	0	0
-2.3138206270773694	0	0	0	0
2.9679769250755186	0	0	0	0
-2.5185885805296095	0	0	0	0
0.8286951916401719	0	0	0	0
0.8517239130766043	0	0	0	0
-1.3036495260236478	0	0	0	0
0.623978168071396	0	0	0	0
-0.032520928046167796	0	0	0	0
-0.14993376918214807	0	0	0	0
-0.4397618543505146	0	0	0	0
1.1837969575613272	0	0	0	0
-0.9033976596067035	0	0	0	0
0.24187050957608136	0	0	0	0
-0.16007590285013862	0	0	0	0
0.08903824014644357	0	0	0	0
0.7355249376949686	0	0	0	0
-1.1358372067783336	0	0	0	0
0.5707559306107655	0	0	0	0
1.0202314643085444	0	0	0	0
-1.622155240100021	0	0	0	0
0.7253291855630195	0	0	0	0
-0.5135465676559932	0	0	0	0
1.2588815920600354	0	0	0	0
-1.450434212082783	0	0	0	0
1.6927197737695963	0	0	0	0
-3.296844947194508	0	0	0	0
4.142514156755567	0	0	0	0
-3.586005165035637	0	0	0	0
2.9326664005638747	0	0	0	0
-3.4097231412694455	0	0	0	0
3.249798561752847	0	0	0	0
-2.042490842551935	0	0	0	0
1.6711524706145227	0	0	0	0
-2.5671654329162834	0	0	0	0
1.9291044863808082	0	0	0	0
0.15809614537175776	0	0	0	0
-0.292499519093397	0	0	0	0
-0.6714088948849621	0	0	0	0
0.9298531083566104	0	0	0	0
-1.4256235694316004	0	0	0	0
1.58090873115556	0	0	0	0
-0.19706306965137088	0	0	0	0
-0.1725867236265728	0	0	0	0
-0.709609742677145	0	0	0	0
0.8910227689416104	0	0	0	0
-1.3284803175850968	0	0	0	0
2.0809152018200265	0	0	0	0
-0.7006713721006221	0	0	0	0
-2.8866190350277137	0	0	0	0
5.540539206093662	0	0	0	0
-5.1948457316169225	0	0	0	0
2.9805063779601895	0	0	0	0
-0.5449982385951984	0	0	0	0
-2.204322887761947	0	0	0	0
3.7290514109597837	0	0	0	0
-3.6407547307759103	0	0	0	0
2.815244926365253	0	0	0	0
-1.1212800961855578	0	0	0	0
0.02182100810738774	0	0	0	0
-0.5523161077058916	0	0	0	0
1.0318368772461355	0	0	0	0
-1.130477748893746	0	0	0	0
1.711150607962459	0	0	0	0
-3.187264940782235	0	0	0	0
3.542743107624325	0	0	0	0
-2.7898320192082977	0	0	0	0
2.311505498443495	0	0	0	0
-1.8971908502647352	0	0	0	0
1.4036038227382406	0	0	0	0
-1.514221349531077	0	0	0	0
1.837962297617345	0	0	0	0
-1.9946292899026332	0	0	0	0
-0.4117140446992167	0	0	0	0
3.076887871050907	0	0	0	0
-2.136800865435802	0	0	0	0
0.1309635736696606	0	0	0	0
0.7958996245768049	0	0	0	0
-1.617106129052246	0	0	0	0
1.7934433395039875	0	0	0	0
-0.9579180979289887	0	0	0	0
0.006638552102266715	0	0	0	0
0.9219099168700069	0	0	0	0
-1.9281895040222068	0	0	0	0
