0.23823738449979004	-5.414886136663675	5.845323098457413	0.15188994688823243	16869.0212549276
0.3220787378788401	-16.512204161237612	19.00061968650843	-0.20222835276624096	16869.992255787543
-3.3878377672823348	6.4890261193486225	-2.0270866904523785	-9.050544641291594	16865.25291041742
3.7289083413925823	-2.235310537020453	-0.22034993908268063	-0.9818216962437845	16870.24382312439
-2.0958404485494526	-1.2323055308354611	-11.534325112933033	11.875400662597244	16864.837302156677
-0.4113392123012716	-13.304719577606186	9.33281861748172	34.32691920544745	16882.98798026367
2.1315855644661568	4.152673805391792	-12.82814369855808	21.50593177559975	17026.627428316548
-2.182934690084835	-10.844297223709695	20.37285017195569	-48.09547646261315	17034.708480841222
1.4606632810511897	-2.0498804538826647	10.025381841149084	50.64477575070151	16775.906548950654
-0.7299054253445334	8.439324270852723	1.8007089940256549	39.24136559727933	16713.852841409862
0.49043140414651276	-1.8764225682900246	1.4335929276141286	-39.47330130078021	16668.975287857385
-0.6983649188681937	8.464503806429832	-24.288731104455508	-2.5958851910897778	16860.24885477891
1.0795975224418157	-21.9521752254237	-21.212116126594736	49.571922244340556	16950.03071071503
0.5462193948681673	9.931385750163493	-7.533092741121052	-43.16158073468054	16856.9486640025
-2.0114730198983892	-15.231583198066339	-9.191409990216883	9.330368129534946	16997.77922160359
0.6971161262089609	7.100707704549173	30.306581664688252	114.5243886570415	17097.504929813622
0.8618135033494738	2.338096517402853	-30.370400229893676	-152.35663029597805	17092.3641516917
-0.7678366388040132	-11.481724652397745	-5.265716633564324	141.69497087002713	16863.595672320345
0.5088949784628696	-4.280904227687074	7.693782320910628	-15.916054772921498	16628.146105708398
-1.7024271378564038	19.708269538090022	-11.19369751418553	4.651043319786567	16300.19227289195
3.3641143116392414	12.305173344262258	-23.27885889462837	-94.97121502277153	16728.40690532924
-3.4022511318596784	-14.31569557700162	-6.529923937754617	23.858658911350958	17027.605597750488
1.6773829912671658	-3.5569855761065057	-10.693526957733255	-49.327464369599085	17076.818416712642
0.14778998296159074	5.334160741758005	-56.00438539851798	-6.97066275592465	16937.50516018226
0.5098331897712711	-7.6364416224583636	7.745468861415532	68.87970801523383	16975.62865769791
-2.230750425929557	-4.544012891294798	3.8953221606160042	35.74242064735576	16418.047625531184
1.5669528805997928	6.723863499284512	6.437540186654928	-4.221219973734463	16508.7659505914
-0.029072698455408386	-1.0083789001140886	-27.460070072966374	41.39852296851677	16409.618603218973
-2.401979153953519	3.1668748775520896	15.337009572722707	-93.1117889846412	16736.485809363945
6.349130287876243	-6.807711435392129	-72.75021330478121	46.79912936386094	17150.547238028314
-5.013787756008071	-1.220725348173211	23.358973764865056	-4.699665464739866	17031.98789737876
2.4761493210931533	1.473559758011909	-9.837082163077511	5.908801959026974	17049.48153611599
-1.5028604154613845	2.9028444424310536	-0.9589340909621313	-45.58214342699718	16930.065896735123
-1.6926508462627723	9.270375565166503	-10.657091674015888	-11.358516860173268	17129.52185090138
-1.312265382618996	0.2404354530623536	-9.686494657270302	-23.836790275273955	17196.048610628153
9.32904048016671	-9.32417196938652	-41.90809368673881	3.4289242342630075	17028.12781712525
-6.679712175443342	14.198952066836718	17.870569066153948	33.64781622883925	17105.93318622102
-8.778107481279903	-11.304878117837625	-12.08269021543245	14.627436720178451	17065.45750506976
19.694912300412838	-16.164551963160044	-35.6726126387142	0	0
-23.341273009467017	15.986174286191954	10.185251383477919	0	0
23.13640410565712	-7.992121767351769	-18.792755165408664	0	0
-12.4739789325088	5.027772628601163	-0.6317005868760504	0	0
1.172952219752922	0.29292468772649727	-20.17854026250511	0	0
-1.7588118002459368	9.689357671775277	15.185027837817515	0	0
0.08187715209577817	-0.52143383814429	10.584660317904977	0	0
3.0058292774229542	7.127245319904432	-7.809376157069082	0	0
0.183244994362191	17.231301050794002	-30.083544314923657	0	0
0.42575259621832373	-13.787144503097728	30.057717612264625	0	0
-8.074911027310563	-4.819588675029891	9.397681109985484	0	0
10.308603254994509	14.540462285414606	-34.25646583638722	0	0
-7.063847718869262	-8.560566869325896	19.792742073201623	0	0
7.369159703043088	13.501133108873177	-21.512116635870683	0	0
-8.18829081058044	-4.361419977378034	28.91263966154574	0	0
5.418543884195245	-8.721691680725378	-39.55537977646131	0	0
-2.5731874397870627	1.8013494505964118	27.667739217860614	0	0
3.17830457477681	2.268964584053464	8.674019685858312	0	0
-2.441549291799973	2.416672247483163	-29.839082649133047	0	0
-1.0802239899498929	16.127297899402194	8.0083852010018	0	0
-0.05740934536336795	-8.00038729088351	-7.750526163249859	0	0
3.6967346830578336	-2.647679113412977	-5.933341974226195	0	0
-2.0495740138656373	-8.388324027205059	5.326284992421392	0	0
0.47767523593060446	11.078391588769826	34.835194420406424	0	0
-3.4545021548357795	-33.14086123413518	-1.826944144831998	0	0
3.12572749229723	16.67115367611673	-1.8854920796801906	0	0
0.6532242688263779	5.502053685125567	15.433979997723867	0	0
0.769510728665324	3.0240667345604564	-26.340134067362243	0	0
-3.1182133923472364	-14.62720520923206	8.660885163047382	0	0
0.955561607951239	20.153973182563305	-3.4639605036884404	0	0
-2.596980678757056	-2.3101212724457483	22.54755670053872	0	0
5.456716127339185	-18.496785258288476	-24.228545825277706	0	0
-0.345714794698452	11.5213558702687	0	0	0
-5.869223785071895	-1.6793496994142103	0	0	0
4.042314829455648	0.9629739785456337	0	0	0
-1.9695967451960072	1.068802961877111	0	0	0
3.257888839922778	15.371197804954406	0	0	0
-1.0815522033058258	-6.867959916579558	0	0	0
-2.4211207402303785	-8.966002878480289	0	0	0
-0.34853964184443953	-0.3091054526911208	0	0	0
2.151725030871411	7.520965495232041	0	0	0
4.815650450241712	-11.167175327047858	0	0	0
-8.642276498209277	10.574107553446723	0	0	0
3.5271259745653367	-1.9260823783764849	0	0	0
-0.3766738816425885	-8.21024750328234	0	0	0
2.6217941935387827	7.688987419383835	0	0	0
-1.3635145743439239	-0.14707280990965188	0	0	0
-3.5467805570075654	-20.354088015508637	0	0	0
1.747699669668556	3.0621699984423216	0	0	0
3.577871748302016	-14.302346925818902	0	0	0
-4.898081000183396	11.076288298964293	0	0	0
4.0355310516412715	-5.420907690192685	0	0	0
-1.8737381743511818	11.414649680280206	0	0	0
-4.387992673571162	-13.368750209700373	0	0	0
7.6105771227809385	-10.538127551583756	0	0	0
-2.8801759578530124	-36.1965975005612	0	0	0
-0.5181610689507892	-31.47395656603169	0	0	0
-2.4084787170721214	7.771640983963195	0	0	0
2.9563949925958966	-1.150582004107953	0	0	0
0.17757895426650805	3.389847835362943	0	0	0
-1.377521972523482	0.09084534058747806	0	0	0
2.8381308975521264	0.9365466820410191	0	0	0
-5.845666005882478	-11.200526542230683	0	0	0
1.5197376239869769	2.7371504340047466	0	0	0
6.73968644292453	0.18903835316800155	0	0	0
-4.2404485770272515	3.4870563873280673	0	0	0
-1.9184400015827165	6.401772816979829	0	0	0
0.46272489436851316	-20.398965326074745	0	0	0
0.5419662847558087	7.466210722909132	0	0	0
3.7944230636591314	-10.045106870110509	0	0	0
-5.134933324100551	19.014861744276566	0	0	0
1.1474600640936643	8.341762083474599	0	0	0
-1.1914973738373433	-3.7993292602416915	0	0	0
3.3118729656842163	4.197169450264397	0	0	0
1.8601386590037379	-9.259360863096347	0	0	0
-6.256311278807587	2.7269620357811135	0	0	0
3.5800397019473564	-7.166009765472673	0	0	0
-2.5066562173944007	-6.263978426190121	0	0	0
3.040308077123825	3.7775103646064636	0	0	0
1.4265036600170902	7.183280724760138	0	0	0
-5.173510111180818	-15.410791978250828	0	0	0
3.8968578805015355	16.378248438404142	0	0	0
-1.5127543102641638	-18.30397246564918	0	0	0
1.20280205984362	-17.02972385309549	0	0	0
-0.8857713098286624	14.236979916571542	0	0	0
1.8590043756789427	5.313336858604188	0	0	0
-5.820619431493149	-5.187192287710332	0	0	0
5.909846171425336	2.668179114538873	0	0	0
-0.9698727990428821	6.6405166880209165	0	0	0
1.1093314353362942	-7.765959362224756	0	0	0
-3.6276624539049465	-5.731900490645934	0	0	0
0.5426291928276115	-1.083740118740863	0	0	0
0.5907264956121878	4.660896037461157	0	0	0
6.32615888414113	5.981993518724231	0	0	0
-9.028490314481907	2.1689608343846345	0	0	0
1.891153072073159	0	0	0	0
1.859615029993158	0	0	0	0
3.129928270873222	0	0	0	0
-5.215595316298014	0	0	0	0
4.841831896602933	0	0	0	0
-6.596118779062294	0	0	0	0
4.176993477448164	0	0	0	0
1.0873048562542635	0	0	0	0
-0.36223911623897465	0	0	0	0
-1.8476945491289811	0	0	0	0
-0.3304222130937191	0	0	0	0
0.8361549883429333	0	0	0	0
1.4180062424593203	0	0	0	0
2.7385381035174348	0	0	0	0
-6.902426964831342	0	0	0	0
3.820153944658607	0	0	0	0
-1.0653758827885582	0	0	0	0
3.8524349184087114	0	0	0	0
-3.855557140021247	0	0	0	0
-1.4192901121664079	0	0	0	0
1.6840328377520848	0	0	0	0
2.2825166059524733	0	0	0	0
0.6982550236909404	0	0	0	0
-5.516525644342657	0	0	0	0
3.52950130312135	0	0	0	0
-2.0904869717410435	0	0	0	0
4.8497492070722785	0	0	0	0
-3.344894558732591	0	0	0	0
-0.3472576568396448	0	0	0	0
-1.0444823029513657	0	0	0	0
2.855932364120868	0	0	0	0
1.429345686887288	0	0	0	0
-3.3283540532300293	0	0	0	0
0.8049222160293397	0	0	0	0
-2.2290113408847887	0	0	0	0
3.507258527160708	0	0	0	0
1.7914420574721532	0	0	0	0
-2.559992127586419	0	0	0	0
-3.1504917827450782	0	0	0	0
2.855128849735813	0	0	0	0
1.675757526965235	0	0	0	0
1.2888571220999125	0	0	0	0
-4.182432833145796	0	0	0	0
-0.6075340255549548	0	0	0	0
1.089106111786279	0	0	0	0
4.970791511703638	0	0	0	0
-5.239521301032916	0	0	0	0
0.7027782506848368	0	0	0	0
1.6742242751851535	0	0	0	0
-10.065608143239537	0	0	0	0
23.985773565517277	0	0	0	0
-23.160523938329852	0	0	0	0
15.362505627161	0	0	0	0
-10.521318442132255	0	0	0	0
2.2350092109575996	0	0	0	0
1.9860429710364471	0	0	0	0
0.05904259333721029	0	0	0	0
-1.4601767185200742	0	0	0	0
3.3441334097735336	0	0	0	0
-3.1049520433634186	0	0	0	0
3.6680335115298064	0	0	0	0
-3.528625235874131	0	0	0	0
-2.61067848211583	0	0	0	0
7.002669336090037	0	0	0	0
-6.74657914044861	0	0	0	0
10.961249325911382	0	0	0	0
-13.64856058150076	0	0	0	0
6.622538705058268	0	0	0	0
-0.27873044225289334	0	0	0	0
-3.551710187033869	0	0	0	0
8.677517786927105	0	0	0	0
-7.66963976275072	0	0	0	0
-0.199541826746227	0	0	0	0
4.28330038693376	0	0	0	0
-3.4851765375970984	0	0	0	0
1.66136247010283	0	0	0	0
0.30264091263607895	0	0	0	0
-1.3095959773668255	0	0	0	0
0.9557851644500701	0	0	0	0
-1.745967696128929	0	0	0	0
4.1887936411456295	0	0	0	0
-4.919587899062456	0	0	0	0
1.9274197523540337	0	0	0	0
1.6277311215158434	0	0	0	0
-2.5872923785767625	0	0	0	0
0.9174464783914331	0	0	0	0
0.2381214646080565	0	0	0	0
0.16201734605880347	0	0	0	0
-0.6411226321790338	0	0	0	0
1.2415967859305752	0	0	0	0
-1.6401716795561256	0	0	0	0
1.3023464868306718	0	0	0	0
-2.41185127747012	0	0	0	0
4.166286695406555	0	0	0	0
-2.9014479674828593	0	0	0	0
-0.5661891958171807	0	0	0	0
1.7095218397264702	0	0	0	0
-1.330353794288186	0	0	0	0
1.6801732101745728	0	0	0	0
-1.3482735562688006	0	0	0	0
1.1313258072412111	0	0	0	0
-3.4149016604723883	0	0	0	0
3.972883976041622	0	0	0	0
1.5951752603905476	0	0	0	0
-7.05113075642209	0	0	0	0
7.064567977172082	0	0	0	0
-5.794303544941336	0	0	0	0
4.210165499427724	0	0	0	0
-0.08712781877288478	0	0	0	0
-2.6592258615413726	0	0	0	0
1.259384724294108	0	0	0	0
0.8763822688603469	0	0	0	0
-1.3530760814192675	0	0	0	0
0.7792271645963282	0	0	0	0
-1.2414741842679717	0	0	0	0
-0.3233230523675701	0	0	0	0
2.6341340102898556	0	0	0	0
-0.6874576955677298	0	0	0	0
-2.2776635667210883	0	0	0	0
3.0990335778042137	0	0	0	0
-4.844187296604979	0	0	0	0
4.770832606311664	0	0	0	0
-1.4766044019925744	0	0	0	0
0.05687769451644442	0	0	0	0
0.41293814299342557	0	0	0	0
-3.4355564802612832	0	0	0	0
