-0.01491505886910005	0.25605213961577533	-0.372334670267108	0.0018391974777500764	16874.990064625043
-0.03654047517141379	0.7674130056872315	-1.1987872884138966	0.09765422976936122	16874.901489356955
0.10328713900791087	-0.43444869767791516	0.2827964761545445	1.1712829053510632	16875.269462193322
-0.0415967534597641	0.026356491503996438	-1.7956633246954823	1.6072190604357246	16874.859407022406
-0.21912361943073932	1.8897356551025979	-2.2511903246532654	-9.770485968581582	16874.80345542806
0.07659682987809191	8.668626279335989	0.41342341091471724	0.3655168466181067	16876.764754815056
0.08445265734319918	-0.437488050590936	0.5018908958587787	3.4048981848248587	16888.149815703684
-0.43403577094625234	-0.39711323805691023	-0.44986124099470715	3.8776333176201234	16871.9708176124
1.8063451447146974	-1.9121737619460575	-2.5356780413457045	-6.968328479269147	16882.38037292597
-3.585762889204922	0.2912688612006775	3.9906739159975615	3.9307231759411394	16881.82991436342
4.127619586518641	0.07101251286371024	-4.693014929905402	1.5818472968120716	16886.257344760263
-3.3663349792507447	1.6939829592158375	-1.188272900411107	1.763931315796242	16878.55449676101
1.7679408475520972	-1.1283328718828898	-9.50368028701665	1.4674454051162655	16878.182178716044
0.04631779716751083	1.14009871138839	5.983910791300033	2.162017404896986	16880.981256302173
-0.9796338303680656	0.33183878638143227	1.4399587793113682	1.6215603467817914	16880.448057795864
1.2165083097688196	1.939604182499238	2.4344718314594047	2.6164975930177263	16878.47311277883
-0.9520509008597955	-1.0267033290297718	-0.44880526875952853	0.2986972857847121	16879.00708058904
0.4862564887963927	-5.350048143164756	5.029153993195152	-0.4797257660595875	16875.730342543997
-0.5671816171911246	1.5666649509679544	-0.5085023524642054	1.4889146515775735	16875.720846421165
0.6576650238769091	0.2634660959448212	2.3034560700961606	0.09521748375937023	16873.77498354872
-0.32664369704802	3.6968909509733052	8.178001098536669	3.023499899186234	16873.048559433915
-0.15383989982601776	1.9883835135214483	-0.2516449411717616	1.8857389451109867	16875.590908927647
0.21564499142739635	-1.121081100676939	6.5310672328374295	-2.567581971420637	16876.553285477527
-0.025961810661669915	2.8470938022891445	-5.168272399300719	3.12150976362814	16882.475600420337
-0.06531092472594224	-3.3959232821075602	-3.5147781866913874	0.6465320798328236	16879.732536778745
-0.045600300012324624	1.5728305669743747	0.009545249420469304	-4.317854449326191	16875.238881918758
0.6227777097282043	0.32332070427748505	0.23492077051857052	-3.952781187166593	16876.450102744377
-1.096115185244308	-0.5445482971559557	-0.6794389500591365	-1.0038563147829223	16876.384563731976
0.9877886756381997	5.912913128789683	0.3295353070333391	-0.03423950908026541	16878.421699530867
-0.8187200341264074	-0.26868136186110547	0.733326389628175	3.2598067688178674	16876.49021105802
-0.18653677639653665	-0.38626637923011486	0.8946143000644184	-0.35988944040308013	16874.66958862332
1.0730233486084089	-1.324023810037744	0.03917305866636411	3.2883902832728324	16882.096818527167
-1.3472693057205518	2.896454366412023	2.5203276709125504	-6.265604546749628	16877.26847919412
1.4972219285946622	5.80933715320176	-0.22367018851201692	5.274340617636582	16882.162201468593
-0.9398689553216144	-0.5129310814333365	-0.34703068074365717	-2.104490430790989	16883.124983909627
0.3497267657244194	-0.0835104008077252	0.043620517554614935	0.8355113309593634	16886.08876622166
-0.12224090451434222	-2.4673519234170627	-0.06327921057415153	0.10580020262005974	16881.634926791372
-1.0593886082694013	-4.329546166113232	-2.648802927618874	-3.3212233505549733	16876.42356483457
2.3624795242349563	-7.287878108889309	-3.0430155432373027	0	0
-2.8433522921145666	1.6170844255474037	2.0647932249792404	0	0
2.0943136578398764	-1.544791101560456	3.61685220305894	0	0
-0.7915335248663595	-2.368908219809086	-0.13901915321746117	0	0
-0.916446276164514	4.655876627949162	0.25250851073423064	0	0
3.0418210069922935	-0.09710881083348255	0.05394702703921439	0	0
-4.0811581963349965	1.6337827148656103	-2.026303168218078	0	0
3.380122827524559	7.087848370196127	1.0498889313721378	0	0
-2.3950081088435127	-0.9356215022855636	-1.1549955909392935	0	0
1.2117893299030484	0.11083394800660784	0.7103770686290147	0	0
-0.01687540968923429	0.33023205147102885	-2.1767464456071934	0	0
-0.5290388531735815	-0.07908945609435847	-3.576529355254891	0	0
0.16830542794889425	-1.4390311371928064	1.703878240218259	0	0
-0.24172202079469685	0.5534652961806543	-1.3002663789319797	0	0
-0.4013612168241423	-0.5474556746894237	-0.49182095941417003	0	0
1.0524746537911653	1.2970451252029491	0.622529248828144	0	0
-1.0718602831729598	0.27231214141119153	1.1203202672563748	0	0
0.6442974922831795	-0.259995765439605	3.8821829283666602	0	0
-0.04659760603542651	0.1142490516971364	-0.38001904347066784	0	0
-0.20024050567619156	1.0189732705135626	0.12737829515148746	0	0
0.14001286845390126	0.42958366056562625	2.19349326785175	0	0
0.1241479204212581	1.3706705680870783	-1.5917413091449646	0	0
-0.7634131450762354	0.42836544646910113	-6.147328287128019	0	0
1.793961716208237	-0.6692863746717421	6.554532094153743	0	0
-2.5591713495223445	0.18143271277894257	-3.9262998530867605	0	0
1.8244549293420036	-0.36315152546343654	-6.729293165896891	0	0
-0.7876757426020404	1.0061742186640714	4.253866438620051	0	0
0.10762493338820178	-0.3571603157333243	0.2838783113164993	0	0
-0.07272298289285573	0.08968181007954001	0.2369841023972441	0	0
0.3199878749847116	-0.0025233820566015197	-0.18667192015364265	0	0
-0.35548033263794565	-3.836930773104541e-13	-1.7437149745688458	0	0
0.30318747799403667	-3.836930773104541e-13	-1.695484767855703	0	0
-0.7354999241375992	0.00957484996395408	0	0	0
0.32717347129536023	0.21631260571560063	0	0	0
0.28660252549455834	0.6300383000625089	0	0	0
-0.4040229614019921	6.062025185458722	0	0	0
-0.04115431067875619	-2.2535469826613124	0	0	0
0.16844225335654528	0.9487990027773492	0	0	0
0.44108450197428084	-0.3851133162617444	0	0	0
-0.666427116415818	1.1495008120886894	0	0	0
0.4320585104740786	6.427923934203861	0	0	0
0.3101563168811552	-0.4809277049965317	0	0	0
-0.8111221579228527	-1.6481601750606956	0	0	0
2.35832245449577	0.21762481133568912	0	0	0
-3.0254383513303793	0.3235157146045182	0	0	0
2.3627571437331056	0.21405821158970184	0	0	0
-1.519844025871116	1.8166338313411927	0	0	0
1.0301354554591882	-3.785717893403408	0	0	0
-0.35734449823420533	1.2854265745721989	0	0	0
0.31753964282283675	-0.6160468430417723	0	0	0
-0.2941383879610342	-0.17691880123539505	0	0	0
-0.23227212827894306	-0.8989197973128285	0	0	0
0.35797241330808305	0.3161925904129319	0	0	0
0.011282474712082546	0.003707795853038931	0	0	0
-0.3951124957690766	0.2359174490547744	0	0	0
-0.013812838878507705	-0.688038313314081	0	0	0
0.39394543741768473	-3.2618234240116095	0	0	0
-0.6069074388350799	-4.077798150923371	0	0	0
0.7771244451982966	1.3218560541587863	0	0	0
-0.7974072855998671	0.29941123510035084	0	0	0
0.5294470855791147	-0.14246184572404275	0	0	0
-0.19086766338181604	0.5946586524091515	0	0	0
0.025067134746571185	0.28322958754729655	0	0	0
0.08092654388987341	2.193947949179062	0	0	0
-0.17358882356010952	-0.17136353819933703	0	0	0
0.28582874556244775	0.002786262215245472	0	0	0
-0.2131957414350083	-0.5843881750169047	0	0	0
0.11186765090690898	0.5017033454987825	0	0	0
-0.031020350871521885	-0.026653891658860118	0	0	0
0.16517568916155057	-0.9942741971989122	0	0	0
-0.22835650748659475	1.7092083541394842	0	0	0
0.4190669632522841	-6.183631051508662	0	0	0
-0.6117130994980045	2.290201029281306	0	0	0
0.5902514321863777	0.7043291557817923	0	0	0
-0.26334078514417314	0.26518599180414526	0	0	0
0.028027863118843754	0.4246659186596915	0	0	0
0.3691773581186908	-1.0018556082909527	0	0	0
-0.5745563999390129	0.6577955631653793	0	0	0
0.7826944878259425	1.4322484982103418	0	0	0
-0.79221529362448	-1.187540221971183	0	0	0
0.43400662904649323	2.0937720934631514	0	0	0
-0.2817568229277967	0.08814720396490827	0	0	0
0.0601772478580358	-4.763942990909264	0	0	0
0.14414723593027645	1.3298375486595475	0	0	0
-0.19219401025789296	-4.366384444693921	0	0	0
0.0661240559323204	-7.643140325657271	0	0	0
-0.0330391894225599	0.28755343431006963	0	0	0
0.2226525604402596	-13.767594313419067	0	0	0
-0.18666866733904897	-0.9842516796771363	0	0	0
0.10752929534849898	1.9545040001698766	0	0	0
-0.003219450632450105	-0.7563569757678081	0	0	0
-0.000883692211665732	0.3363605490182735	0	0	0
1.9895196601282805e-13	-0.29399675334235553	0	0	0
1.9895196601282805e-13	0.44714665029169964	0	0	0
1.9895196601282805e-13	-1.8133243957832264	0	0	0
1.9895196601282805e-13	0	0	0	0
1.9895196601282805e-13	0	0	0	0
1.9895196601282805e-13	0	0	0	0
1.9895196601282805e-13	0	0	0	0
1.9895196601282805e-13	0	0	0	0
1.9895196601282805e-13	0	0	0	0
1.9895196601282805e-13	0	0	0	0
0.07192788476206147	0	0	0	0
-0.2740200382853857	0	0	0	0
0.01347587228420366	0	0	0	0
0.5423062992061105	0	0	0	0
-0.8090149961968933	0	0	0	0
0.6219404402224029	0	0	0	0
-0.5006347114610392	0	0	0	0
0.7154078924660681	0	0	0	0
-0.5957757969735198	0	0	0	0
0.10160137641037892	0	0	0	0
0.04677066920451978	0	0	0	0
-0.332982044050226	0	0	0	0
0.35888985155635567	0	0	0	0
-0.24007514156027554	0	0	0	0
0.4669557916120084	0	0	0	0
-0.8840549351402984	0	0	0	0
1.169586972756612	0	0	0	0
-0.9934718404210372	0	0	0	0
0.40790726585964165	0	0	0	0
-0.14404404957646477	0	0	0	0
-0.049465721498421544	0	0	0	0
0.2081267347804996	0	0	0	0
-0.13567889275287826	0	0	0	0
0.018357601004389323	0	0	0	0
0.31211107634309343	0	0	0	0
-1.1128544184906062	0	0	0	0
2.139993652091853	0	0	0	0
-2.741940141762207	0	0	0	0
1.9563986979452395	0	0	0	0
-0.606316710972834	0	0	0	0
-0.08992768771147297	0	0	0	0
0.3519549854621715	0	0	0	0
-0.20267275351736203	0	0	0	0
-0.07946540486799591	0	0	0	0
0.31352158839112576	0	0	0	0
-0.43964609752782025	0	0	0	0
0.39598615211594534	0	0	0	0
-0.15162210988816582	0	0	0	0
0.12985129991515265	0	0	0	0
-0.036063682896063654	0	0	0	0
0.08170467415247629	0	0	0	0
0.013225474917291535	0	0	0	0
-0.0026444898888868806	0	0	0	0
0.16640664430941854	0	0	0	0
-0.3968443847576282	0	0	0	0
0.6231957335376563	0	0	0	0
-0.6914243508299265	0	0	0	0
0.9049864209762575	0	0	0	0
-1.3214731136871478	0	0	0	0
0.9768022980136237	0	0	0	0
-0.6341296012676878	0	0	0	0
0.19696027940017302	0	0	0	0
-0.05424617358910666	0	0	0	0
-0.11347633708152216	0	0	0	0
0.17340241811236012	0	0	0	0
-0.10106105300590684	0	0	0	0
-0.017137442550769322	0	0	0	0
-0.03307874426508306	0	0	0	0
-0.08872719928920958	0	0	0	0
0.13109794183061751	0	0	0	0
-0.2802743547991966	0	0	0	0
0.1848425682498771	0	0	0	0
-0.14192063409927158	0	0	0	0
0.16846348954211265	0	0	0	0
-0.020593799546411162	0	0	0	0
-0.10376615518887178	0	0	0	0
0.07064551425164467	0	0	0	0
0.03569879992492986	0	0	0	0
0.01747345285882318	0	0	0	0
-0.023560683694867635	0	0	0	0
0.06767636713382075	0	0	0	0
0.09562055111284451	0	0	0	0
-0.9809545306047411	0	0	0	0
1.674437758710269	0	0	0	0
-1.866066276203881	0	0	0	0
1.2215615013950938	0	0	0	0
-1.1446581788173802	0	0	0	0
1.970752275975265	0	0	0	0
-2.4499929759516945	0	0	0	0
1.8431948216725615	0	0	0	0
-0.936929150241717	0	0	0	0
0.09064661759324366	0	0	0	0
0.4835437773550666	0	0	0	0
-0.5816092696176796	0	0	0	0
0.5950134037536472	0	0	0	0
-0.4013604988292343	0	0	0	0
0.18432305210309607	0	0	0	0
-0.2764717244849919	0	0	0	0
0.27970876673488476	0	0	0	0
0.2820383846325072	0	0	0	0
-1.1428058715928202	0	0	0	0
2.4152842140998914	0	0	0	0
-3.535980314930569	0	0	0	0
2.8375074262585045	0	0	0	0
-1.341464473328692	0	0	0	0
-0.3226774215473682	0	0	0	0
1.676904014866075	0	0	0	0
-2.09649983495391	0	0	0	0
1.361660941006761	0	0	0	0
-0.47497899409368927	0	0	0	0
0.13441403791017592	0	0	0	0
-0.3966204330826386	0	0	0	0
1.2224447005831252	0	0	0	0
-1.476422283788672	0	0	0	0
1.2455678457970265	0	0	0	0
-1.925637558389063	0	0	0	0
3.19274217904006	0	0	0	0
-3.1296971416163117	0	0	0	0
0.8337390885262153	0	0	0	0
2.103355074543117	0	0	0	0
-3.544797078722837	0	0	0	0
2.9846859760632327	0	0	0	0
-1.4056579900783959	0	0	0	0
0.29783796934188445	0	0	0	0
0.21688843989990403	0	0	0	0
-0.012017286572813646	0	0	0	0
-0.004234980859394	0	0	0	0
-0.04844135370375824	0	0	0	0
-0.27053275752227535	0	0	0	0
