0.013083815151340161	0.5176653740997352	0.8468917197529606	-0.16573505156455326	16878.60654437633
-0.3572352193571149	1.8656956670394464	2.63602035226414	-0.6175954228252039	16878.703340342654
0.24729027412883653	1.0543165556983354	-0.6418562090335058	-0.4591846637287631	16878.270395453295
0.07028038815995785	-1.2140803015320287	-0.3372813611182863	0.42063933278167553	16878.591450730215
-0.1782812372554119	3.0538085526597527	1.5092489203113644	-0.8229599117290718	16878.45131429503
0.4002276627755208	-1.3059777525886886	-0.2854993961542931	3.608349238982413	16879.44709148722
-0.5783502659682043	-0.053568699659471974	0.4305122440714655	-6.602773214453549	16880.534460313593
0.0914113212219334	-1.0636933181734847	1.1766108914512472	1.0727474949054	16877.409208901376
0.6051142739241158	1.1661211613235167	-1.0551576324546375	-1.6975168166413113	16880.906121810498
-0.10181938560522497	2.021515473159603	0.5815494416699636	-1.6778514387317927	16885.727327492077
-0.30488076327512204	-2.8537375937106972	-1.2735420375927333	0.9941938675773798	16888.939542636013
0.12008075704184051	0.4433929270949264	0.29805861872182504	4.591392011674401	16890.88231498273
0.1909094767604813	-0.2958111921773039	-2.6564884861005282	-2.2749486939760573	16894.931129668847
0.37683962782039515	3.057797293979476	-1.230259078708258	0.26868326825946554	16896.888083241898
-0.6882407171031844	2.4553696196769863	1.6352457053777556	-1.6096116452258116	16898.766892473668
0.5609266516649498	-1.6367330674753617	-1.2290868122183554	-0.9437876949610029	16902.3747659828
-0.7254000932679645	1.8613543928665095	-2.503643874990942	1.3255353695013241	16903.827226000365
0.9494156758664403	-1.9723302724189224	-1.6880295218425516	2.4680068122398495	16905.611624187964
-0.7620390640453891	1.7407754693099946	2.7041072501037036	2.4195643902114483	16901.24832996737
0.9139112166566434	-1.5921242908592745	3.4001105767062114	3.655163499921187	16902.35496001649
-1.479275930772289	-0.20156873588250335	-1.0188161856090687	3.7205782413938806	16902.149297475546
1.4359565439693043	-2.5020217489152543	1.6587191086585449	-1.386503265065599	16896.31388051207
-0.5697241896616632	-1.4192606110642743	3.6059182430992536	-0.060412913671513024	16894.64182258089
0.2700415223275172	-0.9568821816308741	-0.8522210947619442	2.677341660994202	16890.31524557885
0.47397732764765266	-2.6717612562170245	4.03159939260847	-0.9055930158814078	16886.360374558295
-1.3601433869404147	0.4716009470389224	-3.5066699577392484	2.5583882613632483	16889.059193607918
1.809418163753719	-1.0022092260539353	2.5559444456166034	0.6096564389662689	16889.7392217158
-1.0527625364514464	0.33216770125115147	-1.6721584246834738	0.416471215208702	16884.509605337214
0.4220901440514808	-0.3836949249461341	-2.653748098071503	-1.0660238982964643	16886.82268425122
-0.11822171511523294	-2.637325344163834	-2.2124172967509423	-1.3231790471739515	16887.014969529326
-0.14607503977672565	2.1299337859902394	3.333140227703794	2.7096273999792686	16883.118946955095
0.32938017448481105	-3.100526907066154	1.3015882147399367	-1.052126406344101	16884.108054560733
-0.009980830375454275	0.5848474928861691	0.925550421026756	1.9277052158581967	16886.20409285397
0.3679978639463428	1.2289070881221562	0.9375903116598465	0.32033935568249206	16887.19248723182
-0.8426767653550513	-3.946874677467477	3.349259867719738	0.9447819914924054	16887.66203529218
0.5299356793331	-2.6233571942793503	-1.9537678718745752	-0.34235735097001907	16886.428139646683
-0.43600832226979946	-1.0590744994933559	-1.7551227977464805	-0.9447832546378123	16887.06659400462
0.5983533786819706	-0.6020506051387144	3.6923671606561754	-0.5800267384515649	16889.2441891344
-0.6139333982453508	-0.9523730711335148	-2.407478338458361	0	0
0.1685991047208475	2.3030747204654602	0.22275479804567055	0	0
-0.26017629530679187	-2.672590976616661	-1.1887906888278224	0	0
0.8196949641080451	-0.25155214171241624	1.621944524462677	0	0
-0.2511475775164911	-0.28427447919458615	-4.170416075084987	0	0
-0.4773305900401823	0.5266067741134108	0.31571246128203256	0	0
0.8539962579119518	0.8521508880963466	-1.074092143709123	0	0
-0.9675988507724966	-2.2905968249082207	-1.3132732497999058	0	0
0.8314399356204092	0.672408056119373	0.11396441237305055	0	0
-0.0691620670458235	-2.1444916329226302	-0.024062672621354864	0	0
-0.7525270627320921	3.2096545980205633	0.575160838945294	0	0
0.3764745576022648	-0.15684722267554463	0.9896564017980296	0	0
0.20362955198105226	-0.4024131107553188	-2.1525796451282986	0	0
-0.023279154705306837	2.834149114734764	-2.1201314068791106	0	0
-0.3097442397958261	-2.660456497897705	-3.0532472248877838	0	0
0.04908996121803	1.5048547569099568	0.9748218993506299	0	0
-0.04587503740307142	-1.582488820354122	-1.760705185482223	0	0
0.6776696881883879	-2.995487232908296	2.0782230399245236	0	0
-0.9445353353546793	0.12875072163198809	-2.8383805167703287	0	0
0.9253696033415082	0.6641157911872213	-1.4873169218899989	0	0
-0.8877106239328967	0.9354648407454818	3.1453065482079836	0	0
0.49920931988468453	-4.050543205405873	-1.5425277493321659	0	0
0.1865522502666508	1.2819898498253934	0.7399537556244269	0	0
-0.6404688533107219	-0.48466154271228845	-0.44618788754837624	0	0
0.7480986738931676	0.38161713417152754	-0.7589241377632732	0	0
-1.224070751202504	-0.5303227083048796	2.7453829287536564	0	0
1.7535495396919458	-0.30959731266410984	-1.5397468953802047	0	0
-1.3470699497479472	1.0526461484188303	3.53188810763109	0	0
0.9491306361241953	0.22077908352233777	-0.8113146121300474	0	0
-1.0869250265906842	-0.37273378061745177	-0.11459195200646377	0	0
0.6465777994581217	1.6322627431236683	-3.0152757209156817	0	0
0.13306557988376966	0.1514306533633203	1.7492582115303321	0	0
-0.4129246450894186	1.4588169869409526	0	0	0
-0.05777801008468941	-0.22752208101509552	0	0	0
0.10148821208514391	3.7818229200130986	0	0	0
0.0349522414696537	1.5183675192129726	0	0	0
-0.11063525502363802	0.6831628698746712	0	0	0
0.624151546705427	-0.8834263474993946	0	0	0
-0.8767704443539017	-0.15104609047384088	0	0	0
0.38579370523737566	-1.3759352460756062	0	0	0
-0.3610680859500732	0.8160002146818925	0	0	0
0.9697790205787555	-1.0008116477225997	0	0	0
-0.631425216503466	-2.278243933835782	0	0	0
0.0482987053572117	1.9862763505009866	0	0	0
-0.4313889141814542	-0.5916097977184975	0	0	0
-0.039084218793803416	-0.6543858472619277	0	0	0
1.0592481470427657	1.0184216008757971	0	0	0
-1.5177349036241452	4.730980115324982	0	0	0
1.399962839504333	-1.2912559428225805	0	0	0
-1.6842664885532272	2.133605167015091	0	0	0
1.5995395560581187	0.8000493504323956	0	0	0
-0.8031794791062694	-0.9365078013418611	0	0	0
0.9971559034886184	2.82742230402625	0	0	0
-1.6092863326316973	-1.2589169126286563	0	0	0
0.9577093117644537	2.0124441587821096	0	0	0
-0.13025496194561725	1.0371992990929968	0	0	0
0.24187563312550253	-0.9346577262620812	0	0	0
-0.6158887635784325	1.5803150929715244	0	0	0
0.3826955809157724	0.6149931141033989	0	0	0
-0.08907005789788514	1.847200371329464	0	0	0
0.07955014865965637	-1.7992530580891284	0	0	0
0.12595555854145601	-3.0844402589452358	0	0	0
0.0329145325854725	1.8066517804098297	0	0	0
-0.6828329602373557	1.3515441953541796	0	0	0
0.37772577031513777	1.088921380243292	0	0	0
0.6856754010008785	-2.068716476977592	0	0	0
-0.7274894699947723	-3.004134159257312	0	0	0
-0.25946669920832477	-0.03220744303047951	0	0	0
0.6377439510630438	2.4777086918776874	0	0	0
0.010635944308965861	1.8760774376749652	0	0	0
-0.4465700593471382	0.774240421870644	0	0	0
0.8585217966495406	1.6606899864509757	0	0	0
-1.049772762903224	-1.4137278644930404	0	0	0
0.7259740626930764	-1.4700097574792252	0	0	0
-0.1026840682948631	-2.1612177159396992	0	0	0
0.09444995947623624	0.15162777648968273	0	0	0
0.08589474723534352	-3.423576046542408	0	0	0
-0.6724616102604486	1.200963816940373	0	0	0
0.6873809717018702	-3.134749340980342	0	0	0
0.35149935274893096	0.21625920986788572	0	0	0
-0.4097773998458365	0.09993802098900773	0	0	0
-0.13287068985321326	-1.5802362494252975	0	0	0
0.21423428118066568	0.9608368978625705	0	0	0
0.08705815697350516	-2.2340496154080967	0	0	0
0.3251237490523451	0.9824370786739323	0	0	0
-0.4528962502101308	-0.2725781772861495	0	0	0
-0.03333979954325628	-1.8629855569639702	0	0	0
0.17140301326343632	0.8345754011256332	0	0	0
-0.099601925980501	-3.3202587967215322	0	0	0
0.07596219509295565	2.355837153146645	0	0	0
0.3577117075649383	-3.8110796924673593	0	0	0
-1.0366974541477774	2.1862202113489744	0	0	0
0.8588805132885255	-1.6744250329735024	0	0	0
-0.18119672072479176	3.5638566374047187	0	0	0
0.2618745620787877	-2.435672777092961	0	0	0
-0.12234063017919539	0	0	0	0
-0.14680165527776268	0	0	0	0
0.3926957171857808	0	0	0	0
-0.5151635118677973	0	0	0	0
0.39111545646727564	0	0	0	0
-0.28754151030268105	0	0	0	0
-0.21892922715801433	0	0	0	0
0.395742190802423	0	0	0	0
0.5025220223870548	0	0	0	0
-0.9941028526561126	0	0	0	0
0.22842237187946068	0	0	0	0
0.12065108440464911	0	0	0	0
0.13942513583464944	0	0	0	0
-0.02878044083963971	0	0	0	0
0.2559048641495423	0	0	0	0
-0.949100512756182	0	0	0	0
1.1295481672678278	0	0	0	0
-0.33135431019119466	0	0	0	0
0.027519961331996967	0	0	0	0
-0.1896059092382032	0	0	0	0
-0.1152104678785335	0	0	0	0
0.5334890505151151	0	0	0	0
-0.37145740378514347	0	0	0	0
0.13423858572870984	0	0	0	0
-0.06666913298293764	0	0	0	0
-0.8067527779922372	0	0	0	0
1.640078111651171	0	0	0	0
-1.200888194296347	0	0	0	0
0.06882014118261282	0	0	0	0
0.28053310498476947	0	0	0	0
-0.48328749479186683	0	0	0	0
0.5270036403906033	0	0	0	0
0.12116618357638487	0	0	0	0
-1.2003849822196386	0	0	0	0
1.808426679688317	0	0	0	0
-1.5988903129934613	0	0	0	0
1.3257809182785323	0	0	0	0
-0.8252780908002109	0	0	0	0
0.08458746956488739	0	0	0	0
-0.10845468822299864	0	0	0	0
-0.144807523696592	0	0	0	0
0.5892700608025336	0	0	0	0
-0.6373390620386985	0	0	0	0
-0.2630999950467938	0	0	0	0
0.5578719873136748	0	0	0	0
0.025473939065193463	0	0	0	0
-0.20484276884988617	0	0	0	0
-0.4266107345326091	0	0	0	0
0.5048292594075292	0	0	0	0
-0.7176283830192887	0	0	0	0
0.9075873529833345	0	0	0	0
-0.5546548286733071	0	0	0	0
-0.21385043677177862	0	0	0	0
-0.08651036742400464	0	0	0	0
0.4562470033879933	0	0	0	0
-0.19396550352552566	0	0	0	0
0.20236403389365876	0	0	0	0
-0.6219878057306474	0	0	0	0
0.5137215552303616	0	0	0	0
0.10343195947056927	0	0	0	0
0.12704022761386824	0	0	0	0
-0.475759245865099	0	0	0	0
0.5710732423382723	0	0	0	0
-0.8258705719461972	0	0	0	0
0.7628868656283387	0	0	0	0
0.2180204561769088	0	0	0	0
-1.1973555278977415	0	0	0	0
1.1564006010310806	0	0	0	0
-0.9338155039611493	0	0	0	0
1.3810118040476382	0	0	0	0
-1.1064066305342166	0	0	0	0
0.14970779030856107	0	0	0	0
0.14664127308987673	0	0	0	0
-0.15051389912014912	0	0	0	0
1.0257911534381776	0	0	0	0
-1.4259752655396127	0	0	0	0
1.056393047394458	0	0	0	0
-0.8893844432795248	0	0	0	0
0.8076796969037829	0	0	0	0
-0.2739495651538135	0	0	0	0
-0.2557740115171683	0	0	0	0
-0.2058823707716968	0	0	0	0
0.7674029732543985	0	0	0	0
-0.5319486037217658	0	0	0	0
0.5369851308061655	0	0	0	0
-0.6576261206280023	0	0	0	0
0.5649670386621892	0	0	0	0
-0.37051063045805677	0	0	0	0
0.4988772176092411	0	0	0	0
-0.6724520153826816	0	0	0	0
0.4888531972808394	0	0	0	0
-0.34603165716435313	0	0	0	0
1.1548162262947983	0	0	0	0
-1.564692831822292	0	0	0	0
1.7572610534965918	0	0	0	0
-1.475429536778897	0	0	0	0
0.7312390903417736	0	0	0	0
0.12530867428600345	0	0	0	0
0.09789294585444708	0	0	0	0
-0.6218723815342599	0	0	0	0
0.19913797830783864	0	0	0	0
0.5632009686227804	0	0	0	0
-0.3745017450083097	0	0	0	0
-0.16550477201384695	0	0	0	0
0.21590551793874369	0	0	0	0
-0.1669823487301514	0	0	0	0
0.022053059897579885	0	0	0	0
0.7678656628891503	0	0	0	0
-0.9504841521430478	0	0	0	0
0.555881257607318	0	0	0	0
-0.38365605018800863	0	0	0	0
0.7987279379688772	0	0	0	0
-0.37043165791835264	0	0	0	0
-0.7940676272528364	0	0	0	0
1.1483274731265212	0	0	0	0
-1.2208564112550775	0	0	0	0
1.591679233421054	0	0	0	0
-1.552019627634202	0	0	0	0
0.7926929757984809	0	0	0	0
0.10308662918345135	0	0	0	0
-0.24221290795687622	0	0	0	0
0.03704580170700211	0	0	0	0
-0.08091492811938394	0	0	0	0
-0.04871353015939661	0	0	0	0
0.19119701260454747	0	0	0	0
0.033357730060565416	0	0	0	0
