0.06932458087646154	1.0929056798195589	-5.5795234036546475	0.24668486064106787	16865.413572256686
-0.4024269592560188	2.8810771058801166	-17.559273961394823	1.66767111093003	16865.228962609155
-0.797258471278461	-1.805608525385658	7.566805359304155	7.849749627083298	16867.905320168007
1.802545192489191	6.842901371935824	9.763304298087235	-10.335889134691783	16864.395071630788
-1.191739454011099	-4.074325370507367	-0.8366163633875345	8.554582822283336	16872.491822327585
0.9801899033630121	-6.738066174177661	12.824185069625557	13.31349481341124	16842.364214191795
-1.3174264211083369	2.9953974808831205	8.043454599358668	-16.648192722459925	16803.22274743254
1.2197983624345383	2.1472351726310634	0.353713546341865	6.717303002908736	16798.99570891878
-1.5922652866221867	-1.937905107542612	0.76021836201528	11.065576970818938	16840.733724091173
1.9460014502550393	4.564752600058405	-5.591808942024613	32.32299896384225	16844.57097901914
-1.7386024032140739	8.08610572729696	-0.25147328458417917	4.450114387149199	16865.5890696055
0.9265215114202618	1.2573357051753078	12.30398673321325	-1.6885738752309862	16809.70660765086
-0.5578492738611516	3.7470932269010717	-6.041537693134117	18.238055475979948	16861.820987355415
1.4525542668534968	9.214426740768992	28.916326163877713	34.642179379500874	16822.203666398615
-3.160700888988181	-3.689178217016341	-6.994411198470971	-32.71046335804856	16864.45982103471
3.3191817591919985	6.6916627287800665	-27.337165125560205	4.3079552731622925	16878.85350319108
-2.0541000433240626	1.3122943724681022	13.842444536845221	6.982372014525296	16901.962191534218
1.5410925946503014	-2.2792446433753994	-7.631954014217214	-0.9476333837582729	16824.0599351434
-1.6032605284702228	-5.662026720124345	-4.073048334944062	27.781197330778312	16823.161840920904
0.7179239094792038	-5.317549827564413	8.227344841088566	5.072156444441731	16909.41839486867
-0.612392165584204	11.196222012978971	-10.975933456983782	1.453433406210337	16608.638407999635
2.6167627821627093	-1.4960050362583601	-8.485513272132138	1.1449357874905246	16615.49681102695
-4.565201501819303	-7.902270734788303	5.571907797988516	3.5255077468223135	16677.913966853917
5.075489391004531	4.545086876077619	-13.535683295858433	-33.66768476380135	16643.859278136595
-4.034336557398703	-0.4886884752603038	11.659017894217769	4.914894075799225	16658.704803393586
2.329652917014826	5.14518500162724	6.433702416912837	-26.86930932646669	16735.686921270237
-2.2257513960313418	11.533532686397969	-8.330093508571565	-37.217105452892994	16828.02027911586
2.7150749262471123	-11.440543725188455	9.425431657835404	4.010932424992745	16965.077849762078
-2.5258199153012058	12.658271168923228	-14.394407710184552	-1.2165011327565338	16956.871404539095
1.5696265083245038	1.7572609858814516	-3.0755100362520125	25.501723040381904	16895.8703231658
-0.26565734486304393	8.254387120410605	6.6461793514034895	-31.682668097088566	16899.760574360713
-0.10485368327685052	1.3939575175461982	-6.466528085049276	-14.184044226315507	16861.977076180192
-0.2249596018318769	-1.9674570545289072	2.190270420937452	0.803988653926524	16886.29446725492
0.3638869790494397	-7.421636016672053	11.048252996811158	-35.895988333456216	16929.08260113513
-0.5198097276975631	7.30898816338771	33.663726997900014	11.162727044425878	16880.167290074914
1.3588875200854602	1.5152468768447136	-7.475771776013289	-3.284422549976327	16875.888306452165
-2.6482374673489275	4.138895457542382	0.6895772528351358	0.565479472687926	16858.21709482487
3.6579797514704424	6.950586549319539	-5.193796369308785	37.59645764738751	16866.52688588164
-2.682043877090379	3.085215351244692	6.415453878578845	0	0
-0.7618972155864299	4.51540371850885	-13.793946885098535	0	0
4.0632166245923855	-7.82483361751077	13.616341485879587	0	0
-5.587519277209765	5.015969425252521	-14.761850666048517	0	0
4.660030346543756	-12.040541690134312	8.858129324854389	0	0
-3.669360147306108	-11.93172433091658	-6.593971366049374	0	0
3.9905488038033425	15.072048346330256	-22.059262537312904	0	0
-3.3384350667936715	2.9955253151849988	7.84931139887432	0	0
1.581655412971152	-0.4649609842605713	-11.148983358929996	0	0
-1.1757564321751417	-9.196988747956397	13.698073717266496	0	0
1.0917783877926368	-2.7153526884424295	-7.239911433616243	0	0
-0.5053825000689685	-9.76434206349797	-8.489362451528578	0	0
1.4282585265342576	-3.0067092989617663	3.443970307576592	0	0
-2.414283906883057	3.9528951547202595	7.144833313184122	0	0
0.3151375363152624	7.615690185637476	4.9914116066264995	0	0
1.4020150555468405	7.746752936426638	1.623178074472051	0	0
-0.7862462227178426	-10.140040950395559	-7.404258877274671	0	0
1.7637542527565344	10.127530926411367	0.1121526104661541	0	0
-3.7351893838825703	-7.719521476879876	0.2420989166427603	0	0
4.0207984984172285	0.47649947572231355	0.049899801183201475	0	0
-3.245281147262318	-2.3081430086233254	3.1524608087441806	0	0
2.151886115975941	-17.216471536442796	-3.500969524133353	0	0
-1.930551794240266	8.779251073775747	18.45480980385166	0	0
2.9809581463617434	9.888341927236524	-4.439751436921881	0	0
-3.316251214071656	-9.722844434280049	-8.125882587253585	0	0
3.682591622915119	11.51501550508332	-4.329355317706529	0	0
-4.207915151841881	-16.925993368721485	11.975171630546157	0	0
3.082392275069111	17.32668238103961	11.084340586133948	0	0
-1.1825658947181097	-5.045682755784661	-5.323827679490179	0	0
-0.04620642174702283	-16.80323277893732	2.2867255256265224	0	0
0.3307557522878426	9.667952505199509	-13.800655924973725	0	0
1.237167888400883	-6.417723131409396	-7.035748284845582	0	0
-2.321722155232443	-4.726271747474762	0	0	0
1.695274361689421	1.7959094407424985	0	0	0
-0.06436640939100613	7.072009311229785	0	0	0
-1.5271814466601086	1.5485197822562213	0	0	0
2.0592914236068154	4.018756045220179	0	0	0
-1.1880398164682902	2.7350155261065368	0	0	0
0.8688437267699882	0.5924637453162873	0	0	0
-2.3321871011149966	-1.7994755403284728	0	0	0
2.9134594858200202	3.6048548629298907	0	0	0
-2.4034385734700834	-1.1644877437664718	0	0	0
2.4275170745958548	-4.731137356603	0	0	0
-3.2088964376390123	-2.600608788867575	0	0	0
3.161858554236076	-1.7572557209965538	0	0	0
-1.5261287604606082	-1.0631635308229406	0	0	0
-1.64114687045263	7.442728397502933	0	0	0
3.845878112567739	-6.932674248436172	0	0	0
-3.377124935556857	10.333661061693313	0	0	0
2.1815023129865523	-8.693686716405445	0	0	0
-1.603668055104258	4.349043953806991	0	0	0
0.42982361121971024	1.939694006096616	0	0	0
0.4234881662573997	5.970407695078912	0	0	0
-0.8955018009943672	0.6961209605255902	0	0	0
0.9296068442151153	1.3007438987342184	0	0	0
0.5632705163593599	13.095327994274385	0	0	0
-1.0848849028492609	-4.900989600549757	0	0	0
-0.32508571935554187	-0.16934732454159018	0	0	0
1.1862919222445214	5.635462435142287	0	0	0
-0.3567416872863305	-7.6599432915691565	0	0	0
-1.1842479247843585	3.187367284430252	0	0	0
2.523471637774591	-6.809472563670376	0	0	0
-2.853313400062767	3.51742360160992	0	0	0
2.322943864905639	-3.264503514617587	0	0	0
-0.8881294103330291	-0.4161102620708519	0	0	0
-1.2434965711594117	11.254798053837256	0	0	0
3.2357167710997103	-13.300074431465134	0	0	0
-3.59071631124273	-2.955362115423547	0	0	0
1.6864668855713987	1.2340376679038059	0	0	0
1.410541024035048	-3.651768397441387	0	0	0
-1.8652963216279446	-0.3871785342503884	0	0	0
-0.6635662850245083	6.109674319374307	0	0	0
2.205714076160895	4.1877429696298805	0	0	0
-1.3473695332058284	5.366887179458686	0	0	0
0.23154168734247804	-4.454112557783176	0	0	0
-0.09796929102310514	16.794924404627658	0	0	0
0.7510738114320716	-11.69277881705294	0	0	0
0.0045705949788725775	0.663881494840652	0	0	0
-2.8235549826481616	-2.3608092123416284	0	0	0
6.0766678776636525	3.648750235788704	0	0	0
-7.000130349459795	-3.0330186046769256	0	0	0
4.942309917014725	-3.624496239103827	0	0	0
-1.3414020201335077	-2.1980147270827004	0	0	0
-0.7477862666903263	4.339579483195067	0	0	0
-0.7835631185730492	-10.751364867721428	0	0	0
2.371801775138721	3.894986063843895	0	0	0
-0.6370982803271872	-2.7690615110531454	0	0	0
-0.40992530068933775	4.470449098534573	0	0	0
-1.603653627150429	3.072210712891845	0	0	0
2.4746036188725995	-2.3988641317706865	0	0	0
-0.023186196801404435	2.1550485082960975	0	0	0
-2.1894331135323526	4.32755985718056	0	0	0
2.6118894663960006	-6.459136831018192	0	0	0
-2.8543576797672756	0.8669789149265839	0	0	0
0.9494255999033143	-0.04495626816439113	0	0	0
2.5188673539928743	0	0	0	0
-2.95023519892154	0	0	0	0
0.9678612269461411	0	0	0	0
0.05019584522320031	0	0	0	0
0.13566099009315735	0	0	0	0
-0.9730505528314595	0	0	0	0
1.2992672207868523	0	0	0	0
-0.8397950070809515	0	0	0	0
-0.7279054846480619	0	0	0	0
2.9177430438476435	0	0	0	0
-4.259621060880917	0	0	0	0
4.567785371176598	0	0	0	0
-4.463368418576437	0	0	0	0
3.7505661482744515	0	0	0	0
-2.400675832544273	0	0	0	0
0.6367913458548387	0	0	0	0
1.4824340658315123	0	0	0	0
-3.354186143918078	0	0	0	0
4.648483044621408	0	0	0	0
-5.088742643645254	0	0	0	0
4.954938803257505	0	0	0	0
-3.9656025078414316	0	0	0	0
2.500874013287742	0	0	0	0
-1.7130621641684982	0	0	0	0
1.147102957811967	0	0	0	0
-0.8599677735787168	0	0	0	0
1.1227339675895394	0	0	0	0
-1.1088617197978436	0	0	0	0
0.35637415863609334	0	0	0	0
0.7146102668307464	0	0	0	0
-0.8657227840824859	0	0	0	0
-0.39360570470363854	0	0	0	0
1.3300670919917224	0	0	0	0
-1.2145920731921294	0	0	0	0
1.5310266163894042	0	0	0	0
-3.067850120547554	0	0	0	0
2.460017616027514	0	0	0	0
0.6974361482292366	0	0	0	0
-2.4612482320159685	0	0	0	0
1.4516547624944423	0	0	0	0
-0.23817156406059325	0	0	0	0
-0.3060579145352662	0	0	0	0
0.6519270595206308	0	0	0	0
-0.9512424666559696	0	0	0	0
0.8854436075155903	0	0	0	0
-0.6393681715454775	0	0	0	0
-0.20784820873203813	0	0	0	0
0.5011546826494282	0	0	0	0
-0.12858155466596344	0	0	0	0
-0.8905033549417993	0	0	0	0
0.6371988327000366	0	0	0	0
1.1538450343319937	0	0	0	0
-1.847107646051164	0	0	0	0
0.6031204977163398	0	0	0	0
2.6578512820240263	0	0	0	0
-6.231278063784558	0	0	0	0
6.596655932229105	0	0	0	0
-4.624892481283773	0	0	0	0
2.9113756089831426	0	0	0	0
-2.2397599173698595	0	0	0	0
1.9912266835217949	0	0	0	0
-0.5089397026129845	0	0	0	0
-0.489890204510111	0	0	0	0
0.45842284081826534	0	0	0	0
-0.011225118136593437	0	0	0	0
0.15032700177847858	0	0	0	0
-1.456260056041927	0	0	0	0
2.3154150469980976	0	0	0	0
-0.9298555293461561	0	0	0	0
-0.5744618624260056	0	0	0	0
0.07761522950359279	0	0	0	0
2.7090037399836646	0	0	0	0
-3.9372808447884537	0	0	0	0
2.129414724585075	0	0	0	0
0.8485583442231928	0	0	0	0
-2.647541722884192	0	0	0	0
2.2456107750484477	0	0	0	0
-0.1873946538541631	0	0	0	0
-0.9806645934252245	0	0	0	0
1.2448682612567552	0	0	0	0
-0.38709615613389303	0	0	0	0
-0.43894306477976386	0	0	0	0
1.6069699304517187	0	0	0	0
-2.223896705157401	0	0	0	0
1.7194585925480297	0	0	0	0
-1.0343229962912588	0	0	0	0
0.425293267041404	0	0	0	0
-0.1679419278276555	0	0	0	0
1.1216174907550283	0	0	0	0
-3.885564157234036	0	0	0	0
5.398655467700621	0	0	0	0
-2.804200105326231	0	0	0	0
-0.8502319310409732	0	0	0	0
2.0227389918697227	0	0	0	0
-0.8571406287951575	0	0	0	0
-0.22920337982125005	0	0	0	0
0.2455628453458516	0	0	0	0
-0.40789866960158605	0	0	0	0
-0.15093952925989385	0	0	0	0
2.072537884295599	0	0	0	0
-2.586165465649181	0	0	0	0
2.3725213753466576	0	0	0	0
-3.0574907337732284	0	0	0	0
3.1515334509386435	0	0	0	0
-1.3950118033619319	0	0	0	0
-0.6205688309234816	0	0	0	0
1.9110485186691122	0	0	0	0
-1.2318378739606857	0	0	0	0
-0.3995900161132795	0	0	0	0
1.0483672817027312	0	0	0	0
0.35862340755718947	0	0	0	0
-1.6798306808793981	0	0	0	0
1.3385268710075948	0	0	0	0
-1.1840160396093538	0	0	0	0
1.4055748800575003	0	0	0	0
-0.27347239134849843	0	0	0	0
-0.9571296688341846	0	0	0	0
1.6869772002307926	0	0	0	0
-2.3149092329539656	0	0	0	0
2.4609779384723183	0	0	0	0
-0.9053783268626248	0	0	0	0
-0.48529087559090556	0	0	0	0
0.8609237426679357	0	0	0	0
0.08752435128982228	0	0	0	0
-0.9231968973987819	0	0	0	0
1.0423658527110078	0	0	0	0
