0.21606762882563402	-2.4797813634454684	12.380600814095814	-0.6561148574677702	16823.1970214902
-0.03578363537518214	-6.150285604516526	39.2698748351107	-3.940023267276601	16822.820145601145
-0.4256862773240826	7.918446342028993	-13.17184873179535	-22.611376100112665	16816.27121104529
0.07446517595176516	-17.868954804951116	-4.353261177739512	26.21265812902996	16826.014896357014
-1.756137603557626	-3.346856242239923	-16.656669593669164	-8.186352320742316	16801.91100038025
4.259487836182359	13.467241299776347	-11.213335012065414	48.168962265216095	16893.155646831423
-5.434438001308287	-18.977694451202197	20.67075281080416	-20.362530405982923	17015.52098943553
4.418308466780815	5.413099430379447	5.0248563232573815	-1.727341800850695	17064.77932048663
-1.1837662648532685	-13.131272206725235	14.0911525617134	-4.116562268678138	17126.123003682707
-2.8846674260724754	11.317921494929436	11.270988956065153	-5.984279676027626	17063.141032855372
3.752234300921373	3.7376585989145568	-27.557398114412834	24.08998110444152	16947.998741843767
-1.1666959089488103	12.86173869618581	-27.945609497393733	-12.539384907183887	16963.640416725884
0.36989751976091156	-11.520606871093761	29.597817961831495	-6.714451927920933	17012.60891760813
-2.3285734985453743	0.4324648337872503	10.680784671774788	15.490284633768951	17071.19782117121
2.220612349285773	-5.156898974831215	-10.776039157760934	-15.773039423793364	16937.678085668012
0.384637334885106	-3.370145495843275	3.144731850689027	47.9290217075805	16902.55080499558
-1.8907408234530863	3.8214288876698532	14.215763428044227	5.4775381860531525	17082.008083648507
1.4997074714575191	-13.40859690049382	9.407734361779802	-12.29331996047847	17059.283718282255
-1.2647129118930778	2.368337470739874	17.021570104175694	4.511416152184424	16916.181753693636
-0.9626699762009707	1.7128605463844337	-3.1639993496898313	-20.69682643381516	16842.95375007398
4.847303519802722	-3.1401416403632183	12.210931389501198	17.152860248648892	16890.55225468665
-6.128604510189703	19.34300701227074	-23.61246503650095	-41.2155947859022	16897.769333272267
4.606313379187455	-8.702362124363162	-20.053727753777025	-28.868050308500145	16946.460888271136
-2.7388979666038864	11.10311315703484	-24.53150326767731	-27.65923405051788	16997.002446946004
3.039096062331197	9.47153829250702	16.49323036455735	-2.572696743273994	17204.02360160898
-4.035848475964187	-8.960186702150814	-12.193267938099083	-23.27995261372746	17252.25180093301
3.5861648634564105	1.4076418932653993	-28.717500931542517	10.552219332060702	17203.38265486062
-3.8106404011158688	-3.0796583265767836	-5.130396282452722	12.432453462603974	17006.083423720152
3.696186265610237	2.4216701603493433	0.31759812433234913	0.0649065469908976	17009.993812914778
-1.0885538621472435	7.723403080252417	-31.9159965863072	23.00160483785639	17090.26232121238
-0.16212144458401667	12.120412594873137	-9.549359645924525	8.776844759364224	17118.72246192842
-0.015248938346054786	-10.998162414149675	-27.184852982354812	12.57796075058593	17112.909139985855
-1.0486871018645658	-1.9285106043288707	20.505912464175438	-18.44413405007637	17038.345061336797
2.160512376302087	5.818794022859976	4.318545254189743	-6.8671295762905515	16914.819854949117
-1.3643280119088175	8.290106567516943	-73.99520862195865	-3.7643436737710942	16859.954150812082
1.525406614583055	0.08318496249438567	-8.639906187367117	4.401749745324352	16903.07250404165
-2.8649280897244083	-7.034502901650093	27.581873182528966	2.62511047976254	16795.903698415073
1.7704702371311924	-2.464337294588674	-4.738872550852136	10.239234058470217	16731.07623175
-1.2178686154119163	-3.184233476134814	-0.5553828285381712	0	0
2.8241813336901416	13.777312015232148	-22.540534705185564	0	0
-1.9818153663503466	-12.497845471207903	10.569998983919362	0	0
-0.009629978863600286	18.529008903940145	36.8060112125216	0	0
-1.0968519593335557	-4.0479074546968405	-0.5395825588987151	0	0
1.7886994908741656	-10.931232806755112	-58.144099281837114	0	0
-0.16594922732937079	-17.58567965716962	32.02904843595739	0	0
-1.4155305194790344	10.219255319567843	3.3115016633509526	0	0
3.2928782257482325	-9.226435651977674	-20.976233067796244	0	0
-4.40789448200325	0.25058957828188966	34.48749049398744	0	0
3.229589417627224	4.057358669048966	5.933075028846332	0	0
-1.4671417549471073	2.646787409376792	-0.013530777567297037	0	0
1.2280638770826613	4.659736175591448	-27.355275070805803	0	0
-2.1126776519301274	0.5558005453634962	34.95500073767988	0	0
3.032949139464101	8.75493521789204	-2.6098503493338256	0	0
-3.166534165676488	-16.13169153219156	-9.215829828328296	0	0
2.702197984492585	-11.450621343815357	-0.47407563728734203	0	0
-2.376903633016042	6.957333042107521	-24.83605954945054	0	0
2.6139772235344836	-2.1074884474773086	24.313591855467607	0	0
-2.737733656761307	13.133324169497989	-37.38081735290143	0	0
3.8449760174427254	-0.4886697830546609	33.84128692274561	0	0
-6.115264242350278	4.6261764617513705	12.526962710080994	0	0
6.262056077763859	-20.584783799039094	-29.528744262556813	0	0
-2.989723022144439	-10.430060415417508	36.65472736766087	0	0
-0.004094182481829023	17.269327333520017	-1.2419348834478114	0	0
-0.2738804202967273	1.6198447108318916	-40.812056205485646	0	0
2.104477417230008	-1.0846299308196379	18.417775690541177	0	0
-2.7506291832049072	-25.822143638342467	22.035389967808257	0	0
3.8415365230519996	25.120684620907504	-6.367609037677838	0	0
-6.007483167515005	3.07719695929417	2.1338718567479873	0	0
7.164257940781802	13.427895143808577	-27.72961028012881	0	0
-5.38419774607825	11.760996155354988	1.9499733552492557	0	0
2.015344806133889	-24.172620679340476	0	0	0
0.2153187396898275	14.859725150891933	0	0	0
-0.07116719253109949	-2.2403418192060514	0	0	0
-0.7243105589464776	-12.94584304733948	0	0	0
0.4342882495948146	-0.0068655671901467485	0	0	0
-0.1251271484984784	5.8405787358521195	0	0	0
0.6344687166431626	-16.80517843496613	0	0	0
-0.5021967165090331	4.391125503699762	0	0	0
-2.1060898260792555	-17.71407752149502	0	0	0
5.557095565569988	33.216097506214645	0	0	0
-4.737028076491612	8.099761070047293	0	0	0
-1.8550299627902405	3.9802459615325887	0	0	0
7.5941511056971365	4.384706298266579	0	0	0
-7.204622293070074	-12.359095952714881	0	0	0
4.756455505562663	12.884404093517134	0	0	0
-3.7655272412395107	8.156833375390363	0	0	0
2.2804487023119364	-12.797019998089766	0	0	0
0.4315342230386392	9.061930338972402	0	0	0
-0.6369663859529808	-11.894311351074364	0	0	0
-1.7962594858083207	13.53122265847864	0	0	0
3.280741703546184	11.370628409659233	0	0	0
-2.6272687883449706	14.00268133365384	0	0	0
1.0336023181197618	2.125878476413348	0	0	0
0.578997361984662	2.9250432904007866	0	0	0
-1.0704621332652309	7.558784630337122	0	0	0
1.8957463663016867	-3.9223773651617435	0	0	0
-2.9662246947947466	-3.1463495418118583	0	0	0
1.4740771405476423	-10.082866670662447	0	0	0
0.3769654517056651	19.49853078530611	0	0	0
1.7962607992060384	9.973358490388634	0	0	0
-5.015213482070074	-7.813987577240731	0	0	0
5.097066637120996	-4.162423245761559	0	0	0
-2.681463245367233	-3.631517692316507	0	0	0
2.018080817442886	-5.396746593855141	0	0	0
-3.159873468423193	9.647607426501452	0	0	0
4.158288579057725	1.6338261242062941	0	0	0
-4.6656662045097335	0.8910414608148471	0	0	0
3.347453452254271	-12.831161866927658	0	0	0
-0.5615645680808043	-9.746465503017063	0	0	0
-2.636033028596337	6.590617973780837	0	0	0
2.6429947641541816	-1.5695647536701642	0	0	0
2.396178727115732	8.410842437939351	0	0	0
-8.11602951624267	-12.652114002108192	0	0	0
9.028480564273366	12.714498324274075	0	0	0
-5.317780787648871	-9.173826895696102	0	0	0
-0.4169322289460169	-2.669682767526197	0	0	0
8.024856710607637	12.988988848116428	0	0	0
-15.570471934674877	-28.510533845270466	0	0	0
15.053460327585007	-0.8110405369040663	0	0	0
-5.369795300866997	8.790679972314074	0	0	0
-4.674856856724325	-15.275494418658994	0	0	0
8.691864636314506	9.67942877730006	0	0	0
-4.590513748703707	-0.8108733921604809	0	0	0
-4.417144126982414	-2.5239985855577984	0	0	0
12.076017241900992	8.187438763203055	0	0	0
-13.915288219027119	1.1268918758631514	0	0	0
11.578788387934438	-17.977584970811563	0	0	0
-2.3219576847435945	10.466120819511353	0	0	0
-11.558377260234096	-3.31554417502079	0	0	0
16.564183583867603	-11.829251068952615	0	0	0
-9.683583451542802	16.48361797089953	0	0	0
3.9828733720869067	-4.479813591998301	0	0	0
-0.1956219774208776	-3.9594803130365293	0	0	0
-3.9712475909577094	0	0	0	0
6.7930019696310495	0	0	0	0
-8.502566779173229	0	0	0	0
10.74641042299752	0	0	0	0
-10.027745421815837	0	0	0	0
4.652003890415003	0	0	0	0
-0.02469398667680167	0	0	0	0
0.17769839341995208	0	0	0	0
-0.7617503806032744	0	0	0	0
0.7554438592109278	0	0	0	0
0.5761372654655403	0	0	0	0
-2.866715119459208	0	0	0	0
3.310453180749903	0	0	0	0
-0.8673852625122294	0	0	0	0
-3.172819926896082	0	0	0	0
8.188492623630623	0	0	0	0
-12.828035646742968	0	0	0	0
13.700571445548924	0	0	0	0
-9.180187191016515	0	0	0	0
4.260335187680191	0	0	0	0
0.6088719776163458	0	0	0	0
-7.992273238705685	0	0	0	0
12.616711789263647	0	0	0	0
-10.06761961545218	0	0	0	0
5.920039175147387	0	0	0	0
-4.459439461281505	0	0	0	0
1.8029860289754112	0	0	0	0
0.5635851734380424	0	0	0	0
0.6235072529338481	0	0	0	0
-1.597223945050139	0	0	0	0
3.471291134021243	0	0	0	0
-7.491109377242019	0	0	0	0
7.1757727278632615	0	0	0	0
-3.439781969439146	0	0	0	0
2.164271242457694	0	0	0	0
-1.1366439266809252	0	0	0	0
0.6755332308973223	0	0	0	0
-1.88311257402885	0	0	0	0
1.3102746457756425	0	0	0	0
1.1524205357753843	0	0	0	0
-2.417899188011795	0	0	0	0
0.5605694842144473	0	0	0	0
2.6172336581556905	0	0	0	0
-3.984727380135162	0	0	0	0
2.4254904172172473	0	0	0	0
0.054866378153775486	0	0	0	0
-1.683210394801165	0	0	0	0
3.2504917020222663	0	0	0	0
-3.165536960595041	0	0	0	0
0.2671177965163096	0	0	0	0
1.4369239428811653	0	0	0	0
-1.74296668425157	0	0	0	0
3.4741487557067003	0	0	0	0
-4.000980925773042	0	0	0	0
2.4940201209421318	0	0	0	0
-1.3805874140502823	0	0	0	0
1.1234265479629855	0	0	0	0
-0.48290317940507066	0	0	0	0
0.7512639926690099	0	0	0	0
-2.8471976121983644	0	0	0	0
3.9239363288723155	0	0	0	0
-2.2847299279648894	0	0	0	0
0.08832142544773092	0	0	0	0
2.2737533609205727	0	0	0	0
-2.315015316033694	0	0	0	0
0.05585419579291084	0	0	0	0
1.3198402227234496	0	0	0	0
-2.27578861744918	0	0	0	0
3.5407704172925776	0	0	0	0
-3.9665386192589267	0	0	0	0
3.8547307294364757	0	0	0	0
-4.149753634371507	0	0	0	0
3.5620197668180182	0	0	0	0
-1.6169934521867404	0	0	0	0
0.07992365750650521	0	0	0	0
0.7467948963937303	0	0	0	0
-2.140599809299573	0	0	0	0
3.5092706074145212	0	0	0	0
-3.825653115716989	0	0	0	0
2.5747947580342228	0	0	0	0
-2.2099951723852413	0	0	0	0
2.068657109231154	0	0	0	0
-1.1475316028923643	0	0	0	0
1.7227339666833714	0	0	0	0
-2.0917403452758236	0	0	0	0
0.8652077127273756	0	0	0	0
-0.9545546594023477	0	0	0	0
2.4704421492897097	0	0	0	0
-3.9496432540116047	0	0	0	0
2.9391360318741633	0	0	0	0
1.0537311899703425	0	0	0	0
-2.2410858940696556	0	0	0	0
0.07999307388570998	0	0	0	0
1.5029303162105947	0	0	0	0
-3.194351421803411	0	0	0	0
3.5261059493830587	0	0	0	0
-1.785248736301817	0	0	0	0
2.723919671037841	0	0	0	0
-5.203807817948345	0	0	0	0
4.574450856380885	0	0	0	0
-2.7714917088007596	0	0	0	0
1.8300714189380756	0	0	0	0
-1.221914053104534	0	0	0	0
1.8956032598470145	0	0	0	0
-1.1656588067433162	0	0	0	0
-2.967513136844623	0	0	0	0
4.64400809817392	0	0	0	0
-2.5793256489183563	0	0	0	0
1.5117288287461292	0	0	0	0
-1.0832366626836603	0	0	0	0
2.140597889146676	0	0	0	0
-3.9121559598325817	0	0	0	0
2.1350277592633944	0	0	0	0
1.6452623342190265	0	0	0	0
-3.443991140995287	0	0	0	0
3.931491753571258	0	0	0	0
-3.1586727034755597	0	0	0	0
-0.5001749782016489	0	0	0	0
3.306494759814967	0	0	0	0
-2.304706303649972	0	0	0	0
1.008068302060515	0	0	0	0
0.11285113057561347	0	0	0	0
-0.29912754936332675	0	0	0	0
0.20006538212794567	0	0	0	0
0.9009578182730777	0	0	0	0
-1.62596174937174	0	0	0	0
