0.23679019071933283	-0.41863827552258215	1.707620111998196	-0.3104774901471927	16966.829039750468
-0.49031775221749996	-0.7513364825993065	5.712311380493702	-1.0310877939617313	16967.329422301387
-0.1990766318369097	6.440038900722293	1.8511373367971942	0.1844664944971015	16966.015371130754
-0.6772458693311236	3.3426865313442633	1.99096940735717	5.7991272426054365	16967.036664209707
1.5088370420678459	0.5577255295608197	-0.5984211285889387	-4.209673571913385	16965.93377875557
-1.4769436108147858	5.679489691324804	3.216579279111457	-0.6357305210743931	16970.919227422834
0.7759784096903033	-1.9649489908359357	-4.85633059073254	1.545349346110271	16938.783520198835
-0.022024451455678218	3.894216431252296	2.468694302053521	-0.15439754318855137	16916.021452059373
-0.02301120619886632	2.738429222770698	0.12986489918280597	-3.3221064957145643	16924.847891338057
-0.404411996535714	-0.3185016887651102	-1.4703241137770817	13.23572982820221	16908.98884048646
0.017115317986288403	1.604577133594475	7.915867253379545	6.1609433234793585	16923.56195311983
0.1277215042972344	-1.6395574588569133	-6.133127493136939	-11.769307287629616	16919.262883945394
0.4835374724357848	2.181162774940276	2.3073760178303218	1.0771136072470426	16944.75125826923
-1.6809540404229182	-6.069769824461829	-6.44728811792838	6.745782903497442	16979.08402232534
2.379315673776418	-1.4023018669868677	4.830768580174777	6.197832129861155	16987.883471896035
-2.375905814954372	-0.45674010555121214	-3.12894629027123	1.1081792950267442	16981.90619669524
1.5688552416940382	-0.21816737649804452	16.538734889241113	3.3052776816950598	17002.111774077326
-0.7493194169001001	-3.983276743171224	9.60254199605086	-7.260088359230579	17016.201923723682
0.22533369051472363	-1.9796144136239988	-9.446238459805741	0.04502060322062107	17037.556738725107
-0.20684312741801136	-8.741574680493102	0.8116162486158345	-9.332588173588476	17038.361851381767
0.44369665061328334	-1.1332480930219901	-1.7002904011519036	0.3783319848155884	17014.837103527294
-0.7793729882145257	2.235846017198135	1.9870982313302363	-2.1416760472948937	16994.05056961008
1.4338530542373036	-0.8853002968776238	2.5447770248266153	-9.53989760460152	16985.13311489397
-1.8629965097173624	2.697387299653684	1.8649908467571379	2.955912301529821	16995.569202909
0.9088530367215739	-1.597742257259874	0.565593410675362	-3.1065824923384042	16997.298872898824
1.2239617278752775	3.1170174730521154	3.808224236463886	-34.04620282077519	16931.722427325258
-2.286107407427359	2.11037735909661	0.9503694807224292	17.899791908835994	16961.142288950152
2.0335632908237073	0.5966000778385947	3.5552111118103653	-9.457749179909229	16859.757731093596
-1.3785196708922314	-3.9735084619398293	9.721365183965204	-5.953911345816991	16789.604351314236
0.08910691160201623	0.48921036511561056	-3.6824084566836177	-3.7341152149463	16806.726840297637
1.0537294897904559	13.429835977809248	-4.6604282660667735	5.966008715049966	16829.974704818655
-1.484018973349258	-4.476738993129281	-5.634710995657031	-7.962001951656276	16878.353157790996
1.1940723905206028	3.925251970029919	-1.1154024029381873	2.148674024176401	16896.281179290607
-0.7804996518639911	-10.048111140570455	-2.9102505889595705	-18.671126990842737	16890.37892480284
0.36637716436584356	3.7108737474833475	-2.179510579643491	-0.633154191014782	16910.95060023033
0.20739385272020172	-1.9777293540220313	-1.658956981282472	-2.003792336466475	16876.298040376365
-2.2151955231293243	-3.328549826881151	2.3434724946173304	9.228204381471713	16948.054593619938
5.042973605648243	-0.9236743131258791	-3.8927888769646017	14.393403799154044	16965.85267627698
-6.999031229619554	1.8344190564832772	4.360817706263248	0	0
7.328032893505558	3.517436833741044	1.006772436091353	0	0
-5.687146276931394	2.7921490779195963	2.8028449722027347	0	0
2.9898389162679635	4.34212747269094	0.2010028059062563	0	0
-0.9048200216890123	-0.23364034750459695	-8.685125214773919	0	0
-0.48128450107108023	-4.653791368332321	2.7514095944055583	0	0
1.7187810632189056	-1.2529692643354764	3.2584079680462708	0	0
-2.753775714313896	-0.9387918327186142	0.8854440015339549	0	0
2.5403613579504523	-3.352283642132413	8.474474948309094	0	0
-1.4504489039731965	-2.86905249162664	2.6791713282450047	0	0
0.3294985092957958	3.155932804673675	5.443679733202131	0	0
0.4766106728538162	0.5617276802392084	-9.211547905717765	0	0
-0.9693581805964797	-2.2182320353091214	4.178577342242065	0	0
-0.09525688813286592	2.4936729710063474	-0.11863490086174977	0	0
1.3648985842261254	-8.518939500789593	-9.01545758296679	0	0
-2.348269168948022	-3.712322078670077	-0.6547332204559666	0	0
2.383606114729851	-2.489070689786068	-6.26436899306367	0	0
-1.2351004695398302	-2.6282067845646893	4.87566927212643	0	0
-0.318853096532969	-3.9338144177946077	-3.5131694575205756	0	0
1.2065345282272872	-1.9979753898256618	-12.233433907882628	0	0
-0.054877165390621485	3.990428641619637	2.42472383140813	0	0
-2.475596227553332	0.7742295230248573	-0.9700629567989125	0	0
2.6669941275836777	0.6100285096612694	4.934956492585215	0	0
0.05235641231158894	-2.085918643902474	-5.367113829222745	0	0
-2.0760363981406513	-2.7601930790786113	1.7118526734397221	0	0
2.1865284556386015	2.0386652232217486	-1.7573113204871618	0	0
-2.395599295862894	1.4969195429380662	-12.64902370677379	0	0
2.453063633233164	-3.032346940305679	-8.91604613291463	0	0
-1.5869129599443852	0.5635687544582666	2.1696646583042565	0	0
0.7312040232998172	0.9759402260264096	-0.9220833778154116	0	0
-0.25644509256446213	-2.2957878803086373	13.761091731776858	0	0
-0.1019975700341007	2.15241842600863	8.7054987789776	0	0
-0.021671457041925635	7.19839115511671	0	0	0
-0.01096082695056566	-4.619823935155317	0	0	0
0.22984461601036799	2.7487349289013565	0	0	0
0.0580546633255139	-0.1847503491277962	0	0	0
-0.516947971529234	-0.3623514040625935	0	0	0
1.0672704667017001	-1.158307473251412	0	0	0
-1.446564908363996	-0.8159328085283661	0	0	0
1.687262397489441	1.2187875423122705	0	0	0
-1.6393073671144833	-0.6547196629133083	0	0	0
0.8661513303906148	1.5930806948488438	0	0	0
0.026930793323529656	0.2916334153439024	0	0	0
-0.5013490147201267	-5.744790058068965	0	0	0
0.9147238730034459	1.6680216259382803	0	0	0
-1.4498344891986719	-1.2657687695693411	0	0	0
1.4264389531773531	-2.953532501480531	0	0	0
-1.0400981272245673	5.830652561688687	0	0	0
0.6892505081968139	3.0654021468627946	0	0	0
-0.5566535095219933	-0.4968740678743089	0	0	0
0.44995861009038407	-5.883054610714268	0	0	0
-0.5398417514302025	0.8500298306215868	0	0	0
0.10980552783554742	1.5648344513984185	0	0	0
0.6944622569355019	-1.0467460712942014	0	0	0
-1.5757054488534692	-4.081187508661571	0	0	0
1.671915269535269	6.794459057370787	0	0	0
-0.9418670053867402	-3.031896598783355	0	0	0
-0.609035268317264	-0.8974607433513953	0	0	0
2.086548869508782	-1.8328161604182611	0	0	0
-1.7548235167989858	-1.9746124800468436	0	0	0
0.19364147870162185	-1.4733440835515452	0	0	0
0.620631814361218	-1.77704991236687	0	0	0
0.5178173349306405	-0.36830989506267997	0	0	0
-1.7719359250528868	-0.6341146366797972	0	0	0
2.2684806135917555	-1.2087283549564987	0	0	0
-2.7157823798127367	4.467418995169908	0	0	0
2.7181833321684863	-6.031211720110207	0	0	0
-1.7206135670978782	1.5433010875200566	0	0	0
0.48065071777315893	-5.731524881207598	0	0	0
-0.48753918586735523	4.9216434475602995	0	0	0
0.7968551651382896	-4.505363784521819	0	0	0
-0.7295567476991849	2.831851487990704	0	0	0
0.786789704691337	0.6324598155745065	0	0	0
-0.6424404319657953	-2.3205267414983126	0	0	0
-0.21820638201882758	-1.0558211417187522	0	0	0
0.3032263718360113	0.9583458760149668	0	0	0
0.0812006801236862	3.6440766631249204	0	0	0
0.20685358001679788	4.541037992665657	0	0	0
-0.7781509578963863	-2.261615629870093	0	0	0
0.11921362257318435	-2.344427274974315	0	0	0
1.0558594044947256	2.3041881608681862	0	0	0
-1.3581603913988474	-2.0968204803401207	0	0	0
1.2754036889694405	-1.895997966925684	0	0	0
-0.9869299293058091	4.2572928658939375	0	0	0
-0.028689356910668096	6.193918840885367	0	0	0
1.7574082809909086	-3.002939521907308	0	0	0
-2.76450129160461	-0.687123953460798	0	0	0
2.755581397826866	-4.28346467279605	0	0	0
-2.0180029118336122	3.691015919300618	0	0	0
1.1474368306260843	-7.665961108130304	0	0	0
-0.459618149659363	0.902971545051507	0	0	0
0.08328997315467745	4.799401159476091	0	0	0
0.4022492918690048	-5.923892995447815	0	0	0
-0.9873631730760408	2.300624183095259	0	0	0
1.2472769595800344	6.073888910370194	0	0	0
-1.1969485385174607	0	0	0	0
0.4953722634565665	0	0	0	0
0.6857123195880064	0	0	0	0
-1.8020970584723983	0	0	0	0
1.7928038234940615	0	0	0	0
-0.44631756080140406	0	0	0	0
-0.9742872355433079	0	0	0	0
0.5468007652926232	0	0	0	0
0.12294271713452076	0	0	0	0
-0.10316183908831533	0	0	0	0
-0.00811383070011118	0	0	0	0
0.4756584796914609	0	0	0	0
-0.9682245240417586	0	0	0	0
1.358013473544112	0	0	0	0
-1.6550109910805872	0	0	0	0
1.92480584661336	0	0	0	0
-1.5707151605022105	0	0	0	0
0.7533170620782741	0	0	0	0
-0.4509208880864435	0	0	0	0
0.7430966670571593	0	0	0	0
-0.503285186349693	0	0	0	0
-0.2915966531211893	0	0	0	0
0.3849064369765287	0	0	0	0
0.13963809923329507	0	0	0	0
-0.45695992349816095	0	0	0	0
0.9095359134676215	0	0	0	0
-0.6308584457555497	0	0	0	0
-0.8224209766083916	0	0	0	0
1.7504331349108853	0	0	0	0
-1.5470597080096766	0	0	0	0
0.9594880691308703	0	0	0	0
-0.7670894256759837	0	0	0	0
0.6402862799608258	0	0	0	0
-0.5961864605005971	0	0	0	0
0.7392469065575611	0	0	0	0
-0.16473207804926204	0	0	0	0
-0.870563671753338	0	0	0	0
1.5363986904893494	0	0	0	0
-1.842792686646355	0	0	0	0
1.7596866593812237	0	0	0	0
-1.1140172085522337	0	0	0	0
-0.19340011439538785	0	0	0	0
1.2470990456076692	0	0	0	0
-0.9725745888357835	0	0	0	0
0.7391428264339623	0	0	0	0
-0.7437595400761907	0	0	0	0
0.053584911688574266	0	0	0	0
0.7293520929518422	0	0	0	0
0.1975186156198916	0	0	0	0
-1.9532254826168938	0	0	0	0
1.9010308817145258	0	0	0	0
0.16556277073976844	0	0	0	0
-1.5774306761537247	0	0	0	0
2.36385105205828	0	0	0	0
-2.102195326394302	0	0	0	0
1.5226770946943375	0	0	0	0
-1.4749423430592756	0	0	0	0
1.5379320108956023	0	0	0	0
-1.1715783753331337	0	0	0	0
0.261980344542998	0	0	0	0
0.23261640245885928	0	0	0	0
-0.43403432307105305	0	0	0	0
0.7022410391463794	0	0	0	0
-0.975936271776682	0	0	0	0
1.1798248988181612	0	0	0	0
-0.91260304392938	0	0	0	0
0.5890623583702066	0	0	0	0
-0.13849853104461118	0	0	0	0
-0.7743442897489743	0	0	0	0
0.8191168008904839	0	0	0	0
-0.16927286404826702	0	0	0	0
0.35502751003171795	0	0	0	0
-1.4608694718495059	0	0	0	0
1.616106875035264	0	0	0	0
-0.8847777709275775	0	0	0	0
0.5330369651790718	0	0	0	0
-0.6157279243447675	0	0	0	0
-0.0013029627275926714	0	0	0	0
0.5642662641493388	0	0	0	0
0.08923870259451405	0	0	0	0
-1.0572293256415364	0	0	0	0
1.0140548698673229	0	0	0	0
-0.6756476453610532	0	0	0	0
0.8130487216370668	0	0	0	0
-1.4988301237233372	0	0	0	0
2.5675426836369937	0	0	0	0
-2.6269726345919935	0	0	0	0
1.3938324374391655	0	0	0	0
-0.927287903525233	0	0	0	0
0.9479450896163542	0	0	0	0
0.21783491467606808	0	0	0	0
-1.0648738643963753	0	0	0	0
0.7685793029199814	0	0	0	0
0.0763783438051675	0	0	0	0
-0.6272634412653417	0	0	0	0
1.3965463075218238	0	0	0	0
-1.7890404160517477	0	0	0	0
1.3276424693159399	0	0	0	0
-0.3877575451376529	0	0	0	0
-0.3611973243469748	0	0	0	0
0.9824624325085693	0	0	0	0
-1.2066709760797423	0	0	0	0
0.7666316272474631	0	0	0	0
-0.7460627874419927	0	0	0	0
0.8374323305216222	0	0	0	0
-1.3966457506452414	0	0	0	0
1.8015882826196332	0	0	0	0
-1.7443459610593095	0	0	0	0
1.3428396051277502	0	0	0	0
-0.0048780495518983	0	0	0	0
-1.4505693425543456	0	0	0	0
1.728173133430424	0	0	0	0
-1.4652074219931137	0	0	0	0
1.37910533987327	0	0	0	0
-1.4765672373669503	0	0	0	0
1.0674780691118713	0	0	0	0
-2.260827429564692	0	0	0	0
4.593665892977974	0	0	0	0
-4.183313272198241	0	0	0	0
1.1008926034111681	0	0	0	0
0.6628087718458673	0	0	0	0
-1.7326098346612682	0	0	0	0
0.3868922979214702	0	0	0	0
-0.13171130072591808	0	0	0	0
0.028408434732064336	0	0	0	0
1.783150456175676	0	0	0	0
