0.127662213238807	-0.21316379005501318	1.4852979034110803	-0.14754827079657673	16905.71187466107
-0.06983683266837915	-0.36486994296026865	4.780307406975496	-0.6599681252209422	16905.892018910672
-0.15630861172311228	2.4371554850275245	-1.0640557886245432	-1.0270199666183686	16905.14882243034
-0.2408780227190448	-0.0361068393549715	-2.0440332396480443	-2.3775401027603777	16905.61656231275
0.195273971631039	-2.765599121892052	3.582863126922021	0.5305938277102484	16906.20232766203
0.13999181372267344	-1.648299840537831	1.4141711407642532	-0.036183351981065925	16904.13119095776
0.09235426447743578	-1.798674021299604	-1.6166697643636496	-2.092930908902659	16901.671005642518
-0.10899049764427104	0.944538812719351	0.7889439657945871	-3.0296863296433685	16902.393566603965
-0.7211284492143548	-0.5496872992488733	-2.0859169992157405	2.697294542392598	16901.580448474117
0.9058499394005963	1.323480013112757	0.5305228537793312	-1.2817059153233572	16903.731139302487
-0.5855082717861038	0.9240850030775576	-0.6211534876771196	2.9325348739355945	16906.2236273989
0.7096672865723761	-0.9982681815800376	0.43408324741285753	-1.2207777605461274	16904.49066431874
-0.5951684492760521	0.576834779498256	-4.697304335042915	-3.7855027926938902	16908.355908771347
-0.14173454868880953	0.5464161025586876	1.5705638613409718	1.5992323140105071	16909.43444696638
0.4495949819113818	-2.4221512450472886	0.5606027290109381	-0.6942920861523447	16910.859116056705
-0.3063299895392291	-0.4066292807112859	-0.24871387364255781	-4.3957741289498955	16911.65982378987
0.8362819945344953	1.6374384582383925	-0.27284858750869034	0.3670277879617885	16912.211834861424
-1.7402193142925952	-0.893139448263419	1.5899652140474245	-1.1085382284445302	16906.118620861147
1.4586579468071221	0.13068086799217582	-1.0371332955669175	-0.37614935745598643	16905.586251069653
-0.608376938467245	0.5084285464255274	2.5729451879612384	0.29487892194521237	16907.59413106404
0.5055583639397199	2.68919306153942	-0.44402869292714797	-2.175083058847548	16908.619868199294
0.005878660910639155	-0.03674615623786792	0.037507153843279184	-2.2885545196594705	16911.55824257809
-0.818932209239307	-0.016960886338239334	-2.4726162353446597	1.6187244968861592	16907.137945972
0.34185699444517326	1.484158442457371	-0.7110411855345689	-0.7603473978496567	16906.894858232692
0.5420602800380223	1.4961149281074029	1.02060957752974	-0.07220244039331192	16906.10603473807
-0.6502396490385678	0.1321399479635943	-0.43574538825413356	1.8624378393945022	16907.41432821343
0.6260271491132698	-0.666771943365319	-2.2009474019699553	0.46172272565854655	16906.243661954177
-0.8933200547754652	-1.2952377317006167	-0.27998167721463574	-1.3743917502020793	16907.4639581629
0.4137417229452609	2.079359974636361	-0.2055800679246147	-2.3677485868208237	16907.561521491498
0.2662027496785839	1.5645095728175917	-0.04963351914666703	-5.819145578963187	16905.093377369158
0.08664255038897295	1.9838901887274858	-5.122411751662071	-1.3821532490512567	16907.355066758333
-0.6086343039979027	3.018282648269853	1.0706534597424309	0.014047144346548635	16907.066181748683
0.2647824432562942	-1.4202543182734857	1.8128586523473587	-1.8080704228249829	16909.04251685563
0.10551741927729097	1.6966142079088016	-1.9856894701461698	2.0655370247568356	16910.553292269524
0.29437792692269227	1.2158007665882948	3.621043691296279	1.0064033784002504	16912.20880995066
-0.3627557951377156	1.3911654819521004	-0.33959597961597865	-0.38291981485808435	16912.262260226555
-0.168012172606943	-0.13250342600052534	0.35224814555576245	-1.6438235693983643	16914.614757733736
-0.19894507393613026	1.5850997675137393	-1.6806903102820314	-0.7731378617532698	16920.688628574746
0.6860259448489145	-3.3536139266182303	0.8933526613293452	0	0
-0.20909232677990985	-1.4870958634087899	-4.203020087358681	0	0
0.2799107544953827	2.7343621166068175	1.0988648977314028	0	0
-1.1753025704513718	-0.7169660136991709	0.1799538085835053	0	0
1.5620520709424852	1.681689680402208	0.10521368803621556	0	0
-1.0936377478159187	1.454765773773552	2.775201545429539	0	0
0.8044841396494462	-0.5787101982918017	0.445151532777345	0	0
-0.9592195893877147	1.7235275668946244	3.561051158600918	0	0
0.3169809380419437	0.852926445982483	-2.7888856750263358	0	0
0.030900540147804634	-2.4812916315217706	0.9139507207790274	0	0
0.4729090848504782	-0.903119355139971	-2.3241308238070104	0	0
0.0473145969257871	-2.74168830986509	2.5867979315416676	0	0
-0.7658726750827256	0.7724585787953018	0.4140829834307169	0	0
0.13678120588905784	-1.1534311422429226	3.4096787831743143	0	0
0.2909527262260454	1.0798425927780997	1.4542171871561322	0	0
0.1674872741285327	-1.096526467851497	0.9829316144981561	0	0
0.16819789441709787	0.6036885195656225	0.27255834567375814	0	0
-0.5379768869195516	-0.38565888311259755	-3.0732073687534864	0	0
0.1668155152594366	0.5930880900449367	-2.583860623628027	0	0
0.568297191713441	-0.2458143001490285	3.623438073143973	0	0
-0.19175466068953284	1.3685662660583233	0.4971509774811409	0	0
-0.20158028974550746	-2.658167827544723	-0.4579108309351909	0	0
0.08287209620922198	-2.1620634790841606	-2.2070581695322744	0	0
-0.39639899367604414	-0.6765112642957618	2.49584264792081	0	0
0.4185341974902954	1.616324143924217	0.8263243437390742	0	0
0.5159883443492461	-1.4056206620287597	0.30023726315566535	0	0
-1.203056156051396	0.2964276925614726	-1.8784218157280037	0	0
0.38195281464079045	1.3078109533415798	-1.9213102130726014	0	0
0.19337147580013436	-4.082445843688383	0.7697190467261237	0	0
-0.49029115173713933	-1.1057489868605188	-0.42083382672511505	0	0
1.2139902992869267	-1.7674163242172725	2.630424066753207	0	0
-1.7521520899034115	-0.23685665363301212	1.0006434583306572	0	0
0.8788689013110584	-0.07130136008652244	0	0	0
-0.1797178681124052	1.7636112257068248	0	0	0
0.8984857740740679	-2.6872173858257398	0	0	0
-1.0833433672493769	-0.6413283298763304	0	0	0
0.4591119141081279	-0.9961380082070761	0	0	0
-0.19125064336379438	-0.5578453684941778	0	0	0
0.11619324066380443	0.7790771133117289	0	0	0
0.3745279852282195	-1.7744308701700504	0	0	0
0.03545219003949995	2.5868822539933447	0	0	0
-0.9955564463560265	3.2739232000190484	0	0	0
1.071816654903266	-0.438208603609084	0	0	0
0.017050516662713733	-0.603347418045793	0	0	0
0.19411144614974774	-2.7245113007701676	0	0	0
-0.4683747623305621	1.8202739574372302	0	0	0
0.23965418567172492	1.1497018761386002	0	0	0
-0.4409200205667645	0.9071787427349705	0	0	0
1.0694760907457521	-0.7695966408276504	0	0	0
-0.7658327907503093	1.4995589475691702	0	0	0
0.21481711888799992	-1.3267276812604578	0	0	0
-0.6878439799146321	-2.722274473577066	0	0	0
1.2080060231641099	1.7877481439943068	0	0	0
-0.45532820084432046	0.7719975554772347	0	0	0
-0.17976000514978097	-1.498627645497045	0	0	0
0.07522115644646021	-1.8642787134015464	0	0	0
-0.30047379507266214	-1.406162543254247	0	0	0
0.5471538878099693	-0.16581004392566	0	0	0
-0.26043032057981463	-1.3442918539291213	0	0	0
0.1277630192392678	1.1819340183016251	0	0	0
-0.7423272393231812	1.1826258033993327	0	0	0
0.8348832359958678	-2.721140268396532	0	0	0
-0.7703204469619536	2.379790992097803	0	0	0
1.164338672792077	0.7238659981564695	0	0	0
-1.058173696645703	-0.3931004478250415	0	0	0
-0.08429970195595615	-0.5753804788498798	0	0	0
1.108750825139694	-0.4140854141810806	0	0	0
-1.1792423679233721	-1.0135910395843482	0	0	0
1.5288297769592631	-1.8439686070454968	0	0	0
-1.9212779184460445	-0.9818991023205186	0	0	0
1.2346670183724058	-0.5364594472542024	0	0	0
-0.6508528809638108	0.6824117032795343	0	0	0
1.359513970387333	-1.1062350091850632	0	0	0
-1.7048919001317344	0.19906056436935415	0	0	0
0.8280220472366082	0.4929941384598209	0	0	0
-0.4637190634486572	2.181161295941351	0	0	0
0.5104086579545353	2.949563258078733	0	0	0
0.40072493499936	2.7663200193580693	0	0	0
-0.9702773550794959	-2.762734707891049	0	0	0
0.14656038548482542	0.5804768399831204	0	0	0
0.5994937475683031	1.4783992534941817	0	0	0
-0.29430454760431246	-1.8278028955397687	0	0	0
0.5847906420903541	-0.6399865074518374	0	0	0
-0.7348051319561577	0.685013411385718	0	0	0
0.3105898945383956	1.6945085067273027	0	0	0
0.04734566619769254	-0.6722330458225869	0	0	0
0.2937442960519121	1.5071246748806502	0	0	0
0.25504981751741695	1.437728836951969	0	0	0
-1.1025355219401973	1.6244238425799082	0	0	0
0.7455702629602428	0.35255578899025863	0	0	0
0.22593806111195391	0.6697499143835159	0	0	0
-0.1680033491318227	2.342980426881809	0	0	0
-0.10122428709336617	-3.354046697113027	0	0	0
-0.15141832026044	0.24250326953392687	0	0	0
0.04906795814438425	-0.7497632476084348	0	0	0
0.9824418055060136	0	0	0	0
-1.1012948124991482	0	0	0	0
1.2297103527461744	0	0	0	0
-1.6122762613162323	0	0	0	0
1.2837579740535716	0	0	0	0
-0.001205447417710559	0	0	0	0
-0.3780082046051447	0	0	0	0
0.2186315066587312	0	0	0	0
-0.55561906191042	0	0	0	0
0.331789947705488	0	0	0	0
0.8299440604558086	0	0	0	0
-0.946533003941397	0	0	0	0
0.420296973552162	0	0	0	0
-0.6946400094609757	0	0	0	0
1.4697630762781841	0	0	0	0
-1.083709912702453	0	0	0	0
0.07910708160792268	0	0	0	0
0.44453030186588904	0	0	0	0
-1.0060218658601698	0	0	0	0
0.9149964069421728	0	0	0	0
0.1840214272448648	0	0	0	0
-1.2440999049228623	0	0	0	0
0.7403804523270381	0	0	0	0
-0.23250984877219594	0	0	0	0
0.3365663726198207	0	0	0	0
-0.26850151702581826	0	0	0	0
-0.16882335432981677	0	0	0	0
-0.24156805785387547	0	0	0	0
0.602570116899777	0	0	0	0
-0.3676418386329843	0	0	0	0
0.4713898784082531	0	0	0	0
-0.6983325572544459	0	0	0	0
0.3084116194184645	0	0	0	0
0.4181732809712173	0	0	0	0
-0.22788270288091184	0	0	0	0
0.4741606321755967	0	0	0	0
-1.016752923375087	0	0	0	0
0.7063188504203879	0	0	0	0
0.1888895302568443	0	0	0	0
-0.31572971656279236	0	0	0	0
-0.06477100073236386	0	0	0	0
-0.37184112226436383	0	0	0	0
0.09267336313594399	0	0	0	0
0.7647894544349754	0	0	0	0
-0.6168713022199555	0	0	0	0
-0.021323876447631562	0	0	0	0
-0.16658143854108687	0	0	0	0
0.38806548449355915	0	0	0	0
0.16976530619386665	0	0	0	0
-0.6044600016362907	0	0	0	0
0.3258315606434863	0	0	0	0
-0.9187746945219786	0	0	0	0
1.3519570244523962	0	0	0	0
-0.8603596587379982	0	0	0	0
0.5385518536924465	0	0	0	0
-0.9510712018873804	0	0	0	0
1.0744286121970248	0	0	0	0
-0.4730489775904374	0	0	0	0
0.3017892467465373	0	0	0	0
-0.15742856183092613	0	0	0	0
-0.4537152456381719	0	0	0	0
0.7816282822243679	0	0	0	0
0.12006260819317305	0	0	0	0
-0.5728534911052208	0	0	0	0
0.4065992522768056	0	0	0	0
-0.7199024033109254	0	0	0	0
0.20942421841724723	0	0	0	0
0.8475135242976961	0	0	0	0
-1.0406432963891703	0	0	0	0
0.2108914046832524	0	0	0	0
-0.37088769002228617	0	0	0	0
0.9245274633966716	0	0	0	0
-0.4624108191484879	0	0	0	0
-0.12686173992739214	0	0	0	0
-0.5445870505658874	0	0	0	0
0.9586754102099633	0	0	0	0
-0.7185527631407567	0	0	0	0
0.9125165661785317	0	0	0	0
-1.279098224077785	0	0	0	0
0.4444424242892069	0	0	0	0
0.06110920526036523	0	0	0	0
0.14317846340621543	0	0	0	0
0.47147616095352873	0	0	0	0
-1.258292825999682	0	0	0	0
0.8586519592625166	0	0	0	0
0.20822573956845503	0	0	0	0
0.0016321398070573423	0	0	0	0
0.09454299087997242	0	0	0	0
-1.0077270731959231	0	0	0	0
0.8788269965584092	0	0	0	0
-0.3224096406013075	0	0	0	0
0.2864013589800791	0	0	0	0
-0.05155533316668226	0	0	0	0
-1.025537691442537	0	0	0	0
1.0474342513335628	0	0	0	0
0.1534960827195988	0	0	0	0
-0.610683917326007	0	0	0	0
-0.14069057359606063	0	0	0	0
0.374458979243677	0	0	0	0
-0.9027106554316262	0	0	0	0
1.4364767562864742	0	0	0	0
-0.9315741242063567	0	0	0	0
-0.2785881276119895	0	0	0	0
0.5148897095209009	0	0	0	0
-0.21784963526440748	0	0	0	0
0.38118256965537967	0	0	0	0
-0.4071633353529762	0	0	0	0
-0.5820688841259312	0	0	0	0
1.0181059887641482	0	0	0	0
-0.6111150916287826	0	0	0	0
0.6247059326334181	0	0	0	0
-0.8953572612405836	0	0	0	0
0.47818406873550146	0	0	0	0
-0.37171314975377356	0	0	0	0
0.720635685519099	0	0	0	0
-0.6641323170938165	0	0	0	0
-0.29200040232182545	0	0	0	0
0.12682376204410417	0	0	0	0
0.26381254332663673	0	0	0	0
0.14462451754441474	0	0	0	0
-0.048665391809734615	0	0	0	0
-0.558706311175655	0	0	0	0
0.3166233611854068	0	0	0	0
-0.0816849109697344	0	0	0	0
-0.2777900430416338	0	0	0	0
0.8790608248671532	0	0	0	0
