-0.27983524511710556	-1.584463039589373	-2.2997816257842345	0.8399196106094422	17031.573240765687
0.9108365148108746	-6.065641148682808	-7.588403378532135	2.5494288008748214	17031.26439239562
-2.755639257428072	-10.523307356632564	-4.080629683784906	0.4180278899905119	17033.395416314095
3.756988756486095	-3.7320191238058342	-9.15542898183449	47.47366474753851	17034.10201386118
-3.645214914762178	-7.767688884340451	15.46743665717159	-82.83082297278922	17015.49922280458
2.8192943437958604	8.66614777186792	-14.159422522471303	86.0028248490264	17098.01425992177
-2.3533453265739865	4.327911569751656	10.512817992785884	-34.07005600419916	16987.69905269597
3.281082847510646	0.17099553784011334	0.6692291789078553	-18.37251561239033	16736.68316869311
-3.1917876240505194	4.705404971089607	2.0141540863811116	-28.036227218757276	16678.31448833756
1.3659620534197643	0.8102285355058427	-10.027515119102304	15.57236385762063	16919.690404517387
1.2547103277481	-7.736695800725393	28.760860750960305	-8.396522853344749	16951.57912539748
-3.1472022848144476	-1.5281460764590875	-1.33746109943732	-40.73342491500519	16886.045275643977
3.509328122646295	5.845342651198202	-16.751604612457243	31.38272171132148	16957.95845372732
-3.3122291140359863	-10.493849948991645	12.57223636520827	-36.59765399855446	16954.526671948548
2.776191385727415	6.264055135000817	-25.998364904715146	29.888757827688693	16780.59672507183
-2.424892386194813	0.10978542287769955	37.997105381063946	-48.100422932309215	16769.79413869953
2.8009933665118822	2.8895449927698493	-28.98861707993734	45.18446699750152	16768.082939688225
-2.0274043119759	-9.564748748393768	17.8643016916576	15.07644615734506	16833.742791344685
-0.09842314751936243	3.6889649867488927	-3.8918103994568014	22.522117627889443	16904.684162859136
2.2008598698774975	12.277398412767845	7.166659565469516	1.523515767904712	16779.227963154917
-3.6906452055372228	-7.340478823341428	-9.648405728832344	15.740833625181153	16783.17087736137
3.354255975492457	-8.29592303471339	-9.162275839393189	-40.996725603667215	16876.126217362704
-1.6094765285249792	-2.065591236277008	0.8052228775630823	-20.88443077597843	16922.203201255805
-0.42395077825491256	7.897576295492264	-10.739575039063652	-11.232693662347046	16923.662026160517
1.0512069438421463	-0.4529137281569149	8.279673311285379	9.453720155279242	16592.875398213197
-0.68676776919623	2.53009515947668	7.580761656285517	-30.0827546347639	16522.566587041863
0.8586787386809931	7.580118429619496	-2.113628811674701	-2.5173606853569055	16603.275941277745
-2.484510680869832	-11.9534922811821	-8.207465298540754	0.6182488969974855	16686.977829856267
2.38592924491288	6.780036382978004	-4.829893324435204	-12.731681596723831	16673.209057615742
-0.8763795552598026	-18.075359576518053	6.791943688681442	58.63590402184943	16982.87455995187
0.027325332730775642	3.67361574555715	-51.95088335472582	-36.91850652737925	16792.168351505563
0.5607574030698217	-4.907425817484096	29.559810271123922	4.890054158621766	16592.87817964698
-1.3200093546723295	-1.4239476700079905	-3.1252151002165647	9.953145927321955	16493.064257914797
2.7738512848642003	-5.866888784267239	-11.501612424782564	9.630577125612547	16646.53637028056
-2.9680381268205522	5.355538879991492	-1.8793376268905888	-37.8381416941351	16859.47032334859
0.907404082980996	2.4193670154659586	4.337235659711823	12.029938823931872	17076.484442064506
1.6666754574476386	5.0074438431382475	-6.037528238686164	33.044244910281236	17227.061839594717
-2.64214543098214	10.839884840999794	-11.015318594739057	-29.406824780385648	17147.30674574762
1.9246405453586988	-6.844901863037663	-15.766986545305585	0	0
-0.40346744915362365	0.6545572023897961	-14.575825476098288	0	0
-0.9670206974367943	2.967269021892726	-2.5191969542777883	0	0
1.714948571474281	11.336358620715416	19.546089477016807	0	0
-2.6869063865264877	-9.599859528069068	-5.360359792931135	0	0
4.43166685020217	5.208351292860904	11.77578250903747	0	0
-4.712327351673196	-3.665519767988151	-24.515007507627956	0	0
4.10049361717882	-4.372323143307028	-7.629646467957102	0	0
-4.302380072865368	-2.705678098836991	-22.867583888988904	0	0
4.886223451296836	19.276375996609055	-7.8689810724520015	0	0
-5.084532967476861	0.08600705098211137	6.69965801939837	0	0
3.9377115666286358	-3.0292825055392925	-8.31172673852933	0	0
-1.3845318264350226	1.297235939825967	12.130779202795779	0	0
0.5787975617108216	12.653691858367274	-10.575953410435332	0	0
-1.7948237096809692	0.7794325140010017	-15.787089999365918	0	0
3.97575942823147	10.6104960837879	-4.568166435714218	0	0
-3.7922073746641587	4.519309820049926	14.820314333014252	0	0
1.1146666730622528	-2.4731745643775014	0.22591328029594138	0	0
-0.9561161690953099	-8.802515641325243	-2.30970726925149	0	0
2.8449962928222448	7.135606418321281	-10.788030630748423	0	0
-1.2319348292203571	7.1486564806543385	2.537785261039275	0	0
-1.516481902108346	-1.129354538196317	7.998717683628797	0	0
3.2557197517775194	-0.1784265634529092	-2.333011678859279	0	0
-4.591703843231748	0.05929792439969361	1.8563319139899477	0	0
4.645198794170831	-7.554978555100604	-9.370461748539327	0	0
-3.4911283380401628	-8.072705176597076	-3.8550541701823136	0	0
2.0470378177205006	7.51135430246493	-1.6747478735141073	0	0
-0.5173801030107157	11.018110157160677	6.994618390874493	0	0
0.3627585709127743	-8.68124459880049	0.17359515781674872	0	0
-1.0329784825577164	-2.515864512430518	-0.5944333733230565	0	0
1.162755098162016	-1.259337282008353	-7.686470591455304	0	0
-0.8211310109752077	4.505287122771911	3.7676640504169967	0	0
-0.7188562354834573	-1.048991689897143	0	0	0
1.2003419931726924	-3.576137033260956	0	0	0
0.3269802120545009	2.653364013556846	0	0	0
-1.088299538612219	10.50157357241882	0	0	0
0.16977051078288952	-17.022392124588137	0	0	0
0.9351524302852567	-3.996319609883024	0	0	0
-1.5608325560672256	11.246483336528144	0	0	0
0.4381617186693916	-5.713200177717987	0	0	0
1.3251683670699848	-11.854166008448836	0	0	0
-2.0326526591749143	-6.988043084458624	0	0	0
3.143801370659183	-1.006274992561167	0	0	0
-4.290740151449754	-0.8266858490460365	0	0	0
3.554951526250065	-5.223289998047832	0	0	0
-1.6805572152259316	-0.928007786086205	0	0	0
0.508590253311759	-8.51630233100051	0	0	0
-1.4523017973172614	-4.316231129686699	0	0	0
2.6820856024373754	-5.304828454796358	0	0	0
-1.9163448251828115	9.366546647443215	0	0	0
0.5150161395098607	-6.23802163568412	0	0	0
1.2762635380493919	6.977018604550352	0	0	0
-3.478141860777882	1.89281959404844	0	0	0
4.897411911544282	4.164294075412663	0	0	0
-3.3507368944078593	-2.726542832495049	0	0	0
1.525892517426037	1.5467407237879414	0	0	0
-0.7906204934374657	11.436949325559702	0	0	0
-0.02204670656561092	6.092933957248782	0	0	0
2.036430875334858	-1.4716737459451608	0	0	0
-3.5307091216611965	-0.8156702489467946	0	0	0
4.110599763382872	0.4137546388484452	0	0	0
-4.042674114366122	5.687548480814165	0	0	0
4.621573877719733	-4.543339455320208	0	0	0
-5.016853998411996	9.417707493059169	0	0	0
4.140381781010333	5.4111085999115645	0	0	0
-2.8291311958060987	5.394987224177292	0	0	0
2.1142213319587455	-10.498418404739446	0	0	0
-1.894465039093106	0.281076521160216	0	0	0
2.1660320963111204	-11.600393849633548	0	0	0
-1.7600733166005043	0.9151414690614317	0	0	0
0.45971970827864084	1.8676675863351804	0	0	0
0.4469043128392727	-9.518939413936387	0	0	0
-2.1686311157303635	10.60435215941854	0	0	0
4.940070161644783	-12.607650562526025	0	0	0
-7.528891088306004	11.576083711858445	0	0	0
4.507888142540935	-14.404374330531603	0	0	0
0.2609387530973706	-5.452261379174686	0	0	0
-1.3668204266906443	5.605546718869931	0	0	0
0.6748535759462087	-7.992524384520891	0	0	0
0.01294230015783171	10.530098619910852	0	0	0
-1.0355133534742293	-2.0490943034467506	0	0	0
0.9703999341792624	4.11657557640595	0	0	0
0.625017664722435	0.5293215463332785	0	0	0
-2.2118253166552506	-3.3148079036796005	0	0	0
2.6286686828732684	2.7600947480009594	0	0	0
-1.8665429575483614	-2.9291674247627455	0	0	0
0.51092473711536	-14.667810730616061	0	0	0
1.3285291854806758	-7.022600512319741	0	0	0
-2.1075075542700787	14.581679093100355	0	0	0
2.2230507087971887	1.9248507931114318	0	0	0
-1.2239495653413854	1.847189597631015	0	0	0
-0.31502558984787044	2.1701878459599158	0	0	0
0.9395071048292607	-2.45539533099884	0	0	0
-0.379420055633247	-1.9458824861596327	0	0	0
-0.575331618093692	-6.997659936597827	0	0	0
1.938583015352144	0	0	0	0
-2.8371283712937085	0	0	0	0
2.8626269862269993	0	0	0	0
-2.0318725523040797	0	0	0	0
-0.12551438382615743	0	0	0	0
2.4484798034151325	0	0	0	0
-2.6785482155249483	0	0	0	0
1.537202541396553	0	0	0	0
-1.2235888036253257	0	0	0	0
1.1615417346439898	0	0	0	0
-0.9675031668764262	0	0	0	0
2.4735759766994434	0	0	0	0
-5.075691513769847	0	0	0	0
4.4138213647317315	0	0	0	0
1.0004297668913082	0	0	0	0
-6.070944677400746	0	0	0	0
5.207639676017493	0	0	0	0
-1.2179641807283232	0	0	0	0
-2.7843854326854824	0	0	0	0
4.840747698272978	0	0	0	0
-4.813216779986753	0	0	0	0
3.15143496816453	0	0	0	0
-0.9356462861303427	0	0	0	0
-1.3916545550027877	0	0	0	0
3.876509719731267	0	0	0	0
-4.8970722554139385	0	0	0	0
2.804601786123456	0	0	0	0
-0.33575359489874756	0	0	0	0
-0.42584115819747126	0	0	0	0
0.27506649905600966	0	0	0	0
0.42856899311715324	0	0	0	0
0.1101568346823143	0	0	0	0
-1.6448273429616123	0	0	0	0
2.4201960162189593	0	0	0	0
-1.8004180976085848	0	0	0	0
0.3698803483556148	0	0	0	0
0.7131734035036601	0	0	0	0
-1.827091656144617	0	0	0	0
3.5592488552853823	0	0	0	0
-2.8231331380501956	0	0	0	0
0.16919790363549936	0	0	0	0
-0.10359748094869303	0	0	0	0
3.2343920181944696	0	0	0	0
-5.943349299443902	0	0	0	0
5.169454029368893	0	0	0	0
-3.0076673944067096	0	0	0	0
2.764961632173062	0	0	0	0
-2.6612209713398727	0	0	0	0
0.5028778266363076	0	0	0	0
1.6210503904706712	0	0	0	0
-1.7761688892255734	0	0	0	0
0.2097842410932671	0	0	0	0
2.0014422304953214	0	0	0	0
-3.234581524023106	0	0	0	0
3.534979263284896	0	0	0	0
-3.7723125707881238	0	0	0	0
2.755122915818042	0	0	0	0
-1.51167739569226	0	0	0	0
1.4019212081723538	0	0	0	0
-1.6549118084440195	0	0	0	0
2.475203116015763	0	0	0	0
-4.046329725646068	0	0	0	0
4.680097162768774	0	0	0	0
-3.2574035664859338	0	0	0	0
0.7557553734770863	0	0	0	0
-0.16235426982859735	0	0	0	0
1.6113178714739433	0	0	0	0
-2.1542815411807297	0	0	0	0
0.9691823409423179	0	0	0	0
1.6737684920736413	0	0	0	0
-4.101241571120397	0	0	0	0
6.108941298113436	0	0	0	0
-6.668945558070256	0	0	0	0
4.67735743216241	0	0	0	0
-1.6242489648650533	0	0	0	0
0.447250661402272	0	0	0	0
-0.26824351626321885	0	0	0	0
-0.0832587613862188	0	0	0	0
0.6725974279191362	0	0	0	0
-0.9595702373430157	0	0	0	0
0.49230667161425856	0	0	0	0
1.5500117508506221	0	0	0	0
-3.011422744203095	0	0	0	0
2.6169513919364036	0	0	0	0
-2.4391495235934357	0	0	0	0
3.2095706314213075	0	0	0	0
-3.194951818419966	0	0	0	0
0.9272270670216898	0	0	0	0
0.8275543676830139	0	0	0	0
0.05254574882089713	0	0	0	0
-0.927254009318581	0	0	0	0
-0.17452320074315253	0	0	0	0
2.5224568046336273	0	0	0	0
-4.513490272643665	0	0	0	0
4.253465552464817	0	0	0	0
-2.4119150978353687	0	0	0	0
1.4026030759526762	0	0	0	0
-2.7383844977644003	0	0	0	0
2.8423005427417394	0	0	0	0
-0.44066812844587133	0	0	0	0
-1.9798571879499107	0	0	0	0
3.0804471658118473	0	0	0	0
-2.75196202833812	0	0	0	0
1.0468922097221736	0	0	0	0
0.1773923443084513	0	0	0	0
-0.21709015746927918	0	0	0	0
0.14739230637396616	0	0	0	0
-0.2612544895656228	0	0	0	0
-0.6203878619056411	0	0	0	0
2.0010353141360753	0	0	0	0
-2.4775012948089667	0	0	0	0
3.091500990493003	0	0	0	0
-3.763177456913411	0	0	0	0
2.974120063764552	0	0	0	0
-0.3339563682238875	0	0	0	0
-2.1917493493386075	0	0	0	0
2.399061540472168	0	0	0	0
-0.7497300878375484	0	0	0	0
-0.7433845861963349	0	0	0	0
1.0256398358258991	0	0	0	0
0.9474314554171883	0	0	0	0
-2.9952899535814552	0	0	0	0
0.9683901991335873	0	0	0	0
0.10947570706004228	0	0	0	0
-0.13147120343760577	0	0	0	0
2.852717931619736	0	0	0	0
