0.12847164450111848	0.9374970910120624	4.905543891922761	-0.7106838102533715	16890.640333236235
-0.7685566654191334	4.099830518117258	15.644282779869442	-2.612357266618673	16891.46823933922
2.2130521188640557	7.396898664454675	-0.693098131445538	-1.6719455683932125	16888.55791597425
-2.0312040386829793	-8.303192189753617	-1.484153122900139	12.831175606092799	16891.117259354847
-0.4284963208315773	8.082161967405497	-0.45326863414152285	5.452617820927557	16888.05054258971
1.713472746773057	1.930480470999953	0.46787386281729937	-5.917485867001375	16899.32125342596
-1.2295641040540346	2.460732489214884	7.355205759651099	-6.8759914202344845	16896.42740918395
1.6093962216475717	1.4899111348335694	-3.899468181501888	6.163318216237471	16895.129820360802
-1.565795797625853	1.6894517722876117	7.461997981285137	8.458680274251662	16884.58968998488
0.1060693987597503	-0.3736348184942031	-0.4286964906873294	-2.2539825996383627	16843.553450587395
-0.3103963008853512	-6.13510208481101	-2.8938400439097904	-7.2878024493052465	16873.466145347582
1.235740771415358	-2.585804849225454	2.1371418959333255	-1.4313617696894312	16929.651305442585
-0.6664688719769885	0.5873721975080457	-10.380584647677622	-12.612871226594393	17017.41693231229
0.4976952910063943	2.694689238395192	5.92143022593271	14.634365029417012	17090.09075126225
-1.617750085087991	-6.233078937638794	-4.3086456021198245	-19.111751108473456	17014.274693488267
1.3085833975600565	0.3095735504657995	2.967913812990588	1.3574913424829305	16974.077677432986
0.09713508705216611	-8.771337721774032	-1.4231375346542308	-1.728576635501966	16995.75792233744
0.6406764513069092	5.963546494072709	1.5945360619344058	1.9047304788510218	16943.671003638166
-3.085561148183359	-7.203642997880493	3.3098661778326317	1.7548612074760825	16956.591866897284
3.539639342279571	-0.18252323522612812	4.638574754273236	-4.087745142005517	16997.462156463684
-3.7232015555882114	1.5870041039663292	-2.7120710931103957	6.075805619101203	16952.753170335127
4.917855652628852	3.6994490007417156	12.19699215311357	-5.34006965875291	16922.229419878153
-4.67560288364956	-5.073220703949232	-1.8213407054499555	13.521584426005589	16902.926922682876
2.0296730353852652	-1.1482806592099521	3.4117013976199075	-2.604349622759713	16879.151983315078
-0.2368956759105103	0.8342236578405178	2.1221294600424443	-4.894871030717482	16880.72569455298
-0.00719377290954526	0.3693285598358145	-3.900232731240223	9.274041027096203	16899.71731293115
0.5200993950229602	5.578189109016961	-3.956674165284184	-5.212487124859152	16873.714966254218
-0.5257369428663665	1.2505316362508339	2.0180753562861042	-4.694494510870669	16860.99450680609
0.01710627779268492	1.9773999510686195	7.392689717882931	-10.385252033555801	16864.81601525785
-0.00043172086163423273	-0.6481370921814502	2.8663283857901263	17.0433203008848	16911.97509785986
-0.36875370844813204	5.140245606695153	8.245728815311026	7.695778541046195	16878.37767971009
2.0965885840706235	6.499453530868848	2.294613367300755	2.9219375938281757	16846.502355976663
-2.435425231420183	5.167761680991944	4.900545531497386	-12.465139522522122	16851.036283565234
-0.3314921264706996	3.976069334364567	-6.214991390846237	3.2517109090856877	16852.756766420207
2.2655264771657357	1.1723950602696789	4.112217441279043	15.509002994262588	16804.457594133593
-1.826591527716161	-1.507136373560435	5.408395121062014	-6.7347675067371995	16765.83135360588
2.217222418198766	4.240472467802739	-10.673946623968959	-15.30992677546358	16812.368276577545
-3.349167278991814	-0.24601953777030872	-3.0746189136223165	9.102267444063855	16889.507287791137
2.5481407359313835	0.3526335719809168	-3.862094086295656	0	0
-1.0275391278895825	1.9008025173100265	-8.22847887826083	0	0
1.740196993071713	-8.721478954213154	-3.465736929183109	0	0
-2.7556692024494396	0.29852100767463696	6.699490378528964	0	0
2.230820243989548	-3.7812205166722563	3.731324841974242	0	0
-1.5599478990115045	6.996318443452644	0.3198684388826223	0	0
2.3578246903326345	-4.791168010846555	7.735027619414339	0	0
-2.09142524324065	-1.4067841219960826	5.935227246174762	0	0
1.8988042789693367	-1.9475154457315895	0.9046745986278921	0	0
-2.9169277986034956	-1.9289630307580978	2.809370722671545	0	0
2.4552154745743238	-6.883030294089146	-0.8184915175506831	0	0
-0.3538148124828524	-4.21606252969228	-3.225631325843352	0	0
0.015167027757115648	-0.9579126162078424	8.940834926345104	0	0
-0.9086839159039855	-2.6149275526443887	-9.41213998217161	0	0
0.10230494728985207	2.593334768639437	-4.698910279975223	0	0
1.084126334314469	-0.8982152811984534	3.174570124894487	0	0
-0.16033911915027943	2.374473623703281	-9.128336027268759	0	0
-0.30894416502773225	-1.9096260222716595	7.3417829991025485	0	0
-0.6416938965255881	8.39961204772974	0.9811970769694653	0	0
0.22722178284540462	1.9707269911738052	5.086801569301912	0	0
0.894550586806524	3.8235705623518257	-4.2372116386098355	0	0
-0.37590480070232246	0.42015747138220405	-0.6329187012212998	0	0
-0.4974017630658025	-1.781724367685868	12.13479942121998	0	0
-0.1388247707738799	7.175229853827169	-5.748404243872471	0	0
-0.20565373408217624	-3.8993274758736263	-5.170510929854785	0	0
1.3724001955241576	3.6365471677627283	-4.2900669351031695	0	0
-0.7276586099601943	-1.9663539103088183	3.7433471715656594	0	0
-0.18598209264742138	6.9009237964352295	-1.3147589129746962	0	0
-0.8826986771277774	-1.1927640071355015	-1.7620813834029008	0	0
2.2660951563196647	-0.28852420306700566	1.5953592666898686	0	0
-2.642802920997518	-4.247193209628364	-0.1277646291574115	0	0
4.262719414877381	0.712166978695187	-1.584046000933995	0	0
-6.047671253650094	-1.8904494052800445	0	0	0
5.412454233107098	2.0587035563449234	0	0	0
-3.6509399676501175	-2.791717901271035	0	0	0
3.9566599689385953	-2.1329620192842214	0	0	0
-4.0729827419434415	-3.108525426417465	0	0	0
1.5842395393879727	-0.11455508344793941	0	0	0
0.6237681395443033	0.3398701161706228	0	0	0
-0.41543198538639103	-4.971549346277648	0	0	0
-0.1713317353890318	-0.16076284294095444	0	0	0
0.20238430769273208	0.6448886784225536	0	0	0
-1.1957548910687663	-1.1175472671686322	0	0	0
2.0869300742835932	-2.612989398506059	0	0	0
-1.896996899162815	9.070396504691814	0	0	0
1.862882707039681	-3.1492042666919886	0	0	0
-1.8485082847231595	4.523917830701208	0	0	0
-0.31438849364497656	-1.944354298074927	0	0	0
1.684105739505604	3.204360476324723	0	0	0
-0.6918862518690432	2.545795207187467	0	0	0
-0.03649078721124965	4.454547352606909	0	0	0
-0.31560588566222947	0.05150205108372319	0	0	0
-0.5074423333873668	3.894627243446436	0	0	0
1.4287675914250144	1.7162678802511024	0	0	0
0.04725660971755019	4.327304739818693	0	0	0
-2.235503885109779	0.7815462251967205	0	0	0
2.2549615347134804	-0.03349305897506838	0	0	0
-1.677201619608617	-4.711886309233776	0	0	0
2.2167308505883554	0.110257122503576	0	0	0
-2.139720428773849	-2.9641633476552016	0	0	0
1.566875805330639	-3.1205442539165986	0	0	0
-2.105971988637272	-6.422846749901659	0	0	0
2.457900292096447	-5.059450717285635	0	0	0
-1.4065293880458754	2.51222837233351	0	0	0
1.8190056113258777	0.8510496172969724	0	0	0
-3.747754115040699	1.9400890920343912	0	0	0
3.989011132585361	-4.644964993592723	0	0	0
-2.0969983957116938	0.2805297664033688	0	0	0
1.8923416486135451	-3.8388406826251256	0	0	0
-2.705709051012704	1.9770834216276683	0	0	0
1.4976286256283657	1.6808431825312127	0	0	0
-0.5867014352455442	-4.031463089301411	0	0	0
1.4728065187292074	4.204492682976834	0	0	0
-2.159635781489868	-4.9968855230046	0	0	0
1.8001245719935923	5.236606014375269	0	0	0
-1.9512664991237187	1.2093975267548274	0	0	0
1.7085986651124898	5.919585151121801	0	0	0
-0.8764377482232746	2.836168403307589	0	0	0
0.47331228959310323	2.7382395964319812	0	0	0
-0.3010749787104956	-2.7548611254668316	0	0	0
-1.8770637238375798	1.3336266075762069	0	0	0
3.7893882679998327	-4.673747373121053	0	0	0
-2.333706550850586	3.789094474517995	0	0	0
0.930941208885578	2.3533633354572174	0	0	0
-1.8048628397360815	-1.8326482294091448	0	0	0
1.2748913258724812	-3.045797344782798	0	0	0
0.5553241225916921	-1.3076521120197242	0	0	0
-0.5133559014391551	-0.09473745612472584	0	0	0
-1.6117411692649313	-2.8644194477219713	0	0	0
2.6989362131936687	-0.9468204031977407	0	0	0
-2.656438731001039	-1.9728824835782177	0	0	0
2.798398843226309	3.0761926549590015	0	0	0
-2.1671926326296216	-4.0392723085215465	0	0	0
0.7330153472909089	3.8317898836191517	0	0	0
-0.9580756728231705	1.0463278985051616	0	0	0
2.5248405634111393	0	0	0	0
-2.6414358355145424	0	0	0	0
2.2369538244226277	0	0	0	0
-2.420889228139444	0	0	0	0
1.3185488294450494	0	0	0	0
0.6125549955846878	0	0	0	0
-0.11958327125206836	0	0	0	0
-0.6426216567084779	0	0	0	0
-1.5397219018626984	0	0	0	0
2.764390201025563	0	0	0	0
-1.0979533525448986	0	0	0	0
0.13335497883145564	0	0	0	0
-0.5824048629080139	0	0	0	0
-0.4110515475558998	0	0	0	0
1.7716572184723134	0	0	0	0
-1.0208281882430867	0	0	0	0
-0.7711373481033661	0	0	0	0
1.5098264248279492	0	0	0	0
-1.5117459909626803	0	0	0	0
1.1275290352086813	0	0	0	0
0.36046060680645553	0	0	0	0
-0.9632679384495617	0	0	0	0
-0.5555507109472941	0	0	0	0
1.8449476345010822	0	0	0	0
-1.371627800549021	0	0	0	0
1.7948305212748679	0	0	0	0
-2.78064056343171	0	0	0	0
1.613127988207026	0	0	0	0
-0.33654917072806256	0	0	0	0
1.6242892340082875	0	0	0	0
-2.9436958826118556	0	0	0	0
1.7577214189714425	0	0	0	0
-0.5114935931199227	0	0	0	0
0.965418853680319	0	0	0	0
-0.4852986118545459	0	0	0	0
-0.15855634589411238	0	0	0	0
0.012294291066254459	0	0	0	0
-0.45032645253296977	0	0	0	0
1.1559939537547734	0	0	0	0
-0.49554116539284365	0	0	0	0
0.047738752189246725	0	0	0	0
-1.5750112947041828	0	0	0	0
2.2962489903885412	0	0	0	0
-1.6339532420229688	0	0	0	0
2.598898355444895	0	0	0	0
-4.082904868921808	0	0	0	0
3.400929662804394	0	0	0	0
-1.8497524695178384	0	0	0	0
2.414155423981981	0	0	0	0
-2.3980203957349744	0	0	0	0
0.835502270407595	0	0	0	0
-0.42412893506301685	0	0	0	0
1.6329348897114642	0	0	0	0
-1.3585755266014772	0	0	0	0
0.4693071026300544	0	0	0	0
-1.8155760155322014	0	0	0	0
2.644298052225132	0	0	0	0
-1.5572489539063454	0	0	0	0
1.3606561809927058	0	0	0	0
-2.0146324787220564	0	0	0	0
1.507065656998023	0	0	0	0
-0.44445165703579903	0	0	0	0
0.5437533146248157	0	0	0	0
-0.6834385941258532	0	0	0	0
-0.48865207096461205	0	0	0	0
-0.017990551055717674	0	0	0	0
2.320466725293919	0	0	0	0
-2.788016915738673	0	0	0	0
1.808593571682593	0	0	0	0
-2.125486833942581	0	0	0	0
1.9867625379508453	0	0	0	0
-0.26359426567335476	0	0	0	0
-0.3084164891958139	0	0	0	0
-0.8850670304397994	0	0	0	0
0.9172839110377211	0	0	0	0
-0.3071421705751547	0	0	0	0
0.6621030536009513	0	0	0	0
-0.5094750038211657	0	0	0	0
-0.45844443385991696	0	0	0	0
0.523492024784403	0	0	0	0
-0.1101136589534093	0	0	0	0
1.347956082910116	0	0	0	0
-2.199693132439762	0	0	0	0
0.7565476513938947	0	0	0	0
-0.2268662388018612	0	0	0	0
2.0432192256076007	0	0	0	0
-3.0009533584168935	0	0	0	0
1.9787785567330545	0	0	0	0
-0.6601822393178125	0	0	0	0
0.11938807645775995	0	0	0	0
0.7407872356235501	0	0	0	0
-0.6899597444114889	0	0	0	0
-0.7265443827602098	0	0	0	0
0.7494477798386967	0	0	0	0
0.1393435009173274	0	0	0	0
0.2980639059348178	0	0	0	0
-1.0765798680926153	0	0	0	0
0.4870739293776438	0	0	0	0
-0.6973936374074299	0	0	0	0
1.53523595071146	0	0	0	0
-0.30256158832762736	0	0	0	0
-1.1670892019096044	0	0	0	0
-0.08746742860579104	0	0	0	0
0.5768739252632642	0	0	0	0
1.593403922019995	0	0	0	0
-1.96846598739684	0	0	0	0
0.45728145759044025	0	0	0	0
-0.3167953831160659	0	0	0	0
0.6769769927305447	0	0	0	0
0.2836485735374339	0	0	0	0
0.7240563533041637	0	0	0	0
-3.110849274431935	0	0	0	0
3.4145277334581436	0	0	0	0
-2.044255745060518	0	0	0	0
2.1882003589847017	0	0	0	0
-2.7829552767454615	0	0	0	0
1.4556222882646779	0	0	0	0
-1.112657538237542	0	0	0	0
2.1944424138142296	0	0	0	0
-2.2237612134397224	0	0	0	0
1.4061949477858064	0	0	0	0
-2.186959983836857	0	0	0	0
0.522117660099056	0	0	0	0
-0.32033166406237257	0	0	0	0
0.24991708351590347	0	0	0	0
1.718679795017664	0	0	0	0
