-0.12557287041155973	-1.9540486982053338	-2.333321946117266	0.5939044271517417	16515.19137414787
1.2081620734711294	-6.926571915065345	-7.320847503572693	1.9629933090068903	16514.742819062452
-0.4000089867144041	-4.142376099344389	1.7725186165038735	-4.465133400301923	16515.207644910442
0.6685667358770715	2.384948991510079	14.195366439982095	-3.8749214930969202	16516.084792942624
-0.709733867499267	-3.229757233839848	-7.481533366576826	-14.828528689002454	16510.933524002343
1.2829226733952197	-5.033257464155149	-7.360203555014209	-0.17781984947249896	16529.370000329327
-2.0918247288224023	0.3961721604376507	7.3758754954582315	-21.910203228217085	16585.988976492037
2.094339028993808	3.8995546556404648	-0.457426995380942	-3.32910323082055	16630.88665482577
-2.2611643489396442	-3.407149876233298	-8.70357048840006	0.5393515095999959	16653.396917738475
2.534479829183006	4.777497050495114	8.20009546727367	-3.7302387867675293	16747.66258023684
-2.025394315276081	-2.497942259333101	-12.923819437929922	20.23901014675843	16769.357384402338
1.0332729161146261	-1.179120383402953	7.589345009489449	-1.4920833389099073	16838.452611782253
1.0380599030621553	8.873498110771266	-3.5275068906739477	16.121002342941864	16870.605656548
-3.4766680876142857	0.8776432887956673	-9.118392017154932	31.024800541384067	16850.994662086763
3.988997009335023	2.522063658767692	10.157950819253173	-7.703601835991748	16838.171519341242
-2.479930656013927	-3.759766921734574	-32.19898104615157	13.826126587710476	16855.780197005162
1.476725129881146	6.462349467214096	0.536046302908062	-38.154967546368795	16976.116478922977
-0.49962595194840276	-5.51568163478337	1.5746190643069014	79.53593190374524	16992.603089695825
-0.8511030290499662	6.89020887121243	4.05594019658146	-66.23359620722788	16949.658549836455
1.7124290024107225	-2.544069347370005	-3.5026961998370183	60.57872881456032	17150.804389863286
-3.021873021158868	6.092428251769711	6.613927348184305	5.593907230079822	17185.842318853596
4.263773162304155	1.1147008533862888	-15.26303132138564	10.401112017720195	17043.73070672415
-4.14862557847939	3.3832426537969837	-0.9868624391228167	17.2281585907932	17019.315269014536
3.1046177357771185	-8.88255171204684	-8.560041923834277	-5.279648007950641	17014.42402536225
-2.1428874900137487	3.3485597131846774	23.50604548993894	-11.599274454253603	16953.895855002287
0.8991806245943508	2.3483507867500606	4.04371131231899	-24.597781888770555	16950.682112749255
0.9365909635624945	3.75652922646249	-0.5487820532092087	11.13965509305011	16938.3860539509
-1.901229134034054	-4.703067176262138	-5.176499470007371	-10.422647455422421	16909.575616891474
1.3749773387308153	-3.599938968036838	-3.1674684549520578	15.562716377724499	16922.98052597615
-1.1804411845827048	1.1929416255576228	-1.1859737927229475	28.591124344037425	16990.91719304732
2.5776782189563434	-8.449937140409503	-13.782903228258732	25.926779724781483	16999.44229329621
-4.0467963469853245	3.81751925781289	15.884188635248904	8.827039332314456	16979.494115740887
3.6349677777649845	0.5147632442695027	4.8260236983604585	-1.6328325267911623	16935.812731879283
-2.638936241420737	2.9734785657985086	-29.987102464627483	-2.163765516244439	16967.544602843576
1.924228956584713	3.944655163782045	4.11051378711619	-16.925487139079564	16946.11721591214
-0.0861998838666409	5.072164839067014	1.8078989842100412	4.6397690088363674	16967.961740684306
-2.2998146402411166	-3.7100606090948105	16.280045740753522	16.83638056032656	17019.193029981492
3.1994172573297774	9.035210189456542	-17.712878370334366	-3.0288542340576186	16987.71414912942
-2.801906959847102	0.4465994461917404	19.546712675027152	0	0
1.1919455573782471	-0.6726787015480156	-5.725204881268752	0	0
0.03423416278447888	8.35338373648058	5.89547266923222	0	0
-0.5033968142441978	-6.800188150975735	-2.2957092369685768	0	0
1.0366819684265849	-0.8999423699239912	0.41274449131245206	0	0
-0.9457338934338892	-8.511235956518902	-4.199655425593264	0	0
-0.7712281078540713	-11.503368264286841	16.532670377075092	0	0
2.664685280570694	12.249550946827448	-16.247051571208573	0	0
-3.3697767933328606	-10.15153166702369	0.23362550721437003	0	0
2.8226701690957725	2.080542569724706	-10.033229227009556	0	0
-1.6234026510648931	9.266313677253201	-3.628072966942284	0	0
0.32160288783192215	-5.75238633004038	-0.4765510910328601	0	0
1.314243598366815	0.8627393341158438	13.028250687528839	0	0
-2.1586962469030126	-4.506611880436253	5.3667204663647965	0	0
0.4294731685116133	1.1003580011763816	-2.8840913911281376	0	0
0.6729299733422138	4.145362665472291	-5.777413905193299	0	0
-1.4170585691736122	-17.789188375768212	-3.7999197284888453	0	0
3.303940658418398	13.550873402677716	1.9243335310302854	0	0
-3.726348464729888	-1.3720610161733902	-11.34321914993842	0	0
1.5876682410314231	1.4359602896416632	-10.273638087050443	0	0
0.21345366092826623	-10.853478416659662	21.85717457365122	0	0
-0.15767468152536424	6.523096938343599	-28.713525733222383	0	0
0.34099029776027834	-6.206147917345639	11.962445412148469	0	0
-1.3536508566568273	-0.273349854322781	-13.410712273652962	0	0
1.0779020454292976	-3.6678498151862726	5.8369915810833675	0	0
0.3073754116855909	-0.874573977860365	-15.540403239517474	0	0
-1.5634371668052012	8.67846814957825	1.045050872839738	0	0
2.214759964399768	10.247682365715818	-17.41221405839785	0	0
-2.2751532130011043	-1.251076822147425	6.676312907011209	0	0
1.028180934377417	0.8242702311218437	-2.6762515632319293	0	0
0.9472996367376112	-0.6802787801557457	17.67923028187724	0	0
-1.6349806236705646	-5.029882871298597	-2.863295825964798	0	0
0.15177870563343276	1.657388306365938	0	0	0
1.753439733346248	1.5613598038435086	0	0	0
-3.012584365869415	-2.5096520665992017	0	0	0
3.8415197470227938	10.635933332524239	0	0	0
-4.604229185600872	0.2854892244290923	0	0	0
4.867595530087364	-3.3906270722824274	0	0	0
-5.559074178887833	-1.069792392415657	0	0	0
4.4287135332180085	9.214692324629347	0	0	0
-1.5227742750666593	-7.538787312200448	0	0	0
-0.08016462256740198	-7.1520398886794325	0	0	0
-0.48871408257294746	17.676424477212244	0	0	0
0.549792640066272	2.489551040769939	0	0	0
0.7114435780802779	2.90839062012833	0	0	0
-2.414323868404807	-3.361798749056888	0	0	0
3.770895441695451	-13.733383849896903	0	0	0
-3.8292670710388634	9.842810833130457	0	0	0
2.346463785774432	2.3226954692480035	0	0	0
-0.4711915662567492	3.4839983463154383	0	0	0
1.463048642470369	2.6283517743796097	0	0	0
-3.512779620745306	5.03497517996184	0	0	0
2.6841159526802656	4.347338720322043	0	0	0
-1.2219701005222632	2.1120534745175235	0	0	0
0.31898935569881104	2.865479174459317	0	0	0
1.6190101906820118	4.954289612247152	0	0	0
-2.1112854122478453	3.10891426112061	0	0	0
0.6835163113886082	-4.444978916431147	0	0	0
0.6490295500618899	-14.452085643676071	0	0	0
-0.8091709444970405	15.126248189907933	0	0	0
1.1106304214202254	-3.1376781952707447	0	0	0
-2.1144945708137755	6.083983733332651	0	0	0
2.141670831649215	1.9109526691111753	0	0	0
-1.2996235773100437	-0.5375389825266979	0	0	0
0.7397815931170939	1.3363113312631754	0	0	0
-0.6937045204662695	-15.84228665109827	0	0	0
1.6286966513315164	17.73328051646361	0	0	0
-1.9161955785218225	-4.852453990985737	0	0	0
-0.10200226343453522	-0.033669552471806696	0	0	0
3.2044561430749283	4.935851540011534	0	0	0
-3.5669373591746023	-5.181176817348188	0	0	0
1.3340673227281457	-1.882007805862166	0	0	0
-0.08077136448903843	0.002596071987575499	0	0	0
0.5079601574259982	8.463820280800412	0	0	0
-0.8694254760517168	-4.146534247913877	0	0	0
0.0971532192457758	-2.1169584726250505	0	0	0
0.17451024373834656	4.119160772869563	0	0	0
0.8076657454875402	-10.535426659280404	0	0	0
0.13669342766367976	0.1053499918210008	0	0	0
-1.665403250928918	9.2081313214385	0	0	0
1.413033115470121	4.774474415044345	0	0	0
-0.8810114026624518	-5.5484829203759745	0	0	0
1.1507937932798384	5.214412711141975	0	0	0
-1.3573671782116605	-9.239678987540195	0	0	0
1.3133241014257138	5.037840404596892	0	0	0
-1.9697980305498035	6.875331360562548	0	0	0
2.180297575084559	-6.65699659831526	0	0	0
-2.593759040577943	-3.1161412467110026	0	0	0
3.5195992073099163	8.56227511237698	0	0	0
-3.3577146971122858	3.3924396168845803	0	0	0
3.4374060485347897	0.9450460414891282	0	0	0
-4.3613800283787185	-4.793045885101414	0	0	0
4.761955139726069	6.753625036253425	0	0	0
-3.4505562796284863	-4.787081809389335	0	0	0
2.0310929283036856	-4.523514779608931	0	0	0
-2.1235518989618143	0	0	0	0
2.7818489076211392	0	0	0	0
-2.566489239586872	0	0	0	0
1.1802888331413541	0	0	0	0
1.275937741095447	0	0	0	0
-3.2689243412297415	0	0	0	0
2.8529465582152156	0	0	0	0
-1.83160416744618	0	0	0	0
1.7625480120979589	0	0	0	0
-2.659118138541899	0	0	0	0
3.855966795151282	0	0	0	0
-2.684602157595954	0	0	0	0
0.9672244990596681	0	0	0	0
-0.7520578175287156	0	0	0	0
-0.43390001097328224	0	0	0	0
1.6903725904865823	0	0	0	0
-1.5078862178077372	0	0	0	0
1.3141155972522398	0	0	0	0
-1.260265000940315	0	0	0	0
2.1998733107899895	0	0	0	0
-3.9269834434906343	0	0	0	0
4.4065307169735775	0	0	0	0
-3.3390129864566376	0	0	0	0
0.6598010857423731	0	0	0	0
2.2076612535930593	0	0	0	0
-2.007340069408883	0	0	0	0
0.2734904693152984	0	0	0	0
0.5078710510961741	0	0	0	0
-1.199258036963485	0	0	0	0
1.3480256685728094	0	0	0	0
-1.285134375049239	0	0	0	0
1.1669233389715927	0	0	0	0
-0.13872455662750838	0	0	0	0
-2.387449120575589	0	0	0	0
4.503310582750196	0	0	0	0
-4.38388172499409	0	0	0	0
3.0748950260783303	0	0	0	0
-2.140425387185118	0	0	0	0
1.0817140328609867	0	0	0	0
-0.28678360131058156	0	0	0	0
0.41234938993263626	0	0	0	0
-1.1243833146550912	0	0	0	0
1.9456693749058545	0	0	0	0
-2.29833970575131	0	0	0	0
1.1041339440478524	0	0	0	0
0.6764148959397076	0	0	0	0
-1.340018050870036	0	0	0	0
1.6141388333202045	0	0	0	0
-2.794017647413092	0	0	0	0
4.183311563997613	0	0	0	0
-4.146142043489931	0	0	0	0
3.396543285721684	0	0	0	0
-2.9749674832535433	0	0	0	0
3.093511529408133	0	0	0	0
-3.5891880826348697	0	0	0	0
3.9338659496687427	0	0	0	0
-3.478844699258204	0	0	0	0
-0.032610149024222324	0	0	0	0
4.263688512368901	0	0	0	0
-5.0839575288539365	0	0	0	0
4.033169363497649	0	0	0	0
-3.2746683224892834	0	0	0	0
1.5561184168518878	0	0	0	0
0.662530176020951	0	0	0	0
-1.7275470968523265	0	0	0	0
1.5699929029652822	0	0	0	0
-1.3045597028545544	0	0	0	0
1.0983364889663676	0	0	0	0
-0.772622773134934	0	0	0	0
1.2684433125174763	0	0	0	0
-0.535053038992551	0	0	0	0
-2.659078259989343	0	0	0	0
4.873835076175936	0	0	0	0
-2.626403875530471	0	0	0	0
-0.7753311612849387	0	0	0	0
2.082433613437942	0	0	0	0
-1.4662591524289112	0	0	0	0
0.21824652513954845	0	0	0	0
0.09150237176113052	0	0	0	0
0.6683809023559277	0	0	0	0
-1.5108922404346856	0	0	0	0
1.5394415717207721	0	0	0	0
-0.025192483128897436	0	0	0	0
-1.661981591915243	0	0	0	0
1.6541823882077367	0	0	0	0
-1.061370625077224	0	0	0	0
0.42034654574733565	0	0	0	0
1.2733328598343405	0	0	0	0
-4.091996937645284	0	0	0	0
5.359374712807522	0	0	0	0
-4.107544496151249	0	0	0	0
2.12432093960215	0	0	0	0
-0.5670138428472384	0	0	0	0
0.10190444209480631	0	0	0	0
-1.066567181893788	0	0	0	0
0.4089320179157525	0	0	0	0
0.9297468028266138	0	0	0	0
-2.003674706951692	0	0	0	0
3.431515445329403	0	0	0	0
-3.742073641931519	0	0	0	0
1.7331335622703463	0	0	0	0
0.6886086908703248	0	0	0	0
-2.011420426304518	0	0	0	0
1.3180256502873178	0	0	0	0
-0.5844157939702157	0	0	0	0
1.7871050442122254	0	0	0	0
-2.8810036989636956	0	0	0	0
2.4597015510857716	0	0	0	0
-1.0967316666974938	0	0	0	0
0.1083402083689009	0	0	0	0
0.6770155374293765	0	0	0	0
-0.7346705731332079	0	0	0	0
-0.339007451696844	0	0	0	0
0.7391360006265089	0	0	0	0
0.963972012273068	0	0	0	0
-2.6845913804201587	0	0	0	0
3.211590880620122	0	0	0	0
-2.181179586266424	0	0	0	0
1.2540894815065897	0	0	0	0
-1.2456233415471374	0	0	0	0
0.08231060260241208	0	0	0	0
1.0097437331888557	0	0	0	0
-0.8491792903372684	0	0	0	0
0.09267589035555801	0	0	0	0
0.5159252123814184	0	0	0	0
-0.9409425281976027	0	0	0	0
