0.027726096357291397	-1.3730192514020416	3.7611804145935537	0.001653681760302561	16980.39107008719
-0.04365618072431943	-3.944126114716582	11.875906552576524	-0.9741765871619776	16980.554266073363
-1.1763463772363139	1.0318407072091986	-4.622067514394544	-12.448649800269735	16978.066954337188
1.504380525809026	-5.770440943015025	16.610433005024916	-35.39808187663499	16980.57647966026
-2.1469947151038724	3.1699503905449404	24.582325029102833	-14.697630157092462	16981.056153033445
2.479197439095117	5.654469988397253	-8.005621694495176	0.7492626206602182	16977.73503553
-2.339917114555476	-1.3888668928137875	8.753047258814874	-1.3540684729705106	16933.764230417735
-1.1457889683298532	-8.026261051716432	18.524636522712882	18.6281578154167	16930.43611815028
6.227709996197973	16.35804631313252	-3.821411750166419	-19.23143557845549	16902.57231675398
-7.488100299826101	13.046948455317533	5.66107832967829	12.535960541873933	16868.681831256526
6.192678736821335	-4.997541997432684	0.02710979199652286	18.17392701521021	16860.96753186269
-5.09238115253509	-2.2298690370032617	0.9153088034642849	27.182752843653446	16834.75872105016
3.0424611650425604	15.04652603918695	-5.420373817803281	-10.52303823057693	16699.551017606012
-0.31185001454039707	-3.2279908292009694	12.588565159403629	14.315735918901723	16734.881312339574
-0.4955255119634856	-3.771805420082522	-5.32049476974899	4.946168190775268	16764.26987737998
-1.7914209502920926	-3.8558549386984353	13.614929528648005	-19.999140464981735	16737.05691253282
4.697482464956849	-2.7652220037509707	16.364078085118095	6.26896507119082	16669.49714092727
-5.352605376719282	-14.968116720959848	3.4873763954310846	-30.842306287566288	16666.554516674645
3.5210756225628117	-10.103250087315502	-5.232132422318145	27.327666474479457	16661.88013516655
-1.186521069214038	-1.0032018840893073	-2.665840959819704	-1.0364445079597004	16592.6970290405
-0.7750964624941759	-7.475883733204881	3.5235939701854733	18.79208308136053	16569.552180117305
2.4001289645052424	-2.696532607592907	-4.589281058472238	-24.65857196708896	16714.40792567825
-0.956139968316279	7.309088632058895	-4.785972548305381	20.21692113230641	16717.15788356657
-3.243230870602204	-15.137650934467118	11.214531887291457	20.846725647816882	16682.302890486884
5.421467413959078	-4.2987671878672415	19.021971023875963	-3.372667656914871	16749.273634623198
-4.809714094566864	-9.772022076919264	2.655093751617912	-21.871242314123492	16805.383422541454
3.5825799389123887	7.368112691983413	-2.6085784870843725	8.045326529288289	16863.144799933296
-3.3785211993524342	-0.5522745697535569	-1.1752128549241263	-17.499748828795603	16947.529348304462
3.3030428028765044	4.821258109559295	14.378991303078081	34.57295024129611	16895.341952267467
-3.2104019980399485	-4.555906893498943	4.230483441687667	2.8111678269857947	16898.8859756766
2.8044442719101355	0.8389075970457682	-20.52605910206624	0.18008941431241965	16906.713198551493
-1.7704852250969054	-8.920031862047495	15.751565349035658	8.139446089264894	16997.592558824967
-0.10384391700374351	-2.547533648305901	3.123133940394297	-33.10702035288159	16911.1738445921
1.9777677285997655	0.9039648614401514	6.687409385237274	18.04907880688326	16918.441593265412
-3.851918681203415	0.3352160272826765	-6.352861631007258	6.623546453453557	16869.447616074638
4.3690356742279945	-2.258725775397089	-3.0470644094089607	-2.3955366189143064	16891.200733794394
-3.252901673731195	3.582390726142563	-11.91674300939836	-13.565106141388014	16914.771191003365
1.8137822963605998	-7.675878621520155	-11.515808109992363	-0.2761935725823861	16953.56329258648
-1.2883204212365058	2.148986113957413	-6.701468440863721	0	0
1.5291440806638192	9.708848584400727	-1.954138725650651	0	0
-1.6828706173428358	-1.239396253190833	-5.076291159798188	0	0
0.5292376468336215	3.579215642625229	2.4211692319353517	0	0
1.9236938840066813	-8.58537715467341	-3.1129998731347968	0	0
-3.9413298820275458	1.6509680790917471	21.406107294782643	0	0
3.567987238807767	-1.701737713995584	-3.073809044055878	0	0
-1.2751454761612635	-3.0941643705352817	-0.7721296539898646	0	0
0.504641552349284	12.422463536057805	7.531438134922382	0	0
-1.7807870889155097	-4.2701021041382035	1.3209334260382093	0	0
0.8490099318302029	12.760571131359804	6.536395764824704	0	0
1.4824048889874888	-2.9810490616303156	-4.217251203282572	0	0
-2.9812356646439326	-11.106364046299724	-3.2971582441078766	0	0
3.4953952253214666	-5.410307845146953	-2.248432986307378	0	0
-3.7011043944510504	2.3265152296930722	14.585053641596474	0	0
4.242654366766466	-2.2968224967507638	21.69833431108897	0	0
-3.4790367508349362	-1.3503257118414425	-12.490266810842314	0	0
2.0164885091538025	-0.8682828290096793	10.852202674826103	0	0
-0.869565031028813	-1.2427368494318003	41.30754237156373	0	0
1.4360120588546366	15.192954031038127	-12.02711027744796	0	0
-1.669608777446875	5.3916879159693565	9.540255388306633	0	0
-0.09630759975686232	11.949135617768867	-12.857208597729226	0	0
2.455959912682445	-11.5455893269381	21.9577465266254	0	0
-1.9348687117185648	7.833564437071878	-5.676636917529407	0	0
1.2090349804087666	9.004581259165292	-4.382592086180026	0	0
-1.2129783231436662	-4.305256665456618	-2.987248462260453	0	0
1.7456491997366612	10.174407433733236	-7.138900750355589	0	0
-1.8923792316639023	1.5811397447525266	7.516600479580191	0	0
1.1083621615479657	-0.07971812940849787	-2.629265843273089	0	0
0.6696462799408778	-9.685999750243795	0.9444195893425729	0	0
-2.3735096130271103	0.2819998188316859	-5.301297554577943	0	0
3.5780763609825	-11.439102889731771	9.007926341732059	0	0
-2.0879442481380863	0.6049347035395485	0	0	0
-0.32320315681457146	5.263457078567448	0	0	0
2.008337022625817	13.186631752769252	0	0	0
-3.44365993563148	-3.887066523393436	0	0	0
4.837902525390874	-5.198842581609419	0	0	0
-6.453526365704484	0.8205553133891712	0	0	0
7.773819438448456	-3.1648464321241434	0	0	0
-7.539468968183563	0.8942217634772192	0	0	0
6.0539451788514	0.3582611634183479	0	0	0
-3.517983431865474	7.812102418705031	0	0	0
1.6182984583219735	-3.8492455827287486	0	0	0
-1.710442126641972	-6.566352611270112	0	0	0
1.63732258165372	-3.7406112048603646	0	0	0
-0.30504873315615555	17.839400608790427	0	0	0
-0.30540540674456196	-14.933758748544506	0	0	0
0.45742351218112987	-4.6169436078321695	0	0	0
-1.6131388104333908	-1.2430739622165987	0	0	0
2.094038579938797	-0.31865954750296765	0	0	0
-2.250599567434314	15.659364040975426	0	0	0
3.247877121827109	5.188942800448935	0	0	0
-3.202985550012528	-2.6197517822840126	0	0	0
0.4630557728242195	-1.6160285467116253	0	0	0
1.3883605265733152	-1.1305857913555215	0	0	0
0.16888130996384376	2.669149519922925	0	0	0
-0.2626401232587767	2.3811525366785204	0	0	0
-1.5337728156043582	0.29177830659109105	0	0	0
2.8315759389698627	-0.44750995693907214	0	0	0
-2.8913915976252724	9.663296165389198	0	0	0
2.5716337288237128	3.4913389942805324	0	0	0
-2.1387430701690278	5.006577345400814	0	0	0
1.850347892943013	4.069023672503043	0	0	0
-2.431740436441544	8.795069957193917	0	0	0
3.7608971135441607	-2.5682800544208817	0	0	0
-5.105583975508949	5.09003623008774	0	0	0
4.6609472532365785	2.5652421773025154	0	0	0
-2.6155034263382504	-1.1245061296417163	0	0	0
0.2689131964029414	-0.41381552920091735	0	0	0
0.8888793044330185	14.515080239726927	0	0	0
-0.6680562411938098	-29.112253362136535	0	0	0
1.367187454882874	21.64457597793333	0	0	0
-2.656075588793719	3.265147925095441	0	0	0
3.248283344067019	3.359388252257851	0	0	0
-1.8095986655657512	2.7049040316958894	0	0	0
-1.0022718735977705	-11.864660998956673	0	0	0
2.541537837436394	-3.1096802723311043	0	0	0
-1.9112426554940143	9.340110087549952	0	0	0
2.8808584197843814	-7.523114598472681	0	0	0
-3.6755043316814593	-7.260832421967372	0	0	0
1.706491815257536	10.980757087169337	0	0	0
0.006380114451182806	-2.9846488083095934	0	0	0
-1.34606857472631	-5.19194216565603	0	0	0
3.0961405047412143	5.848459544882033	0	0	0
-3.6054775966330084	18.379184667370026	0	0	0
2.9504053486489425	-1.9862950797484586	0	0	0
-3.4896059308792786	0.7289032667913133	0	0	0
4.7165973985423335	-4.920659680608303	0	0	0
-4.487912396332639	-2.172169660649672	0	0	0
2.724707360443297	-2.8966866202079444	0	0	0
-1.0724834304868693	-0.4192059823726524	0	0	0
-0.6801747547138532	7.5918323430152626	0	0	0
2.703802728411759	-10.421505187441085	0	0	0
-2.940332891063356	4.883723404654177	0	0	0
1.1283248074312482	2.704549435147804	0	0	0
0.2017970996538665	0	0	0	0
-0.10184792002399234	0	0	0	0
0.6500294698309048	0	0	0	0
-2.3951156691266817	0	0	0	0
3.511383925968417	0	0	0	0
-4.306258924934653	0	0	0	0
5.083698475619855	0	0	0	0
-4.766075540384797	0	0	0	0
2.27115663933985	0	0	0	0
1.4110902752951162	0	0	0	0
-3.1641165531137787	0	0	0	0
2.1663829868558864	0	0	0	0
-0.3120575649680646	0	0	0	0
-1.831939584779903	0	0	0	0
3.7475398301878116	0	0	0	0
-3.9257107654506953	0	0	0	0
2.7434189116283108	0	0	0	0
-1.2025409746875013	0	0	0	0
0.6182099044877631	0	0	0	0
-0.8192795303361535	0	0	0	0
0.6210506075834274	0	0	0	0
0.32958725916710563	0	0	0	0
-0.7827704760460605	0	0	0	0
1.321885683104199	0	0	0	0
-2.0629460078860618	0	0	0	0
1.5000440054444013	0	0	0	0
0.5308590201749439	0	0	0	0
-2.1834077988510217	0	0	0	0
3.001448917687064	0	0	0	0
-4.228395321572236	0	0	0	0
3.330130226088798	0	0	0	0
0.8458454080667295	0	0	0	0
-3.623303718059887	0	0	0	0
2.1382382458022136	0	0	0	0
0.10340414134243048	0	0	0	0
-1.7132889958720199	0	0	0	0
3.028542065404423	0	0	0	0
-3.469224328817184	0	0	0	0
2.605561453296673	0	0	0	0
-2.0613436322771435	0	0	0	0
2.1345990057119053	0	0	0	0
-1.029926844438826	0	0	0	0
-0.9647558444060209	0	0	0	0
2.052835051697116	0	0	0	0
-1.9111999112362668	0	0	0	0
0.7397215324189901	0	0	0	0
0.33335874448530944	0	0	0	0
-0.938184476362359	0	0	0	0
0.46632235922807297	0	0	0	0
0.8100108321106063	0	0	0	0
-2.6007784062136423	0	0	0	0
3.7407816003055245	0	0	0	0
-3.609989927769014	0	0	0	0
2.412988434824868	0	0	0	0
-1.1219681128647991	0	0	0	0
0.25148572224164667	0	0	0	0
1.346909937495198	0	0	0	0
-4.029004752397334	0	0	0	0
6.576074104889074	0	0	0	0
-6.674768936584314	0	0	0	0
4.501761039375971	0	0	0	0
-1.6414613745372222	0	0	0	0
-0.14685817974548598	0	0	0	0
0.8474318692350593	0	0	0	0
-0.7392264703226274	0	0	0	0
0.23825934618674438	0	0	0	0
-1.0668468436772685	0	0	0	0
2.771010120568242	0	0	0	0
-2.4644895886683003	0	0	0	0
0.4056695451156216	0	0	0	0
0.5726885357389264	0	0	0	0
0.00010259428614034505	0	0	0	0
-0.5316487359761339	0	0	0	0
2.3195577710110555	0	0	0	0
-4.725262312389404	0	0	0	0
5.524127653946692	0	0	0	0
-3.566707972830166	0	0	0	0
-0.28522315424258693	0	0	0	0
3.004992011355988	0	0	0	0
-2.1145930053892954	0	0	0	0
1.9739737876196983	0	0	0	0
-6.75744476939186	0	0	0	0
10.699579617461431	0	0	0	0
-7.826315489143845	0	0	0	0
4.10093179098763	0	0	0	0
-2.145700522802507	0	0	0	0
-1.2535668936442619	0	0	0	0
3.5299288144689314	0	0	0	0
-2.027123429369915	0	0	0	0
-0.2248024583371091	0	0	0	0
2.236854280577326	0	0	0	0
-4.306999425220624	0	0	0	0
6.537641228956218	0	0	0	0
-7.194656352360333	0	0	0	0
5.101242616200103	0	0	0	0
-1.5006541241976876	0	0	0	0
-2.349319469580678	0	0	0	0
5.140746428925141	0	0	0	0
-5.331966547180485	0	0	0	0
3.4797141291375056	0	0	0	0
-1.6867103571291509	0	0	0	0
0.47567996183384764	0	0	0	0
-0.18818010899125426	0	0	0	0
-0.18785403507119014	0	0	0	0
1.4475263858196215	0	0	0	0
-2.8154978101058106	0	0	0	0
3.3971929220808974	0	0	0	0
-3.4113561874514033	0	0	0	0
1.91210983209578	0	0	0	0
1.092155668102464	0	0	0	0
-4.01985270606454	0	0	0	0
5.30655776854843	0	0	0	0
-5.652976478786904	0	0	0	0
6.040441134282915	0	0	0	0
-5.326130885447952	0	0	0	0
3.9332985924594936	0	0	0	0
-2.3688164561509097	0	0	0	0
1.09595530927497	0	0	0	0
-0.2139588195156037	0	0	0	0
-0.09708558269679202	0	0	0	0
1.033822612164542	0	0	0	0
-0.9353209768090736	0	0	0	0
0.7486210218038991	0	0	0	0
-0.15000012583094957	0	0	0	0
-0.6562964050144018	0	0	0	0
0.9854358538580783	0	0	0	0
