-0.2657490932233486	4.706151969306646	-1.561799752161292	-0.393605050673159	16890.12250318994
-0.46656467409793834	14.862054565965366	-5.556765222512212	-1.4671579361937859	16888.48993169849
4.030839215561052	-4.104758516623612	-4.990442067522665	-4.146737252430569	16890.779761944934
-3.071049438889382	1.187204639214002	4.574596694829523	-5.279781798184288	16889.74631529362
0.18118992113425492	0.28235462230222197	3.2867460594766698	7.708563626969692	16887.658614147706
0.16623199157846358	-2.0203265466916562	-19.554682274479532	-14.611877522421224	16893.980178180143
0.7807988223653695	-1.9752575431869843	-12.376442311971743	-16.221657031028585	16893.223999459075
-0.9539919182991667	18.01993710680774	-12.827434201604234	38.26082500595204	16971.732399410135
1.2758508322835453	0.802270164893983	9.14040208412672	-40.41876772283824	16938.484195440913
-1.3023199405462194	-3.4777804139749975	10.863827858588465	-7.952420863894062	16953.124435956102
-0.3791555259809627	-4.800479070289889	13.195664297439421	14.409044735444027	17027.667332038203
2.7804714965440382	11.109656729176272	4.9318337000122625	-22.752860213570656	16969.24127560879
-1.7572110746081435	-8.306314374347672	-2.7329923800984517	9.138661118792115	16879.265741081275
-1.737470356881694	-0.8642066336517331	0.9895655418519453	-11.87099586070687	16774.046695275243
2.8198405826352015	-4.059764630909321	13.256548277250303	-4.431682479358926	16755.65691320288
-0.6311444844052971	-7.773236893753065	-26.739339454054075	-18.148974418508118	16887.546798743067
-0.6047464329682768	22.303725746346963	28.029272777961353	-12.511747751456653	16948.7453522693
1.6890862832902158	-7.335116715961021	-12.429774139071796	12.430310395651986	16909.79209042242
-3.069313662437821	-4.650053959321994	12.277679719837593	7.9232328520865	16813.047682097826
3.6672805135760527	1.855183745920428	6.847664662047563	12.347706207071539	16601.18970859982
-2.201599975800818	3.0359634799209942	1.7144625070598352	7.5700405209007755	16638.579603762817
-0.7482419885785987	-6.935310121806914	16.046702496607168	-9.678293327047811	16789.239561406397
2.9098629076821325	1.956287995683148	6.8594198680629574	20.5315743642808	16773.399745287385
-2.973864488678835	-1.3950826993166103	11.245418518513247	-6.688285298098407	16739.7667072353
1.4111423191639219	5.034116499710549	-2.129168469237783	22.128336084519105	16729.765534667746
-0.6333441380371099	-3.849253238022534	22.046258908689566	-2.2253154362025356	16649.748396741066
1.541205460269211	-3.0626941977106057	-14.877017019434817	-10.967428412338023	16589.171325897863
-2.2303728983460758	-1.3905519237620538	0.9628099657470273	9.406508106483756	16716.338349764606
0.808295246594156	4.286939851069924	-17.345965799694852	25.118447922833894	16769.129867679847
-1.4494169152761245	-6.003957111771626	0.4299796529815296	-13.959474306604548	16829.717400822534
6.3512212637289736	6.873356917889907	-46.371240416214306	-6.546754399967043	16701.86144560341
-12.707038606684925	2.0721381374730683	36.2474347972927	2.580524207300485	16732.378944115666
14.567092809101958	6.890368766237351	-9.472789158068792	-4.068908429403294	16810.85002654069
-10.811348583862042	-13.834838758645972	-6.968932125861201	-6.803800299185937	16805.99655390621
4.486399234625175	-7.2692137568472575	23.83529375556313	1.8279809865359624	16841.3755702938
-0.3616422936401591	-7.641252785186808	6.321805447572672	-1.6279168913716546	16849.30070455454
-0.27268199993842757	6.445518841232321	-4.08436790201138	1.6970725107832436	16897.931383403724
-1.6910202095534004	4.321162645812173	0.026450366882897924	6.8177842729748335	16911.8991190004
3.5840934142452454	0.6997111748233067	-2.8613885347694605	0	0
-4.897276139177201	7.007521537374814	-4.681294540935511	0	0
5.313713600404405	10.583279421768275	10.675756492386128	0	0
-4.145120007810746	9.4401654446837	4.249393186764422	0	0
1.7735317689717789	5.713429813528897	13.27111114358945	0	0
-0.5375341575039769	1.1246181646718227	19.982591586651182	0	0
0.47650962570372	-1.517498823947804	-6.543195683669282	0	0
0.8190840800694588	-4.257956266548284	-5.1189551551664465	0	0
-2.327908555524793	3.9291196034112303	0.16836817973972984	0	0
1.2172541875732321	-8.82664738078821	11.33020616763045	0	0
-1.0588110984669825	10.869195041961994	-17.666036294759948	0	0
3.6455568374655343	-12.06314163528178	-3.953717587372637	0	0
-4.413731330149346	3.8255130835228144	5.8460338690844225	0	0
3.891004837117535	0.24437726588821818	18.36081401385428	0	0
-4.281360070635458	-6.782366408327647	-29.404858506130196	0	0
2.2437201332612773	-2.073650002814084	-6.816885274830085	0	0
1.8258020867775429	3.6076231626729296	17.10860299376185	0	0
-3.528758060987876	3.5305715859688505	-11.083864187871	0	0
2.149301228340228	-8.364049798744418	9.60380791980424	0	0
-0.13396653346973153	4.331429690801798	-19.595375490345532	0	0
-0.8392916757848781	30.031205273514523	0.8812686949736417	0	0
1.3006922474126483	-6.569345641481675	12.144894348634296	0	0
-2.123899613164916	20.130640966095534	-3.434312147082764	0	0
1.617155912219431	-6.895961751020501	-13.09673915200996	0	0
-0.30952711700818014	0.9981376821358907	0.22870424004059942	0	0
-0.13058818186498655	-2.4968756041714713	8.142196983897335	0	0
0.3761684141543	-7.773314363920832	-22.136436958489114	0	0
-0.2161208932669254	-7.218438362426049	7.557700972715637	0	0
-0.8290265691046415	-0.9957235220535097	-2.0378324448377043	0	0
0.3972873843303688	5.166932101018531	-0.25925373056034573	0	0
1.497588266043067	-4.183713047091196	0.06179186431839412	0	0
-1.016892710690911	-6.436093254398486	19.254970098079255	0	0
0.01640880159791891	-3.9693185689901256	0	0	0
-1.8839517062976086	-4.481123702139335	0	0	0
4.085625757486717	-8.975747315115385	0	0	0
-2.72293940269315	7.337233044279188	0	0	0
0.9133675149099503	-2.1598298185035603	0	0	0
-1.2179268560739018	-1.0850734095443926	0	0	0
0.9329216020521898	-1.8397133539108452	0	0	0
0.7679072403768714	9.4580660769534	0	0	0
-0.7774455924544768	-0.9039791485799711	0	0	0
-0.9261596513304227	1.619399619298484	0	0	0
1.6734862964669475	4.025591026633151	0	0	0
-2.0138221803618066	-0.2025376176354996	0	0	0
2.031881660010569	9.662113119972723	0	0	0
-1.0745141705370642	8.593810860314171	0	0	0
-0.04524948283468433	-1.7735440780685678	0	0	0
0.048382034219862646	-12.22892296531409	0	0	0
0.7097862356710962	0.32147978137991373	0	0	0
-2.4753072339396525	2.9618962116511938	0	0	0
4.9413297491147645	-5.941006208527874	0	0	0
-6.862432691909646	5.540257325087282	0	0	0
7.808678389831208	8.83341807265122	0	0	0
-8.172977721981084	-11.356775646715533	0	0	0
7.611644882233399	-8.231619582442562	0	0	0
-5.103737184366828	-1.8395081843797811	0	0	0
2.8534418292735566	2.1646846293976765	0	0	0
-3.6576811665140596	-10.234450559861564	0	0	0
3.6842397056665845	2.527737940155717	0	0	0
-0.16409301111998076	-3.377865100588558	0	0	0
-2.396696815091765	6.661072493510417	0	0	0
1.631552858428897	11.567941765714437	0	0	0
-0.4049756364679382	-5.278268193925456	0	0	0
-0.8750159143836953	14.229276112627701	0	0	0
2.5773300926597926	7.339030860812201	0	0	0
-2.9862356398134295	-10.744927025547383	0	0	0
1.270087155237988	1.107121305625931	0	0	0
-0.6373503396675702	1.9238858930935834	0	0	0
2.6746410711889936	4.951840804727077	0	0	0
-2.8555437386191116	-8.02887452393167	0	0	0
2.1596178812718705	-4.164025792166342	0	0	0
-3.9256869431753074	-17.980438739536716	0	0	0
5.330338008543507	-1.719625169079734	0	0	0
-1.5563349208461972	2.08302286650828	0	0	0
-3.121179851246275	-2.8922334447089497	0	0	0
2.7040407498516146	-2.644761750021466	0	0	0
0.5117735988731908	-4.007238384612258	0	0	0
-0.20999888304658043	8.948975203844718	0	0	0
-2.5596765085401003	5.175141042331475	0	0	0
5.336643212096867	-18.778005772189466	0	0	0
-5.984176256312381	0.9009955713943185	0	0	0
3.2012258592539524	7.365189999267848	0	0	0
-0.5211782063098127	-4.676773920404102	0	0	0
1.6208681070633446	4.101599726130672	0	0	0
-2.9483798141121156	8.328435595149806	0	0	0
1.1337288658728184	6.4992797532174365	0	0	0
0.7416535626903666	-1.886742920597321	0	0	0
-1.8887193763681012	-1.0998777682453849	0	0	0
2.180574965702476	0.7796273491798402	0	0	0
-1.7855746678602742	9.201002560932245	0	0	0
-0.027491520619740584	-4.349677571789897	0	0	0
3.0283251979191235	4.194098471940713	0	0	0
-4.094935864284125	-3.6742291132893357	0	0	0
1.5537258247123802	1.41220265006406	0	0	0
0.8615943789528515	-9.339057469882654	0	0	0
-2.434842741911474	0	0	0	0
3.708642744102086	0	0	0	0
-3.780817311639929	0	0	0	0
3.1111142613189386	0	0	0	0
-3.5099185821291528	0	0	0	0
2.8101011228423047	0	0	0	0
-1.168525209948001	0	0	0	0
0.7309873649685912	0	0	0	0
-0.024215377762345724	0	0	0	0
-2.439185271833793	0	0	0	0
4.865275318613477	0	0	0	0
-4.284909994939831	0	0	0	0
2.5255592521730463	0	0	0	0
-1.9659195857208402	0	0	0	0
1.0623242295227442	0	0	0	0
0.8764034715792377	0	0	0	0
-1.2518614604148013	0	0	0	0
0.9933619545728121	0	0	0	0
-1.5921994517589724	0	0	0	0
1.6280081905126238	0	0	0	0
-0.25916208189620704	0	0	0	0
-0.8889914230989575	0	0	0	0
0.9454946610143509	0	0	0	0
-0.8457539903616933	0	0	0	0
-0.3639812252886685	0	0	0	0
3.4008078435640314	0	0	0	0
-5.098743731458065	0	0	0	0
4.190655034547262	0	0	0	0
-3.1535670337952624	0	0	0	0
2.243689206948474	0	0	0	0
-3.1313501392186964	0	0	0	0
5.219271665175796	0	0	0	0
-5.231706752170524	0	0	0	0
2.982234995407353	0	0	0	0
-1.1716950192734927	0	0	0	0
0.6306536557049256	0	0	0	0
1.4407126013911906	0	0	0	0
-4.137657565136941	0	0	0	0
4.495758226649528	0	0	0	0
-2.5657683290096855	0	0	0	0
1.3302856323009422	0	0	0	0
-1.24968777634151	0	0	0	0
1.279360452857894	0	0	0	0
-1.3600611804782474	0	0	0	0
0.5126490747021109	0	0	0	0
2.215551997866079	0	0	0	0
-5.307353854077867	0	0	0	0
4.558394282488713	0	0	0	0
-0.48580595647806746	0	0	0	0
-2.1399111424886073	0	0	0	0
3.2300631036334053	0	0	0	0
-4.577805041441124	0	0	0	0
2.350293184278847	0	0	0	0
1.7347887158466335	0	0	0	0
-2.040821536544989	0	0	0	0
-0.3247900154814758	0	0	0	0
0.4915848339638771	0	0	0	0
0.07602186654297327	0	0	0	0
1.0062801870957188	0	0	0	0
-0.9925782935291352	0	0	0	0
-0.3979813145406439	0	0	0	0
-0.40805230212859556	0	0	0	0
-0.01940482670327981	0	0	0	0
3.484404924338378	0	0	0	0
-2.8148886577573364	0	0	0	0
0.18527286913806051	0	0	0	0
-1.415649240896542	0	0	0	0
3.7670626536227445	0	0	0	0
-4.36210429312564	0	0	0	0
4.851216934019725	0	0	0	0
-3.9160785488422576	0	0	0	0
0.8621625954437988	0	0	0	0
1.1927939538080068	0	0	0	0
0.26623838941767275	0	0	0	0
0.4099184962183102	0	0	0	0
-4.15064750872105	0	0	0	0
5.433791902897781	0	0	0	0
-3.871172775096994	0	0	0	0
2.635292573894155	0	0	0	0
-1.9991488777478352	0	0	0	0
1.4984740279322395	0	0	0	0
-5.213981476380248	0	0	0	0
8.282525221147601	0	0	0	0
-5.856812485545412	0	0	0	0
2.6622231311547964	0	0	0	0
0.5555270638065579	0	0	0	0
-3.0512516083332315	0	0	0	0
1.1549173946200995	0	0	0	0
-0.17034974742211517	0	0	0	0
1.2505816380216999	0	0	0	0
-1.8744860421227045	0	0	0	0
3.6343317474348353	0	0	0	0
-4.845971755255327	0	0	0	0
4.816475283009808	0	0	0	0
-5.6172577331469284	0	0	0	0
6.678556428527159	0	0	0	0
-6.3840709809748475	0	0	0	0
7.182622277020869	0	0	0	0
-7.473910021315561	0	0	0	0
3.345944822026091	0	0	0	0
2.2346323154178904	0	0	0	0
-4.6923038700160475	0	0	0	0
4.9859889433468965	0	0	0	0
-4.377748401908022	0	0	0	0
2.022251955906114	0	0	0	0
-0.6910319593536798	0	0	0	0
2.6858708681718966	0	0	0	0
-3.073947972018111	0	0	0	0
-0.7475749517417967	0	0	0	0
4.680135320886976	0	0	0	0
-7.142337982996068	0	0	0	0
9.338063634811931	0	0	0	0
-9.581155216622946	0	0	0	0
7.221338020710199	0	0	0	0
-4.789478075483181	0	0	0	0
2.4667329766384753	0	0	0	0
0.29020183317616244	0	0	0	0
-3.47671218215347	0	0	0	0
5.6087073735362765	0	0	0	0
-5.481918907108572	0	0	0	0
4.580584297706324	0	0	0	0
-3.5952663352899066	0	0	0	0
0.6452385664411722	0	0	0	0
-0.21577495481698605	0	0	0	0
0.48259658328129973	0	0	0	0
2.5211097778639697	0	0	0	0
