-0.4176050506373912	2.978448381831747	-1.0602835751958963	-0.2965084614238265	16762.627185589547
-0.13187670075222968	9.328846206820167	-3.515989191164792	-0.648634842318657	16762.771360539275
4.659365691996747	-1.94778804098258	2.56970612640346	4.831514489051429	16763.81622809818
-5.150724231127377	-9.638103919459034	3.3614450776496483	-3.1554416721486547	16761.90889946385
4.395554391303392	1.6936101895105224	8.53783314819465	-2.9314695781834104	16766.787403913568
-3.3825045086387675	7.7327183001038975	-3.7640607369670107	-5.862105553678475	16749.792531934097
-0.32831584218806853	4.1299261285696005	8.006974266876995	2.8268955922109456	16764.158329114856
4.63278003896194	0.7180102374949584	-4.528854014475442	-46.73962524506078	16732.71005377012
-6.493754426327612	-12.209397616539519	-14.239453794628602	41.56469292888647	16703.53492059101
7.41111096766857	-6.885899813104963	-1.9074843818637532	-13.50324576493037	16751.649921508986
-8.260403003414247	-4.0157576174336	15.137096684130782	17.639306880150315	16726.465017786002
5.0075025631402	5.008274796355522	-13.38314570185348	-9.932452588353115	16762.552166901693
0.6189427445389484	-5.4456708422480915	-7.547799940075421	15.693825132616922	16739.02683987666
-2.6001410821844146	-3.2173233660272444	7.153380618938328	2.2436253486320936	16775.624926447887
1.55697219534526	0.37655343094426286	-11.570684256400128	-19.14756717820866	16784.707028863304
-1.2256971090638018	-7.871835971929549	-15.162040736298252	3.1519797848544044	16782.707658832453
0.9815351357483308	-10.075570891071983	3.601287883139719	-23.333055448492573	16769.38060644134
0.9632580386649039	3.724276684482348	2.0685024983377076	-7.397706853642944	16737.104009748655
-1.7467804366097965	-7.898445253771378	8.995263668064041	0.7205789542578032	16786.036077394827
0.4264189038402222	-10.174487134954049	-1.0292085569839315	2.717759881863927	16695.609325166522
-0.07735865287624932	1.049175585831037	11.17055918540386	-6.260536811264885	16671.10306239497
0.3350046473314805	-2.79478493325972	22.323511081376935	19.83078751320889	16713.14074933788
0.5631829293877288	-12.86464262327027	0.33409881700158905	-10.532905963514054	16777.122578260183
0.956728831776104	19.687155220235447	-5.087190416522176	-14.533103036852381	16774.0855075547
-5.323314536177975	-10.721281240726839	7.644242852515461	2.5379547774999196	16884.016519102955
6.206213030884747	-1.4232880047867056	-0.832866377014156	17.14284458177019	16916.46516619192
-4.988771948783494	-1.7847862930521217	7.054249165580927	-7.527620343511629	16896.770424699567
6.447666120768112	0.4835666238108587	6.226098703154989	24.856477133359277	16855.12949006507
-8.261688754192164	-2.0536574446326625	8.432790909353457	-7.742350506985588	16748.884667363112
7.584210543463087	19.166951997218987	0.32566023331064287	-14.791069505652047	16704.764961085377
-8.204509930281723	-3.5142897544445475	-20.890330436828023	-8.735104392040995	16739.294056524523
9.662911534391476	-2.6335256714775923	-7.977712572997731	23.92998261260422	16771.53592498011
-8.115156219436876	-7.742397462506766	-3.8307871381424974	-3.9295373167021665	16764.810630633536
5.2321466031105714	-11.821126876592118	8.004837231013227	4.948701766062541	16813.996033268268
-5.086075833653588	19.500716432117144	6.241065126100565	-5.556263838983256	16807.66246595997
4.988568051846748	2.0936782895790245	0.4337558199379572	2.903038485808011	16835.084027327237
-3.646255776968843	8.829104380845372	7.729740257545501	2.488293972075482	16806.21964146074
2.717762270204254	6.1217330206173415	-0.16367840887306784	-4.2346630079918555	16777.294854572046
-1.942484969202816	-18.78003310243637	5.4356727806246	0	0
-1.3616018488136135	8.484492295301166	-4.542804337304446	0	0
5.740505458240243	9.350089115147249	-15.32838118766729	0	0
-6.39665202650081	4.427594892590882	-1.3035576893121004	0	0
4.184462702122495	28.140664305869528	4.525911164840579	0	0
-2.328130576784339	2.497766902217407	29.967407106227128	0	0
1.8213267864988154	-6.126985363954773	-12.574647316611305	0	0
-2.7211116633250327	-0.8627363072150942	9.589113457156884	0	0
4.3212877410187005	-0.46450500898605185	-6.138484561106679	0	0
-5.291364131367551	19.23980061181954	22.11875013724962	0	0
4.3378718921006225	0.5006537462470178	5.276564094926755	0	0
-4.901651537449595	-7.607908977849576	5.0206999132888654	0	0
6.908261383202138	13.369921269356801	-5.8992215128061645	0	0
-6.1140636114412885	14.615479423699384	-3.7951133273286928	0	0
3.7300409861489356	-4.564155808410206	-3.4787659978202328	0	0
-2.7318731568183026	-18.698717902143194	4.647798190271516	0	0
-0.5384282973966208	-4.086964613089002	7.739553490926497	0	0
7.537559105989416	-8.72587764832442	-9.856715627598092	0	0
-10.762262015743637	7.02724747436659	12.883037889981338	0	0
7.779176116006575	4.295879478282828	2.6971066288708556	0	0
-5.1371524503125485	3.9410782138097957	-2.3229659683010766	0	0
3.8635467919324498	-10.620989667032084	11.389962382170424	0	0
-0.8436635251135982	8.5920471443698	-4.549332777095188	0	0
-1.5365566880977966	15.270696598082196	8.62342729001962	0	0
1.7340899240510197	13.379216664202346	-4.360977962723339	0	0
-1.9513954483568838	-3.147208912683091	6.067220649746275	0	0
2.1329229055702825	8.594638506577937	-15.399261382042539	0	0
-0.45258862165641744	9.511018968768042	-4.038177288931905	0	0
0.6571506952390394	-0.06008108013001845	4.186607661001261	0	0
-4.920284533695671	0.44748251037766806	-3.5743125245708285	0	0
7.237340477238618	-1.1821721892100712	10.217822675821793	0	0
-4.661263450042043	5.637113254572569	9.403449966613067	0	0
2.1984535930749374	7.620419006289424	0	0	0
-2.473103265258608	-13.989164999795314	0	0	0
2.800218511033158	19.88765428764586	0	0	0
-1.7738069484980628	-9.51413079891391	0	0	0
-0.2378510846341726	2.9143058673261137	0	0	0
1.9521231225438456	-9.129238870060519	0	0	0
-3.470467908596987	-0.09735605124879498	0	0	0
4.390683564251596	-1.0719037968326361	0	0	0
-3.849303262318166	-1.7892325670571978	0	0	0
3.2296279148713722	18.30646195447091	0	0	0
-2.458000846031986	-12.247262331713571	0	0	0
-0.7317744672394113	2.305993096305606	0	0	0
5.403072940187435	12.09538694510831	0	0	0
-9.082769913872	8.684553567417503	0	0	0
10.505214768486574	-2.586131425049423	0	0	0
-9.209195342546103	-5.717173426486468	0	0	0
4.725114416821356	-2.4410703255196253	0	0	0
-1.2241747473646498	9.406348271676784	0	0	0
0.9191343444781879	1.9370596679911571	0	0	0
-0.39145199800523045	-11.558129289753886	0	0	0
-2.3580003205435816	4.813439341179624	0	0	0
2.6161452299731422	-7.027140219007812	0	0	0
-0.4642066466788961	26.248490793337957	0	0	0
0.16129235640991624	-8.830627095854375	0	0	0
-2.177635321444967	11.010457572894047	0	0	0
3.7547934885760554	17.703419368264242	0	0	0
-6.306630459236622	11.077641177330342	0	0	0
8.0556906241031	3.6792713569304922	0	0	0
-4.646961744264452	-5.69294891031366	0	0	0
-1.9005598445732304	5.481644681248298	0	0	0
5.96191334545064	5.776532972867784	0	0	0
-6.492794315744348	-11.026667267571327	0	0	0
6.005724992068487	-4.391226978966763	0	0	0
-3.4287141783620783	-0.4799135900179081	0	0	0
-1.4811697904227756	-8.870129861064349	0	0	0
4.976594617428361	1.6385626342319242	0	0	0
-5.334437127441163	10.080545888133457	0	0	0
5.342251466094702	-5.7066691715368165	0	0	0
-4.911933881569034	1.208302797798602	0	0	0
3.7764640555120295	-6.941950660881567	0	0	0
-3.8358043606390595	-0.14516582179947335	0	0	0
4.589274487440683	13.034668062135637	0	0	0
-3.2720720003851156	5.722320232016422	0	0	0
0.48208939697971687	10.096865884084146	0	0	0
0.9784713394137725	-10.426824705317522	0	0	0
0.816464503388147	2.7469385597515057	0	0	0
-3.938967178473767	3.282530256492443	0	0	0
6.895272947221933	2.5154759899568546	0	0	0
-9.05614444224684	-18.17319214493731	0	0	0
8.566387234378226	-4.591482977904512	0	0	0
-6.998680628507721	-7.44663603726346	0	0	0
6.041837852467978	6.654175144080206	0	0	0
-2.4041441291507653	3.582146610629053	0	0	0
-1.5098633145534919	27.55871243678076	0	0	0
2.027181628189986	6.625719980914916	0	0	0
-0.6069632405806189	8.975619214092127	0	0	0
0.704496525040085	-1.5703122724246015	0	0	0
-1.9448400617001411	4.1780887522014325	0	0	0
1.8798724020840325	-7.418452652438418	0	0	0
-1.51574025560096	6.086078485647448	0	0	0
1.6485227125946054	-5.2667642000014325	0	0	0
0.3013990069628818	7.1019958118133815	0	0	0
-2.9696601663450153	-5.234714173600885	0	0	0
3.3210957663508225	0	0	0	0
-3.9922958986011565	0	0	0	0
4.965130447053141	0	0	0	0
-4.080376300223811	0	0	0	0
2.4854862762559407	0	0	0	0
-2.0317955158754586	0	0	0	0
1.6660044866076547	0	0	0	0
-0.9368481002847489	0	0	0	0
0.2513916058405883	0	0	0	0
1.771558486409475	0	0	0	0
-5.199900049675733	0	0	0	0
6.114226362136151	0	0	0	0
-3.3003837900255917	0	0	0	0
1.470142076364354	0	0	0	0
-3.6735640261767486	0	0	0	0
4.45234086567973	0	0	0	0
-1.7553753095895246	0	0	0	0
1.385119990966892	0	0	0	0
-2.2614187325750237	0	0	0	0
1.6640255363443757	0	0	0	0
-2.105842550812298	0	0	0	0
4.103101511850198	0	0	0	0
-4.247409812193943	0	0	0	0
4.552505362639302	0	0	0	0
-6.954142477819325	0	0	0	0
6.5543775101638175	0	0	0	0
-0.40169766355618464	0	0	0	0
-4.80058174697529	0	0	0	0
5.714397606029344	0	0	0	0
-5.516666310342011	0	0	0	0
3.793323901276686	0	0	0	0
0.714719013965194	0	0	0	0
-2.7772857989516524	0	0	0	0
0.9699119435799943	0	0	0	0
-0.8627186309280575	0	0	0	0
1.6657937252179593	0	0	0	0
0.8370725451350935	0	0	0	0
-4.275484337257517	0	0	0	0
4.24238390298386	0	0	0	0
-1.4816685485824266	0	0	0	0
-0.7114066793130291	0	0	0	0
2.9693613135203307	0	0	0	0
-5.14480587784297	0	0	0	0
3.257636369605329	0	0	0	0
0.3544650555637503	0	0	0	0
-1.012392151834412	0	0	0	0
1.7755422091884938	0	0	0	0
-5.769639296681831	0	0	0	0
8.253877542301083	0	0	0	0
-4.499441646277241	0	0	0	0
-1.2981431604645763	0	0	0	0
2.6214916859375776	0	0	0	0
-0.19785419167299523	0	0	0	0
-3.215366665165014	0	0	0	0
4.717285355164165	0	0	0	0
-2.5042102930001846	0	0	0	0
-0.8318358190968027	0	0	0	0
2.0752696120372036	0	0	0	0
-1.9776953190821445	0	0	0	0
2.7889183942200617	0	0	0	0
-2.674843538198637	0	0	0	0
-0.31305011960134266	0	0	0	0
2.653987476527277	0	0	0	0
-2.789779585610127	0	0	0	0
3.163894737911569	0	0	0	0
-2.333005499319839	0	0	0	0
0.32954477112209446	0	0	0	0
0.23331960917548855	0	0	0	0
0.6116881163433874	0	0	0	0
-0.6342176898666594	0	0	0	0
-0.3220140080006004	0	0	0	0
-0.3894023373559463	0	0	0	0
1.7766616026483248	0	0	0	0
-1.2815199299387103	0	0	0	0
0.7968844593760167	0	0	0	0
-1.1634607911623434	0	0	0	0
-0.12293308879387865	0	0	0	0
2.5927962982751893	0	0	0	0
-2.55571457563299	0	0	0	0
0.6770546675004283	0	0	0	0
-0.7322272754644104	0	0	0	0
2.0326274956066044	0	0	0	0
-2.5855547603081277	0	0	0	0
3.6643866501741655	0	0	0	0
-2.4970448253757382	0	0	0	0
-1.6008011433841105	0	0	0	0
3.2090165996200497	0	0	0	0
-0.14910295938375384	0	0	0	0
-1.8484023053810574	0	0	0	0
0.8189562669565689	0	0	0	0
-0.2812459483526055	0	0	0	0
0.885284635360577	0	0	0	0
0.3460087324610228	0	0	0	0
-2.3088882846898215	0	0	0	0
2.6053973953959257	0	0	0	0
-3.128363332771471	0	0	0	0
5.1260709641602915	0	0	0	0
-5.494944877103151	0	0	0	0
4.284640091949925	0	0	0	0
-3.863934116267444	0	0	0	0
3.0804685390788435	0	0	0	0
-2.387971444875035	0	0	0	0
3.539584573892128	0	0	0	0
-4.546625706633655	0	0	0	0
3.9172462663738443	0	0	0	0
-3.241740417012558	0	0	0	0
3.6563261554205013	0	0	0	0
-2.4443152456288004	0	0	0	0
0.11110699243131705	0	0	0	0
-1.764021870940212	0	0	0	0
4.238824136336454	0	0	0	0
-2.184070932865879	0	0	0	0
-0.914302722413538	0	0	0	0
1.0985283337593756	0	0	0	0
-0.9378743571670967	0	0	0	0
2.0156330589362383	0	0	0	0
-1.9060251530057002	0	0	0	0
-0.1359151795451652	0	0	0	0
1.7528664400363425	0	0	0	0
-2.50530174987378	0	0	0	0
2.866619459295322	0	0	0	0
-2.7477890272266023	0	0	0	0
0.35378448534254403	0	0	0	0
-0.4091494478420614	0	0	0	0
0.7362823377840542	0	0	0	0
2.0585554899816074	0	0	0	0
