-0.09264207217926668	0.7848719704069467	-1.250631868245236	0.017054755151690415	16905.696470597173
-0.06584105309749333	2.3370904149825265	-4.034558245726899	0.24308839666662152	16905.587371904097
0.9041519490815375	-1.2984854124999643	0.7579117249918284	2.5393765388880496	16906.482560847926
-0.2821746525811406	0.6414153437409666	-1.232864385373034	-0.9623488022715776	16905.330382604545
-0.8328527835882085	0.4333228814811747	1.5534843263256448	-5.019324698833657	16907.25574510592
-0.016794639632308872	0.5652677674141913	2.9721973487980335	-1.0887409380075468	16901.275481833985
1.246556013844561	-0.8221123318864301	2.421584636427866	-4.135769955223822	16895.49468171637
-0.82622122381796	-2.6557561885713596	-5.848117816947195	1.3361500307415213	16897.931175970698
0.7296434265905276	-1.8206263449406137	6.062523151952831	1.8535649036510335	16897.854112294954
-1.35777987862852	-1.258438576017241	5.792149112841656	-2.124843628540461	16898.284385514362
1.0999777591586763	-2.7196697545955573	1.0863762306425855	4.378150696520905	16907.836615783966
-0.12054541828157284	2.521977730724899	2.3665345077526894	-5.624639143546489	16901.75638573782
0.4055583892399284	-2.598629485416346	-0.13496958057743313	4.725596644050583	16897.554219101785
-0.10787378298802253	-3.437953429141686	0.8276648013675896	-7.225831385371947	16905.422042607417
-1.6795893942652853	2.0321709885023154	1.272539280438096	-21.54767685959304	16899.379152751364
2.2402804980398727	-0.7798465544726056	-1.984589331663841	8.113216716367944	16904.738124018662
-0.4385720726747877	5.22506675593543	0.7508268188854714	-5.916908053740514	16922.52759742616
-0.11002882124085289	3.1184401891000277	-2.3285013424063408	-3.8070655602520844	16899.760524323476
-0.5693319105348138	-2.144759339768868	-3.200182630788248	-4.077003469379761	16890.467278240547
-0.044826934841594834	2.0666855395305532	0.7416889819962904	0.30072445129049186	16896.417595067553
0.0020352803093643956	-2.4331806826024263	2.0259391267165086	0.29994488833644084	16897.33873459861
1.0057895788487556	3.4002518883586674	0.8756581651972084	-7.446035123574305	16904.673590907645
-1.000599337915368	1.6178830877611574	1.5872991013189193	-1.5816631971602249	16897.932314352398
0.17095317324856296	0.011774884840939137	-1.5518070006773712	-0.4838836139828686	16901.877881395103
-0.392224388113668	-0.8640054349160167	2.1425477350069	-3.8017358276217266	16895.759842181636
1.105716609465837	2.0544627085396314	-3.3063253134598938	-0.6599352159560112	16893.932072270887
-0.13430038031610536	-6.396562770148762	-5.778081347741349	-0.6722929590638671	16891.021589914526
-0.5858924458279304	0.7742961589090243	-0.2418158088892568	3.9360196009622825	16892.89403407806
-0.49863691282230604	0.8565422928570854	-2.430913915074484	3.956020808662487	16896.558676759094
1.549798580172272	-3.5941588344992113	-0.522820502908445	-0.28923610237170294	16901.725561920055
-1.655256721990277	2.2844000860924965	0.6554081776484253	0.08836327383217224	16899.469262857394
1.6932203425988845	-5.048306412530664	1.6931059137381794	1.8006474813278999	16895.4935514237
-1.3267511984435814	-0.745084631298198	-6.730891456862409	0.4525219880478346	16895.59073634247
0.3098241918311402	4.392567214934466	-0.09449832233961786	-3.485364531610969	16897.31873857183
-0.00203731704716148	0.48292582294010344	-5.930600169591656	2.3494576563202543	16899.424099544212
0.6883868272215139	4.668059497695374	-0.9001777065955991	-0.803964005944195	16901.53320158503
-0.251311706912972	-3.529846870667697	-0.13162378430713773	-1.1126031180205302	16904.511117193597
-1.0403638465405862	-3.3921416772353084	-0.9289312639321423	3.9105449296320955	16912.610268037497
0.27450355619686206	3.283317930351636	-1.8659111805140611	0	0
0.3856656501183835	-1.1287965260133817	1.5576523007896697	0	0
0.8123574873711519	2.772855556339998	-1.6635076283271815	0	0
-1.3549963070205493	-1.8184774254650335	2.8159499883124397	0	0
0.3509031765528121	-0.9501391696320596	2.181581214015239	0	0
-0.031148355699805563	6.20294385412862	-2.9309060109277567	0	0
0.41081153054165753	1.5891000956714336	-5.18630821663146	0	0
0.8347864497778517	3.2836337990245426	2.1223951373053183	0	0
-1.9987598789274656	2.6761776988543318	-3.244561356149987	0	0
0.7316982075516023	-6.322839401373756	-2.786705106881058	0	0
0.17878601949313833	2.4714283699177315	-1.7801049510356393	0	0
0.1350580039962921	-1.7052259908680867	4.13213938913205	0	0
-0.4623147299748993	-2.543437061681871	0.8257295572388159	0	0
0.7508369130933659	1.8050157878296815	-2.277666310770144	0	0
-1.7309060261840017	3.79979174057393	1.437718939994454	0	0
1.8049957750856862	-5.364201279922291	-6.704531455675564	0	0
0.150310565336504	1.7723723421793807	-3.5121652989081014	0	0
-0.7601040750084209	0.5011246261832412	4.005175181582018	0	0
-0.35922108233653915	1.7229729196732464	-6.948194171360072	0	0
0.17916470176424326	1.3781559676125283	-5.537093702770576	0	0
1.09181391213383	-5.709989231003043	0.6984072605913667	0	0
-1.0003040263851872	-2.0322875375291503	2.501957737731402	0	0
0.8496402483992611	0.8380239715515145	-1.7918958728932495	0	0
-1.7613395484132113	-3.60197668063946	1.2885920906821156	0	0
1.3771353214144924	2.493436296059734	0.9311821158366769	0	0
-0.1254812963444678	-1.700659044088738	4.425402504940266	0	0
0.1760043328456149	-0.3254598955535002	0.5988728039454969	0	0
-0.6856608511829734	2.0186750814297483	-2.561500599947209	0	0
-0.3975524792472527	-3.3491808107562093	1.034356299865948	0	0
0.8917762473404807	0.8844176860153894	-0.7301090121319191	0	0
0.4982626917462696	-4.438890800031601	2.7777658988022154	0	0
-1.376086327831679	-5.69870199167881	-2.8795522055392127	0	0
0.742382526500684	5.157557495376693	0	0	0
-0.5016545209681738	-3.1074548434249394	0	0	0
0.040411923249358495	-1.9665209019476322	0	0	0
1.6973247677091052	2.2934398926153605	0	0	0
-1.8948121610617932	-2.466561636310658	0	0	0
0.4143351771820605	-2.0491587725690152	0	0	0
-0.3605447646497453	-2.1093381045687707	0	0	0
1.339233454029248	-2.289858446901569	0	0	0
-0.5485095401329616	-1.3921853358620737	0	0	0
-0.6733768290209383	-2.250105891721411	0	0	0
0.44785490703490183	3.7762675848514817	0	0	0
-0.31953093698602686	-8.322147263464714	0	0	0
0.5594415864270346	1.158858972239507	0	0	0
0.4019828062019073	3.2436906691326755	0	0	0
-1.0470259979300707	-2.2013700444285433	0	0	0
-0.13695260721479485	3.942871470609397	0	0	0
1.0036063513848816	1.2888508593886954	0	0	0
-0.07921479433824175	-0.9580527326229387	0	0	0
-0.3456098492920958	0.936983527702246	0	0	0
-0.510115348406103	-1.833690199925023	0	0	0
0.4437658813452572	0.48472413900847755	0	0	0
0.09967537523594672	2.489800315839844	0	0	0
0.03454306997449663	-6.617673337642749	0	0	0
0.23238244312928202	5.977061046463405	0	0	0
-1.2033399426539901	1.088825707263723	0	0	0
0.43827882573737753	-2.789071986488125	0	0	0
0.5045037336198064	3.717638328385874	0	0	0
0.000672491168280942	1.099442909712657	0	0	0
-1.0077652992047703	0.38871218249204276	0	0	0
0.569192293795588	3.641997497731573	0	0	0
-0.5506177118684192	-2.1034065921765617	0	0	0
0.574734021335928	-1.4257692448965003	0	0	0
0.8207016752800484	-0.04463669761214106	0	0	0
-1.8238746009095763	-1.1951883641071461	0	0	0
-0.03235516806688565	4.151418716657403	0	0	0
1.8820668305085348	-0.2117679808539279	0	0	0
-1.4090072380543788	0.9776122854242502	0	0	0
1.1893010342822876	1.3648552440196795	0	0	0
-2.0771378493860126	0.1725287053022697	0	0	0
1.5096090982601922	1.3715646269563848	0	0	0
-0.4826480057711109	-3.5625705436979587	0	0	0
0.621694572645211	-2.284768631899084	0	0	0
-0.08888888352301194	-1.542606065224149	0	0	0
-1.5021959347836287	-2.5848972213789025	0	0	0
1.3920573326589718	-0.11331445503273585	0	0	0
0.3833732853126861	0.14638073977225474	0	0	0
-0.8269061973464176	0.8986204454801907	0	0	0
0.23717983910192686	-1.627198451650898	0	0	0
-0.37705791004041345	-4.364684702255076	0	0	0
0.10069060891163417	0.0018824797138776717	0	0	0
0.7838674969131176	-2.432622577706688	0	0	0
-0.31378909469084704	1.098742012222523	0	0	0
-0.49079505235874876	-0.9551647663461864	0	0	0
-0.09943240261695507	-1.2581921893405337	0	0	0
0.4652841020256133	1.2256935935431983	0	0	0
0.4044753874544966	7.2674189918173795	0	0	0
-0.562403530176141	-3.5926557084262853	0	0	0
-0.4441680834662307	5.617687790255452	0	0	0
0.6535737275031792	-0.7036476981460424	0	0	0
-0.629690481502557	2.405946428888633	0	0	0
1.5107743218507537	-2.969196470434788	0	0	0
-1.3399534276703378	-0.21709478831070328	0	0	0
-0.01186730563065197	-4.367863270899434	0	0	0
-0.3766125364035844	0	0	0	0
1.7127954727025738	0	0	0	0
-0.9585199387509107	0	0	0	0
-1.184868588541697	0	0	0	0
1.655472504078908	0	0	0	0
-1.136114006584009	0	0	0	0
1.241055139316913	0	0	0	0
-0.934593600690441	0	0	0	0
0.15095592786599354	0	0	0	0
-0.8665660302862932	0	0	0	0
1.7624403715612118	0	0	0	0
-0.48891403130697597	0	0	0	0
-0.6759253462512831	0	0	0	0
0.1547810722009757	0	0	0	0
0.19462187021861865	0	0	0	0
0.1330154769507388	0	0	0	0
0.698137991214054	0	0	0	0
-1.5942325955927075	0	0	0	0
0.696258351101747	0	0	0	0
-0.5521864268038215	0	0	0	0
1.3597126858194386	0	0	0	0
-0.8351689082166942	0	0	0	0
-0.3109371694365137	0	0	0	0
-0.03485462199844136	0	0	0	0
-0.11816188396927174	0	0	0	0
2.2036927501237926	0	0	0	0
-3.7616031118604383	0	0	0	0
2.7539483469478796	0	0	0	0
-1.537866478316161	0	0	0	0
1.1178281739560205	0	0	0	0
-0.28017109686297204	0	0	0	0
0.12255688841719348	0	0	0	0
-1.2084214165714258	0	0	0	0
0.9678134111428562	0	0	0	0
0.5413380524750266	0	0	0	0
-0.4653475105757039	0	0	0	0
-1.100360740408874	0	0	0	0
1.5383915213194328	0	0	0	0
-1.216654601878588	0	0	0	0
1.5142714856449686	0	0	0	0
-0.8463639612092919	0	0	0	0
-0.41478354642564597	0	0	0	0
0.36976558178795926	0	0	0	0
-0.035152896843278825	0	0	0	0
1.15001960114774	0	0	0	0
-2.0003342844788605	0	0	0	0
1.2265260191582144	0	0	0	0
-0.9830857368227299	0	0	0	0
1.1643890116973097	0	0	0	0
-1.110284239765953	0	0	0	0
1.5002100019616336	0	0	0	0
-2.1824846776500877	0	0	0	0
1.0059495273987054	0	0	0	0
1.281638582874038	0	0	0	0
-1.5430501000359982	0	0	0	0
0.06775181090672078	0	0	0	0
0.27318264982682905	0	0	0	0
0.008787969495934078	0	0	0	0
0.05912685626937986	0	0	0	0
0.6443011139138903	0	0	0	0
-1.5453270127396905	0	0	0	0
1.0216808378880415	0	0	0	0
-0.02249562752004408	0	0	0	0
0.888080279649742	0	0	0	0
-1.7856719971717823	0	0	0	0
0.6993702822580445	0	0	0	0
0.20656263361551908	0	0	0	0
-0.25568206757532863	0	0	0	0
0.9632939375070038	0	0	0	0
-1.5474073935799169	0	0	0	0
0.6565141797532803	0	0	0	0
-0.1997662536985061	0	0	0	0
1.0340290780356867	0	0	0	0
-0.396313083379475	0	0	0	0
-0.2653467631087949	0	0	0	0
-0.8248349831739787	0	0	0	0
1.5880307583138773	0	0	0	0
-0.7640606422335239	0	0	0	0
0.5158803278033588	0	0	0	0
-1.1750211797626946	0	0	0	0
0.8164914627131452	0	0	0	0
0.3656742344472548	0	0	0	0
-0.20635027631242053	0	0	0	0
-0.21872281095782142	0	0	0	0
-0.7330413038738257	0	0	0	0
1.219264085996123	0	0	0	0
-0.07662028537674814	0	0	0	0
0.13998161631564443	0	0	0	0
-1.706242506007186	0	0	0	0
1.9689008183744292	0	0	0	0
-1.3509842982344722	0	0	0	0
1.8412413944611714	0	0	0	0
-2.298605154439848	0	0	0	0
1.5416212268732252	0	0	0	0
-1.7292083088760677	0	0	0	0
2.2073847035589367	0	0	0	0
-1.1912237997932067	0	0	0	0
0.5658532149642923	0	0	0	0
-1.6221233629383178	0	0	0	0
1.5860612560907015	0	0	0	0
-0.15500149590525325	0	0	0	0
-0.380566408998682	0	0	0	0
0.1740550310650022	0	0	0	0
-0.7475098725520866	0	0	0	0
0.43569268842219344	0	0	0	0
0.6241495456492814	0	0	0	0
-0.7082078805901375	0	0	0	0
-0.2245902227722354	0	0	0	0
0.08006752731955658	0	0	0	0
0.04642096923564054	0	0	0	0
0.9638487415013088	0	0	0	0
-1.3767997192621095	0	0	0	0
0.620608418391356	0	0	0	0
-1.1957583667092493	0	0	0	0
1.7480697154686382	0	0	0	0
-0.3904003147473105	0	0	0	0
-0.1859131084654564	0	0	0	0
-1.880594330673084	0	0	0	0
3.4660295521511273	0	0	0	0
-2.9036739743155877	0	0	0	0
2.1821157075872364	0	0	0	0
-2.299721619716159	0	0	0	0
0.5429728896915833	0	0	0	0
-0.19420405221016068	0	0	0	0
0.08319221282591371	0	0	0	0
1.9460078613545448	0	0	0	0
