-0.12160338412309812	0.2950837206860726	21.616556255864168	-2.3377672721756397	16201.27347987035
0.5601871646631267	4.310850941550235	68.80387271129158	-10.687279857623807	16200.412085840544
10.96229680476651	22.813013248050716	-16.18177121164088	-45.01604307741282	16187.576851594209
-20.79358496252643	-27.122253285784964	36.26060779152877	63.314823257951076	16207.567664538516
21.853823184766867	-15.084044076035873	-5.9367799008080056	-25.530682808916083	16154.551575363937
-15.241409915959302	-36.13526930096608	20.166549794958172	-29.37424475088683	16349.684668426864
8.46354565797661	0.14094043699907388	9.899315729986398	6.834019191605918	16721.636004866927
-5.171555521440865	7.9247520767887565	-9.245261229651334	6.412070633381475	17003.89923411094
3.492063663707036	-19.858122908337513	12.911323248203729	-28.298940625772858	17100.972926015387
-0.8693550107322778	-0.07844983958445084	3.446032989887513	-10.745123363317049	17276.07509957871
-1.032442630400773	-10.647434440588349	-4.233506644160343	-143.986631718209	17297.535398002157
-2.1121012151202265	-3.002679235771403	21.05641986039757	6.176832132105488	17359.819160507002
6.673511116681688	-11.547722434611927	-30.27591519633981	-4.4361781858698635	17280.15141165616
-8.796686510681226	6.097870810283403	-9.02692826980693	-30.97871110142269	16956.599230351974
8.341240795669073	-26.016542222350985	-24.414230067106715	-17.40758807869156	17109.80459735537
-6.95002437730993	-0.8035366551839331	14.56196981381673	40.61857853617067	17168.608963167833
5.912070375409385	-3.254006247799893	-8.116262039581727	37.190462017149684	17316.952011061483
-2.661504993515713	4.868818136039721	-30.197225562477755	43.98784828461723	17284.459562014985
-1.7590829999697704	-15.230278924319606	63.74790159478674	-16.996031565406184	17348.582627056847
3.497976881037623	-11.874322041713754	-4.989325754291997	12.871298097170921	17306.756310957746
-1.553384928670674	3.4198478393609406	-22.72092039550509	0.9481568184032483	17290.88905632967
-0.5933042656970571	9.405571908120237	-6.023216032289483	12.079331551724124	17173.95176678084
1.518105902381997	16.44377198739501	-0.46892273680663266	-21.825904007405967	17070.808845141415
-1.8953986201391118	-16.07535844895591	-26.46840889853246	9.845003419750512	17149.29609543636
2.774019328806858	4.652068730510422	7.211317391560186	19.468262017954686	17081.7979809663
-3.508693311586498	5.304584064241837	5.406404621682583	14.485818806675681	16971.752033502275
0.22603594083204825	-10.456611218741415	-14.150711407880664	2.3614027748076154	16978.323702857604
3.5618594026084125	-12.68593733947084	-26.334557707366073	-11.975301078265417	17037.878506798646
-3.5413953634433	-1.025982436477591	-3.636753354025643	7.292565529774819	16954.740869636105
2.8996851553614817	5.065081304351068	9.591881507611348	-5.422413242036811	16971.959742487736
-1.5728202493503147	-13.782199315426539	0.03647857473663407	6.519660105925453	17015.586754035066
-0.10847296677523843	12.23871276536795	-24.531186181850032	20.697464284487822	17031.869849199295
0.4576198756175316	-51.726365728278026	-8.25204564863833	12.81799882463612	16985.519201129726
0.7140697104473404	-0.197662354025411	19.149058445177857	10.603697785860774	16983.369675190195
-3.6255117772941077	-2.491165310323254	10.885375229125103	-20.231815891077943	16988.805222710238
6.711321000132301	6.012039091284819	-7.955350298179596	6.454382521937262	17059.74272196851
-7.568668803197902	-18.30008376577966	-21.007397808161386	14.997555150257824	17110.64783272534
8.802055684596652	-10.777553857014112	-1.1663106024426213	-21.50923284039655	17062.19859269344
-10.547399284985026	-9.209474396050915	-18.126259204838746	0	0
10.570912869957205	2.977286207002983	-20.84292297993933	0	0
-10.680719124270539	-1.1145595991555766	-48.25592348215616	0	0
7.682040469991193	11.982574462868108	-0.21881078101527862	0	0
-1.093651349024853	14.993061218860547	11.861448053179785	0	0
-2.676642076697185	-6.623963481423175	-5.3898972369137965	0	0
2.659428131166905	15.440426843997358	-2.4788338903703533	0	0
-2.4170027387729007	8.788828097315701	4.1204924683386395	0	0
2.48754165978972	-8.035326159327255	1.2955357478052036	0	0
-2.7061993964641147	-7.247347253479603	3.483741856291104	0	0
2.95067674305556	2.5219111518797916	-6.21768337438688	0	0
-5.50694887617243	-6.162925832141582	2.6497978496234964	0	0
8.322419439535935	-4.567797926607554	10.120922068757238	0	0
-6.87538407503736	3.41555589281829	5.180928824346296	0	0
4.094661962747288	-5.1548918346142045	-16.16525761057946	0	0
-2.5149752218570427	-14.471266576590367	5.872138889887836	0	0
0.7378207812393001	5.0877220775442	-16.14317282333343	0	0
-0.8292491903358226	3.1940329849108196	31.573538640749305	0	0
4.177878012911009	-3.6149637785972857	-6.821509877793289	0	0
-5.559078277809789	-3.6602930413503003	-3.310043606282491	0	0
4.278983273524489	-2.3688828398667283	-13.820949088513842	0	0
-1.4286412906544754	-23.895603784865216	-1.7407908658794327	0	0
0.12311821156645664	-1.083844870802423	27.73898926970736	0	0
-3.371547166973997	1.0819323200663007	-17.936336865292745	0	0
3.2115913448481805	-27.555088101285875	-3.021401518253626	0	0
-0.36322420486477114	4.442331051424645	-34.12967964642324	0	0
2.085378408986969	15.758794392588811	0.7025554591744765	0	0
-0.7350968763372165	17.123500603528058	10.151092735182743	0	0
-3.593143057373318	13.840759691660793	-3.838115909156926	0	0
3.926653183267483	27.60757842110236	2.9749765325405804	0	0
-1.2859351476082352	24.803615133060504	-12.368565099229272	0	0
-0.9496600183280606	-24.553999543316422	13.926459994564198	0	0
1.0841357159687703	9.966270249752554	0	0	0
0.10904129168787335	-21.494043659150947	0	0	0
-2.1715617482004745	-36.76828532031948	0	0	0
3.624051125706117	-17.160029025226194	0	0	0
-2.56109058923132	7.351364470978467	0	0	0
1.1724870901717637	-2.6152092207441555	0	0	0
1.168664805682596	16.786009146392047	0	0	0
-5.6961638124923155	4.013668416596374	0	0	0
6.9186646070975755	-18.391634515426503	0	0	0
-3.4209963544742905	-6.981747252498607	0	0	0
-0.2002634116465032	-3.2828135497933886	0	0	0
0.5469099942685318	7.444352442631718	0	0	0
2.482386858787578	-3.69385569329755	0	0	0
-6.374400001934056	0.5820618903813113	0	0	0
8.959551507900485	1.6641276476234808	0	0	0
-11.201661622889425	-20.843701169161967	0	0	0
15.066619284503105	-16.55152596121642	0	0	0
-17.08008105645657	-3.9306062388098866	0	0	0
16.91536224265782	2.4375590772629394	0	0	0
-14.743881531222698	13.046722175596152	0	0	0
8.754222921356096	10.776484035814953	0	0	0
1.4312360034862053	43.989862685896576	0	0	0
-10.465653010928236	10.160306142692633	0	0	0
14.272711320481967	10.845021253063614	0	0	0
-10.299003235676139	1.9578224215862576	0	0	0
-0.23101953340000136	-8.273492941868305	0	0	0
11.094132505518836	7.543270327705976	0	0	0
-16.68061499648031	8.038053989685679	0	0	0
16.384439214233765	11.57797471500055	0	0	0
-11.420077413245444	19.723794909556055	0	0	0
5.123757936048442	35.18944766352748	0	0	0
-4.172212267921282	2.8969588706320266	0	0	0
7.909015481911375	24.34001130689287	0	0	0
-8.759667810740218	3.190777558041262	0	0	0
7.666023534222269	15.496714246294154	0	0	0
-7.2717398833410485	19.110176713863787	0	0	0
4.214583353160798	-2.5366810529817343	0	0	0
0.10120517742583246	-10.910128336486466	0	0	0
-3.839248041352505	-16.2215843832129	0	0	0
6.366236732276505	-11.46717849023159	0	0	0
-6.657894390477786	-5.737531289872251	0	0	0
3.914080154458617	2.8360724523289065	0	0	0
-0.1821186919724056	-2.9890060230925286	0	0	0
-4.850290877784701	28.094912408073057	0	0	0
9.744943489486744	-4.718528829877769	0	0	0
-13.160527655521307	-2.3669035417390205	0	0	0
12.232600903643608	35.77575882371511	0	0	0
-9.152073851592505	-10.893419434806702	0	0	0
7.986778522966652	-19.641329087390567	0	0	0
-6.041891153050798	-11.532894535753464	0	0	0
4.901918970003145	-1.8496013246439276	0	0	0
-5.644890609929362	0.17274129326450094	0	0	0
2.5469566849733667	23.73368535554868	0	0	0
2.2033151717170725	18.98010526144074	0	0	0
-4.8657981062125515	-6.562467093389287	0	0	0
3.8937860563570155	5.964985198207131	0	0	0
-1.3553772212844564	-2.242780477752788	0	0	0
-2.2539392639361466	10.64358793105258	0	0	0
6.190575172854757	-7.92094489054756	0	0	0
-5.797588181382686	-34.386662949324204	0	0	0
2.589493250873595	48.55621089731997	0	0	0
-0.6811456445777182	-11.310982980856892	0	0	0
0.4005221106098489	-6.35468010952053	0	0	0
-3.1070733239020853	0	0	0	0
8.274492903315526	0	0	0	0
-9.990689306499021	0	0	0	0
3.9599075877246364	0	0	0	0
2.8251630692800234	0	0	0	0
-3.668072440396152	0	0	0	0
1.7070126818571865	0	0	0	0
1.4076488737459556	0	0	0	0
-4.867881094170734	0	0	0	0
5.291678925363989	0	0	0	0
-3.153419956129902	0	0	0	0
1.0962710255002506	0	0	0	0
-0.5720076572947761	0	0	0	0
0.8113797532462499	0	0	0	0
0.9572374292840706	0	0	0	0
-5.697692359429645	0	0	0	0
6.612287122459456	0	0	0	0
-2.9378571854034092	0	0	0	0
0.6419357165653423	0	0	0	0
1.0625473681445143	0	0	0	0
-4.910189594487136	0	0	0	0
4.822251528987103	0	0	0	0
3.5657480971165185	0	0	0	0
-12.347585701686121	0	0	0	0
12.371610872380543	0	0	0	0
-5.4002220941737775	0	0	0	0
-3.6618233617426057	0	0	0	0
11.765730548024912	0	0	0	0
-13.697343975418192	0	0	0	0
8.691892959041645	0	0	0	0
-2.495928735899895	0	0	0	0
-2.205333320448389	0	0	0	0
2.939575654182967	0	0	0	0
-0.1415294789732755	0	0	0	0
-2.822346919379477	0	0	0	0
4.671289126043966	0	0	0	0
-6.0088090703614725	0	0	0	0
6.937852964459452	0	0	0	0
-8.117962702976897	0	0	0	0
7.929801380667939	0	0	0	0
-5.605923264963188	0	0	0	0
2.818193593402043	0	0	0	0
-0.3225745905439439	0	0	0	0
-0.9755251066082806	0	0	0	0
1.878145423248455	0	0	0	0
-3.8869229250694346	0	0	0	0
4.07813974690378	0	0	0	0
0.3066848908924342	0	0	0	0
-5.592910183018894	0	0	0	0
8.005568200678269	0	0	0	0
-7.014951365988374	0	0	0	0
4.693619341172756	0	0	0	0
-3.1941240736023246	0	0	0	0
0.6162583679603202	0	0	0	0
2.283947531532476	0	0	0	0
-5.21039264585653	0	0	0	0
7.648889743978671	0	0	0	0
-6.325761509501135	0	0	0	0
2.7850471767375993	0	0	0	0
-0.11431033567937732	0	0	0	0
-1.5937470794607265	0	0	0	0
0.5754445593913005	0	0	0	0
0.7618272391327068	0	0	0	0
-2.244250178897616	0	0	0	0
4.643162723572111	0	0	0	0
-4.986221064547927	0	0	0	0
4.282694998059242	0	0	0	0
-4.367365609810179	0	0	0	0
1.075897173795454	0	0	0	0
6.241581040931841	0	0	0	0
-12.115560669309396	0	0	0	0
12.535966409830635	0	0	0	0
-6.672499764145378	0	0	0	0
0.021881265400722327	0	0	0	0
5.017086580547854	0	0	0	0
-5.7934892946838445	0	0	0	0
2.0561437587575924	0	0	0	0
1.8551623728843794	0	0	0	0
-4.156145179072716	0	0	0	0
5.374009685921806	0	0	0	0
-4.861866201712971	0	0	0	0
3.963733690153944	0	0	0	0
-4.3898516436788455	0	0	0	0
4.124296190228236	0	0	0	0
-0.29511921229084237	0	0	0	0
-4.76778622647506	0	0	0	0
7.195404492642538	0	0	0	0
-7.717071656702167	0	0	0	0
6.09109637705356	0	0	0	0
-5.566002945003191	0	0	0	0
5.265369449704345	0	0	0	0
-1.8662327234699703	0	0	0	0
-3.502895194751474	0	0	0	0
6.2474787654455355	0	0	0	0
-3.8097908428468017	0	0	0	0
-0.8273060679658144	0	0	0	0
2.143162669744342	0	0	0	0
2.6176523122957605	0	0	0	0
-9.936900763527397	0	0	0	0
13.516496457944342	0	0	0	0
-12.536458544297624	0	0	0	0
9.240382138719092	0	0	0	0
-6.957072637948592	0	0	0	0
5.735760695497596	0	0	0	0
-1.9196926923357722	0	0	0	0
-1.721534859133513	0	0	0	0
4.876184862951497	0	0	0	0
-7.438758844888689	0	0	0	0
6.220134612075583	0	0	0	0
-1.685925448198141	0	0	0	0
-2.663716541040529	0	0	0	0
7.583366488041683	0	0	0	0
-12.112766751693357	0	0	0	0
12.919668016766046	0	0	0	0
-7.684051423436529	0	0	0	0
2.354648155577287	0	0	0	0
-0.0010319519945767297	0	0	0	0
-2.61387243786195	0	0	0	0
6.290070893253137	0	0	0	0
-7.317111071813308	0	0	0	0
4.168073189248155	0	0	0	0
1.641806718685082	0	0	0	0
-2.181329382401387	0	0	0	0
0.10695504981318038	0	0	0	0
3.4849258668642236	0	0	0	0
-5.954432495103376	0	0	0	0
