0.279103746566598	1.8207647840742638	2.800274026138908	-0.5631757912758246	16856.70316043928
-1.3369622404401937	6.669036972538244	8.623476541898583	-2.6793596612768624	16854.86471905047
-0.2747516135111354	4.32828231091554	-8.100603249838514	-14.903867740596198	16854.012414918034
2.4438488689660645	8.280183512469684	9.109404825604088	-29.69955622648024	16856.150312138405
-4.052208609712622	-4.527996118251636	-8.949713425750602	41.542317788378085	16854.815270497766
3.2964564080409815	-8.734397384921827	-8.574961642934042	26.58163964858518	16854.65733082026
-1.8110369081256863	-0.5312742384575557	-2.627507503880338	4.614454219734952	16897.62153062979
0.9619937424783984	-11.425912644971142	-7.101813283358709	-34.131868504900766	17098.21712837121
-0.6674315307506618	5.903324316604092	14.402117626500015	-39.24869219338774	17069.25299397359
0.18979941787378607	1.975336785091308	0.9197246884099286	17.65270703785879	17065.21691041845
-0.09168669649821481	8.784397692025628	2.764249562167052	-4.632686540152832	16984.524868224347
1.4780277811061993	8.109916974262227	-12.295398927302756	-12.86597182132924	16985.012054047795
-2.918799220368136	-10.281854463842109	-8.079009739251646	19.462146332989263	17006.923460651484
2.6862457900791483	-1.4642210385585486	14.18412059749707	-1.786145025418648	16955.52617620196
-1.3675361205086602	-2.2281586506614843	-76.57254233613989	-4.427434903174984	16947.237537478846
1.0928093644137036	-1.4183253060491126	1.8159559047285683	8.75193216071689	16937.10388807191
-2.5488285539291553	0.7865239351551594	-17.944318464153667	-10.65175525939992	16872.505383844145
4.941923644290959	1.3593045554455188	-4.55740619901043	26.342316457214025	16856.315365942482
-6.380016812507726	-3.464524540415404	12.87940711527149	-14.210994928943208	16861.711113606587
4.538273921777439	-0.06580614045334698	-20.204423642415634	44.51169587492063	16885.074205265144
-0.27098691464461666	3.674175832263934	4.001101305282631	-84.49064463919807	16849.81870160195
-3.1751395376451086	-3.4680059872045703	-13.182178155813972	44.96155036764782	16896.94416370426
4.802151134714812	6.7420825587959	21.930774552128	-37.63898514634023	16687.502375370845
-3.6448745357626464	-3.97392558611228	4.234467266847972	20.49223731652563	16556.484302309094
0.769328755629175	-2.322308373906914	-5.259818439774136	-17.245075209233534	16631.416996322063
2.2247879703259628	-2.8028999854242755	43.15598453350985	-9.011718301067091	16847.96826957937
-4.777340524307448	101.25888915900109	-17.541966316286306	9.518735259034685	16942.297834744575
5.250176914607501	-21.245381289733082	4.660168249869997	-17.593724597443767	16902.2986587666
-4.7226896133919	10.362882582952935	-13.290245899142207	5.781160725987434	16995.57185855923
4.214667241432238	-2.6454663024036336	-3.570497123236464	-0.4475535644586728	16942.198157849027
-2.6615653099282497	2.2337928406907253	2.6647019042924143	17.888281341812018	16919.78250971208
2.058432312793542	5.119379270574768	-3.46410157933731	16.431439564891917	16812.931882997724
-2.1027341104072335	-3.049565487262903	-20.455708359463088	-19.925786955433622	16844.92426463046
1.3111138606715969	5.270787687289342	5.228338177275376	33.16389007048828	16971.431575998515
-0.7025735616483715	1.2636872058534507	4.412040206922455	-9.787461420344002	16949.37972374063
0.5121588937773822	-5.3725901389775075	24.018585777685104	3.9455434420090683	16913.529612695642
0.33539922928492416	1.529322393580081	-15.508822956578356	-1.5655785149304506	16858.45241622063
-2.351434969169894	2.301572554908674	-71.8320729931361	-24.82650338569107	16811.690810779954
3.2359640118014	-9.682109111525087	36.89786846878931	0	0
-2.5562725931035146	1.19692632468972	-11.293358162459299	0	0
1.6368106410762664	1.941357184535022	-11.097514037992113	0	0
-1.117161876843312	11.009523281215259	-21.817429160898456	0	0
1.5252310746047542	-2.9239529463838565	-92.48750654766991	0	0
-2.325914424810854	8.444424062110798	34.52529680591421	0	0
2.2603185227119127	-3.247564041947612	-19.741085159208993	0	0
-1.743288314239095	7.291975130423111	11.871770519890887	0	0
-0.9657435947164217	-10.465197058197809	7.6619727400714766	0	0
10.335300471442643	15.16885645914796	-3.8229711092613456	0	0
-27.755329421991128	-7.120453534557413	5.988836860714798	0	0
37.74718477719415	4.11205344424377	14.802980965494072	0	0
-27.272812656209737	-0.6884142042328065	-38.36897363262425	0	0
12.387210653079158	3.4379610616209746	8.829037110524212	0	0
-7.0362163506157955	-4.232770033613022	20.217953674972122	0	0
3.5643076218821363	-9.391736443044906	4.8333041385990185	0	0
-0.20508735692600766	-0.34309018129204816	-10.45039261973028	0	0
-0.039737245915496544	-13.217127080121983	-1.8069024759802517	0	0
-1.0247250628804352	-2.1535580025598833	-1.926161984007237	0	0
0.4683117811790751	2.850724632874936	-10.786716389191312	0	0
0.33268372899708964	-4.99423236306135	20.73476264793068	0	0
0.9319776633499544	-0.91398614764163	-4.892643130944094	0	0
-1.7231589981230115	-1.742898236038549	1.2495569295326305	0	0
0.7118280500953276	-6.559010302782028	-4.01046781993702	0	0
-0.5104268139563999	-7.436403244934439	9.423181487457114	0	0
1.1715919005416495	-4.625666421988726	-1.1936037422875216	0	0
-0.6349040487563755	-7.337952173772159	-26.275782014679194	0	0
-0.04814947702714534	0.28678591743761217	22.721790293991944	0	0
-0.31225839451734316	7.112460050067966	-5.059822767385555	0	0
0.006527437864747299	-9.010168517739473	0.5970078601853288	0	0
0.4779583976883188	-6.261900340735828	-15.228984334743174	0	0
-0.14422972720667104	3.2995853407530262	30.837043950282975	0	0
-0.0658110224850077	10.730211719295774	0	0	0
0.304132953646409	11.222256639508004	0	0	0
-0.4402697444296564	8.967392787152349	0	0	0
1.0096576796725216	-4.330974840277285	0	0	0
-2.085735775673122	-4.060989202484812	0	0	0
3.7461874638690844	-0.491769826790744	0	0	0
-5.5283369068088035	2.2275985502236395	0	0	0
5.143684454277675	-10.12634232856017	0	0	0
-3.1706436503107582	-3.6869166496032477	0	0	0
1.9199160109474889	9.961231154483293	0	0	0
-0.40844657923769034	-8.190371046313643	0	0	0
-1.4355083526689683	18.661267011733436	0	0	0
1.2917227018977755	-94.7904862790829	0	0	0
-1.747406572875562	2.3513249098871114	0	0	0
3.621231184781543	-8.382876477988468	0	0	0
-4.5252985761928315	15.992435646217245	0	0	0
3.0328129760470546	-10.865573225249499	0	0	0
-1.8556149569818814	5.58988617626725	0	0	0
2.558911622265981	9.51690754653459	0	0	0
-3.3854511277212396	-7.531447445776621	0	0	0
0.9205475739546642	0.6884499939923714	0	0	0
0.9822734973391434	1.595849785525516	0	0	0
0.6286039968060706	-11.800533376391506	0	0	0
-0.03901924624462083	-0.6808890657878734	0	0	0
-3.478753487540793	3.221493807963597	0	0	0
3.572008322228335	-3.716750053576	0	0	0
-1.8749794307121235	8.16228072080986	0	0	0
2.197167114536633	-10.935545145107241	0	0	0
-2.9781823428685996	0.2739720206430931	0	0	0
3.1909911732379754	-4.03668804894037	0	0	0
-3.5090677068727274	1.4842212861362043	0	0	0
2.8800642611698564	9.17165286784519	0	0	0
-1.6166740965125967	-12.088624783295131	0	0	0
1.780579715968834	-3.2623086779840236	0	0	0
-3.9224012468054994	7.583408477526326	0	0	0
4.155300471809916	-14.469870206965354	0	0	0
-1.9001295573548092	-1.3920812310034236	0	0	0
1.5230081003452156	5.509154222647453	0	0	0
-2.90246087136196	2.229192461417746	0	0	0
3.298786058630782	-7.910091024307469	0	0	0
-3.606260155806119	13.401283775463817	0	0	0
3.5816630361957564	-2.9658468813867884	0	0	0
-1.6202531868955887	-0.768201471962179	0	0	0
-1.096791775220467	8.596127406081521	0	0	0
2.591984146203359	2.153941727880678	0	0	0
-2.8774003086517936	7.2857982339978165	0	0	0
3.3378155491168116	3.1463042579127674	0	0	0
-2.911216158381407	-6.904870499136038	0	0	0
1.5131330597161678	-11.985810704792563	0	0	0
-0.061119353091150685	-5.109968279624624	0	0	0
-1.165476291846545	2.5075704329595183	0	0	0
1.0991611899228388	10.928587638527667	0	0	0
-0.4217904203642959	9.864051503777816	0	0	0
0.10588128928259266	-2.533882819412831	0	0	0
-0.5692413227624016	-4.910551290421957	0	0	0
0.6066693296266266	-4.6896047782199375	0	0	0
-0.35749152107921134	9.040129601066631	0	0	0
0.5469071754509187	25.378871053976226	0	0	0
-1.5211373500853895	3.3549366877642584	0	0	0
1.5428537213305162	-4.994517975635873	0	0	0
0.3429867932325621	5.634041734020663	0	0	0
-2.9749989694166388	-13.937811376165868	0	0	0
4.3802624944765896	-22.887915435687205	0	0	0
-3.4220325180828084	0	0	0	0
1.1149887087177888	0	0	0	0
0.41989997159883785	0	0	0	0
-0.8940444476968707	0	0	0	0
0.6236357994428801	0	0	0	0
0.2002957157066092	0	0	0	0
1.278446737192347	0	0	0	0
-3.2019447212746854	0	0	0	0
0.20923882611663913	0	0	0	0
3.2207207700677145	0	0	0	0
-1.8716272387448925	0	0	0	0
-0.1783677777139232	0	0	0	0
1.216933574125008	0	0	0	0
-1.4902193777646389	0	0	0	0
0.4320157904373758	0	0	0	0
0.24769264403939673	0	0	0	0
-0.7250884244795444	0	0	0	0
2.622460471992916	0	0	0	0
-4.48266771972019	0	0	0	0
4.237052750884622	0	0	0	0
-3.3620994445863417	0	0	0	0
2.9392145222504666	0	0	0	0
-1.810035467254309	0	0	0	0
1.4852722814690011	0	0	0	0
-3.3334817785153987	0	0	0	0
3.0155034651723938	0	0	0	0
-2.0816833913267914	0	0	0	0
9.592487787841343	0	0	0	0
-24.945771616829077	0	0	0	0
31.146538417847815	0	0	0	0
-18.915066140145214	0	0	0	0
7.21322264679533	0	0	0	0
-5.599242665889683	0	0	0	0
3.464875064627897	0	0	0	0
-1.5162589463027558	0	0	0	0
3.9796246060241174	0	0	0	0
-5.001614436136592	0	0	0	0
2.386506569596044	0	0	0	0
1.26051088505006	0	0	0	0
-3.6013582379031206	0	0	0	0
3.6591647568909167	0	0	0	0
-0.9625655912400788	0	0	0	0
-2.8583064386090626	0	0	0	0
4.288487500015691	0	0	0	0
-2.641564920675087	0	0	0	0
2.152433124380593	0	0	0	0
-3.708875037030147	0	0	0	0
5.582687391570801	0	0	0	0
-6.737961317074678	0	0	0	0
6.653078586765872	0	0	0	0
-4.403921812737934	0	0	0	0
1.9211808083939559	0	0	0	0
-0.5444404427366933	0	0	0	0
-0.14429382830758897	0	0	0	0
0.8838559999911126	0	0	0	0
-0.6288948676182926	0	0	0	0
0.25836190340230303	0	0	0	0
-0.1348403811924186	0	0	0	0
0.4468671245519005	0	0	0	0
-2.089396852273275	0	0	0	0
3.2635000345972003	0	0	0	0
-2.7298198161816387	0	0	0	0
1.936744219217978	0	0	0	0
-1.1796843301330497	0	0	0	0
0.5367517942084632	0	0	0	0
-1.1222191543079632	0	0	0	0
0.6938446761195181	0	0	0	0
0.27923004468877366	0	0	0	0
0.3883066992291191	0	0	0	0
-1.3288922656973554	0	0	0	0
0.5229575498519452	0	0	0	0
-0.030166960348594785	0	0	0	0
-0.3684873981658967	0	0	0	0
3.0189944763916756	0	0	0	0
-4.6088780199054895	0	0	0	0
2.84516063630587	0	0	0	0
-0.3148536768531329	0	0	0	0
-1.394787395596083	0	0	0	0
3.388544094496339	0	0	0	0
-3.770306471777282	0	0	0	0
2.7826862229124245	0	0	0	0
-1.853598018036017	0	0	0	0
1.9790861089749967	0	0	0	0
-2.096557843207421	0	0	0	0
1.5201843452794748	0	0	0	0
-0.039411522043117486	0	0	0	0
-1.6829734017759037	0	0	0	0
2.08313307865005	0	0	0	0
-0.52066588490257	0	0	0	0
-2.3160649904025874	0	0	0	0
4.3110409359214685	0	0	0	0
-4.411501314808845	0	0	0	0
4.560048484423319	0	0	0	0
-4.233871793871934	0	0	0	0
2.329617972383531	0	0	0	0
-2.41421075325475	0	0	0	0
4.033268302589214	0	0	0	0
-4.356113363797	0	0	0	0
4.3331296278166676	0	0	0	0
-4.025140089606161	0	0	0	0
2.5810712493621963	0	0	0	0
-1.8109403564826536	0	0	0	0
3.0387530269921896	0	0	0	0
-4.901767890425198	0	0	0	0
5.654980754730964	0	0	0	0
-6.779022939464674	0	0	0	0
7.239559634230808	0	0	0	0
-5.684754312577837	0	0	0	0
3.179580953101457	0	0	0	0
-1.6664980023879963	0	0	0	0
0.40311063053322016	0	0	0	0
0.8784497195154515	0	0	0	0
-0.29625108401458533	0	0	0	0
-0.2314579463161266	0	0	0	0
-0.059499252415157855	0	0	0	0
-0.5064490195912015	0	0	0	0
1.0040223151616274	0	0	0	0
-1.2364295682770887	0	0	0	0
2.0159189246600775	0	0	0	0
-1.8488795476517765	0	0	0	0
1.426118779114141	0	0	0	0
-0.5613842801148294	0	0	0	0
-0.28033310231298003	0	0	0	0
0.5196158611714665	0	0	0	0
-0.11655875816835248	0	0	0	0
0.8545737528042636	0	0	0	0
