0.04725283604501129	0.06975702113331295	-0.872935468695502	0.06226897618158489	16905.897498666567
-0.040849854758441495	0.1159465406252096	-2.791429274424985	0.29689668735827013	16905.816377245705
-0.5807237517590593	-0.5357059997118441	0.4803535513418353	0.7287770419014095	16906.224676403974
0.6571018187906432	2.73625859251176	0.6210954217043962	-1.118117469329306	16905.80414306953
-0.7058040990218473	1.6098203720786373	-0.5342388229187236	1.7982862981740197	16906.529875357664
0.5969835697558636	-2.548450863387764	1.8280080961530416	-1.435318577488374	16903.52181656941
-0.00010006380927762848	1.698698562401212	0.1161088046742833	0.8965718912062215	16905.011123740947
-0.3282009481699717	1.8493560865573997	1.4733179794524318	3.619712079517356	16901.345685991986
-0.3192981683713043	1.3235132955395414	-2.4436654802455564	-1.066420972327677	16902.21642505488
0.9312520270264812	-1.5794419330638974	-0.48118920461854486	-2.443717978363054	16900.16769378604
-0.7138832242001243	2.073353030351491	-0.08331642125149585	-3.087389703674077	16899.649223438224
0.5277034102030669	-0.47957745519381234	0.7177090108645388	1.4770550054604854	16900.99160012648
-0.32745222318747125	-0.04153969256578449	-4.488588493687033	1.626176910308061	16902.60436316818
-0.15387134173745665	-1.5744116327958864	-5.291265847263446	-3.2837880589991926	16901.50503310518
0.580089701618391	-1.402413203917959	1.2736390173728438	1.3384841076624525	16901.97257705745
-0.4437933126639777	3.201356964576071	-0.3768733183464974	0.3866420146315619	16905.703756412975
0.14211194896473955	-0.17811542075026665	-0.13793191450258746	-1.0172835013134005	16904.6324139459
0.11793683546670053	-0.8072027384223972	-0.658074192386735	0.9810910428326309	16906.820970393605
-0.671836720945187	-2.7042176697126976	-2.027521053276388	0.5532293178943632	16905.662733164274
1.0455385615813313	0.5327563038636995	0.9934929249871942	-1.3606398046004813	16902.836104966216
-0.9863728287326055	0.20644353131007165	2.0816066191788565	-0.3223011536534841	16906.117427565663
0.9329539000665079	1.3602136138125118	0.44863550339159985	-1.1641196330374157	16900.62390805529
-1.1011299531708119	2.561721842817157	0.21357409160042096	0.41157832738527134	16904.93387788456
0.687043081046717	-1.0863368064108343	0.534640428635413	-0.7737187439002469	16903.935597258336
-0.24744977712467886	-2.481370056727272	0.8066756888826916	-0.8212365205649519	16902.528201523033
0.4220763800811156	-0.7682103429398452	-2.0582147748055206	1.4913735642056736	16903.011445289878
-0.8757004113086921	-0.7827658061577338	-2.202017741366703	0.4477193643833033	16903.758177493044
1.0209902767654384	-0.38281258149381614	1.0325392631485784	0.10166034068005558	16902.50593558806
-0.7479502989458169	0.27934400040954444	-1.9136671972236883	0.11293523999889032	16903.36528112015
0.6058336257069286	-1.2521030508956912	2.9994736252892693	1.6647855451678595	16899.93060744996
-0.26893582019811646	0.9555731038739168	-0.8400322279451302	1.6553123229148667	16901.5947426496
-0.23377173001993157	0.8067196789462514	0.6572861206209524	2.2697334573505827	16903.250078453624
0.36318451313962896	0.17580069061646952	-1.9421551285088725	-0.16330546453535533	16902.579097600843
-0.3588197457465938	-2.843237834951019	-0.0020504430982555277	-1.0967366047713938	16902.57271034799
0.1677098066631899	2.401611576843216	0.8749583155517229	2.5609820030290535	16902.558615754828
0.05605074638089036	-0.10691552676551908	-2.213024431920374	-0.6734338428495334	16905.10209311612
-0.44347716249002644	0.39597004604218	-0.020818730101240135	-2.2453588383076095	16899.85629596853
0.31310541218302035	-2.883431715197439	2.1640805661197504	2.0761954436872827	16904.87838241998
0.3743319986011642	-1.570530105224421	-2.008074882362905	0	0
-0.06642909538932429	-0.6697684504676076	0.7108571038734226	0	0
-0.44053897626513105	-0.9344909537926256	2.4780268838024853	0	0
0.30678930481320066	0.7480295947210962	-0.029220634135398882	0	0
0.033544273162696925	1.2297740864627613	2.7779642049682565	0	0
0.39106496598287777	-2.2496070790206204	0.8302979225134095	0	0
-0.8178680315825559	0.10777272274838623	-2.042594984034679	0	0
0.33333439650549934	2.599057223474297	-0.7204303784710646	0	0
-0.17910215311673738	0.09421700405876976	-0.32963220002291393	0	0
0.5442002452172829	0.37299169769283225	-0.40674079437326327	0	0
-0.5384070509194032	-2.605321540648177	-0.19433064066491568	0	0
0.18082279352937292	0.8042168890000596	0.11481373542258666	0	0
-0.2373305242409529	-1.1216708647823808	-1.3484647374577605	0	0
0.09846295710042341	0.8754434328438023	-2.128461956604724	0	0
0.31177657641529066	-0.37364295181661333	0.398281050807455	0	0
-0.13971192898053175	-3.4776901050402316	-0.901970811074122	0	0
-0.23298546500696915	-1.3700577662124331	1.9295461688892033	0	0
0.06667107169348441	1.0103984872377367	2.339408499041369	0	0
-0.16614492929089408	-1.9615765984231928	-3.9693124660500274	0	0
0.5804987532540409	-1.8971199271448924	-1.0211237335137753	0	0
-0.21124524076547146	-1.9455807136629915	4.501296057424767	0	0
0.0024583598806344753	0.5270805232153322	0.39360324045780715	0	0
-0.032852365964203045	2.4651908526835484	0.9487074642503472	0	0
0.20369682522979815	-0.055879811221309694	-0.340206792809596	0	0
0.19443568463786676	-0.3342790164623608	-1.4020735364267978	0	0
-0.361571380340699	1.6833479612118012	1.4475041241230144	0	0
-0.4267045726464289	-1.7610225108574582	-1.9071554014110177	0	0
1.005888038852369	0.3050136471000755	1.2404237774423166	0	0
-0.7998742679999893	0.8567572590875514	-0.6356641588970859	0	0
0.9734525033315649	1.5143394003163948	0.34338538880389535	0	0
-1.2732051886840026	1.120244116781997	-0.597336128230225	0	0
0.7126871229964706	-1.3517494267169567	1.6922042590545772	0	0
-0.13787037997116158	0.18023571713348474	0	0	0
0.01982283413671837	0.2568914377672371	0	0	0
0.42568840891008364	0.8480738968574215	0	0	0
-0.5995409903044475	1.4174728412650381	0	0	0
0.3438893707159849	1.055605973511085	0	0	0
-0.33158884609016326	-0.7606848577077372	0	0	0
0.7538974231492972	2.067588203375344	0	0	0
-0.45190120863276206	0.51250361244891	0	0	0
-0.1283575145429836	4.4041596757507335	0	0	0
0.27380207024551595	-0.7684050936807978	0	0	0
-0.01857297970806826	1.009801320103172	0	0	0
0.0795595278368566	-2.5563931676526295	0	0	0
-0.09122385095886187	-2.0133458867709138	0	0	0
-0.15877155250246489	-0.6896828364675471	0	0	0
0.09622224021727277	-3.4792394423879145	0	0	0
0.8016417662594435	-2.433563280004151	0	0	0
-1.200112236184907	-0.9700628252021275	0	0	0
1.2872996096862792	-1.5353836066152908	0	0	0
-1.3401458933836352	-0.7688677763680261	0	0	0
1.4717976222570925	-0.051412908321900375	0	0	0
-1.0027494213323465	0.27836189794440713	0	0	0
0.8239248594802646	0.24787561336936648	0	0	0
-0.7297313091015596	-0.06032450243565535	0	0	0
0.2102405239265508	0.06666303156139008	0	0	0
0.3561464609412255	-0.07869946719493726	0	0	0
-0.45719031017257805	-0.7391201360470845	0	0	0
0.6880970833007964	1.8890252452511263	0	0	0
-1.437701909769487	-1.577369204167674	0	0	0
1.3820961663309888	-0.5158207722578751	0	0	0
-0.5297395677735608	1.2434315882280416	0	0	0
0.21084304781903995	0.7639831034926985	0	0	0
-0.8256297128953136	1.4371986806504182	0	0	0
1.0514606044567572	-1.1175748097353662	0	0	0
-1.0554958593459318	3.894149810746491	0	0	0
0.9118293433250741	-3.3117113034459464	0	0	0
-0.5600126503942064	0.7246254386858979	0	0	0
-0.12294331396085312	1.5024338339250178	0	0	0
0.160388941412954	-2.094552790911223	0	0	0
0.27810711041477276	-0.2720995291365682	0	0	0
-0.006883409733596579	1.2090001595107296	0	0	0
-0.3040564593493116	1.5133002584647102	0	0	0
-0.031407744678418226	-1.0248118245841695	0	0	0
0.19727358295379815	0.5358494895352024	0	0	0
0.25666842114785027	-2.9727884699345566	0	0	0
-0.44846988512038877	0.03884664334812271	0	0	0
0.8125041501552559	-0.7202337607235165	0	0	0
-1.3527885822676282	-1.0907494570618255	0	0	0
1.2507558066865982	-2.463717154162019	0	0	0
-0.39456224677125107	-0.16665329126370665	0	0	0
-0.4711909889932784	0.9100058742677604	0	0	0
0.6225294203263658	1.9811278328412811	0	0	0
-0.7844483757537333	0.10923411811368311	0	0	0
1.053402128634957	0.9030404557602907	0	0	0
-0.6665077149952126	-0.9331216467974244	0	0	0
0.5370619322357868	-0.3422563618533232	0	0	0
-0.7294302649208007	0.39937276470914185	0	0	0
-0.04491797701935951	0.024967295540186285	0	0	0
1.0215316227002589	-2.3217113803548983	0	0	0
-1.2046302976983583	0.07142007717638421	0	0	0
0.7363348617365659	-0.2248821087125279	0	0	0
-0.5541567827532603	0.22417686257874436	0	0	0
0.38138319109665986	0.5816496369978807	0	0	0
0.05837060468798683	2.205009023086369	0	0	0
-0.2633539931343165	0	0	0	0
-0.002935377680842066	0	0	0	0
0.06328012302280683	0	0	0	0
-0.28575234948836226	0	0	0	0
0.7515735511843715	0	0	0	0
-0.6371157201940534	0	0	0	0
0.308229864127604	0	0	0	0
-0.2696836556102582	0	0	0	0
0.7996504243149758	0	0	0	0
-0.8524402643770088	0	0	0	0
0.6292104940570695	0	0	0	0
-0.7011872792071259	0	0	0	0
0.5979685252674258	0	0	0	0
0.18536949109422096	0	0	0	0
-0.35189414204719327	0	0	0	0
-0.05424847880534145	0	0	0	0
0.04881539180573924	0	0	0	0
0.01095890552355172	0	0	0	0
0.1485137573311306	0	0	0	0
-0.3961103292869126	0	0	0	0
0.06621365947862756	0	0	0	0
0.3351108657516235	0	0	0	0
-0.9044712687741665	0	0	0	0
1.3234189792066715	0	0	0	0
-0.9854171722997052	0	0	0	0
0.5323264307963029	0	0	0	0
-0.48433721657252704	0	0	0	0
0.6817989306013388	0	0	0	0
-0.143419308756215	0	0	0	0
-0.6464717669925903	0	0	0	0
0.29803811873479447	0	0	0	0
0.737163443152582	0	0	0	0
-1.0195055890386229	0	0	0	0
0.948955442695592	0	0	0	0
-0.8588610493099367	0	0	0	0
0.42280424646214954	0	0	0	0
-0.07091446857030803	0	0	0	0
0.3045927716310004	0	0	0	0
-0.18067648660316138	0	0	0	0
-0.8584294742536969	0	0	0	0
1.635648605069683	0	0	0	0
-1.5691848070224523	0	0	0	0
1.5317194942098524	0	0	0	0
-1.4127658459505952	0	0	0	0
0.782554629385217	0	0	0	0
-0.6254203765742119	0	0	0	0
1.0288362725397704	0	0	0	0
-1.1560578903548233	0	0	0	0
0.69514304674275	0	0	0	0
-0.39454439669629693	0	0	0	0
0.3204547740247179	0	0	0	0
0.09939422117628283	0	0	0	0
-0.6373209893043992	0	0	0	0
0.3840099184449812	0	0	0	0
-0.12909573411255337	0	0	0	0
-0.25908715220979417	0	0	0	0
0.8368996563326476	0	0	0	0
-0.894420489400197	0	0	0	0
0.18961641198546886	0	0	0	0
0.3694749656049865	0	0	0	0
-0.1809960315277266	0	0	0	0
0.09849253488957288	0	0	0	0
-0.22016801374790873	0	0	0	0
0.06423630339804731	0	0	0	0
0.19695850828677663	0	0	0	0
-0.12883417989841206	0	0	0	0
0.4614098447035673	0	0	0	0
-1.0319500860277486	0	0	0	0
0.9529855562195451	0	0	0	0
-0.7220835530545529	0	0	0	0
0.812531913859047	0	0	0	0
-0.5295913667143708	0	0	0	0
-0.056017649627634114	0	0	0	0
0.18253164595076754	0	0	0	0
0.7015592295213224	0	0	0	0
-0.9537532844865453	0	0	0	0
0.6010987275804212	0	0	0	0
-0.427352436340243	0	0	0	0
-0.034804078985793296	0	0	0	0
0.737627571062248	0	0	0	0
-0.5272247154880958	0	0	0	0
-0.576845761156676	0	0	0	0
1.2320491160562739	0	0	0	0
-1.6470510191809922	0	0	0	0
1.564781496968223	0	0	0	0
-1.1258216624259276	0	0	0	0
0.5207744832182257	0	0	0	0
-0.3361625933794059	0	0	0	0
0.4730437347710392	0	0	0	0
-0.20875871949294122	0	0	0	0
-0.37947021604496456	0	0	0	0
-0.0007688534488323739	0	0	0	0
0.6168955369010973	0	0	0	0
-0.3838342318280965	0	0	0	0
-0.3750453958707425	0	0	0	0
0.9296172767108217	0	0	0	0
-1.3276560094912924	0	0	0	0
1.4035288713004022	0	0	0	0
-0.8914355244329073	0	0	0	0
0.238697374391883	0	0	0	0
0.12707889942472406	0	0	0	0
-0.35537653808861336	0	0	0	0
0.8425868685153972	0	0	0	0
-1.1593213912748084	0	0	0	0
1.276196829578602	0	0	0	0
-1.5642200640560304	0	0	0	0
1.6081496576668357	0	0	0	0
-1.1003373357385087	0	0	0	0
0.49042031944382813	0	0	0	0
-0.19313020646690404	0	0	0	0
-0.12713812191470453	0	0	0	0
0.3695817528452068	0	0	0	0
-0.08247717719610392	0	0	0	0
-0.06300923586434948	0	0	0	0
-0.5661137367855318	0	0	0	0
0.937694298132925	0	0	0	0
-0.7696806619967376	0	0	0	0
0.7617096039923155	0	0	0	0
-0.47412097455613633	0	0	0	0
-0.4174215758350286	0	0	0	0
1.2829366211666695	0	0	0	0
-1.2521395723597237	0	0	0	0
0.11506550455806774	0	0	0	0
-0.04544607702526804	0	0	0	0
0.3556185480363965	0	0	0	0
0.5979930320520452	0	0	0	0
