0.4099905378375226	-3.6516829219270477	11.202720018977303	-0.6841630190892829	17114.601440629845
-0.2637807173924358	-9.707615161760529	35.97959626960382	-3.4932862934129503	17116.51449836733
-0.44490896102571753	14.085698597083976	-5.586928158803161	-10.013284739978644	17109.47062589779
-0.23062763161737365	-7.8353856223430824	-6.243350590803843	1.1976748890933209	17115.681009886976
-0.2671634279529158	4.416927896131611	12.146149968375212	-17.33545288645942	17110.421522683682
0.5595971895959124	-0.786923356133201	4.135581521252007	-8.358985444587773	17131.046048695665
-0.10283638492327185	-1.2389230261056525	-14.834959138172437	-1.2026377637084522	17181.79780466022
-0.24293314486249784	-6.974179920356562	0.09413456118377894	-21.259928480951118	17075.983930697217
0.7299774560426044	10.636411834445724	12.52198480739247	24.254570121079624	17027.58281842053
-0.8342415935773886	-1.3191719622403895	-5.880666835176953	-17.551578147108927	17036.973561997245
-0.11182773168053473	-1.4106004191444583	4.40136935495245	-10.166017126688658	16851.683170254822
1.013525491541067	5.966056105089976	0.5751940194169975	-26.910687124281722	16761.39409842961
-1.6039779942211396	-7.068563520670537	-10.1513825063861	-36.52673541453065	16779.767132360936
2.9768630208087075	4.421844236329058	-4.6850152144619415	-15.661107196113818	16838.518570951604
-3.1670978374544703	5.832459175703377	-2.7336965794988117	-8.541714124659748	16805.865551550127
0.9860038320980635	2.506589084569889	-9.274786361898478	15.785677932374142	16954.710753281353
0.5121520305093199	-3.8869613053387297	10.79629776786716	0.8841489969204019	16896.292023755454
-0.11776844833651978	2.194696369559921	-10.17175222985567	-0.21536491810049085	16891.73218040102
-0.5534271560662773	0.13956990996332053	21.157447470938124	-14.715171992377776	16912.192420856234
0.8669216536730531	1.3742943345677148	3.812465752136603	-50.80224648770438	16950.898159457895
-0.6339141055153803	4.505084578750804	-3.7889218949675865	-7.929822278546311	16954.64783182357
0.032505161121498816	-5.155043702538826	12.9520405109118	-15.373841866418033	16938.3301345943
-0.45315168737323575	3.058981372862469	-19.87918865514574	57.46709762100387	16750.29873984561
1.5924920384447887	-1.8958615731220902	-3.1109355868418476	-16.49098317971847	16719.817257724924
-2.3054189644292293	-0.7655375499708654	-5.660814985388555	13.52127609217716	16864.20175819077
2.3961792243130375	-0.34264661772826344	-10.310016663229419	4.475769025425052	17019.66159136083
-1.211514641497125	-1.0777237236057573	10.928983601095894	14.907468726617282	17013.064168219393
-0.4895816907741448	-0.1301606072628445	-7.241526638940599	-3.439209754693323	17007.350832599925
0.8800530972597116	3.3218278618003865	-1.543101373351405	25.814294146969843	16996.425960048757
-1.1338414110026918	-3.5677979787986516	-8.257911951286403	1.9775132121583852	16971.002496968486
0.5595340249212555	2.046948832548523	-3.1996063427859838	-31.88793855962851	16980.159555882427
0.7015965226867849	3.390874525150508	21.50424320986957	86.09656857924172	16936.084390456075
-1.276446615582664	-3.4860666137766785	-11.845537537933794	-31.212290032346758	16946.856952432718
0.8746177590838116	2.710946311092364	3.9474053724216134	18.655311793993164	16962.867233464945
-1.0831704209784974	-3.347794576471138	-11.741327856772827	9.830016811769724	16895.590462678974
1.8221726020999753	2.0647835728572588	-11.512550989744284	-5.9631291995539755	16857.370239283213
-1.4149197348785094	-3.711657892280776	27.680920641077464	-14.59175256667703	16949.724188206495
-0.1371717575375584	3.664412940616714	0.6298085060106047	0.17853511429557045	17030.51549113235
1.6465186903405638	-0.05414012150681913	0.19706729622305375	0	0
-2.3621313918044464	-1.1896919742551972	-1.978713163787873	0	0
1.6985316499985146	-5.147839911094273	-14.679125090287158	0	0
0.19188440279661023	-6.595901486639072	0.9543080800727637	0	0
-1.662804167058674	15.918986229554335	-2.093811590432338	0	0
1.605139973709477	3.625416448910414	14.074286697915142	0	0
-1.1337492985491266	-10.570458377543105	-7.123399362752949	0	0
0.5935336993140652	0.7630670992394286	1.965261103701252	0	0
-0.3361461121855811	-7.862695268765364	1.2998647572102442	0	0
0.5215366593691826	3.4573414493762016	18.389876845930942	0	0
-1.3634903800310099	2.944032187627336	-8.250811861740004	0	0
1.2016593232588448	-9.236078708785278	12.842924631555789	0	0
0.14314911818209453	-4.806409778102768	-0.7146369426706229	0	0
-1.3186226931137242	9.830598017716191	11.757535891189065	0	0
0.7629345997662895	-6.619850938203946	12.985417651879615	0	0
-0.8374022554605958	10.280932624072207	2.051015325396108	0	0
2.0023800801125446	2.010282837278254	1.9069233541611084	0	0
-1.8579000589196752	-0.3474823153404145	-14.25144943938642	0	0
1.1428327482056773	-2.353835666819755	23.786311819398264	0	0
-1.2918236331619468	4.605575490192834	-13.737313997947453	0	0
2.0258339228224713	-2.8698585096542217	-38.930492760881535	0	0
-2.2209990795775028	3.1031986951800263	36.00581867471986	0	0
2.521235097544725	-5.3204361882347655	-14.64515951186604	0	0
-3.344452242378864	3.060717411702157	-8.627892258909824	0	0
2.9352511930505187	-4.879811839630726	26.133157201572317	0	0
-2.3197271583431984	-1.519425858825734	-11.252473112366431	0	0
3.349180336306368	4.240049841312924	-4.288802874669571	0	0
-3.243267642144204	0.3180060661717121	8.01922969089459	0	0
1.2900509510307216	4.999782771183206	-4.537600156528299	0	0
-0.9203102654045452	-6.7295048290723045	2.4715814667821263	0	0
2.0223805477233157	7.4592019953881845	-7.531312096573018	0	0
-1.4394962044140485	-3.652721127255745	10.691916635075884	0	0
-0.8048438093265275	18.321004978007352	0	0	0
1.5118648982384286	-5.483054614319158	0	0	0
-1.4932622497113854	21.344439539950272	0	0	0
2.2738926472831054	1.5802884382625209	0	0	0
-2.6750597051714635	7.1147932128021125	0	0	0
2.1615289955103023	-3.1273774015239653	0	0	0
-1.8467531046020085	0.6740763029552568	0	0	0
2.064415908373519	4.26168083953003	0	0	0
-1.2206838836783547	3.4303364646454	0	0	0
0.5526238612847365	6.153325648509984	0	0	0
-1.6009263120119783	7.357756197213085	0	0	0
1.6081179271256332	-3.1426317623251805	0	0	0
1.392468443650884	1.0224028976182993	0	0	0
-2.977159534127864	3.712330157127944	0	0	0
2.9673115461862025	7.118586224249299	0	0	0
-3.443079663783628	-2.509547295448975	0	0	0
1.3870114889034184	2.3419873146533163	0	0	0
2.205067013744042	2.493849782485725	0	0	0
-3.1324810834557866	-1.0947948879083356	0	0	0
2.0142672303292812	-4.035388986728158	0	0	0
-1.5155040651952874	-4.344829400142572	0	0	0
2.157042488570241	4.775085878774249	0	0	0
-1.9127916362011206	-3.7953977309055418	0	0	0
0.0042660773934173335	-2.7504732046147495	0	0	0
2.0673210250005596	-4.585097649063037	0	0	0
-2.885985932356519	3.2441124778427266	0	0	0
3.145139906019061	-9.429406426870777	0	0	0
-1.5845082072592191	3.820468867943738	0	0	0
-0.7189644738985876	0.6097074832072593	0	0	0
0.895094293002785	3.3570149181395195	0	0	0
0.4417235845141647	4.962037678574191	0	0	0
-1.1763238603520918	-9.451188592804805	0	0	0
0.6537932272138036	7.839720709377048	0	0	0
0.6233330650194375	-5.857264496438546	0	0	0
-1.3440616727556431	9.325412349086704	0	0	0
0.7067101116573866	-7.39000928149207	0	0	0
0.7232805986006099	6.446702804223236	0	0	0
-1.0936974559026567	-4.112139363342131	0	0	0
0.6168492973059543	-3.046197672926212	0	0	0
-0.8502114712809785	0.6902542053165419	0	0	0
1.0243568914059225	-0.726875255254491	0	0	0
0.5856852466895077	-5.321160475567908	0	0	0
-1.6314688072738974	-2.3942017185044477	0	0	0
0.40187867414103096	-7.368984058013353	0	0	0
0.30026917581527357	-18.25222093656336	0	0	0
-0.029931597444452507	6.099356965946555	0	0	0
0.8669228569768421	-7.8160304101077145	0	0	0
-0.8106597483709592	11.553045871565054	0	0	0
-1.0594839511199154	1.166491052001689	0	0	0
1.2124709724273117	-13.2812317080013	0	0	0
0.8168667700148262	9.610780296930102	0	0	0
-2.1678500540659513	4.341748041165829	0	0	0
1.8429517513962992	-3.476174912813825	0	0	0
-0.7629820425576241	0.9486177726622245	0	0	0
-0.6428122906351703	-0.28641620465682394	0	0	0
1.8866117299064769	2.314953813167868	0	0	0
-1.9734471447145907	2.4466547806441667	0	0	0
1.139200690572494	4.708582638342996	0	0	0
-0.5096814351230563	-8.86898438960376	0	0	0
0.20940208602821286	0.23220158121066703	0	0	0
1.6349748082812923	2.0407970341605903	0	0	0
-1.601002455308432	6.697407730666079	0	0	0
-1.0322601855394993	-6.989541213747863	0	0	0
1.4392836980920976	0	0	0	0
0.09961063466175091	0	0	0	0
-0.9534024328995727	0	0	0	0
-0.6091249988726588	0	0	0	0
2.994795337554784	0	0	0	0
-2.3241734052483665	0	0	0	0
-1.0141423567193826	0	0	0	0
2.0535277615772642	0	0	0	0
-1.5186285564587223	0	0	0	0
1.76731717886409	0	0	0	0
-3.169139078900912	0	0	0	0
3.7665288552782954	0	0	0	0
-2.998273216008023	0	0	0	0
2.3015197415737205	0	0	0	0
-1.7440918458718144	0	0	0	0
1.4473604332482424	0	0	0	0
-0.6712659713286726	0	0	0	0
-0.359187762428661	0	0	0	0
0.782834109277168	0	0	0	0
-0.5154558338002531	0	0	0	0
0.5241616709868069	0	0	0	0
-0.3118289872921878	0	0	0	0
0.16555086291392485	0	0	0	0
-0.5552871637052803	0	0	0	0
-0.09545864040232743	0	0	0	0
2.514708177081303	0	0	0	0
-3.574138683208929	0	0	0	0
2.527924675021154	0	0	0	0
-1.9270064813015537	0	0	0	0
1.558386088227465	0	0	0	0
-1.3105281053854014	0	0	0	0
0.7293176275856865	0	0	0	0
0.6727798382187089	0	0	0	0
-1.4480315554856134	0	0	0	0
1.431439785876151	0	0	0	0
-1.457109918704731	0	0	0	0
0.675169565504838	0	0	0	0
-0.06413670831667417	0	0	0	0
-0.2786289260090129	0	0	0	0
1.4164583014103869	0	0	0	0
-2.6641063865678447	0	0	0	0
2.7688372206541203	0	0	0	0
-2.385772158586086	0	0	0	0
2.0306242542682824	0	0	0	0
-0.345520333733468	0	0	0	0
-1.9372089512133144	0	0	0	0
1.7029914877973127	0	0	0	0
0.27682547767966525	0	0	0	0
-0.6253072040441907	0	0	0	0
0.05360036825130976	0	0	0	0
-0.3677079878315723	0	0	0	0
0.24063531190095233	0	0	0	0
0.9260211795000401	0	0	0	0
-1.4697540732273708	0	0	0	0
1.0320396628545723	0	0	0	0
0.12544820572079374	0	0	0	0
-0.4130899362248215	0	0	0	0
-0.16083318901824128	0	0	0	0
1.431588121541857	0	0	0	0
-1.5705120696481245	0	0	0	0
0.5628214267386511	0	0	0	0
-0.09638434169523435	0	0	0	0
0.720181141557255	0	0	0	0
-0.9673237380593207	0	0	0	0
0.9901188377252268	0	0	0	0
-0.975304802638945	0	0	0	0
0.3319127049320443	0	0	0	0
-0.2800610223127009	0	0	0	0
1.8825819402115727	0	0	0	0
-2.7783133537960367	0	0	0	0
1.1935429382489744	0	0	0	0
-0.09184268231856407	0	0	0	0
1.693530761334955	0	0	0	0
-2.572605951583192	0	0	0	0
1.4156763118794586	0	0	0	0
-1.8486368978354193	0	0	0	0
3.416450668292228	0	0	0	0
-2.9837448937439532	0	0	0	0
0.6470411092134256	0	0	0	0
0.575252240450034	0	0	0	0
-0.9034177451787357	0	0	0	0
1.715060590230756	0	0	0	0
-1.415855780391226	0	0	0	0
0.4428422804230152	0	0	0	0
0.03651029447053844	0	0	0	0
-0.28425646919210124	0	0	0	0
0.2559111534872045	0	0	0	0
-0.9303967161366842	0	0	0	0
1.2613546488628558	0	0	0	0
-1.3773831344741723	0	0	0	0
2.4888269462578947	0	0	0	0
-3.424020974442456	0	0	0	0
2.356025736055315	0	0	0	0
-3.334824808305875	0	0	0	0
6.758011214790628	0	0	0	0
-6.408450179383493	0	0	0	0
3.939706997414426	0	0	0	0
-2.7603922213156693	0	0	0	0
0.46389829290563256	0	0	0	0
3.244470632575066	0	0	0	0
-6.034141865254213	0	0	0	0
7.392478761189857	0	0	0	0
-6.836982953014356	0	0	0	0
3.162568009119589	0	0	0	0
0.5078495424541103	0	0	0	0
-0.8431345095879408	0	0	0	0
-0.6016607338060282	0	0	0	0
1.8627082055463262	0	0	0	0
-1.7068590485070914	0	0	0	0
0.7793830899735568	0	0	0	0
-1.1482074327546101	0	0	0	0
0.9125275551021375	0	0	0	0
-0.791206840370549	0	0	0	0
0.4101192645439298	0	0	0	0
0.7226672841314326	0	0	0	0
-1.3331375940905161	0	0	0	0
0.17712979747832946	0	0	0	0
0.43028372748339194	0	0	0	0
-0.3916179799644226	0	0	0	0
1.4693347376860189	0	0	0	0
-2.5339047656905933	0	0	0	0
1.7893377481567612	0	0	0	0
-0.43389874171025866	0	0	0	0
-0.2056063491050395	0	0	0	0
0.33565586599443265	0	0	0	0
-1.1677233397075	0	0	0	0
