0.0625791962188984	-2.2684506714345076	10.536413381177582	-0.5556103987793506	17593.24017746468
0.09901836354837457	-5.817438781176932	33.52210973313106	-3.3186354231590656	17594.822100122612
0.18593744480257612	7.488198152295908	-9.74388424242153	-11.324228917377752	17589.511436790504
-3.1744389485012263	-15.003302889612883	-12.724539646952252	13.478130154122795	17595.307843648265
3.2593982254610125	-0.9815335434150256	2.658130055786174	27.010532717110408	17586.979710683638
-2.6925403590937975	20.665635333699072	-94.73399066693251	9.920258413650544	17612.2450758978
1.7437530354734747	4.015043532504578	-0.8213097200355719	-23.581243050125863	17431.89018597784
-0.7785566835102458	34.65001505480892	-10.45816842471855	18.92671761177337	17470.502064837518
1.9867391680803834	23.913795620280084	17.87987526713337	4.681511553310969	17398.6537734766
-5.550504734389975	-31.045321338177118	2.1395825985792527	28.92586674890933	17272.9767416689
9.465605004289053	1.3110730656331242	5.266886952040622	7.053429515657996	17134.13317784359
-11.821084418369153	0.8616354170775224	8.743331567874861	-26.6508616996187	17028.878998095242
14.880736737796184	-7.076985417542161	0.05827605003882752	7.048627802314158	17105.86256813469
-25.899578777901063	11.629877409518073	0.4730291801393065	-19.94292709363839	17011.697735020232
33.684212473619965	-16.36088328784443	-25.693828625027734	31.815279174020034	16939.248668174187
-24.219069069003282	-5.872265358980442	0.18710368112105868	-81.70235132746613	16943.09567510832
8.90112479162152	8.664650573229721	0.879056630528126	50.1621922872	16875.17921311415
-1.0623216739477073	10.143260167392299	-12.098605600826687	-16.88535010340125	16760.99719293604
-0.5263887061214589	4.659554983121325	-6.792819847674579	-12.192921069219494	16668.542368806702
-0.6416164862510882	2.969658421579524	7.5879132745860005	-9.832663829795706	16702.755385401648
2.2561631238754103	0.3103974466995254	-7.812372631153821	43.334380819160685	16777.668128694026
-2.9474782395425763	3.231509987153032	0.9702403988029005	1.6604030695979901	16665.951493993693
2.2613635371185694	-10.237717935628382	-8.22830536579545	7.479576491230503	16790.137853085456
-2.6351596996532436	0.846003013953009	6.028085413239765	16.882657372457786	16853.734252800405
5.225855251808049	-5.977949781974289	-12.797474804233502	-6.9599914955782936	16731.164724628103
-6.661988090977424	9.572910230170123	-2.634290461973052	-2.5675588576850714	16622.913794273532
5.472052993156829	4.278248261157515	5.554768432225359	-1.9441368547714006	16630.93142999863
-4.136179595217357	-11.85068133328268	-7.044246701688408	11.377877410987296	16613.62460057775
1.7909670965046445	5.202763941423299	-30.027413250310758	-32.40587028819279	16683.616035383417
1.5594796923078746	-5.400079586452463	-5.374401675832061	8.54374924891971	16739.923380034343
-2.5949617849693	-3.959098443990669	17.285068659984717	-19.852191004289466	16670.79404165918
2.4590717129520527	12.568130409002855	-2.9207890076939407	23.585277014716112	16684.571532112273
-3.2426922326787135	19.12374979282056	-11.114908916487323	-9.727645823515289	16604.741508649407
3.412593292975579	9.489067254839327	13.917700970968454	4.227234163680791	16556.684929033923
-3.323959495662791	13.844815309514743	-5.568799842820482	13.732751692449497	16678.56766425973
3.102332502744062	-2.173529284657107	-4.510152018154855	-4.916797985701336	16685.289705210365
-2.168630500301802	3.4905367122454862	20.47696485095622	-12.762452783129064	16708.100813316345
0.5103279638822116	13.452399876083668	8.0988038202442	0.9806805826306544	16760.988777874998
0.11013158832008685	3.084010673290585	-4.221228134246189	0	0
-1.0586139109727668	1.459609684526832	-5.1137382269452445	0	0
3.3423876739296503	8.432007661995975	-5.5175035899889195	0	0
-4.713992817036235	0.19579653768289518	-1.677875878640819	0	0
2.6377663300383176	10.374367608467054	23.007580867273376	0	0
-0.48950145813566337	-10.96580739267182	-22.27780530465678	0	0
0.6340871109870108	-9.33208129378125	23.678297881850796	0	0
-0.20588416066943438	4.6383262730997	2.8640250580856588	0	0
-1.8929071056171125	9.37244174773975	-1.9062049274823778	0	0
3.5522573133762094	5.400390398725634	10.313592806913931	0	0
-3.5539954097553306	-0.7843416015351892	0.4372540932392752	0	0
1.8261927997245166	7.074252006164734	-11.983694245018654	0	0
0.9834416406223312	2.273573009045087	-2.3848880790665703	0	0
-0.9213414218910572	-1.5060520413804	8.045303317408468	0	0
-2.660976056157857	-9.322593966489087	7.813187749231176	0	0
5.663008979895309	23.267135417123022	-64.56113133856294	0	0
-4.345320844844046	82.03049779279624	47.93471199614616	0	0
2.371856177960389	-14.753080766181938	1.1096370548532946	0	0
-2.2192845138717843	7.097155899256876	-3.6877573995445374	0	0
2.6585608070663795	0.5655701242425053	1.2361625050374982	0	0
-2.952673152009787	-3.0013021330515883	4.1940826323514955	0	0
4.824437019047487	6.238489061252196	4.983248025716236	0	0
-6.137156842629437	-4.963067802028405	5.891297312275711	0	0
4.265462026957152	0.613281877722855	4.54411854092298	0	0
-1.1979658007609046	-10.47957469219132	-1.9876156762296944	0	0
0.5658370775368837	15.308669570073029	23.674283881387012	0	0
-0.21526179355587516	-0.17306057030724986	18.71831468280746	0	0
-1.5933305041329788	-6.728700030331126	9.70585422475169	0	0
3.1356637297648646	-0.33690780394891107	-6.308888259598675	0	0
-3.451017815178872	3.419078322911119	4.461435774454159	0	0
3.2594739218614492	5.156197602837921	-17.34917801875335	0	0
-2.3331164481843345	2.1941631018705934	-19.432526219247293	0	0
0.7014029361896661	-10.899009379927044	0	0	0
-1.4567708898210938	-1.556049563402155	0	0	0
3.901314385657159	6.025254707079746	0	0	0
-4.734307042147634	0.5014870590009792	0	0	0
4.299057824917021	17.23975633329053	0	0	0
-4.171932403805094	-4.032168134503209	0	0	0
3.97260250621666	10.629619921297191	0	0	0
-3.7868246080149106	-8.414711634925965	0	0	0
5.456610608281679	-5.6802615400665815	0	0	0
-5.504125514092465	5.694829345258839	0	0	0
2.412654033089801	-6.3012663230513155	0	0	0
-0.2708300547092719	1.2128831040359742	0	0	0
2.224945209928052	12.030177684960364	0	0	0
-4.19819562489743	-1.333903380942985	0	0	0
4.533124626901419	-12.96155992750073	0	0	0
-4.168132451548345	4.649777125584009	0	0	0
3.3715634437470996	-4.056392120742238	0	0	0
-1.5628076278612966	7.099160843842888	0	0	0
0.5864200148486205	4.637452732676536	0	0	0
-1.6315733038297253	-8.474251399496275	0	0	0
1.8631892342210392	0.421184450168937	0	0	0
-0.6269918681423263	-3.4682202196350502	0	0	0
0.8976999923706117	0.8432185383490278	0	0	0
-2.1248833796251745	4.900341049126247	0	0	0
1.617889306047303	17.051479308649782	0	0	0
0.12802357886417326	-6.998753027680223	0	0	0
-0.8962450441610983	3.868691604774959	0	0	0
1.4757926315131087	3.621550413320108	0	0	0
-1.659748602149243	-8.08773902293916	0	0	0
-0.15670693806693237	2.1650799097145565	0	0	0
1.566318898576199	4.46610639580625	0	0	0
0.5361697562361982	17.132305906280195	0	0	0
-7.065183149877171	-9.250122342646648	0	0	0
18.031483386602424	-16.487348536008163	0	0	0
-31.0997280393469	-96.20614210716207	0	0	0
36.19943891542273	34.91020005586418	0	0	0
-24.85416248258835	-26.464863642430345	0	0	0
10.209257673266201	10.555942839366871	0	0	0
-4.036108910566732	-7.924225332570728	0	0	0
-0.36158480386814773	-0.7331296103796703	0	0	0
3.517186833202679	2.5645458905034957	0	0	0
-3.403078105937894	7.559944627042547	0	0	0
2.965743075741571	8.53090808851374	0	0	0
-2.056997141196163	-0.35179843844063896	0	0	0
-0.511469814140213	3.435178066023674	0	0	0
1.7605001584676145	3.9035874481371167	0	0	0
-0.82505985836859	-11.38580890024371	0	0	0
0.8609404513217527	-4.167758269966498	0	0	0
-2.8127450023762535	-2.7999565420590216	0	0	0
4.084829633619577	6.28876626635067	0	0	0
-1.967316546805037	15.917507431589364	0	0	0
-0.7256401955982241	17.829263872656057	0	0	0
0.543349427210245	-3.8732621823407953	0	0	0
1.24221388792445	-0.5487167846641938	0	0	0
-1.1435652185546559	8.55497307081211	0	0	0
0.8536723329068465	13.675316551422604	0	0	0
-0.5159040489507234	11.681041510465164	0	0	0
-1.1570495023321783	-15.877896059901708	0	0	0
0.8343746273614272	2.163450020759271	0	0	0
1.6516360145694335	2.0477309099377337	0	0	0
-2.728775217976832	-4.315727303277555	0	0	0
2.749136989776815	5.698344621570648	0	0	0
-3.2321278106028544	8.980555148316363	0	0	0
1.495303176510923	0	0	0	0
1.5292717977075867	0	0	0	0
-3.5907098918103557	0	0	0	0
4.898335283279309	0	0	0	0
-5.549662194451713	0	0	0	0
4.193768764459399	0	0	0	0
-2.1632664218349333	0	0	0	0
1.6426788262462821	0	0	0	0
-1.2997696009100181	0	0	0	0
-0.030361721963878097	0	0	0	0
1.2362171761429437	0	0	0	0
-2.5635716079675603	0	0	0	0
3.6575299609065226	0	0	0	0
-3.1426416891044937	0	0	0	0
0.49719047289518414	0	0	0	0
0.5538714626172094	0	0	0	0
1.2423581377364101	0	0	0	0
-2.318611260581598	0	0	0	0
1.7667013632609851	0	0	0	0
-1.8991253778259818	0	0	0	0
2.2470558441153017	0	0	0	0
-1.5562030892137386	0	0	0	0
0.8887083043190316	0	0	0	0
-1.3708216657053711	0	0	0	0
1.6838081118699009	0	0	0	0
-1.4293298851651528	0	0	0	0
1.6363725163155536	0	0	0	0
-2.0671576820424065	0	0	0	0
1.8503527630429488	0	0	0	0
-0.42603636893858265	0	0	0	0
-1.5812902593366474	0	0	0	0
3.250683576669765	0	0	0	0
-4.223079567913331	0	0	0	0
1.9400003679193887	0	0	0	0
2.3666015397203353	0	0	0	0
-3.601001993702887	0	0	0	0
3.0056778762658354	0	0	0	0
-3.4470992399209166	0	0	0	0
1.9569527498870727	0	0	0	0
1.750434982148711	0	0	0	0
-3.3185591144988678	0	0	0	0
3.697186556912662	0	0	0	0
-5.39828945723611	0	0	0	0
5.129195054858627	0	0	0	0
-1.7980155677923122	0	0	0	0
-0.3204348654877123	0	0	0	0
0.7108747733285483	0	0	0	0
-0.9033154279649409	0	0	0	0
0.8955708436357668	0	0	0	0
0.48981794208591367	0	0	0	0
-2.4098745373744705	0	0	0	0
2.212379600200066	0	0	0	0
-1.8814332072967446	0	0	0	0
4.409807081272497	0	0	0	0
-5.971166586796826	0	0	0	0
5.154805466973663	0	0	0	0
-4.594631653082935	0	0	0	0
3.8689280078742527	0	0	0	0
-1.7777638919469538	0	0	0	0
1.4052773030318022	0	0	0	0
-2.9380285912935236	0	0	0	0
2.4117596866622435	0	0	0	0
-0.9917920780637033	0	0	0	0
1.177752663205979	0	0	0	0
-0.7873064791875137	0	0	0	0
-0.8749540076102988	0	0	0	0
-0.8563715146366633	0	0	0	0
5.0063835114352955	0	0	0	0
-5.814019948503223	0	0	0	0
3.1528875457956858	0	0	0	0
1.244553638567801	0	0	0	0
-5.713663337114376	0	0	0	0
10.4252270364332	0	0	0	0
-20.02047561518109	0	0	0	0
28.55135211357323	0	0	0	0
-23.77846905066908	0	0	0	0
11.61240945039004	0	0	0	0
-4.914184931264678	0	0	0	0
5.044893904511014	0	0	0	0
-4.956434455660563	0	0	0	0
2.6599955159658037	0	0	0	0
-1.9409428574007705	0	0	0	0
2.3872375775034342	0	0	0	0
-2.2852983217254135	0	0	0	0
1.408326482305334	0	0	0	0
-2.186793154871779	0	0	0	0
3.48079151610505	0	0	0	0
-4.167295792190018	0	0	0	0
4.6301174665701055	0	0	0	0
-5.899932833188885	0	0	0	0
5.8316823980873025	0	0	0	0
-4.581810166926836	0	0	0	0
4.869115617606248	0	0	0	0
-5.1683739438572545	0	0	0	0
2.177333880076489	0	0	0	0
1.3554674477909145	0	0	0	0
-3.0126402064435496	0	0	0	0
3.468059544620175	0	0	0	0
-3.476294782165006	0	0	0	0
2.4184708252802025	0	0	0	0
-0.7929385215761755	0	0	0	0
0.1319995891419481	0	0	0	0
0.5285194040230223	0	0	0	0
-1.726563399362412	0	0	0	0
1.1811568663302054	0	0	0	0
0.7903486500877577	0	0	0	0
-3.189397727529574	0	0	0	0
6.164316875396743	0	0	0	0
-8.579818084949544	0	0	0	0
7.671317361797065	0	0	0	0
-4.638975562809314	0	0	0	0
2.7520495215872955	0	0	0	0
-0.45430421276354593	0	0	0	0
-2.864852729787316	0	0	0	0
2.3433882007908906	0	0	0	0
0.8839538254498578	0	0	0	0
-1.3009961539065742	0	0	0	0
1.2312886005660246	0	0	0	0
-4.2225540455971	0	0	0	0
5.06411141078776	0	0	0	0
-0.9306297145973446	0	0	0	0
-1.7790681515092217	0	0	0	0
0.9376283975244135	0	0	0	0
-0.12553132309361814	0	0	0	0
-0.15028757765610834	0	0	0	0
1.2969583316560005	0	0	0	0
