-0.02429559419974936	0.4725549940070479	-0.31949178373687914	-0.031523112658518926	16891.89786872037
-0.0260509084931968	1.4711395195683394	-1.0358818380778558	-0.014011066230409597	16891.914690349804
0.3555122532313959	-0.3883658359541684	0.8262171194097618	0.6733485336098823	16892.03425374186
-0.7232820523054357	-1.8330449175057097	1.622769920802014	5.052816853355097	16892.081042945767
-0.03407155493356129	0.4564997523088721	-1.4619758267133989	4.335326877799162	16891.14364896683
0.46018318536518876	-2.4787756312403744	-1.3652321019711167	-0.38506317376302945	16894.05634206705
-0.28564322734657566	0.3863130109815529	2.154630784170223	4.619771380466091	16878.17223917239
0.3940880455916158	-2.207145761817671	-1.3579551035481217	-0.038411800383840955	16880.840745819205
-0.45709510241060514	-1.7499675711890958	0.2519447975326017	1.2029122762592834	16893.312432880237
0.032062125032084055	0.3354862443266171	1.254456215215157	15.269877273954023	16890.331547061414
0.46809392399561744	-0.007083340461868204	4.128245843785166	-9.891778803724591	16884.919648045157
-0.3717893413904818	-1.976959520298486	2.2287148543346262	6.395067258693729	16906.08631986005
0.19224556260377312	2.430558619332153	-1.594920402094914	-5.187373708481616	16893.352215791736
-0.03695678084029197	-1.4903838969285985	0.13154106841898283	-5.903403434161405	16858.539547842633
-0.5423082461972157	0.4584447133592704	-0.7834866693426505	5.623313427533475	16887.063107063423
1.457023930386157	-1.6507012079846248	-2.694099056274524	-1.2257884180011587	16902.149995446267
-1.6275542639649316	0.23331578798139674	1.5369543838127129	-0.7910979238746592	16900.238832561223
1.5716096949583047	0.35423014772749895	-3.434512542737963	0.8287570840799248	16897.825761600812
-1.7507489042138076	1.7931226279190398	1.9347149528676226	-1.5038031787234019	16891.420233166533
1.6532013393288523	-2.8532858950217914	-1.070662857191806	-1.7845559140461944	16891.190312113344
-1.48235995422732	-0.6484756967533372	0.402417011340205	-1.864693370760861	16895.166117651417
1.8643505122031172	-1.377077623021485	-1.3917422231483556	0.7490822704317992	16896.64343506255
-1.6023812444352146	1.2863214331403015	0.9094088088016576	-0.5883431809178887	16895.656363637845
0.3057890940361716	1.146783833074835	-0.2123279238567619	1.772594299850482	16894.030563551773
0.2377578610895128	-0.26693403420651407	1.1438936171578433	-1.232616360915813	16893.23233486807
0.19939155374978412	1.2378824125792391	-1.7870236654502065	-2.9146941480089765	16896.788122517162
-0.5375496910196418	-0.5703053551455213	0.08364485380063513	2.201891898729997	16896.210894062
0.5742927784824872	-1.205013304174642	1.4593866644487434	-2.0588808129850946	16890.560493778186
-0.9175342781371114	-2.94416183964384	-2.0339161646330695	-1.9182680102031497	16897.92110331928
0.8170323290508392	-0.3214066473556372	0.5523927236217929	2.367900126101418	16898.267508526253
0.08478323266654542	0.36797517165366855	-1.544744975243404	-0.5904315809423508	16901.985028449417
-0.5549462759332542	-1.676215241205817	2.674457959540206	1.3279745057671875	16897.1767613932
0.11977968625334512	0.2102904426881551	-1.6009092153817903	-2.235896048591414	16900.537225366963
0.4159045483619366	1.173154046539878	3.6396353345324712	-0.7893536697223453	16893.886989229468
-0.5650300408898303	-0.8090105693032257	1.0141951912257667	-0.3569378230146043	16894.124566841478
0.34333360310894534	0.131295285706571	-2.080724462327197	0.0502594815127253	16893.255569228175
-0.23324809488587306	1.040640523299679	0.8940849861590721	0.6425009372387933	16895.537292777706
0.004063912234968825	3.3530150374257772	-2.009139886472809	1.2140240672848392	16896.25165945296
-0.11017178915817993	-1.1513951566409446	0.857510225547486	0	0
0.45376749472157485	-1.68254325187079	3.640677092722939	0	0
-0.4013284416831624	1.5366029358113664	-3.2413590788548134	0	0
0.879814627613996	-3.146092049929223	0.2812483317845249	0	0
-1.601150404016785	2.6736061865568885	1.6166537844851518	0	0
2.0482083688978108	-1.49016891862464	4.176994271337719	0	0
-1.3847109774998074	2.505798589145776	-1.0057530296835466	0	0
0.9064342585457013	-1.6901844057939215	0.16698871639914614	0	0
-0.6576791986924562	2.636334240135106	-0.5627775976299603	0	0
0.02107571569973743	1.04966581655669	0.5324263607658963	0	0
0.67105051918724	-1.6876309282995479	-1.3118685953944293	0	0
-0.6783560551967653	-2.0393371178081594	4.327225224178335	0	0
0.6816813588126678	-4.078971975663883	1.737879608264663	0	0
-0.7993387356523769	1.8900798761146689	1.2188280100141782	0	0
0.5873307335765503	-1.813989097642299	-0.3469359980382336	0	0
-0.32228901755376427	0.08156255146833047	-1.289430763730806	0	0
0.3601336435119151	-0.45177302678226283	1.0561058363668678	0	0
-0.12280733386093345	-1.9458001383246497	3.6404100636743237	0	0
-0.6695423939822334	-0.055416663493026874	-0.20522457808023375	0	0
0.4063598963929991	0.11685086831975156	-1.640478305700654	0	0
0.3589964058220474	2.0353496724484543	2.1901055175573703	0	0
-0.5035897252469539	-0.5105085816779749	-0.23701093245476557	0	0
0.1551429519006149	-2.2411473619463678	1.4346498625238553	0	0
0.3737318983508473	-0.4415286738858768	0.7854677281179363	0	0
-0.5431557667965734	-1.5529695747511383	-0.1931470855991364	0	0
0.8849803242865519	3.0504102276237646	4.498202713644304	0	0
-0.8153441862134585	-0.5516506103122509	2.3208118868611223	0	0
0.35857328849452585	0.486869598748477	-3.0350798860841337	0	0
-0.5499686513729642	3.0074734107840086	1.2824001048171993	0	0
1.0782987050281534	1.0818014060539909	-0.7395454920168731	0	0
-0.9155321944276977	-0.8337205544543593	2.558254814998193	0	0
0.630525358652676	-0.9490104637529839	-4.719805715216893	0	0
-0.8555977000893762	-3.735716335947977	0	0	0
1.0821970957649256	-0.8664895908006187	0	0	0
-0.7412053256743789	2.0762440898831755	0	0	0
0.5648435057574304	-0.5144447354509296	0	0	0
-0.5824452967417741	0.6577829423397574	0	0	0
0.3091427328318872	2.2560105461938633	0	0	0
-0.1281460287992786	0.39387728426054025	0	0	0
0.1643380449524514	0.4063084981741554	0	0	0
0.4552365083322272	-0.7004049289577239	0	0	0
-1.0604686006603572	-0.8877537859270106	0	0	0
0.6999585877031151	-1.1365750464293711	0	0	0
0.4497097964263048	1.0840381116846984	0	0	0
-0.5394316240330852	-0.2869557293613738	0	0	0
0.4817476714013935	-2.6983929018192896	0	0	0
-1.142953145581572	-2.1650811777009906	0	0	0
1.1990892455227495	-0.5308269656567219	0	0	0
-0.47754516301402816	-0.7868417923962099	0	0	0
-0.1465463596988954	3.8495632671120035	0	0	0
0.07049246101401963	0.38566070290472965	0	0	0
0.014183768798218921	3.598237137061993	0	0	0
-0.36198286638918376	-3.404257757321737	0	0	0
0.8846628271905672	2.3962470616205636	0	0	0
-1.1352943243573819	-2.9684532135924755	0	0	0
0.8169855914350848	0.033274038280701745	0	0	0
-0.7879619498653199	1.443213396519198	0	0	0
0.6656147381418904	0.5539732523396452	0	0	0
-0.083951780956383	0.3541918877693462	0	0	0
-0.3247263255653934	3.2549643794226597	0	0	0
-0.28721499998996336	-1.5126587527634001	0	0	0
0.3470131519764905	2.2978521104230296	0	0	0
0.2682271991480363	-1.2099502123621662	0	0	0
-0.33564636884183585	0.060425068460574494	0	0	0
-0.2411289357908757	-2.796545782765051	0	0	0
0.5841666146746647	-0.14857299238795463	0	0	0
-0.7907611364917528	3.1790273655977472	0	0	0
0.9138663361441601	0.9705963005985367	0	0	0
-0.26894342036585783	-1.0217587673654478	0	0	0
-0.17998084591420138	-4.326802232512264	0	0	0
-0.03692811983450639	-0.8643414687336772	0	0	0
0.07499556230413873	-1.5755589114125073	0	0	0
0.38158799725573544	0.7899066909546022	0	0	0
-0.5300749590300455	-1.0072960436795526	0	0	0
-0.16401835239425822	-3.019307234917406	0	0	0
0.4040632235448598	2.354786233322592	0	0	0
-0.18581058153412044	-1.7534217800705392	0	0	0
0.3071376258012464	-1.9466971403939297	0	0	0
-0.29817526836824015	1.0752478193645416	0	0	0
0.34519077772350926	0.051604551111473995	0	0	0
-0.39959275858336696	0.6615403388434231	0	0	0
0.43577181026680023	1.5605162617559216	0	0	0
0.43521556345778833	0.6630805821111778	0	0	0
-1.1485279213600563	-4.929659504390983	0	0	0
0.6792644406568229	-2.3997840827279333	0	0	0
0.20674398052066323	2.147046804120656	0	0	0
-0.24138240085800078	-3.561104071586179	0	0	0
0.698606181985653	0.05385209431476312	0	0	0
-1.3672669787192646	-0.9301723405166697	0	0	0
1.6591450414370286	2.73832157880868	0	0	0
-1.2818059658752645	-1.4598050028694942	0	0	0
1.2716315539486303	1.5783405099017713	0	0	0
-0.7922331233806261	-1.6004502450249092	0	0	0
-0.18108614378845544	1.1211786464852125	0	0	0
0.7147755549629906	-2.9261549826471267	0	0	0
-0.3966673566026202	0	0	0	0
0.19793393411654847	0	0	0	0
0.0036131867943822726	0	0	0	0
-0.7617251181094247	0	0	0	0
1.1865619379459815	0	0	0	0
-1.130425874576943	0	0	0	0
1.5922832756905834	0	0	0	0
-1.976579100256302	0	0	0	0
1.2685331170056955	0	0	0	0
-0.12388932727900936	0	0	0	0
-0.3523512155938917	0	0	0	0
0.6313501077519916	0	0	0	0
-0.8492690166900232	0	0	0	0
0.8887257499442214	0	0	0	0
-0.8788266734606722	0	0	0	0
1.5957090330036081	0	0	0	0
-1.79594532124662	0	0	0	0
1.0811536133208932	0	0	0	0
-0.9955053067671713	0	0	0	0
1.4482131067557162	0	0	0	0
-1.6025205901852857	0	0	0	0
1.3038569528560728	0	0	0	0
-1.3011626635149582	0	0	0	0
1.2292079955720254	0	0	0	0
-0.816046898862993	0	0	0	0
0.8339257065453509	0	0	0	0
-0.9466267704242668	0	0	0	0
1.0341761647671959	0	0	0	0
-0.8751556253956068	0	0	0	0
1.1390819570542732	0	0	0	0
-1.279898847922027	0	0	0	0
0.8668044034983353	0	0	0	0
-0.4683362691376658	0	0	0	0
0.37520593012113324	0	0	0	0
-0.1755073144920587	0	0	0	0
-0.21633712514750414	0	0	0	0
0.5015950747679696	0	0	0	0
-0.9250449033960493	0	0	0	0
1.2562340564167869	0	0	0	0
-0.5259399093393	0	0	0	0
-0.2492300983540119	0	0	0	0
-0.08924406824016273	0	0	0	0
0.5458777873113263	0	0	0	0
-0.17548162562891179	0	0	0	0
-0.06319427012870449	0	0	0	0
-0.4120301602294134	0	0	0	0
0.8925459395255189	0	0	0	0
0.08498546210653757	0	0	0	0
-0.9145136844686874	0	0	0	0
0.9567406079704881	0	0	0	0
-0.7514278037991247	0	0	0	0
0.12105403716996932	0	0	0	0
0.6587167007038914	0	0	0	0
-0.7186100077026509	0	0	0	0
0.600117830647271	0	0	0	0
-1.2550226764158836	0	0	0	0
1.987976442893732	0	0	0	0
-2.29221546438653	0	0	0	0
1.8763049652804114	0	0	0	0
-1.0866722157013697	0	0	0	0
0.5799105080856961	0	0	0	0
-0.6643068514181181	0	0	0	0
1.0456115506149715	0	0	0	0
-0.9468011275647896	0	0	0	0
0.5378976367591903	0	0	0	0
-0.6022598126473966	0	0	0	0
0.8757871482718826	0	0	0	0
-0.34919431756721053	0	0	0	0
-0.5246523849646039	0	0	0	0
0.43956774622445494	0	0	0	0
0.2032363730529383	0	0	0	0
-0.303456969698253	0	0	0	0
0.08594674171740735	0	0	0	0
0.18884134958016574	0	0	0	0
-0.9528297554450234	0	0	0	0
1.3273170246569208	0	0	0	0
-0.8399016970013378	0	0	0	0
0.42898733762252306	0	0	0	0
-0.624949393440069	0	0	0	0
0.4725964106756564	0	0	0	0
-0.07844822631361836	0	0	0	0
0.34611317315914647	0	0	0	0
-0.9868013731752754	0	0	0	0
1.017929772032204	0	0	0	0
-0.17947879724449933	0	0	0	0
0.08035553799692963	0	0	0	0
0.024628066443248997	0	0	0	0
-0.29113311820791665	0	0	0	0
-0.11420327158766952	0	0	0	0
0.30263170484395374	0	0	0	0
0.17665360957189336	0	0	0	0
-0.12137160570843264	0	0	0	0
-0.4777570340983317	0	0	0	0
0.20783521800162674	0	0	0	0
0.5523041282038577	0	0	0	0
-1.0247680824701746	0	0	0	0
1.2040677736417251	0	0	0	0
-1.3711133856163684	0	0	0	0
0.5639953775116808	0	0	0	0
0.5232120463793279	0	0	0	0
-0.9263394921216062	0	0	0	0
0.4386401620214002	0	0	0	0
-0.6604411804919792	0	0	0	0
1.1223902862999324	0	0	0	0
-1.013977841690874	0	0	0	0
1.4807121231530829	0	0	0	0
-1.9808239498300892	0	0	0	0
1.461397946368578	0	0	0	0
-0.4100321629424215	0	0	0	0
0.09536797782164541	0	0	0	0
0.04812371164682361	0	0	0	0
-0.17867435726380876	0	0	0	0
-0.05219361618741658	0	0	0	0
0.046176093972356114	0	0	0	0
0.07086461667923771	0	0	0	0
0.27933589630892897	0	0	0	0
-0.13752591493609145	0	0	0	0
-0.6274182463043303	0	0	0	0
1.3470032576918598	0	0	0	0
-0.9845346545163025	0	0	0	0
-0.09656256909610761	0	0	0	0
0.4229972956725945	0	0	0	0
-0.004563977696363963	0	0	0	0
-0.0645602069105422	0	0	0	0
-0.154997083052983	0	0	0	0
-0.14076000791843768	0	0	0	0
