0.2716194290116647	-1.966942265444132	2.7363817347395525	-0.1052937120166888	16913.853969378863
-0.18983446562841522	-5.6859686776210765	8.978794462985121	-0.5229985747745047	16914.832433007927
-1.6041371834401517	5.696591509528396	1.0469427451802318	-0.8957642297952475	16912.519789641345
1.274205352638056	1.0410731320204576	0.09583661061485316	0.8445196931519803	16914.21121006262
-1.0770693047524134	5.409562131916985	1.3430885436328737	1.3199432309847765	16914.29846472718
1.0828111189219314	1.891675525303235	3.827679360722371	2.1403463840727994	16913.473442345374
-0.9038738632660994	-0.7726909649268734	-0.31683169952026446	-0.8902692690815996	16912.543759714867
0.10628537987331299	3.304684495377714	-0.6055023178645627	0.3589724762150013	16911.64711706053
0.263798831890675	0.051984297676092694	2.3154711908694168	2.9439382517184356	16909.20227470153
0.17688391842187912	-0.15128564708241043	-3.945141166523186	2.490013582925343	16915.214324214085
-1.0185477384279977	-0.22747860063479663	0.7585406803828931	-1.6174021459323171	16913.56587448645
1.5669249739833546	-1.227810902031365	-2.8428922999318473	0.03542004099598728	16912.326399609407
-1.2007780101239618	-5.399642067434897	-0.7412296861264593	7.74652867084059	16910.78746694084
0.677580989567403	-0.13883392158249563	-3.4605474122268447	-1.2112904164064275	16912.037496609497
-0.24052726927849477	-2.820718365276825	-0.9284617981567322	3.737597394001071	16916.039073928798
0.18684133642077683	4.031113410723293	0.784434136639959	7.736274258644357	16917.556974508065
-0.04182935883489591	0.62637788673009	-3.3501805288522775	-3.753071028593993	16913.003820864848
0.32901995483353375	2.3135926853923863	4.282234844313237	3.341419963023341	16912.793118957645
-0.6149025191356756	-5.346403008390951	0.548511758624656	-0.4021562787155091	16910.357245953634
0.30522654030080076	-3.5223901864890266	-2.7081654392152927	-2.3535447057250707	16907.027881851394
0.19437982685204247	0.6701216239943477	1.3769477058837083	-2.728043001873772	16913.233623655004
-0.31590616649000225	0.9010541142809743	1.3044192871117986	-4.945699148760056	16918.442419087816
-0.045416768250817086	0.2848555145285161	-0.5294834050724546	-1.564105148438415	16909.545652997298
0.48143040017966143	6.738511015496172	-0.6187114393304824	4.0105553322012355	16914.873305153516
-0.04565559277470044	-0.7391464535455725	-3.008746485350173	-1.0140343320157257	16914.544723418283
-0.7546271774326883	3.1611489667703125	0.9164248168519578	2.882365066499503	16915.848711424936
0.7886148695643271	-1.9288994800720403	1.6043673001453556	-5.464270348932629	16911.948659522805
-0.47038005145127215	-2.3119016911606707	-1.5314097397996989	-1.3788780303757449	16911.664563343278
0.5107271340249397	-0.18343856053061813	2.02912537360487	-3.6168564620499524	16917.292691777642
-0.5918416742162904	-0.36749714742873607	-0.0838818862192312	-1.569630570620859	16916.849945840222
1.130063112997341	1.6530095456141751	0.6486572511733044	-0.6454814043345891	16917.107427162973
-1.6480210756304174	3.166254405561453	-0.5609309255366952	2.1288431064897537	16917.299801539182
2.0312168663194896	-1.8738788392320842	3.8347761702593175	0.9395015254926591	16913.352848962444
-2.3618538595107452	-0.7954567746130365	-0.5680622055538436	-1.4054215413933662	16911.298237579518
1.813469617098697	-1.341071043484348	6.280838628133239	6.109536872213994	16911.987400227797
-0.19137582364259487	-2.4529449252132594	4.06737483269103	-1.6768220279472104	16918.297308337213
-1.1317807233507224	0.3207677809443368	0.8095336683248178	-5.787215837330521	16908.958498641416
1.9877032178949676	2.891407117611429	-1.084420104434173	3.5231281935116243	16925.53314585116
-1.860683172245416	-3.0246954744310273	0.9261432094089059	0	0
1.52254662916598	-0.16701438412023606	-3.1818724249515924	0	0
-0.9123146142504481	-0.7087956343659769	1.0109501463647064	0	0
0.644256624249536	0.6156861970276424	1.1395892945181885	0	0
-1.0585258961669481	0.4364224363943663	1.318324248016765	0	0
1.9265112077520214	-0.12930965373058712	-4.314704203100362	0	0
-2.0002040720673477	-3.1225214650733832	1.6161862501456596	0	0
1.443529543508319	-3.2382572810416974	-1.6726469697228339	0	0
-1.2500758976628816	0.5781933541731021	2.6509486194330094	0	0
1.7876855607934345	-0.9265116480361328	1.7889456209596517	0	0
-1.8121465617011552	-1.1663374730880136	-1.1427393677049622	0	0
0.8572873331552984	6.765664303155795	-4.037366512811573	0	0
-0.05338343406581458	0.5884479850706015	-5.18244439490239	0	0
-0.21141196472464685	1.7221447776436563	-0.8987887789864288	0	0
-0.09924345405855206	-0.3751133170921932	2.0956849321715367	0	0
1.1198617756170677	0.585899169789414	-4.579401920542196	0	0
-1.8104494874405646	1.1194404813258032	4.693409690946041	0	0
2.251514363928095	-1.3165575579937183	-3.041192529194518	0	0
-2.075046178160953	-0.6483843905780518	3.210520550628644	0	0
1.2083212399264198	0.15613546701080594	0.9846621443449237	0	0
0.08371995006307031	-2.0397886794437383	3.3648180523881592	0	0
-1.1238236299946962	-1.8210994332469639	-0.8729987543662787	0	0
1.9675055318635444	-0.8376527168851453	4.596081004243885	0	0
-2.1626748024813693	-2.5067132905795546	0.4743262911811712	0	0
1.6619320978508014	0.7505108130516547	3.4519295313909595	0	0
-1.2800149436112775	-0.25844853966594883	1.5576749813117772	0	0
1.1080110563950072	0.24411073846012243	-1.2367625422431132	0	0
-0.9451005198537601	-2.976858183420127	-2.023063577211886	0	0
1.1569131866205709	-0.4661127455593288	0.21357838523931605	0	0
-0.9348059896241594	-2.218548491889017	0.15174636426671384	0	0
0.6546961726894409	1.229771107312935	2.5797554622154735	0	0
-0.08068811051377622	-0.29599702355793767	0.2093899516257096	0	0
-0.5835610889173211	3.878946150079109	0	0	0
1.1466996745695681	-1.5676315337350317	0	0	0
-1.1173308582135988	-1.8281737580572752	0	0	0
0.6214625809788217	-0.024234841119515238	0	0	0
-0.7250887002734814	1.5434690250276049	0	0	0
0.646258496747258	0.7530126726562685	0	0	0
-0.2416815370343457	2.094301422072469	0	0	0
0.49670442514916147	5.754803205672708	0	0	0
-0.718869042465407	1.304794958506065	0	0	0
0.7362026921655911	-4.701314437508195	0	0	0
-0.5790582373302939	-2.3610488875864846	0	0	0
-0.4661989623757563	-3.6255672708443143	0	0	0
1.070887164897087	-6.899215882221917	0	0	0
-1.4070783685789294	1.5501733691809534	0	0	0
1.1767233918029092	-0.31438487071303456	0	0	0
-0.46280302549509855	-0.9801413107039565	0	0	0
-0.40144579206818776	1.6768251055634664	0	0	0
0.9169731881491288	-1.3065342366559562	0	0	0
-1.360658635491852	0.4311072235373814	0	0	0
0.729384646542691	3.6359857545234746	0	0	0
0.4058430289444246	-0.0835087729645494	0	0	0
-1.4411792197833648	-1.6982371027725947	0	0	0
1.7291121002987566	1.6603491911608188	0	0	0
-1.5899584035996952	-4.359339173343493	0	0	0
0.6109721172999585	0.26847906000804755	0	0	0
0.16460215890092655	1.6654569820116762	0	0	0
-0.35424676509133946	-0.3921940783424702	0	0	0
0.11050650097185155	-2.911311617824147	0	0	0
-0.20224418316892923	0.10865052605933556	0	0	0
0.1967014557395501	-1.5006880723154907	0	0	0
0.18146145301023608	-6.904063628490491	0	0	0
-0.6377503300564911	-6.208856011872641	0	0	0
0.06545828188406233	2.3979963618594624	0	0	0
0.5255376889090542	4.0175874956738795	0	0	0
-1.1988529879891345	1.136178372183572	0	0	0
0.7943377432349337	-0.08828127030569277	0	0	0
-0.1101240070340026	-2.898421557733208	0	0	0
-0.4755197123635426	1.7252503681073463	0	0	0
0.4412361322053826	-1.8766882321810598	0	0	0
-0.06948163238290306	0.5635113100696572	0	0	0
-0.26714488022276583	4.239783048053859	0	0	0
-0.3948411230866924	-0.6524908807639065	0	0	0
1.0709149695000804	4.9580940709793495	0	0	0
-1.2694874776315643	0.31673345240557893	0	0	0
0.9426953162106884	3.2237763586025636	0	0	0
-0.23563272424990345	0.9239689468938934	0	0	0
-0.6588606331473699	-0.41102725099725745	0	0	0
1.0314676610266034	-2.9986603773204834	0	0	0
-0.7477485783152602	-0.7514904462241958	0	0	0
0.5884490589306566	-2.2666391907000474	0	0	0
-0.6340188072658179	-0.9281659947659193	0	0	0
0.9887307995791659	-0.2822882245045051	0	0	0
-1.1065395378337612	-3.058298661930337	0	0	0
0.6453321329803146	2.0353707096991442	0	0	0
0.17782968690533352	1.0184165012220205	0	0	0
-0.5085986179667685	-0.02806705852651703	0	0	0
0.7572128779102911	2.8884583023732304	0	0	0
-0.8466535850732555	-0.9148894886057377	0	0	0
1.274835307165354	-1.4686511941141944	0	0	0
-1.1295477577219657	-1.8854748112777884	0	0	0
1.2837608479912461	2.8094730293970116	0	0	0
-2.1414931084681186	0.8631934022435388	0	0	0
2.558791507444859	-0.060228804040200146	0	0	0
-2.4744429527374834	0	0	0	0
2.2252685151044886	0	0	0	0
-2.4605437190572843	0	0	0	0
2.0698260285209713	0	0	0	0
-0.9460612962074393	0	0	0	0
0.040963619426250375	0	0	0	0
-0.25369070579878894	0	0	0	0
0.503219461585509	0	0	0	0
-0.716795762672291	0	0	0	0
0.5388052780851922	0	0	0	0
-0.17930050219124638	0	0	0	0
-0.7461134808666117	0	0	0	0
0.8052342574177942	0	0	0	0
-0.3827853186650927	0	0	0	0
-0.3316452846077027	0	0	0	0
0.739951649993202	0	0	0	0
-0.5714317741647648	0	0	0	0
0.06658363074772211	0	0	0	0
0.5002544623132721	0	0	0	0
-0.2543098589116539	0	0	0	0
-0.6946517678596464	0	0	0	0
1.5361679414329643	0	0	0	0
-1.678178077538	0	0	0	0
1.1263827802411015	0	0	0	0
-0.41037152830015344	0	0	0	0
0.15721666899221987	0	0	0	0
-0.7222005329014038	0	0	0	0
1.4526554756826826	0	0	0	0
-1.1128245506306698	0	0	0	0
-0.0638525386421307	0	0	0	0
1.3744145187606875	0	0	0	0
-1.5123175359358925	0	0	0	0
1.0147290041406762	0	0	0	0
0.12099601503472712	0	0	0	0
-0.38789725319824697	0	0	0	0
0.0014272867272424605	0	0	0	0
0.3404865308822522	0	0	0	0
-0.7107743529519297	0	0	0	0
0.5892206637776596	0	0	0	0
-0.5399005790204825	0	0	0	0
0.7769385535588711	0	0	0	0
-0.9914399817754926	0	0	0	0
1.4223619392471676	0	0	0	0
-1.4865103897477994	0	0	0	0
1.0513846708005303	0	0	0	0
-0.7496162250337122	0	0	0	0
0.7197691868966061	0	0	0	0
-0.5922811555502392	0	0	0	0
0.35129699770137535	0	0	0	0
0.4046840952833577	0	0	0	0
-1.474809192349035	0	0	0	0
2.0451643224527842	0	0	0	0
-1.4143898194735343	0	0	0	0
0.814406794128395	0	0	0	0
-0.04573461932774592	0	0	0	0
-0.9529416209026067	0	0	0	0
1.068354297968277	0	0	0	0
-1.0773192042386697	0	0	0	0
1.1452912010287335	0	0	0	0
-1.3743992559530795	0	0	0	0
1.090944437501598	0	0	0	0
0.1157130415638008	0	0	0	0
-0.7969748123041995	0	0	0	0
1.268934335958086	0	0	0	0
-1.6226447458429334	0	0	0	0
1.5423364862379785	0	0	0	0
-0.5165306789346857	0	0	0	0
-0.6201690225717655	0	0	0	0
1.3833987079850587	0	0	0	0
-1.415631671770619	0	0	0	0
0.4648732141222567	0	0	0	0
0.5141439830034855	0	0	0	0
-1.1705789022568212	0	0	0	0
1.3753045548403264	0	0	0	0
-0.48067616048631834	0	0	0	0
0.279929878639571	0	0	0	0
0.0782208247521794	0	0	0	0
-0.5806984920887572	0	0	0	0
1.1069676523087466	0	0	0	0
-1.600517237184036	0	0	0	0
1.7296340780411015	0	0	0	0
-2.0735835434552854	0	0	0	0
2.2250256674217113	0	0	0	0
-2.0162271818105566	0	0	0	0
1.6206221494283213	0	0	0	0
-0.8871425504748487	0	0	0	0
0.23844043685095784	0	0	0	0
-0.3384000638097504	0	0	0	0
0.9359155662065959	0	0	0	0
-1.051809433201818	0	0	0	0
0.6292967880016249	0	0	0	0
-0.7519041343569626	0	0	0	0
1.7234739694112022	0	0	0	0
-2.047383935600159	0	0	0	0
1.563113268839409	0	0	0	0
-0.493702288337424	0	0	0	0
-0.6331352707307829	0	0	0	0
1.2140166674278916	0	0	0	0
-1.049550471205471	0	0	0	0
0.2318787210870923	0	0	0	0
0.8147221755614709	0	0	0	0
-1.093582727003806	0	0	0	0
0.3630216252669882	0	0	0	0
0.7273002019501007	0	0	0	0
-1.0604713076985348	0	0	0	0
0.6341457348268094	0	0	0	0
-0.8160839797090844	0	0	0	0
1.0967980352268043	0	0	0	0
-1.0697630369433924	0	0	0	0
0.6959960973620198	0	0	0	0
-0.6522281672164283	0	0	0	0
0.8038374384684346	0	0	0	0
-1.2127638755062122	0	0	0	0
0.7946572987715186	0	0	0	0
-0.4898902131549647	0	0	0	0
-0.1135180012959367	0	0	0	0
0.39881268051232865	0	0	0	0
-0.18872899470867566	0	0	0	0
-0.7735575402773875	0	0	0	0
0.7217044463044786	0	0	0	0
-1.1762752069344344	0	0	0	0
1.472320482110078	0	0	0	0
-0.474775531890117	0	0	0	0
-0.014731087327540138	0	0	0	0
0.15456452473712545	0	0	0	0
-1.2485986020216515	0	0	0	0
