-0.07079622051465151	1.6482307638059694	-6.9160848221237785	0.13461966000299697	16937.107405506016
-0.1690390325417681	4.5438733671885885	-21.141601378903644	2.768780567185587	16939.908690507356
1.6534528040723302	0.40531220892003006	25.445612056082993	28.382795835493212	16941.77449580242
-3.8405679395363777	-22.3902735044081	13.839195057954711	39.775191007232195	16937.12420829718
4.350171505114986	-4.924700935242193	-9.456583146781071	-25.350015066875272	16945.543683946344
-0.3216127957306938	-0.38953873702283914	6.532847182335985	20.50910754242031	16920.877529226083
-2.5018803180133418	-3.9239591057055137	-7.351452047989795	-40.92882147229281	16921.548860834017
1.4354514493903707	-11.163008945733743	32.85967868728349	-20.583323296777536	16940.22211890152
1.1865115360154874	-4.988898829957357	-5.052019335855803	-9.43945998063144	16954.28600476235
-3.9355712266373644	13.005350043130932	8.617215102483371	43.206251554491146	16925.84789346816
5.400244455333613	-3.240780219633912	-12.19810554661305	-33.15252036939668	16907.81489002882
-5.2134650059167456	-0.5502704882866638	3.6785408447651236	24.82205310757135	16812.04702998072
3.853173594150043	9.637921222144072	-8.633471723110446	3.5186828574162803	16816.544668045226
-1.242549838242958	-2.7742419269404834	-2.679699879782376	-10.73845564137153	16859.052150102267
-1.3197614344049882	3.4635343430510943	-39.74518733683277	-43.14426078623481	16856.69512372912
2.203234103605162	8.660104002772584	31.9146638218744	43.926456929036945	16873.03338208174
-1.034273266349004	2.269893563345235	5.626641519268489	8.003022739201242	16898.754692436036
-0.4317276520349722	5.0271896734790005	-21.596912314957976	-28.648668954157557	16921.704242957814
1.137940052697111	5.021783037751014	14.506396107959446	7.397120407419678	16859.831621511574
-0.3315114260143872	-5.545964395360421	-5.896264941513664	1.9873325989392612	16879.59569601736
-0.8179448980856918	-7.036411222037621	-17.66738498967291	9.393357632142127	16880.755518952312
2.5084352465808806	3.0460267972526154	4.009340721302394	-24.55228418716166	16924.96555247692
-2.9446885341387343	4.182541912200058	-17.93117017630361	7.0393112974850425	16850.62597089
0.6345672180608588	-2.569501395717012	-11.430355784430304	-3.6831426357596087	16829.433974156258
1.174378787009836	-5.505827350831517	7.334863097668219	-7.458004708625211	16769.276594530817
-0.4737115322418646	16.40516602308665	15.667083191109953	-13.364878765791147	16792.309458167765
-0.6750467348299694	1.0603900980256427	44.604539931815566	-13.996656270649495	16824.62489575638
0.25808513990437376	-10.830303604751357	-29.149515547785953	8.129342184633913	16845.50695306561
1.1204190266292784	-0.21362375832593017	-2.2890735108763067	-2.8269680531613517	16890.098409337672
-1.7731576210317286	5.561807238739384	-11.751567987155312	19.88249701829089	16838.594163403304
1.2428825164367296	12.093216249610073	4.333339172877601	-1.2594150916140023	16795.52287866894
-0.9664595150361848	-3.123343392899379	0.3335687302173085	5.139964879762516	16672.54391568024
1.601406906343719	2.803862216305369	-22.95977699098404	-12.58377317482578	16746.8238343119
-2.9556440547028586	-2.414313119687108	3.7609871323203237	-3.0089372910774728	16790.763408025618
4.6690530205781755	-10.04116252846714	55.25226480322115	1.5700003823902904	16891.78573682357
-4.65423473708411	-0.19740136911209305	-26.46872930629445	1.8172558001159587	16980.34237268243
2.8945594723252057	1.8250477334178399	31.926842403718467	-1.8857703499378005	16937.81838982493
-0.8267918365120366	2.748721465766934	7.749100192903285	5.712839320658347	16915.234506685265
-1.3703549784745022	-0.4511387223165997	2.5635190301246666	0	0
3.0658477320117825	-4.96093275627932	-9.481797287983426	0	0
-3.0605219521526124	-9.293966748405893	-10.273019798033118	0	0
2.0030303915700074	14.2253658620767	15.162236980774466	0	0
0.2707533916463234	14.644983368325235	-6.369818441978211	0	0
-1.7583136299150368	1.2947740594559107	-8.63210712645612	0	0
1.8170305223532068	-3.211791846275716	-2.8913118810242793	0	0
-0.7891124941187755	-3.5306726390894525	0.516360960288651	0	0
-1.0910597168036489	-10.930596030593797	-3.3638338602602573	0	0
3.0542536642069535	-11.974380183881884	-9.010480812777018	0	0
-2.4100183962449933	3.9266064377776146	37.46369971683973	0	0
-3.131193323543741	-0.9336946569869724	-10.899033009463736	0	0
8.317559847722684	-5.79446439103662	5.1394262109674	0	0
-7.58234073178793	-14.935524592664883	-6.58746668021854	0	0
4.1093399327365745	5.684709911958954	-0.27133003393710453	0	0
-0.624712539695409	-8.586707831303059	-3.415296051654238	0	0
-1.6268330788023562	-9.461089456181774	-34.24145796207888	0	0
1.9516023695368006	7.61267161858278	13.150924137644367	0	0
-1.168475048933523	11.291608123332963	-8.407136510923863	0	0
1.579481356230204	-0.6280791315975804	-4.306958361299706	0	0
-1.2318320115311607	0.7602756607819998	8.534292655336685	0	0
0.044325523992142735	7.8048754296018	12.222782506665922	0	0
-0.3151201892439417	-10.72762542765814	-23.05241095060707	0	0
0.8235753381403725	4.212495089132027	12.843103593532902	0	0
-0.560598155928183	-7.143513852303606	-8.744661683895501	0	0
-0.04998712286852225	3.004085565186088	-19.277224595705817	0	0
1.5393523551141186	6.535527856526187	3.910405969892196	0	0
-2.0134760444252677	-1.2145228777780943	9.699442904760843	0	0
0.956318995343878	4.774440114539907	-4.02246662808777	0	0
0.5964637765110297	6.176282415561559	2.627977190400486	0	0
-2.274463520551137	-5.191713775023693	-11.219498695539869	0	0
3.297636507475289	-0.3844407836141315	5.219373196044614	0	0
-2.968815855764454	10.813934802379656	0	0	0
2.222213697309499	3.3748937385721334	0	0	0
-1.001491814949297	-3.8849523171642844	0	0	0
-1.6862286106951316	-3.806190305144547	0	0	0
3.4571628993684698	1.5173359037908867	0	0	0
-3.156258832566486	-10.665047252040694	0	0	0
2.0099417781564597	1.459471727531806	0	0	0
-0.7676071370510371	0.604998851340433	0	0	0
-1.0267496113704624	-9.314460504991892	0	0	0
3.727259850281577	1.4229373587415353	0	0	0
-5.511601824947007	-4.87226055170391	0	0	0
3.9931932431105253	-5.907729001170864	0	0	0
-1.329843153534199	-2.6741371230500874	0	0	0
0.4821345096271159	-3.7115118944960344	0	0	0
-0.570005237322853	8.02109572850648	0	0	0
-0.6054000532799932	3.4028207977584586	0	0	0
1.2314094510007934	-8.630546004267401	0	0	0
-0.03473204037015876	0.9136095559992867	0	0	0
-0.8702334860206093	-12.022292010866309	0	0	0
1.2390592936291256	2.0561818705737807	0	0	0
-0.9278448312408756	0.9873808798963495	0	0	0
0.6457811425435409	-2.9620208818186953	0	0	0
-0.18997562217614927	-14.364872750818357	0	0	0
0.5122611786661437	20.167786714432914	0	0	0
-0.4613516720880071	-14.943628704434822	0	0	0
-2.7434285089005783	6.400208541590402	0	0	0
6.113709316397994	1.8725960193762035	0	0	0
-3.849241844474335	12.125933706531924	0	0	0
0.6298035605523324	1.8717614017264381	0	0	0
-1.092142351729791	-0.5482808472919416	0	0	0
0.5652622050499616	0.4060517088800921	0	0	0
1.0824647225722117	-1.3488293897539734	0	0	0
-0.3575394006797836	-0.9088860680673534	0	0	0
0.5755222355684637	12.666011414281279	0	0	0
-1.8591421919394193	-8.886954226768921	0	0	0
1.8683062101001155	10.072677537907602	0	0	0
-2.373350879686022	11.292500590092956	0	0	0
2.9903835171839006	0.6011125081216235	0	0	0
-2.4332388819311532	-5.612262976735437	0	0	0
0.4254608815411913	1.2381798203530607	0	0	0
2.14846500795705	-5.025625610290831	0	0	0
-2.448188452027104	3.2452525366193257	0	0	0
0.7775220689756566	-1.2606059780956613	0	0	0
0.5601525029767913	2.850263939417019	0	0	0
-1.639178979454492	-24.37024053716086	0	0	0
1.6586832777946583	5.263802489710784	0	0	0
0.25643000285814566	-1.7727065207654746	0	0	0
-1.4315185755182185	8.832670806931517	0	0	0
0.03126715632772914	-6.67528554005154	0	0	0
1.5092210869181883	4.821304265848056	0	0	0
-1.6065559263636615	3.2844080636452304	0	0	0
0.3794390328317405	-3.1542902377595894	0	0	0
0.42011819108301296	5.913185879531447	0	0	0
1.768112341978025	-13.359289295759659	0	0	0
-3.116570117357206	9.43422204347651	0	0	0
0.6945273873386668	-7.469906167378909	0	0	0
2.7953269259535247	6.709888029802038	0	0	0
-5.982104655930478	7.343870428321459	0	0	0
7.252998376896947	12.474626509964025	0	0	0
-3.2597391424889395	-11.960517066630935	0	0	0
-1.2234690193741642	11.56186205370085	0	0	0
0.0962582671580492	-18.24212278390005	0	0	0
2.517945545633083	-3.705230999535523	0	0	0
-3.124638749646671	0	0	0	0
1.9724778961477867	0	0	0	0
0.3119441472560638	0	0	0	0
-1.8089721398269134	0	0	0	0
2.66571037066452	0	0	0	0
-2.309881594800487	0	0	0	0
-1.1343096137464954	0	0	0	0
4.3887354702691255	0	0	0	0
-3.3963259351377744	0	0	0	0
0.809829087748632	0	0	0	0
0.4641320200882362	0	0	0	0
-1.1013970790905816	0	0	0	0
1.281089212699186	0	0	0	0
-0.189755296174269	0	0	0	0
-1.2232919609684174	0	0	0	0
1.489562987974736	0	0	0	0
-0.6589812399456108	0	0	0	0
0.37300391437020153	0	0	0	0
-0.14916034364988207	0	0	0	0
0.1753542104029293	0	0	0	0
-0.29432914897925144	0	0	0	0
0.20964576000991286	0	0	0	0
0.5768031410698029	0	0	0	0
-0.3715095551331373	0	0	0	0
-1.0444850906141951	0	0	0	0
2.0525061995223695	0	0	0	0
-2.5388207252910746	0	0	0	0
2.6813070797166247	0	0	0	0
-1.7019345887187995	0	0	0	0
0.5623063008573439	0	0	0	0
0.7344497481481369	0	0	0	0
-2.3624719525486597	0	0	0	0
1.996750319088001	0	0	0	0
-0.9352588371685755	0	0	0	0
0.6201504951778603	0	0	0	0
-0.8388631650919436	0	0	0	0
0.9250706239269348	0	0	0	0
-1.498545141872924	0	0	0	0
1.9517779149051862	0	0	0	0
-0.9337383524850935	0	0	0	0
-0.22959627478103073	0	0	0	0
-0.14232652038094784	0	0	0	0
0.9184868395400017	0	0	0	0
-0.45554104670317486	0	0	0	0
-1.17725784554316	0	0	0	0
3.3454442824038892	0	0	0	0
-4.5522908194034315	0	0	0	0
4.673649055900945	0	0	0	0
-3.17721154387592	0	0	0	0
-1.064245218766878	0	0	0	0
4.8822895767339105	0	0	0	0
-3.8300242727395712	0	0	0	0
3.0356315940761007	0	0	0	0
-5.063725090495048	0	0	0	0
6.739461844961042	0	0	0	0
-6.0444447501508165	0	0	0	0
4.801050914644257	0	0	0	0
-3.4412085597071	0	0	0	0
1.5909003840973241	0	0	0	0
0.44988274029777386	0	0	0	0
-1.3417531207759694	0	0	0	0
0.02725564488318355	0	0	0	0
2.1095084879488013	0	0	0	0
-3.6812079608480346	0	0	0	0
3.699053897735311	0	0	0	0
-2.0469575193238114	0	0	0	0
0.611269690235666	0	0	0	0
0.6307459787855763	0	0	0	0
-0.8998720012626151	0	0	0	0
-0.26300921392094523	0	0	0	0
0.9343774399134119	0	0	0	0
0.14747048937458374	0	0	0	0
-0.6565692089783539	0	0	0	0
-0.9437265094592604	0	0	0	0
4.959007078286433	0	0	0	0
-8.079020805282902	0	0	0	0
6.100846935862876	0	0	0	0
-1.6301181089271424	0	0	0	0
-0.4825745686743943	0	0	0	0
1.981635233475707	0	0	0	0
-4.0213590295330235	0	0	0	0
4.927248746617828	0	0	0	0
-4.238288588451226	0	0	0	0
2.8802379938138643	0	0	0	0
-1.889703880265806	0	0	0	0
0.5846655660638334	0	0	0	0
0.6048733284739853	0	0	0	0
-0.7784724646095285	0	0	0	0
-0.21002478092724886	0	0	0	0
0.3789486635097532	0	0	0	0
-0.36380389724093476	0	0	0	0
1.4826559925656397	0	0	0	0
-1.4647081967891467	0	0	0	0
-1.7790176732276635	0	0	0	0
4.476424644418749	0	0	0	0
-3.819065332453974	0	0	0	0
3.0319876678532225	0	0	0	0
-3.2158842697339693	0	0	0	0
2.7506563502495	0	0	0	0
-1.2210526043319234	0	0	0	0
-1.1642730696546408	0	0	0	0
2.024848847318843	0	0	0	0
0.4081919978531303	0	0	0	0
-3.090330053486717	0	0	0	0
4.2054259865365395	0	0	0	0
-3.7754753397004848	0	0	0	0
2.3626024768945157	0	0	0	0
-1.4064833041820108	0	0	0	0
0.4018096318229851	0	0	0	0
1.6456285075248687	0	0	0	0
-1.2627907305361035	0	0	0	0
-1.5625268012251468	0	0	0	0
2.303717076888873	0	0	0	0
0.17772944006404146	0	0	0	0
-1.705206867172386	0	0	0	0
1.1603071571786856	0	0	0	0
0.15574227352256997	0	0	0	0
-0.7930472680022689	0	0	0	0
0.8901309097735464	0	0	0	0
-0.467577611299248	0	0	0	0
0.44481403247151263	0	0	0	0
1.2445120834747314	0	0	0	0
-0.36772925071993257	0	0	0	0
0.631931356734718	0	0	0	0
-0.5715201624056832	0	0	0	0
-1.3688301323222447	0	0	0	0
