-0.005357897830698732	2.9856246608948354	-1.3879697574734138	-0.5171980770120115	17066.215032555425
-0.7916984849358855	9.704830718492573	-4.2564347048053435	-0.7756423225736313	17066.655088147403
2.578063449526063	3.0117389103340315	5.804773410694821	14.017072071438747	17068.098336877876
-3.910539199390257	-4.504048679628944	-14.606118075933765	-18.44316459913226	17063.226921171867
4.137754447768565	-6.0069679471708355	-10.888299596307633	19.719289661315884	17082.054176677077
-3.4712742271585313	2.73104909735752	14.235618711059743	7.112427224453796	17014.581319384757
2.1368766876193064	-3.560486370668116	17.169771696329832	-38.66634323183443	16888.279511887293
-0.37914321200720025	-7.615138304725285	30.649105412492304	-37.493087341219336	16929.432953049476
-0.12270853623309108	-9.26812767428055	-6.820291999651914	-0.6041141963129775	16954.912262039743
-1.2949445760726803	0.28008560560926554	9.697882020801941	21.223775979209165	16963.95794852422
2.752894014821912	-2.6233326252214155	-7.430859489790365	5.110541122884982	16893.735388406352
-2.561150467032192	17.719479003203134	10.490011594626097	-2.751143911831136	16924.717738697505
2.016594412784251	-4.940446015908755	4.52372659865749	10.1276948126591	16995.982091539016
-1.5632329917322778	-4.725518417417149	17.479386275471	-10.92093783655072	16939.250552421807
1.490495003965627	-3.026649293176426	-12.651732201398914	5.3633698799480385	17007.016330932915
-1.9227670249777873	-3.980928014532658	3.390828057324825	9.873439321806728	16957.227893227362
1.9284655109309696	-5.641381886769125	7.890512742910673	-2.1809913773923455	16983.80504112027
0.37607840269467374	3.532243090247313	2.2234446031834665	-20.315709568729403	17031.968032827463
-4.409194332044443	19.462867414827393	7.498176976031388	12.693165998582202	16996.93030170972
4.883536108056326	-4.380678856576488	-18.19367669259357	-9.259217118832012	17012.379139159253
-2.1204967845582985	-5.749508653347249	-12.996684806091437	-22.586928557554117	17006.69173004853
1.8833648533808756	-1.1690537972262547	10.986291016603943	-15.102734468962623	16974.351917249187
-4.429618845487639	8.426144637540247	-1.4785427511786224	10.35781789502414	17008.991821535816
5.961128893327086	-6.57916438238955	-0.3373662284083139	9.917593769825487	17095.918767591014
-6.815171141658233	7.004211867363978	-15.860440132395013	-20.024490043458883	16927.279672284458
7.861039726150516	-3.6705721630410366	9.34715417370343	-30.45993190549062	16867.316452163403
-8.642593945397351	8.222749712810177	1.3543063279054763	-1.10840091395319	16834.93540849805
7.559797992902297	-8.057040065036887	-2.0255170469360166	-8.072843302238567	16885.65641359376
-5.803082625464903	5.948894766399896	8.60597999550535	-0.6748462662321941	16832.066522880934
5.257174765957082	3.988825353648373	-7.04280194528738	-23.921396283407375	16851.934867006446
-5.9465840672962855	-10.21922952578619	8.313355246473051	-14.100393272721234	16844.18482899504
6.241151281858727	0.9055492806366843	13.643122265840077	-6.569896274688801	16846.544904761628
-5.3209053045822685	-2.826907891119312	18.228025410393485	-14.786126283463204	16886.70265059426
3.504135011843438	3.213368943554187	-6.5043426880176725	11.455999333873748	16942.435841461127
0.6671743749118448	2.8638485712944757	38.449895726145826	-10.296019030667466	16845.178306741735
-3.7691894461572772	-11.968439687051031	-8.783116982677384	2.9728284989946445	16848.46553636765
3.550114833118009	20.96139869427482	7.483291907715625	4.665605231597681	16866.833908163837
-1.23897784766487	-19.790557837380504	-14.462629790620994	-5.425824317248626	16852.801681384655
-1.3607663695752805	7.412985817496875	17.940748652120703	0	0
0.6434396090456573	5.914598438573073	-0.4766218268500637	0	0
1.5883734458687186	3.225797605273243	-8.710537439473	0	0
-2.680892940459067	0.7397749014345081	10.194412375213517	0	0
3.993131108902155	-0.9240762587189195	-10.16686405978048	0	0
-4.087758468853252	12.745843018266541	-2.053418890627782	0	0
1.740432899386768	-11.556812576997118	9.110723852907284	0	0
1.2566074429362786	-9.2737501956965	9.88942981666358	0	0
-1.8900647822330185	-2.4128777826554497	3.5311750411728298	0	0
-0.24653139948040348	15.517590347423436	-8.788851540652715	0	0
2.28517847472056	-8.000997330019246	-24.057779619341275	0	0
-3.830963616433799	-0.43022440380160276	10.076591301792206	0	0
6.443161287209975	-4.634588074326345	15.969803407884825	0	0
-7.571841701405241	-1.8193182524592757	-12.072497590004588	0	0
5.927430855073673	-21.188495156187884	14.66721579196377	0	0
-3.5317823017047303	2.690592326500763	-22.06237588355799	0	0
2.105454206634839	-7.815235491991615	31.37204825237393	0	0
-2.4748381527432457	-0.8772644818682309	4.431852393256875	0	0
4.58668853434736	-12.622261790469203	2.7456617922331645	0	0
-5.082184494164331	17.075882127600188	37.75887970226748	0	0
2.8618379952393553	12.975280080525053	8.259110415118272	0	0
-2.057761022534663	-4.771141281193394	-6.606767675463189	0	0
2.607051950838674	15.660871638901234	-5.012727352593117	0	0
-2.2588759096394284	-3.5970914479219545	-10.669953052226703	0	0
0.8084071796354024	8.179581372682165	14.462119410294392	0	0
0.570136693176643	-8.441998553355162	-10.845909459687377	0	0
-1.3367942344089982	2.516159454886626	-4.273775205715481	0	0
0.26680420881243805	13.214719895975072	-14.507265523138798	0	0
2.0764306186523456	-13.26540493237708	4.558803225623251	0	0
-3.6350522379026344	-2.767461401906445	-0.7364557646033774	0	0
0.9032188404485737	-3.264551310949088	15.939335528712292	0	0
2.0077288125258193	2.545219332545159	1.2278161764626532	0	0
-0.4586665979227931	1.5313390506665954	0	0	0
-1.3090847200145745	8.098811771042932	0	0	0
-0.11690787261626667	8.309876282391883	0	0	0
0.4235174020109227	4.4222029353623	0	0	0
1.279023251060302	7.5761853106620265	0	0	0
-2.5418337045365575	10.623679822727908	0	0	0
3.5214087372166176	-6.4053959176035775	0	0	0
-5.310803831898916	5.039105062278949	0	0	0
6.691828815708028	-5.181946110991106	0	0	0
-7.298099294745242	-4.420173202853547	0	0	0
6.874249582378987	12.942063576137372	0	0	0
-3.4329937593330797	0.7002128244801682	0	0	0
-1.5796666792773735	3.9635518827952936	0	0	0
4.222534563507246	7.662638256209064	0	0	0
-2.9111540384708334	-5.173744939632201	0	0	0
0.5274036728249456	6.990362588730086	0	0	0
0.1504018515038794	-1.3861704625668665	0	0	0
1.9190220532563984	-26.614751637957944	0	0	0
-5.105260147721594	7.9703176211199676	0	0	0
7.351770211456731	-14.70508882368793	0	0	0
-8.231838492560314	0.9593321667738479	0	0	0
7.885864132475653	-9.86186153697809	0	0	0
-4.557606061548356	7.123484516965291	0	0	0
0.29603637319192444	-6.995329869966142	0	0	0
1.4949413280097659	1.9370288047878432	0	0	0
-1.1239559138838544	-15.619574592856935	0	0	0
-0.24845541210905964	-7.561734047169175	0	0	0
1.8395412456781628	5.877785385105973	0	0	0
-2.7711693591996536	-0.8583846089143705	0	0	0
2.1097596019386273	5.258758212533273	0	0	0
-0.1069717446168923	3.1915531201840253	0	0	0
-1.2373693977145308	5.779137510630733	0	0	0
-0.042922743345251035	-3.011898867202163	0	0	0
2.200291505568593	5.378432432016666	0	0	0
-1.9053962688017805	6.558820084228046	0	0	0
-0.07625304983569237	6.570209454158899	0	0	0
0.48657948242472315	-10.911660461679311	0	0	0
-0.47978356221713625	-4.823494148426384	0	0	0
1.3595907602235613	-0.8422159932182964	0	0	0
-1.3457133019626824	8.464313795425724	0	0	0
-0.2801919053475288	-10.001634367330645	0	0	0
1.637361826336985	-7.682943330844964	0	0	0
-0.21492515485577002	1.991003697972964	0	0	0
-2.782434132537688	-33.965084354597295	0	0	0
4.769522524877445	3.984240066078847	0	0	0
-4.693921057209494	-14.999924373446532	0	0	0
1.8905266657248134	-4.166096868043205	0	0	0
1.1418994712554138	0.6051517372902069	0	0	0
-0.7520237432945578	0.49736565486974627	0	0	0
-4.166927421347523	8.116825798474451	0	0	0
7.636136291584307	-3.106257071703901	0	0	0
-6.475770016727324	10.766390504201276	0	0	0
5.528533318266923	-7.893873068961085	0	0	0
-6.122890487648377	3.128365268701465	0	0	0
4.710680731053436	-2.7463176956658515	0	0	0
-0.8923671526374406	-5.27951820860887	0	0	0
-3.2866924054468143	8.808777461744029	0	0	0
4.404225729263501	-14.100509435738829	0	0	0
-2.067073227860078	14.498316342942417	0	0	0
0.22395672936731614	-2.4545703701741814	0	0	0
-0.9688280096027171	-1.2459392560596427	0	0	0
0.7185147976890747	-9.737020125665104	0	0	0
0.006939505483821051	14.953155963975	0	0	0
1.3274760059840318	0	0	0	0
-3.8672170956929577	0	0	0	0
4.67502421186817	0	0	0	0
-4.105810673422752	0	0	0	0
3.1555884182444487	0	0	0	0
-3.3307693937252196	0	0	0	0
4.677098805628411	0	0	0	0
-4.9825873773553795	0	0	0	0
3.5014892494684844	0	0	0	0
-0.5728006109834993	0	0	0	0
-2.2052765352029695	0	0	0	0
3.698248821766221	0	0	0	0
-2.4545977947907787	0	0	0	0
0.0395166568319425	0	0	0	0
1.1588555984666797	0	0	0	0
-1.5447207279673378	0	0	0	0
1.9298734424604405	0	0	0	0
-2.295006250802622	0	0	0	0
1.919397978188151	0	0	0	0
-0.7834404262627359	0	0	0	0
-0.5882073487945476	0	0	0	0
0.7190894677752055	0	0	0	0
0.8336374227799013	0	0	0	0
-2.8971226476829344	0	0	0	0
3.4005895150462564	0	0	0	0
-1.7019640876894755	0	0	0	0
-1.3447344878126941	0	0	0	0
3.8285587897437097	0	0	0	0
-5.285831320606178	0	0	0	0
4.743804575444727	0	0	0	0
-3.08821800271739	0	0	0	0
1.7119241278902564	0	0	0	0
-1.4161792198234693	0	0	0	0
0.2850980429527965	0	0	0	0
1.0999833598018114	0	0	0	0
-1.0685114532780986	0	0	0	0
0.08559529451227377	0	0	0	0
1.8442884082833757	0	0	0	0
-3.3911390929505387	0	0	0	0
1.4854216475973203	0	0	0	0
2.832399873726416	0	0	0	0
-4.834084139926958	0	0	0	0
3.6840474261211327	0	0	0	0
-3.973081350987478	0	0	0	0
5.72830130051792	0	0	0	0
-4.578462255765928	0	0	0	0
2.2227046997722937	0	0	0	0
-1.586010507476459	0	0	0	0
0.8320152883705205	0	0	0	0
0.653589071686433	0	0	0	0
-1.3434673783822362	0	0	0	0
0.6855451582103385	0	0	0	0
-1.7244229641381494	0	0	0	0
4.1708900633288195	0	0	0	0
-4.334394247896988	0	0	0	0
2.237546765784664	0	0	0	0
-0.467592541967484	0	0	0	0
-1.5075488176065406	0	0	0	0
1.8778080259775933	0	0	0	0
0.6903616142271858	0	0	0	0
-1.677745188361122	0	0	0	0
0.8053666179451469	0	0	0	0
-0.5350137965081316	0	0	0	0
-0.2752599471292996	0	0	0	0
0.9022629027344777	0	0	0	0
-0.6797984861950184	0	0	0	0
0.1330135534978183	0	0	0	0
0.820146938473691	0	0	0	0
0.044116495908269826	0	0	0	0
-2.1046024364089675	0	0	0	0
3.7288657724879215	0	0	0	0
-5.041699204057309	0	0	0	0
4.881603417710117	0	0	0	0
-4.3548912697002535	0	0	0	0
4.333894833947895	0	0	0	0
-3.3584953709185896	0	0	0	0
2.826721360876917	0	0	0	0
-3.2791930631981288	0	0	0	0
2.619413797787594	0	0	0	0
-1.1493986200191841	0	0	0	0
1.195324404991787	0	0	0	0
-2.391198077665692	0	0	0	0
1.8205346522650387	0	0	0	0
0.7646463614752008	0	0	0	0
-2.2759841102251244	0	0	0	0
1.5723952194982473	0	0	0	0
0.09770932709426461	0	0	0	0
-1.0938573140504104	0	0	0	0
2.2801846077469463	0	0	0	0
-1.6605020788634945	0	0	0	0
-2.421816305522661	0	0	0	0
2.9857055039790055	0	0	0	0
2.060371415435988	0	0	0	0
-4.169086005721937	0	0	0	0
2.1547969472340256	0	0	0	0
-1.320238597957271	0	0	0	0
2.4556352331358795	0	0	0	0
-2.67674985960862	0	0	0	0
1.9827059415274633	0	0	0	0
-0.6818732078484118	0	0	0	0
-0.7929400692033823	0	0	0	0
1.4843045609851373	0	0	0	0
-0.7574197678833912	0	0	0	0
-0.4560932635205148	0	0	0	0
0.5918171749895578	0	0	0	0
-1.6453002408491884	0	0	0	0
2.7352091367589253	0	0	0	0
-1.721364274821262	0	0	0	0
0.2464002803707217	0	0	0	0
-1.1925989576547806	0	0	0	0
3.0157205500377557	0	0	0	0
-2.8547618919290585	0	0	0	0
0.8061422963448663	0	0	0	0
0.4127598857981454	0	0	0	0
0.44082250106519183	0	0	0	0
-2.951375607714013	0	0	0	0
3.913925627017413	0	0	0	0
-1.9258089519670847	0	0	0	0
0.04835458595148623	0	0	0	0
-1.7344799226520777	0	0	0	0
3.569004571184877	0	0	0	0
-2.0359515357481683	0	0	0	0
0.43488307518806835	0	0	0	0
0.1816270838574141	0	0	0	0
-0.41496035142615284	0	0	0	0
0.9565198917260176	0	0	0	0
