-0.6915510946059129	5.638393998324716	-10.23620332695775	0.39968020698113094	16846.424317367197
0.23972498374089923	16.05761232186336	-33.450173948768835	2.191496783127505	16844.126154104706
3.2016436872320497	-16.437194565051072	-0.001036085286543198	5.929949083009475	16850.904831616484
-2.6266173362926253	10.488372262820803	4.709150576441274	25.42140997679641	16846.74842998153
2.1510415251525927	13.399296713762581	-5.909610966709536	-27.83623924489858	16838.98202098554
-3.0273174869426	-15.67524759556757	-7.466509303516148	31.19175052099024	16873.56615588051
4.733168046684867	23.055899354197642	-20.418693343907947	-29.39087423614788	16895.706337419448
-4.140339768062525	-14.668778540590985	38.27210328482573	-0.6623241876169175	16859.635916200747
-0.1613197946641236	3.0551694202720725	-25.860966475803266	1.3867379706823186	16898.2011708989
3.379340617367731	9.320327119723643	7.134266478691458	-37.510033453683775	16867.076500794392
-1.6150534937741625	-3.4984507380492573	0.6705845962299861	19.356483261048766	16919.30629433316
-2.020555629297732	2.362988877495418	9.90288350397013	2.917434470488004	16951.61368973013
2.268756603371571	3.721864762883577	9.346562005065621	-9.72613443054658	16860.159344499047
-0.34011566122158143	-1.6158447498230473	-2.270723850835978	-9.833159285630629	16934.552532697162
-0.4223283146872774	-0.13219295200817527	4.25158511944899	2.190103552860691	16884.318495197014
0.5181781733850386	6.25973636282734	-0.22938932570184534	5.401349557095017	16951.15238366782
0.7441831147074538	-7.160347053501546	-0.8139311057798579	-7.947628566710122	16913.064015293785
-3.8902534261888135	2.375622186316221	1.9760591430554513	89.69492653896702	16920.921004277163
5.846322034424546	-1.3141350674715113	2.7251996477370994	17.404789684153954	16842.827875275245
-4.835241527646971	-3.059481388203899	1.1402284985723128	-6.350288938934241	16914.08463290931
4.0655481007812	-3.4804899756645398	-23.849089000782712	18.402822928307316	16320.674121565027
-1.5420601871527069	5.330160775145096	1.6101022514038306	-49.92580179955375	16338.166207432958
-0.7285437847645042	-7.725606012254012	4.002609429249119	15.703659744229853	16281.35887130578
1.4841313506634037	-4.201854117717303	3.9859483918023955	-25.71141381140805	16397.382896766096
-2.3699953643561074	6.147854736309	-8.817485021048796	-83.77123648377214	16522.882122583826
3.939213051551242	4.553431325936735	0.6966446829754886	116.1338972963062	16699.10245900979
-5.052202256694102	-9.724934045476132	-11.196801099252568	-33.86265662238479	16773.21582709675
5.638818576946505	-4.356741250911973	11.862019651215803	14.406900072005016	16744.501779167178
-4.554000244350682	-6.980950133001414	11.530247182914536	49.91154127060926	16918.03683093439
2.6034882441163276	-4.308154964482917	-9.222947747734025	217.75165647042468	16859.445099371464
-1.9446014249594228	1.9924456386021703	26.744018566771146	92.44961717577785	17000.82694696465
1.8902047940575457	3.5077400596229893	-36.5440828850989	8.91985091895853	17052.251654798314
-1.292816284328424	-8.650631346594793	-55.185613781722225	-152.38000311019817	15869.5881650536
0.6318802209251402	-2.950039798541468	60.43269911397957	5.711513400221605	16052.608075316035
-0.562339861507219	9.638279229804319	1.314012244015018	-80.31440131103386	16235.41601482317
1.0287750215186549	3.2954143746875033	-17.326498789289502	29.97818503882226	17091.71463183726
-1.8971070606028348	5.988242723655084	-35.7522842118524	60.6780018518314	17474.045238295614
3.6347291932313723	-4.294629938555396	41.43149504181473	17.950527227185745	17321.70901508639
-5.697597260777428	3.960401663264804	-31.270296757820034	0	0
6.031170731194926	1.7039989086567857	31.54777927698541	0	0
-4.240370197798157	-8.68289327848931	-43.710613453976336	0	0
2.8614821234585293	0.8316321190777671	-8.685783593512866	0	0
-2.2311444551202015	-7.062063760817026	18.826470004112693	0	0
1.4665558028485037	14.978796344699973	11.816700647983197	0	0
-1.1922477127433737	3.429686850615937	-9.92072990976952	0	0
1.1210146276761037	-4.691517888281901	21.967347304290627	0	0
-0.6084468267360066	-0.7417677466284047	-16.863192533552848	0	0
-0.8649591094179527	5.386834497466623	5.702854191336186	0	0
2.707488059725314	0.5043152929041526	-25.76982416575288	0	0
-3.249122922026885	8.576275558385944	-20.40841128014297	0	0
1.689591687926935	-7.800453333588052	29.210744011604078	0	0
0.9007116047645738	13.3827858033427	-3.5552774357324495	0	0
-2.9545152037036146	-4.340654116795967	-6.203757380034077	0	0
3.739532271966354	-1.6810733362048111	-12.27406330266362	0	0
-3.737450143309694	2.982494684161246	23.355809944226323	0	0
2.258031277744422	-0.2900599954310934	-50.400577604194865	0	0
-1.3104407247282381	7.957173297894869	166.489633262226	0	0
1.9037735022686348	6.068357090689403	52.55354070759381	0	0
-2.8907429829727818	-17.838713121613154	18.519432774643803	0	0
3.4449551542546573	4.713152909238218	-24.94024738191817	0	0
-2.1817212606950847	3.83188073327662	6.710941134555867	0	0
0.38689386771628165	13.189581394027584	1.9900597532060118	0	0
0.11587708463702029	-81.71361479992953	-97.15065936416158	0	0
1.313458346484758	26.22062483616275	-50.26432280695715	0	0
-3.757890151959444	-15.06358775657393	54.46483813240556	0	0
5.497781169273651	16.786899754413525	5.048827914805088	0	0
-5.005996714974067	8.297250500314156	-0.6228296658236303	0	0
3.193539513424682	-9.024370512709524	3.719457043638542	0	0
-1.362666637390248	1.787723908477993	-21.651897573578353	0	0
0.8629532258905215	-15.853737303402283	-46.12246662206391	0	0
-0.31789404345713024	-13.437860106601356	0	0	0
0.6908614817601872	-4.958729697792364	0	0	0
-2.307800125421501	14.292125330459825	0	0	0
2.4065626164507847	-7.75943722350344	0	0	0
-1.2924156408083007	-8.105659667867265	0	0	0
0.5461672203409336	16.915261386146682	0	0	0
0.7652235121553304	-2.27949088678389	0	0	0
-3.0079132496081584	6.164580493534281	0	0	0
3.904727579701543	10.104250246398081	0	0	0
-3.719602362396216	10.02737627023427	0	0	0
3.599909501592336	-20.860105050256124	0	0	0
-2.806553679940613	17.443182581795746	0	0	0
0.1936069760095549	-6.503235119927368	0	0	0
2.002903024279071	33.8342606197441	0	0	0
-1.6612836100089723	3.04255396411547	0	0	0
-0.932903225716899	1.4778934203970238	0	0	0
3.5498648332345866	-11.301733366174162	0	0	0
-4.828554611967206	0.7264397243911631	0	0	0
4.66700105767255	4.668885174575614	0	0	0
-3.615502393106162	2.7459558891891405	0	0	0
3.347324228508306	14.278967762763784	0	0	0
-4.088586004681758	-16.07642053843906	0	0	0
5.152010033167137	0.6762726124855476	0	0	0
-5.439113186957762	8.421311961021019	0	0	0
4.209049288743863	-9.360813693428632	0	0	0
-2.2183438268985114	4.200610609460867	0	0	0
1.7853420050033648	-1.9021469128165691	0	0	0
-2.914950550652449	4.356602633800655	0	0	0
2.1331985917623157	-6.183260757662296	0	0	0
0.28150105018021065	13.195121958244705	0	0	0
-1.3810907093037983	-11.856289860589037	0	0	0
0.8773518961695146	3.3623944981173963	0	0	0
-1.5085470789856217	-4.536865525291688	0	0	0
2.053205170444322	7.783233709708703	0	0	0
-2.348569064535205	-10.478923838483382	0	0	0
3.362514393473738	11.929737196482698	0	0	0
-4.004626894481419	-2.2705940743840287	0	0	0
2.817969444780971	10.360608627169334	0	0	0
-2.3043081146909117	-14.326282474353519	0	0	0
2.565278169303177	-9.436922234168513	0	0	0
-2.8770084745993714	25.05047667318614	0	0	0
1.6706134283750842	50.203013424603036	0	0	0
1.3999704457282576	0.7550603290405249	0	0	0
-2.5597235721807223	-14.020076296016022	0	0	0
1.3013432113664223	4.014692440024838	0	0	0
-0.523645012760177	-1.9510950269580505	0	0	0
0.2182964529249034	5.203675135763596	0	0	0
-0.5960610639304633	-14.31610880716483	0	0	0
1.7840450648200559	3.872970489983807	0	0	0
-3.1539895029856453	-3.6659998711233825	0	0	0
9.644575665801618	-9.440786136785178	0	0	0
-19.7894731106336	3.3208799974433063	0	0	0
16.99154121222945	-11.49910090860486	0	0	0
-4.4600756942233275	-39.87845239860055	0	0	0
-1.1231343300360024	3.703568475487323	0	0	0
1.9320839579084748	29.55757672679166	0	0	0
-4.367782811345137	-19.13268044629983	0	0	0
4.523284883394034	1.1603118790345945	0	0	0
-1.8838964078749214	14.975733930928868	0	0	0
-1.3587137932877411	-36.491002022252786	0	0	0
3.830611405957846	44.544989049179094	0	0	0
-3.942514729277306	-28.009428710955987	0	0	0
1.6643923794605016	9.922182012586646	0	0	0
-0.022956154076325674	0	0	0	0
1.183260242664474	0	0	0	0
-1.471581816663651	0	0	0	0
-0.016623040773545483	0	0	0	0
0.5815196072231572	0	0	0	0
-0.7453172162303332	0	0	0	0
3.2117631002341014	0	0	0	0
-5.31484081148956	0	0	0	0
6.065374645703571	0	0	0	0
-3.768936697933846	0	0	0	0
-1.1640192981517288	0	0	0	0
4.043346858242131	0	0	0	0
-3.7209725630484343	0	0	0	0
1.3348333385088722	0	0	0	0
1.6022884079975412	0	0	0	0
-1.5647413937152805	0	0	0	0
0.5647555544153278	0	0	0	0
-1.730732075669657	0	0	0	0
2.6419625233044144	0	0	0	0
-3.129436938699854	0	0	0	0
2.1091208922768274	0	0	0	0
0.4260906253313621	0	0	0	0
-0.2781424138315316	0	0	0	0
0.00941687355887666	0	0	0	0
-1.909473811842112	0	0	0	0
0.3170013677286079	0	0	0	0
2.999524014815684	0	0	0	0
-1.9324895758007372	0	0	0	0
-0.35717814040680196	0	0	0	0
-1.2972195763451282	0	0	0	0
2.522585947901362	0	0	0	0
-0.905773456657073	0	0	0	0
-0.5994121215475232	0	0	0	0
1.0479639585935985	0	0	0	0
-1.669455997627935	0	0	0	0
2.9577734116581595	0	0	0	0
-3.8626235059133407	0	0	0	0
3.3107182305144534	0	0	0	0
-2.304680716222549	0	0	0	0
1.979895660608726	0	0	0	0
-2.4507478825262012	0	0	0	0
2.4356518957200564	0	0	0	0
-3.4572753469728283	0	0	0	0
3.2960518060091175	0	0	0	0
-2.351164519808904	0	0	0	0
2.6550061777756753	0	0	0	0
-2.8235529173751033	0	0	0	0
0.8807342484500822	0	0	0	0
0.9431811196864572	0	0	0	0
-0.848032749202595	0	0	0	0
0.32679681646430225	0	0	0	0
0.3688394301304285	0	0	0	0
-2.7765032084879735	0	0	0	0
3.0032490108212926	0	0	0	0
-0.6492302074134955	0	0	0	0
-0.4497849929028419	0	0	0	0
-1.7030684678245436	0	0	0	0
4.32382764650675	0	0	0	0
-4.742662775031135	0	0	0	0
5.239984511721985	0	0	0	0
-4.581343225582188	0	0	0	0
2.0041247331262113	0	0	0	0
-1.3414621442968624	0	0	0	0
3.444887080322893	0	0	0	0
-4.036501494181529	0	0	0	0
2.384067062583199	0	0	0	0
0.3306128670641897	0	0	0	0
-1.672925950246693	0	0	0	0
2.0408052196220794	0	0	0	0
-3.161814524316547	0	0	0	0
5.604974081754989	0	0	0	0
-6.4894749949517205	0	0	0	0
5.833283292697267	0	0	0	0
-6.702016385566466	0	0	0	0
8.977087053657307	0	0	0	0
-8.938946584851365	0	0	0	0
7.352984252579688	0	0	0	0
-6.2637366855179195	0	0	0	0
3.3620976835894965	0	0	0	0
1.1086187612115168	0	0	0	0
-5.960368259253151	0	0	0	0
7.3915636860215415	0	0	0	0
-1.4032564764477584	0	0	0	0
-8.424046589079381	0	0	0	0
23.91668989520752	0	0	0	0
-40.48516078257367	0	0	0	0
32.06607944564093	0	0	0	0
-10.400970089739474	0	0	0	0
6.010511058718848	0	0	0	0
-7.653931151810468	0	0	0	0
4.6823026881341505	0	0	0	0
-3.4381524183008736	0	0	0	0
4.155316816129464	0	0	0	0
-3.369680381390623	0	0	0	0
0.9180430055703397	0	0	0	0
0.8555859682094535	0	0	0	0
-1.8207867584500121	0	0	0	0
3.252127983874921	0	0	0	0
-3.329394391266966	0	0	0	0
0.8694088296018023	0	0	0	0
1.674135141400697	0	0	0	0
-2.45597278782283	0	0	0	0
0.6715012856354221	0	0	0	0
1.4444944005355822	0	0	0	0
-1.5852683741325393	0	0	0	0
0.05641963021243157	0	0	0	0
1.7120680306914764	0	0	0	0
-0.6208816739927983	0	0	0	0
-7.751666539205289	0	0	0	0
19.89185032497248	0	0	0	0
-17.011347116984986	0	0	0	0
4.338376095542998	0	0	0	0
-1.7558713687467176	0	0	0	0
2.1550006267897004	0	0	0	0
0.015178155230756829	0	0	0	0
1.3610565287870102	0	0	0	0
-1.5406986339482103	0	0	0	0
-2.3427200609339778	0	0	0	0
4.811588091389524	0	0	0	0
-5.77877155760374	0	0	0	0
5.519716673501115	0	0	0	0
-1.6706722240916179	0	0	0	0
-0.7795998946860081	0	0	0	0
0.8297090797019422	0	0	0	0
2.0422567548689017	0	0	0	0
-2.937866426749899	0	0	0	0
