-0.03109401208303808	0.3310152952758756	5.032061439233317	-0.3837573779059369	16660.63232625462
-0.018172909359080336	1.6826466498522663	15.688603410846142	-2.481630202207043	16658.677563889887
0.9918804472842453	1.0701492132648838	-8.985930923761387	-22.802538203921046	16655.96775954886
-0.5045944261292021	-6.811519794152645	21.223454929566117	55.570291105039516	16665.06598199813
1.8313848087092026	-3.174241265904314	-10.473646609304893	-30.815476840265376	16627.44707656507
0.06420448982282778	-1.620809955394904	4.113591977668364	-7.816721603893882	16767.77570677936
-0.4755303147285588	1.6739747814850148	2.2717268634153953	-4.323344472744111	17035.29352937452
0.24034136734620404	4.223481661864	3.1110346324692983	20.013863047609675	17112.662438544136
-0.6722242962192695	-4.661511930018584	-3.528746710449795	2.484181945933301	16932.345629080304
0.8608937561776884	-4.656419073654007	16.52003827940034	3.6694481659324225	16839.760657416096
-0.02864055816823452	9.907327418059452	-13.850722348640659	9.298880321411474	16821.644447395487
-0.7844396462525296	-8.511831817612574	4.003980629561838	10.080783267065868	16789.714401874255
1.667293046641774	2.2062818772016612	-12.315415494900051	-23.589920592056203	16777.9042435666
-3.1004452323324756	2.3871347213958813	14.75861490894033	-8.909537069243683	16824.141094428625
3.648961900570974	-6.805860304585238	4.024492486124288	25.567901910854715	16925.552902937572
-2.3843933237636747	3.325851338524757	2.8589395312597787	-4.255943305238247	16901.46558469764
0.36224495496625053	-5.750146950402744	-1.892702375974622	5.176559153168938	16866.256935905985
0.5721271968528967	1.3300445560036351	5.422400548137247	9.590203179660818	16913.71720418378
0.23392525086916294	-0.5091221435296234	12.690004514099527	-2.3636652265453932	16907.149573010396
-1.2997838234883048	-1.0740144607278665	-8.036968440750286	-2.308739085532679	16956.79044043165
1.5917337233165725	5.1869546311085415	13.345581383981425	-25.279533393128517	16988.193347642205
-0.5327589039702687	-3.746269761352316	-2.392932348098185	18.946421168888634	16962.271421261496
-0.6284559608855318	2.978741689337454	5.257525030191971	5.11692744551857	16899.539729639502
0.22237457987540665	0.8386030840198302	4.267506136130081	-10.811033814260924	16833.51506891596
1.519118181293237	-2.813694178136636	-8.234206995897623	13.462131506912598	16751.38606317113
-1.8993594188453855	5.174005158230422	1.404673249394989	-4.9871613180796714	16634.485843500122
0.4049618749062063	3.899878808448456	8.133528513207182	5.134046540022325	16684.759290246588
0.10529633955476925	-7.937928999298897	-18.814683515788488	-16.9749326809861	16793.24736356729
0.869713322903678	-1.753908329873866	10.478534892636105	1.821637301445378	16943.5185792131
-0.4022416475553925	3.386304711955667	-9.82385957135429	38.19876882223504	17157.630916573373
-0.6807994549395815	0.5309421381643062	-2.204676577794771	-43.478443595517604	17263.418019126137
0.6369025237035117	-1.4241149513498783	-3.6323200395077464	37.85776216607178	17432.35265324759
-0.2587491678547593	4.6837339048533195	7.481250392669224	4.650010247779306	17392.16128872439
-0.1739352151980853	3.1069415544312733	-1.0980703612391665	-9.849796265000407	17219.325193139528
1.1842499198673337	0.05766494736156602	-3.471884818144474	-7.04361498602691	17040.548849361585
-1.0019786612725596	-0.9694028245079167	7.9193988892911165	0.7724490294604323	17005.841436997216
-0.5531758359903165	0.30174946706660677	-0.3233479302972455	8.974413113913315	17048.4018278389
0.7509681559861434	1.410953597106598	-34.29216200569702	6.599001996330244	17042.16819586675
0.7209523639205031	-0.657412923330547	21.74579458858139	0	0
-0.9524281000125683	-1.1765140565197854	-12.841930360504819	0	0
-0.46749919052089695	4.0759276784118015	3.778172519883853	0	0
0.5049410324204899	4.827757973971977	7.5321540163241565	0	0
-0.08641426817691666	-3.1525425366352593	-4.328311128310375	0	0
0.09139859812243145	-5.283947301707329	-10.665681006874934	0	0
0.23944117354717775	5.795978624578339	3.7624791643551134	0	0
-0.11053962238602111	-1.26709221966712	3.7900615915984304	0	0
-1.575147040500795	-3.240499821832927	1.2191754097202931	0	0
2.441902043189998	-2.9231144246073555	-8.523642897839736	0	0
-1.5553852826385821	0.9249072343225038	4.957849500722915	0	0
0.8041956323676658	-3.0855001239516824	1.315330132319545	0	0
-0.7656691672338454	-0.4212833688934623	6.568930906852543	0	0
-0.7608254774408323	0.4036162539790027	5.703166264590408	0	0
1.6919125979420926	-2.7900590386589883	-4.549111176256389	0	0
-0.26456691568547797	1.974269699337313	-1.2691905239507122	0	0
-1.4094674351877075	-0.060904088223168173	0.07131773143258613	0	0
1.597747773579222	-2.974306156065907	-0.4344424607242843	0	0
-1.3916059067097635	-3.130326758679857	3.963343897963526	0	0
1.2251610165311462	1.1724303552724038	-11.474543619796904	0	0
-0.21890595299925053	1.8820448332033592	7.462246562978905	0	0
-0.665257782167032	-1.5182831055954367	7.221985159230172	0	0
0.09500079852517729	-1.4653848478569742	-8.595915301680336	0	0
1.121698975647817	7.0405945812042745	10.887794681038827	0	0
-1.2047955933752306	-3.910931444670048	-5.075808247081966	0	0
0.3358457704200646	4.348052035522663	-0.9442411252088476	0	0
0.6426488024514398	0.6914369482212521	-0.9949323323841242	0	0
-1.377151922446565	-2.765199730855784	-2.0627281189111386	0	0
1.4098807221243703	2.6634079327211566	1.1604296309668172	0	0
-1.483035791804042	-1.3929152166201746	-1.0795547683264886	0	0
1.2825164042837685	3.2969837085017843	2.9619246646573743	0	0
-1.0732285617346164	0.9179721064833686	-0.49239301626781184	0	0
0.2739506585432707	10.032202487443634	0	0	0
0.6067223053971631	7.285293893271387	0	0	0
-0.32400620026248816	-33.59850995245095	0	0	0
-0.2741274244284142	19.23037838295641	0	0	0
0.09745238465976058	-8.136550581257382	0	0	0
-0.5865707828889839	2.8340168640938117	0	0	0
1.5028615828467338	5.866138580904185	0	0	0
-1.117398892004438	-0.6859298090990436	0	0	0
0.11046629141459618	-2.0515256351680264	0	0	0
-1.1913663112305528	-2.590580126611478	0	0	0
2.5890600307606277	-1.0927452947095517	0	0	0
-2.227654347647956	0.5256624263316994	0	0	0
1.284497738668506	-0.8625480227004516	0	0	0
-0.49122087946174986	-0.7785627855733139	0	0	0
-1.283044901290829	-2.396202481418186	0	0	0
2.817469074371054	1.2888716806179943	0	0	0
-2.221870408812194	-1.1491277895388947	0	0	0
0.6749818449170348	-1.3475114411244533	0	0	0
-0.04337371355875774	1.1770608942150247	0	0	0
-0.1808904482326028	-1.9783590010797525	0	0	0
0.7503909434032536	4.895367159916212	0	0	0
0.25684021308253335	-6.811120051431509	0	0	0
-1.4957112182430095	9.02173706742962	0	0	0
1.2660770200472626	-4.025285020797291	0	0	0
-0.5398497370730198	-0.23215660187162968	0	0	0
0.6838126447355606	-1.449209706366993	0	0	0
-0.8178988519612531	-0.18968628095626627	0	0	0
1.2469996866241857	1.1981497300920267	0	0	0
-1.9668185317970739	1.2627282396045914	0	0	0
1.7113644981380673	-5.879328427037173	0	0	0
-0.28130374691782833	4.891270581034277	0	0	0
-1.2528452566159345	-0.30766481657076383	0	0	0
1.5142697668807372	-1.1340840863769444	0	0	0
-1.0228296604368126	-1.307511192166956	0	0	0
1.0635702791600394	4.580900440054023	0	0	0
-1.1508292712595676	0.6249409561111037	0	0	0
1.1493776155469249	-0.622903895900123	0	0	0
-1.6215474161512802	3.373555452394797	0	0	0
1.1843861794844486	-2.1252962295446878	0	0	0
0.5099646848919477	0.6474027792777974	0	0	0
-1.1546253297814175	3.277704652728289	0	0	0
2.281706979079118	-4.587726578622366	0	0	0
-3.4423212183550262	2.383013087297826	0	0	0
2.9477400734423753	-3.75058382778424	0	0	0
-1.0820614849172685	-0.05005515504593916	0	0	0
0.44434314196819713	-6.938597944822874	0	0	0
-0.5637907003777158	3.0191194548002898	0	0	0
0.29698262108207985	-4.045379017767118	0	0	0
0.07602739977727424	-3.9793034470562816	0	0	0
0.40767397552733087	3.5706035865255643	0	0	0
0.5635567006536917	2.7054786593640188	0	0	0
-1.847531735170385	-2.5985058930825744	0	0	0
1.301513517679112	-1.1691086524114738	0	0	0
-0.12266035182233992	-0.35452086964050267	0	0	0
0.37281570035886347	5.122526138326357	0	0	0
-0.7130362737583766	-4.348001459698878	0	0	0
0.26879694070150606	5.682838015238303	0	0	0
0.07115193051534874	2.240438035716089	0	0	0
-0.2657761782735619	-5.0983543855710565	0	0	0
0.5262278252845647	3.951180720658577	0	0	0
-0.633576194170125	-3.137946637332739	0	0	0
-0.08794658900148278	4.949221946853406	0	0	0
0.04170375566214091	-5.979359812855236	0	0	0
1.106390477246677	0	0	0	0
-1.626074525221199	0	0	0	0
0.9042074233521333	0	0	0	0
-0.9821380028947786	0	0	0	0
1.9706829952211322	0	0	0	0
-0.705315881862667	0	0	0	0
-2.151459573211419	0	0	0	0
5.342348173745705	0	0	0	0
-8.366453822767063	0	0	0	0
5.967093436358553	0	0	0	0
1.3084816392671144	0	0	0	0
-3.7795515926516643	0	0	0	0
1.012511231956367	0	0	0	0
0.3304666418597222	0	0	0	0
0.5237607018168475	0	0	0	0
-1.0876605755648825	0	0	0	0
0.15197509570752743	0	0	0	0
0.7399513682821919	0	0	0	0
-1.2552832619608694	0	0	0	0
1.5432591398511022	0	0	0	0
-1.535795033842021	0	0	0	0
0.7050099643599452	0	0	0	0
-0.803803432292213	0	0	0	0
1.8482066217910287	0	0	0	0
-1.0129945250307415	0	0	0	0
0.19345015971350676	0	0	0	0
-0.538099234701015	0	0	0	0
0.589443016900546	0	0	0	0
-0.016940642922698146	0	0	0	0
0.43165170276717646	0	0	0	0
-0.5876740792607293	0	0	0	0
-0.18409411228542183	0	0	0	0
0.15111640529420356	0	0	0	0
0.375176210721321	0	0	0	0
0.1878695332760998	0	0	0	0
-0.7632643635705847	0	0	0	0
-0.3776750167324323	0	0	0	0
1.6354552008887282	0	0	0	0
-1.1193757583704596	0	0	0	0
0.6433468799350521	0	0	0	0
-0.6010574517764198	0	0	0	0
0.2935277592087857	0	0	0	0
-0.19227937166035503	0	0	0	0
0.43109249421053164	0	0	0	0
-0.27764235701849316	0	0	0	0
0.25128400383940175	0	0	0	0
-0.5635653540263164	0	0	0	0
0.14198367174991944	0	0	0	0
1.0821810503483675	0	0	0	0
-0.8641827516866556	0	0	0	0
-0.3117314480405682	0	0	0	0
0.44726640335157697	0	0	0	0
0.42381735797835773	0	0	0	0
-0.5140688785169658	0	0	0	0
-0.3805449387779518	0	0	0	0
0.531776630938829	0	0	0	0
0.1391753735599508	0	0	0	0
-0.02236188254060778	0	0	0	0
-0.39219604709109745	0	0	0	0
0.073540644937367	0	0	0	0
-0.5426373370897295	0	0	0	0
1.4032341902417755	0	0	0	0
-1.5802283891856987	0	0	0	0
0.8850114075182702	0	0	0	0
0.02735471465364725	0	0	0	0
-0.7179959561583402	0	0	0	0
0.3977013719421336	0	0	0	0
0.44127946374646854	0	0	0	0
-0.8720230540521996	0	0	0	0
0.11891690322853776	0	0	0	0
0.4142391573663886	0	0	0	0
-0.6701926934848998	0	0	0	0
0.5799614292923749	0	0	0	0
-0.3755330577849705	0	0	0	0
-0.3887354585141978	0	0	0	0
0.7224553802711924	0	0	0	0
0.2504694011848869	0	0	0	0
-1.3899533065420115	0	0	0	0
1.213946366096252	0	0	0	0
-0.6834820282682941	0	0	0	0
0.3509103719975144	0	0	0	0
0.46669397002680313	0	0	0	0
-0.5327899379487349	0	0	0	0
-0.21609756502191857	0	0	0	0
-0.30087639524361265	0	0	0	0
2.013805044400378	0	0	0	0
-2.8871563077711855	0	0	0	0
2.182738376053422	0	0	0	0
-1.3682700198597786	0	0	0	0
0.9582237831672415	0	0	0	0
0.02172126580858702	0	0	0	0
-0.9361387747519885	0	0	0	0
0.7258053147032442	0	0	0	0
-0.6623646873314613	0	0	0	0
0.4224808635874666	0	0	0	0
-0.0676785256660466	0	0	0	0
0.4454475572797847	0	0	0	0
-0.9729947503005434	0	0	0	0
0.28252339765793266	0	0	0	0
0.35154553353189755	0	0	0	0
0.26391286448611595	0	0	0	0
-1.2334029221818241	0	0	0	0
1.057415584198587	0	0	0	0
-0.474748481076837	0	0	0	0
1.200552157265399	0	0	0	0
-1.1467060392808435	0	0	0	0
0.3435937418480961	0	0	0	0
-0.3115954207578824	0	0	0	0
0.10199732492103664	0	0	0	0
0.8120202356703317	0	0	0	0
-0.6334745818709067	0	0	0	0
-0.902344212207197	0	0	0	0
1.144160390674287	0	0	0	0
-0.5274566984684341	0	0	0	0
0.25256312928048175	0	0	0	0
-0.8580304099405609	0	0	0	0
0.9321663029337515	0	0	0	0
-0.3802422882922514	0	0	0	0
-0.20267040772460376	0	0	0	0
1.5073111144301663	0	0	0	0
-2.830287871784158	0	0	0	0
1.9372719243888596	0	0	0	0
-0.08960292296661265	0	0	0	0
-0.09180861078063884	0	0	0	0
-0.41538755496219437	0	0	0	0
-0.6092796632835089	0	0	0	0
