-0.08650645258660461	0.6780108053796425	-0.7831552144739504	0.006762248872334453	16868.148540914855
0.015507337207374405	2.026141979706928	-2.5499773008354083	0.0638194467435369	16867.730304206518
0.770346201731364	-1.2755938327617216	-0.29291478112999414	-0.17141330271942934	16868.48989921871
-0.6414891865352246	0.10063408659873119	0.9508803201257479	8.421787179176206	16868.427861615317
0.21845026578672133	-2.066664901834308	0.02046672541634109	0.18215594129871704	16865.363623978028
0.5025267544197405	5.6903133531556875	1.723744168534779	1.276056878019176	16876.92077295171
-1.5049436318436804	-7.927710131916122	0.6820912795786711	-2.126866320225517	16850.80821184533
1.7152629970391118	4.108242325507064	-4.627763069631314	4.831201304225303	16848.500158942647
-0.14908825163850992	-1.1189500362000402	0.9274480315755085	-2.0531220902288823	16846.445805552255
-1.4747333768251778	-1.8742208705217749	2.9694115411068225	4.884143980213764	16846.11488522947
1.4063317992568187	-5.58666780949013	1.5282497046827785	2.7608946286254223	16888.76389850318
-0.7272375854161481	-2.0245415443507895	-3.073531767763427	-4.060948335288799	16936.265347368742
1.4378876178608593	0.268051206593789	-3.0020146286086913	-2.8039153087357107	16949.411400677163
-2.342493374261302	0.47445323589467137	-3.8754955887052063	-0.46532355476652754	17002.157314200802
2.50079203507444	3.5605260144569826	-4.006184330694097	-0.39199626660885656	17061.59603323831
-1.9399638558866457	0.6703136197230464	-4.324518040143872	8.44957156235239	17109.22953712833
1.4270462464760953	-5.587727887762817	1.7690338216351904	1.8835666526118757	17141.003721961148
-0.9425198549780873	6.506656094039336	-1.7353570834221301	7.2141663792160955	17163.39926346162
0.8742524925348718	1.5517842911276531	5.893603392144769	-3.267204075348644	17173.082762605452
-0.9424678791620451	-0.3373716445137376	-1.642366494577871	-3.3574836638035777	17116.99176719966
0.5467266406062024	-0.7252444497617034	-1.6080468562782784	-1.1989767748995064	17094.765481903654
0.03645512132910511	-2.621180732387799	0.550434225589143	-1.2617644160451675	17065.87707131778
-0.8288189166417652	-6.067081203002175	-1.2616101779482989	-1.8247707371182997	17005.898467464573
1.7583344297054921	2.3673728400693292	-2.0011818276912976	-5.711464789700528	16971.465272337948
-2.5507788392898476	2.363744676512745	2.7516284475324397	2.301329298660008	16954.17286766862
2.3654412181832996	6.971959025155044	9.328184885189813	-0.38576764483001114	16939.09905039395
-1.4578772262124957	3.0191020826423127	3.201529310201323	-2.8355336088972507	16906.04194117986
0.1068399134440341	1.9420389839105354	-0.7145595310618518	3.646946249950375	16893.792258862166
0.8762276894902854	-3.736256821545382	2.0621070458936117	-9.63110287418148	16876.034029783485
-0.3750641870139688	-3.211494113918093	-9.407039501578225	16.82375118656587	16904.678429664455
-1.235443160818427	-1.0441953384756246	-6.463276201831874	30.72398326485954	16949.502470419953
2.7775290487644213	-5.663989861802293	3.988085431744196	-23.634956191170033	17012.97516258584
-3.2905463853681596	-4.8572138769268705	3.840016201567394	29.448337169791785	16994.802273429632
2.339547856883712	4.4034416590861625	0.2620568495950266	-7.681586679508612	17092.313791147953
-1.5375389764406648	-4.032428259607599	-2.0703153403736962	7.744118995393563	17249.64510694698
1.3452894609708466	-0.9791892771156583	4.23141094701451	-4.6130723571949375	17267.957705602148
-0.9845356342319889	1.4903546465928486	-5.077175603342923	-1.6561111493108456	17368.09172239195
0.7190405135168163	-5.679901974700222	-2.156953893594192	-2.5490295962559912	17426.533289847663
-0.4896521507919118	3.007905460792472	7.640963766487133	0	0
0.3839354822123795	1.4756920894964836	-4.5063276939952885	0	0
-0.19336493605962346	0.6808053857447405	1.4419282125010966	0	0
0.133062899932888	-2.1219634002811247	0.5976822987272925	0	0
-0.18476015503576804	4.845717273496675	5.639568131126751	0	0
0.15445201195528568	5.298820197379484	-6.101939095004724	0	0
0.05224443244346588	2.7022370798133437	-2.4606056837732098	0	0
-0.8531819997229633	0.3915049189736379	3.6692804827549566	0	0
1.3058066024325683	1.0917108350908933	-3.334146319723658	0	0
-1.5247633602346369	-0.36880353625237206	1.136090259312624	0	0
2.4133511368801592	3.5648673915074625	-0.5853533554297172	0	0
-4.083655227976102	-3.2670218827097557	-7.644060783487859	0	0
4.903788117607419	0.5656694565973908	1.897252546112668	0	0
-4.502283312843289	3.0580733518687566	-0.6484300672063625	0	0
3.6428564128732788	-3.716588728477987	2.335332238873974	0	0
-3.2306635608014034	1.8986669921281987	1.650954280709854	0	0
3.1455083172200844	4.777163709181821	-5.874379335790607	0	0
-1.8809791362068964	1.2229579526850927	3.3339648785607636	0	0
0.23269506598216338	5.4305188758222585	-34.32859817384683	0	0
0.9719628153215254	5.028805630316057	17.855126865827344	0	0
-1.642351743569563	7.4689098348085	-3.4097419122892063	0	0
1.9757893973630303	2.0150011283957667	-4.322449960588514	0	0
-1.910025046621719	-5.653938245064566	9.184815123770264	0	0
1.5141479283363495	4.062282072831422	1.0121466486561985	0	0
-0.7107918163470046	4.162963579261913	-7.173598679935537	0	0
-0.43166652296476116	4.599818852813499	1.8826631674681522	0	0
2.514814942566886	0.9122580653521055	5.061207127005147	0	0
-4.016271478584919	-1.4633309787339925	-0.23657888398268767	0	0
4.146545419424065	-4.907602073688096	-2.1260802385779556	0	0
-3.45035753144834	-0.6266453191708763	1.8476534516962175	0	0
3.0055516295613884	2.489038540210032	-2.5906450298776065	0	0
-2.2506958340268	-0.8261569927866717	-2.4331590865271977	0	0
2.0727018485399142	3.388624421391768	0	0	0
-1.6729071444058903	0.49569865717183603	0	0	0
0.4222713365646129	6.470533861496577	0	0	0
0.892131646541003	1.8365537228603017	0	0	0
-1.3658330652197463	4.606362526045608	0	0	0
1.031132708997518	-0.6072666833420612	0	0	0
-0.09100910461462774	4.993618845287827	0	0	0
-0.5822653743386894	4.044175902893663	0	0	0
1.4915022327898555	-0.8572870383900195	0	0	0
-2.124469037598132	6.557684287346511	0	0	0
1.7416693970621466	1.1985633064602155	0	0	0
-1.0752782693197673	-1.7433921101549075	0	0	0
0.8545425476148907	-3.6293343167982783	0	0	0
-0.6262731257858647	-4.6070553418936555	0	0	0
0.49300408654060135	0.32441809271601585	0	0	0
-0.9505999925169988	2.6691510852390294	0	0	0
1.1745197330507366	-1.6673059303022768	0	0	0
-0.459988982019091	0.6089788543227712	0	0	0
-0.968439211046082	-3.213812649648766	0	0	0
1.9168453834633326	1.3052364623863895	0	0	0
-2.1200488098750085	-4.428805902873435	0	0	0
1.2338217832412965	1.7947804153477662	0	0	0
-0.05148355405840732	-10.350118654916933	0	0	0
-0.13802356840637486	0.5406224280362792	0	0	0
-0.029885865788038757	-2.577078515632394	0	0	0
-0.5858047391819525	-1.3998295370651448	0	0	0
0.8659938068741866	-6.290542136391792	0	0	0
0.4735433450088351	-4.095772272712715	0	0	0
-1.935582921035632	-0.7754403491196982	0	0	0
1.776392682603003	-2.04216787826806	0	0	0
-0.42419835846616394	1.9150842888065611	0	0	0
-0.5622373424243676	-4.852295511476775	0	0	0
0.5458595422903798	-0.08596288784561068	0	0	0
0.06537173580368716	-1.942274763907136	0	0	0
-0.8546958492320584	2.9814087730399024	0	0	0
0.8675463226697104	3.1602251982454703	0	0	0
0.12678096444815878	-2.15404637515104	0	0	0
-1.0279306466154168	-0.15220476985535214	0	0	0
1.5371781167433625	2.689495242476717	0	0	0
-1.538662407741434	14.894280893170176	0	0	0
1.969958491954678	3.1396315166197795	0	0	0
-1.4873475372477145	-3.8155558668712573	0	0	0
0.5600605073637297	1.2286636128224515	0	0	0
-1.0686460560727866	4.389770465596811	0	0	0
2.7176925294639673	6.014862167722775	0	0	0
-3.6948953212760003	11.752927070327992	0	0	0
4.562165115689879	4.292515024586393	0	0	0
-4.433787073564645	-4.208045964927919	0	0	0
2.7094514344103047	3.7619895787987048	0	0	0
-0.19135885325657398	0.44159425419951503	0	0	0
-1.0058980735740022	-5.2294923756958696	0	0	0
1.4278473410528605	3.1962496017628013	0	0	0
-1.2671182503128264	-2.6277286656531516	0	0	0
0.2727437431528088	-0.21193128908576853	0	0	0
1.3194082917858623	6.719433722286524	0	0	0
-2.140910408067981	-1.8388135644559895	0	0	0
2.2121962621793188	3.1673143897884586	0	0	0
-2.0225204520695925	7.933155816703561	0	0	0
1.5737047681802494	-0.6712624378689611	0	0	0
-1.150694925929983	0.10274775940803238	0	0	0
0.5792626337299325	-0.07057608307326291	0	0	0
0.2022536048481527	-1.8696153042051549	0	0	0
-0.7792749795789007	-8.49564157320647	0	0	0
1.1284135151847536	0	0	0	0
-0.27518311493283676	0	0	0	0
-1.0320110812319	0	0	0	0
1.2141245397267042	0	0	0	0
-0.7129888196038721	0	0	0	0
0.06594705027910663	0	0	0	0
0.5589373247373359	0	0	0	0
-1.0551985778499215	0	0	0	0
0.34722061189558673	0	0	0	0
1.0909823340355729	0	0	0	0
-1.8684432475958772	0	0	0	0
2.089444408063592	0	0	0	0
-1.9826005517958407	0	0	0	0
1.766600067773581	0	0	0	0
-1.9464800349696603	0	0	0	0
1.4146220420512847	0	0	0	0
-0.23502204527470383	0	0	0	0
-0.5541890773267752	0	0	0	0
0.6593731280602952	0	0	0	0
0.093671300129607	0	0	0	0
-1.0445833355317973	0	0	0	0
1.2547369032375286	0	0	0	0
-1.327258955167764	0	0	0	0
1.603530925316285	0	0	0	0
-1.6347464793316817	0	0	0	0
1.6784218765205736	0	0	0	0
-1.8362645117796887	0	0	0	0
1.4806908726671821	0	0	0	0
-0.447477729157292	0	0	0	0
-0.79236938711054	0	0	0	0
1.393501868626636	0	0	0	0
-1.6842800718780495	0	0	0	0
1.6645607418834345	0	0	0	0
-1.4836812220087126	0	0	0	0
1.6199047824013277	0	0	0	0
-1.676859821591428	0	0	0	0
0.9125329762345444	0	0	0	0
0.0403545577204838	0	0	0	0
-0.6323978720884043	0	0	0	0
1.4853001039834197	0	0	0	0
-2.4690484195656737	0	0	0	0
2.2483764919109106	0	0	0	0
-1.6410942787427771	0	0	0	0
1.29009595317914	0	0	0	0
-0.5321721833003323	0	0	0	0
-0.6522043520881056	0	0	0	0
1.4393175492703776	0	0	0	0
-0.6692633040340752	0	0	0	0
-0.3529157786769588	0	0	0	0
0.48343689278165414	0	0	0	0
-0.1900791980264671	0	0	0	0
0.6307051664073882	0	0	0	0
-1.3020712663322769	0	0	0	0
1.6460081550181016	0	0	0	0
-1.4850938678328376	0	0	0	0
1.3420817581587556	0	0	0	0
-1.6903046242394524	0	0	0	0
1.5912534290837854	0	0	0	0
-0.5485707840886249	0	0	0	0
-0.9257874024506592	0	0	0	0
0.9338718706988516	0	0	0	0
-0.09818549167167134	0	0	0	0
-0.7426227256547335	0	0	0	0
0.49658513403221605	0	0	0	0
-0.0712824975986166	0	0	0	0
-0.3468918636060394	0	0	0	0
0.8339635285289546	0	0	0	0
-1.3144078844447762	0	0	0	0
1.7274155727746887	0	0	0	0
-1.7097624374987248	0	0	0	0
1.0654575558189237	0	0	0	0
-0.5994654785183897	0	0	0	0
0.6480427124401871	0	0	0	0
-0.6817347116119379	0	0	0	0
0.2312704178649838	0	0	0	0
0.8407589408878238	0	0	0	0
-1.3670748679813798	0	0	0	0
1.4977987263008004	0	0	0	0
-0.93797006430691	0	0	0	0
0.01777618526205771	0	0	0	0
0.8731321059100736	0	0	0	0
-1.842569584993953	0	0	0	0
3.1028931967838034	0	0	0	0
-3.6185703909417484	0	0	0	0
0.8825970975085511	0	0	0	0
1.9877265329247393	0	0	0	0
-1.8684374542367337	0	0	0	0
0.3355981614015775	0	0	0	0
0.6142901500047415	0	0	0	0
-0.8425434458964816	0	0	0	0
0.31819265499935767	0	0	0	0
0.4966118993425326	0	0	0	0
-1.1622744827754445	0	0	0	0
1.3916418965612607	0	0	0	0
-1.280276369288508	0	0	0	0
1.619896699167235	0	0	0	0
-2.138642192123605	0	0	0	0
1.9484915560539093	0	0	0	0
-1.0242428626730558	0	0	0	0
-0.24084173913678342	0	0	0	0
1.0404106316470703	0	0	0	0
-0.8210773710136934	0	0	0	0
-0.6905223977310655	0	0	0	0
1.9773064136422178	0	0	0	0
-0.9661149059236678	0	0	0	0
-1.012917506188046	0	0	0	0
2.4453793144951916	0	0	0	0
-2.529875292366306	0	0	0	0
1.454593730623884	0	0	0	0
-0.867248828515848	0	0	0	0
1.1148765667921623	0	0	0	0
-1.5467547990297348	0	0	0	0
1.4399544355377643	0	0	0	0
0.14432943158537626	0	0	0	0
-1.2074527846291687	0	0	0	0
0.867214399158847	0	0	0	0
0.5776256082209841	0	0	0	0
-1.6604210625948568	0	0	0	0
1.533857775995486	0	0	0	0
0.06240229224727045	0	0	0	0
-1.7324556725601852	0	0	0	0
2.078979824120431	0	0	0	0
-0.38907132829348257	0	0	0	0
0.1309086061307525	0	0	0	0
-0.46016285438225424	0	0	0	0
-1.0329424608677726	0	0	0	0
