0.3228657315035761	-2.2134651917169634	7.138306621094898	-0.45059156105716625	16951.740293828578
-0.14170680419746162	-5.828265939685899	22.96151002499616	-2.083344155813421	16953.061272844476
-0.812696899184381	8.72057164348692	-1.732118575494212	-5.149213572405841	16948.33142207704
-0.15521943537169847	-10.15904673774699	-3.6042347347981405	19.362217139875455	16953.143853404945
-0.06552019735849512	3.6486757214246452	-3.286211104176047	-2.3788397471952436	16945.296347595373
1.5713870422704588	-1.3925316326727355	1.9770377981679133	-28.576369480611277	16973.171602984992
-1.6731478708157468	3.2384494641965986	7.67149960286298	17.849987794130513	16965.226089410804
0.8438430249465796	-11.78136709672274	-8.384284915408571	-0.1647097587191979	16940.44555868165
-1.4562252618452476	5.1643133865405915	2.5125111250464016	-17.474401129767088	16935.400918312578
1.918220172059435	1.4260773456896345	4.275892838948025	4.013581890016155	16907.698020336855
-0.8107536176569567	-3.9618244018981628	-6.879359844097024	7.2431962044521185	16904.232106871816
0.38061432122719907	2.3310026830661243	-2.0202763712962195	-4.522226937196777	16877.416438041408
-1.8910879178614124	-3.4372067653015463	14.556742206770451	25.854442274554984	16854.651109432747
3.8943427373192705	0.08256729882981517	-13.285162257710653	-17.673325450171745	16862.646821893984
-3.99225102677633	-3.3638657910915697	-17.554234088767146	23.980196428548282	16836.398642470704
3.1969236103447543	-0.816330193010316	-5.061286732080333	-1.8043144570083314	16874.993810281678
-2.5633136699169086	-1.1839887118541625	0.7439220880447408	3.2829030618091366	16868.416483911587
2.2864472107566414	-0.9486699737068918	12.786841262552159	-8.0863767566822	16882.41677001012
-2.6388098219335845	10.062267117929792	3.733413910062424	10.533431519841571	16867.438851465227
3.22991514745614	-6.403268575236034	-9.82271372371477	-7.99160661819991	16875.62950801872
-2.3209270478078423	1.2698676196335512	-5.397905060464538	13.39326294462326	16888.889387564497
0.738181761763478	0.5735356516233523	18.488253884526173	31.907270641825846	16849.13104463895
-0.279662243532691	-1.6731497940580127	-2.901727026390276	-26.67306225877141	16821.11981711138
0.782378294197521	-1.613268704315871	-14.952767831646739	-4.258522165758578	16877.055675588028
-0.3571573486695172	-0.258326412125669	-4.990405069185982	-10.389016152381743	16877.185695232718
0.06317233894964147	-11.057777123154068	0.919065348275268	-5.284431785075185	16839.82543528836
-0.6345928589092082	12.444495610181285	-3.699447392018257	-0.0797268627760701	16876.76085932165
0.7798786234798101	-0.3406009664861074	-1.2605957737033435	-15.372293964049064	16856.02608116781
-0.31898909763668115	3.061928874982911	-14.850498713838661	-6.207823242396941	16838.24669389175
0.432914496718098	-6.429468219922022	-0.42992998916990643	-1.979783440875181	16894.277226344773
-0.8863239716962568	3.318231160063256	4.029136201985267	-23.488278415179707	16923.34156443674
1.3066766270034975	5.015458835316636	-6.911107126597912	-9.363726784052659	16936.989251896444
-2.53440347884235	-12.370295133946087	-8.390088346559054	-16.956936308364916	16798.702835748536
3.557532915065913	-1.2087352471897788	-4.254990200872911	11.227853106847775	16751.658617569807
-2.14027054500081	-1.3044986798586464	7.514031941912009	13.237440616820649	16807.176104265178
0.05283934688591074	-6.1618876854117275	-7.479022434569941	-5.489361079635856	16822.531330292506
-0.03391261987340499	2.3207525300637855	2.5677454507992508	-15.381726249256829	16881.78786186238
0.8482839371552657	-3.899134903595872	0.08052163021297076	-0.8464996958919357	16950.31359664371
-0.8634870759360211	-1.506068557984534	-4.007785204298045	0	0
0.6572745836901035	2.6582039803152426	-2.05005574137337	0	0
-0.8732583315441147	7.679958826715939	2.9136392263513926	0	0
0.8364088849027738	-7.020369372994921	-25.909031911455074	0	0
-0.6702532332915894	17.216973998009045	-0.9556495686884716	0	0
0.5802567523900919	-7.9615741074164035	1.1994952662372356	0	0
-0.28230982739796673	1.9593835050134842	3.9685213906827386	0	0
-0.526844905107609	-0.09156378078817085	6.832288931864483	0	0
1.4800549280632112	-3.4548809974074643	-4.384391606987833	0	0
0.10069053920494042	-4.575830253013535	3.5154709972995306	0	0
-3.2166175283415086	3.0655101578740585	-4.102088425256909	0	0
4.072250672302594	-9.374503776780983	8.217855949338613	0	0
-2.4333845102084695	6.968910006986036	5.215193935311007	0	0
0.9872984288275646	-10.950709841288585	-9.06119947865875	0	0
-0.11393434579294137	1.0262405011465816	4.636322524356629	0	0
-1.235964609262119	2.5072992052307512	5.545709757965454	0	0
2.5410424846833806	-5.168768392036192	2.5922348120355423	0	0
-2.7714599785394114	4.619194396263751	-20.31400446764843	0	0
1.7375091999668513	-5.280732264144895	-10.59997855259219	0	0
0.2085320684629579	4.7766664023718235	9.501872983325171	0	0
-1.1070261662973238	-4.928758621431335	1.6554194704822578	0	0
-0.32258557948539845	0.9810230333875438	-4.645769282060726	0	0
2.491866844732975	0.4928872586362445	-0.7572220277984201	0	0
-2.9648567229470117	-6.572932974882136	-6.08752019442062	0	0
1.475922401777133	5.302291948612755	-8.807431963572029	0	0
-0.2518126985642155	-3.2808332330385923	3.0224313066898674	0	0
-0.6257252076926392	8.484527303590717	2.4163925181590855	0	0
1.0074230828441486	6.91323652972121	11.434447032911464	0	0
0.027481965177379664	2.3581646395615294	-7.189867394977924	0	0
-0.3981662407240947	0.614476141190984	5.0416548296005885	0	0
-0.4473731933262144	1.0158217892613663	-13.972345831631245	0	0
0.8077101896785948	3.261796975915061	1.9419444479439534	0	0
-0.35659342885913503	0.1408794847362671	0	0	0
0.9805785788626693	-2.9770384260582716	0	0	0
-1.8069570524257514	0.6072892364482172	0	0	0
1.8635674181865838	-1.8221896428772268	0	0	0
-2.4465291334230628	-5.444412987742005	0	0	0
3.8304440909350177	7.499925104489222	0	0	0
-3.6455501789945686	-4.746803224783491	0	0	0
3.529297165270549	-5.784200437949764	0	0	0
-2.7132378701699267	1.793120139813908	0	0	0
0.8840146284653301	-4.832909125181956	0	0	0
-0.3141381463664814	3.9395505577812315	0	0	0
1.0942736949654446	-0.947769008052866	0	0	0
0.23034183785349427	-3.086128103749914	0	0	0
-2.6808152201571147	-0.20557873042735508	0	0	0
1.8818152240778545	-2.087569928150181	0	0	0
0.7121423595128462	4.605049877658068	0	0	0
-1.857087246782342	1.043492450032815	0	0	0
2.027712866259911	2.798566711483467	0	0	0
-2.1812231715931105	-12.459312130412812	0	0	0
1.180761418089162	0.5133847436127255	0	0	0
0.5225613468518233	2.729183479005812	0	0	0
-0.3914909764666987	-3.2266795878262897	0	0	0
-0.7016952213671246	-6.640535515920369	0	0	0
-0.011474400106529004	2.942566336579631	0	0	0
2.2645536212729027	-0.25377649168210326	0	0	0
-2.706843483202988	-1.637971541189387	0	0	0
0.765776383710282	-3.651903966690668	0	0	0
0.5189792125644388	3.302784257890913	0	0	0
-0.27861504212427235	-0.9098323920138824	0	0	0
0.04257085875808997	5.5576887864872475	0	0	0
-0.5071486598568953	10.403484036522173	0	0	0
1.9951414134903303	-4.989978165382823	0	0	0
-2.9880552314055606	9.487984664712705	0	0	0
2.9391264296656274	2.6833317875025813	0	0	0
-1.7924170701836317	14.193987887310108	0	0	0
0.5023775088532645	-2.545253522796692	0	0	0
-0.8457759223548393	19.756762083734294	0	0	0
2.1766126997184756	5.252082873393576	0	0	0
-2.084020193864397	-2.793166231835741	0	0	0
0.9736763305923049	-8.30779367288173	0	0	0
-0.4890812787353056	7.203656957492548	0	0	0
0.2763609352325318	-2.7310484388202525	0	0	0
-0.027989701541500267	-17.895248972240303	0	0	0
-0.10826221244592205	14.366084892025505	0	0	0
0.3799161150309729	5.339017805851434	0	0	0
-0.6125312989973466	-0.49235757829534776	0	0	0
0.4086897565444332	1.012075781112749	0	0	0
-1.2324808534624552	-12.620960665250593	0	0	0
2.748473872205466	3.3244664497192673	0	0	0
-2.736946645666322	-4.772174781293394	0	0	0
1.131438369430704	4.5683789639614005	0	0	0
-1.3679702779349796	-0.6461322189107932	0	0	0
2.8784752419290953	-0.1303900185936584	0	0	0
-2.569574342358287	-0.4730410273697814	0	0	0
0.9560878694941692	6.558343939612712	0	0	0
-0.32041290008164225	0.2513315523696491	0	0	0
0.08973252682615396	3.2515582762342774	0	0	0
0.12904419510351772	-3.426064141836825	0	0	0
0.5603759937720199	2.2755735679436526	0	0	0
-0.6442515103901982	-9.106806531880437	0	0	0
-0.2267725637132827	10.581031907290075	0	0	0
0.3968915167467699	-4.0363341677483575	0	0	0
0.100473644100596	3.650044734156481	0	0	0
-0.22218810546572598	0	0	0	0
0.09589289008764723	0	0	0	0
-0.2984093618478312	0	0	0	0
0.10938314719737718	0	0	0	0
0.6632607112259521	0	0	0	0
-0.6791831193587399	0	0	0	0
0.6099161757523106	0	0	0	0
-0.5652085957106934	0	0	0	0
0.9077491787597296	0	0	0	0
-0.039859886278144074	0	0	0	0
-0.7119851434631173	0	0	0	0
0.38628710664995936	0	0	0	0
-0.2444055469758979	0	0	0	0
-0.5069108119334444	0	0	0	0
1.5666771756378708	0	0	0	0
-1.3893875482618867	0	0	0	0
-0.5976321657342396	0	0	0	0
1.450896416620722	0	0	0	0
-0.16045854348041644	0	0	0	0
-1.1421080002970996	0	0	0	0
1.0005822589695512	0	0	0	0
-0.5823719641995666	0	0	0	0
0.17441127195966288	0	0	0	0
-0.2908215299974799	0	0	0	0
0.10167497552914284	0	0	0	0
0.7868315533661772	0	0	0	0
-0.7770068215757888	0	0	0	0
0.5138163324577718	0	0	0	0
-1.0455230490623535	0	0	0	0
1.7891213951455711	0	0	0	0
-1.6889630885230105	0	0	0	0
1.195331650673694	0	0	0	0
-0.47726484366818767	0	0	0	0
0.23307585289692412	0	0	0	0
-0.5065214911563842	0	0	0	0
0.32148820582742843	0	0	0	0
0.379647139154649	0	0	0	0
-1.0240667663347764	0	0	0	0
1.226498346742666	0	0	0	0
-0.343413301949802	0	0	0	0
-0.6207343172453861	0	0	0	0
-0.3399377959007168	0	0	0	0
2.5419316373636605	0	0	0	0
-3.806517298004259	0	0	0	0
3.7361585935220845	0	0	0	0
-3.3730088593371264	0	0	0	0
3.1427005552877745	0	0	0	0
-2.4730453876285026	0	0	0	0
2.4775513184317006	0	0	0	0
-3.668572040832963	0	0	0	0
4.365939341396675	0	0	0	0
-3.72065028010757	0	0	0	0
3.1302455202360235	0	0	0	0
-2.9914396852218488	0	0	0	0
2.8106076849221395	0	0	0	0
-2.654112544139018	0	0	0	0
3.8599185694109934	0	0	0	0
-5.1280932681227185	0	0	0	0
4.786835901222169	0	0	0	0
-3.769414429017985	0	0	0	0
3.1725162960102296	0	0	0	0
-2.5096677419707305	0	0	0	0
2.021507770490686	0	0	0	0
-2.492019743765397	0	0	0	0
1.3977640383170709	0	0	0	0
1.1078702257262876	0	0	0	0
-2.0966548262123226	0	0	0	0
0.9070325330914173	0	0	0	0
0.29340929509294256	0	0	0	0
-1.2310783818325675	0	0	0	0
2.0970652323648338	0	0	0	0
-3.391302314985346	0	0	0	0
3.934935894566955	0	0	0	0
-3.6722130093778063	0	0	0	0
2.304825775599916	0	0	0	0
-1.815382439884587	0	0	0	0
2.6570417137619557	0	0	0	0
-1.5384270298104354	0	0	0	0
-2.1058163280430833	0	0	0	0
4.87402605528078	0	0	0	0
-6.47953488907865	0	0	0	0
6.7995223691814815	0	0	0	0
-4.578467518946191	0	0	0	0
0.9434641516850775	0	0	0	0
0.47108798321112744	0	0	0	0
1.4318962018421146	0	0	0	0
-3.4085756318392484	0	0	0	0
4.253638019428308	0	0	0	0
-3.400896136767109	0	0	0	0
0.09180669434309152	0	0	0	0
2.773206462016617	0	0	0	0
-2.956428982550257	0	0	0	0
0.6192709974095649	0	0	0	0
1.8209413493178275	0	0	0	0
-2.151701913582407	0	0	0	0
1.2280967612344895	0	0	0	0
-1.4511821459887315	0	0	0	0
2.3295388819596994	0	0	0	0
-2.3997621610178115	0	0	0	0
1.5685748667694668	0	0	0	0
0.00514879160856907	0	0	0	0
-1.1050260582887432	0	0	0	0
1.6564060129601472	0	0	0	0
-2.075717481000808	0	0	0	0
2.1835601202934	0	0	0	0
-1.3157479851201543	0	0	0	0
-0.23580043679895368	0	0	0	0
0.8748946562665552	0	0	0	0
-0.8303027552377742	0	0	0	0
0.8012307295926959	0	0	0	0
-0.3987687496478287	0	0	0	0
-0.820996655640883	0	0	0	0
1.3087253956458795	0	0	0	0
-0.1604979188331228	0	0	0	0
-0.6962179971116811	0	0	0	0
0.05095154133456248	0	0	0	0
0.4080267613326356	0	0	0	0
0.25847159595856084	0	0	0	0
-1.202462447711568	0	0	0	0
1.63428168088668	0	0	0	0
-1.3436026732370365	0	0	0	0
1.3612834995749665	0	0	0	0
-0.5484601499709285	0	0	0	0
0.19760466605335836	0	0	0	0
0.38499461915184696	0	0	0	0
-1.831541228425607	0	0	0	0
