0.2326305801368349	-2.4679806749414723	4.932384196043998	-0.2206258048650369	16760.65328011609
0.17195885909346487	-7.042941699230454	16.00928149106086	-1.0718472070802392	16762.12928692634
-0.6447251222800077	7.0490656008179045	0.40643991738137686	-1.5363144241089657	16758.505932662156
-0.75497517408931	-5.705289449166173	-3.008708365787541	7.094182401945687	16761.370938468768
0.39704208062794066	3.539927116050322	1.699675246620771	5.1561364663017315	16760.06061718672
0.33164182398282804	-1.4035991213674706	1.205298932562016	-24.058032097177914	16762.742493454476
-0.13651861437761426	2.2871232803201593	3.948758994284816	4.922858776655545	16764.908185643522
0.22417585710589094	-7.036763779452514	-4.546948059357433	4.330164757056295	16747.2353286052
-1.0914422942714594	-3.323184154992475	-0.5065503127600692	-13.902021110409564	16729.393484215056
1.239453895866717	3.8178986300078748	3.854885830236327	1.387862725993756	16730.536430261454
-0.9069051252852773	-4.216110482169519	-4.695039492957434	6.276439967500167	16725.181493767268
0.9142488202763701	1.6991841246712909	2.7370803331972837	-7.96529683636561	16708.39704555255
-1.51685547785398	-1.9680027247844123	2.1910417636393333	15.408959404361397	16696.83979227146
2.8338418178686666	-0.6540340598365475	-9.510065740076143	-9.14517605920102	16700.117148969533
-4.863876532888874	-3.074167423758901	-9.29217713041082	3.3977635323285256	16681.90977882519
5.771738970787503	-2.640519203526985	-3.535990500803834	-6.517201866078096	16696.52381713501
-4.641348212179572	2.6301168788504015	0.7076749718141429	-0.7794685798568963	16684.229191779927
3.3884971714428147	1.9709366741974534	7.25153037137018	-1.4281498479438426	16684.202683642816
-3.4102578850836593	2.971463980527595	2.2366939798373693	1.9954511269295239	16681.08006093571
3.320165725776178	-3.1359903412014987	-1.2664881895690456	-6.839704998770145	16685.730693024736
-2.273478827306235	-1.1383963675296442	3.7079517917954092	5.133581094535614	16715.626693712882
1.0253239659219702	1.5454477403204763	8.171958087487198	15.458511611708602	16704.70970850358
-0.19252194828353453	0.5409720646137046	-4.035536959131889	-16.344582071015154	16685.320935167925
-0.7574633099256474	2.5521889226195995	-8.578858429780453	-1.072450488125412	16717.187475857907
1.2356171517935692	1.226294465618615	-3.9483370103039874	-3.864037462701006	16715.692117982304
-0.6726427982700827	-5.609494837957051	-1.7071939005014087	-5.440281255363132	16692.35174188936
0.43847828650409326	5.562421790003093	0.7454590213035459	9.465478054419435	16710.184322193472
0.2003743222466028	-0.6063344888094022	0.9992900843677006	-8.006692735409842	16698.29773413097
-1.3615460138870574	-0.4249481855990993	-11.339497959564582	-4.440238212276412	16670.626069112965
2.2317319945670206	-5.426315001440628	-0.6678245357163917	-2.3702155249240207	16690.28966714788
-2.1432634600080647	4.162410231604802	1.1476855119209972	-6.650859396886247	16703.513691247572
1.8546317205004854	2.9958103702516965	-0.7614490912969671	-4.641110628442192	16722.632696151595
-2.1955228214046087	-3.8675550826907283	1.6595971960187086	-11.727545081370394	16658.7613835023
2.2235511535775956	1.3082845723163459	2.138594453668432	7.963328604208385	16640.525245938483
-1.5482667006589566	-4.278405682142115	4.70733468974268	9.994897390831525	16660.379124656374
1.2797009542901847	-5.880882276424195	-6.204861861343474	-3.9233396772098104	16657.5125158343
-1.392149004793957	1.5597254573041326	6.796095846099689	-11.667766950672544	16683.737636739002
0.9876816588251742	3.919307388180343	-4.648714331554359	0.24926494501950458	16730.30275732787
-0.8716302161084997	-2.5109979101133604	-1.9753715794709876	0	0
1.1937142179442475	-1.476808144924867	-7.513471995640472	0	0
-0.8627564254635729	2.654505204994109	4.55880047495846	0	0
0.4300032894490968	-1.1087115866119248	-15.952823812354296	0	0
-0.3909271217486534	14.060606264049703	-2.325544783834502	0	0
-0.044420756419015106	-2.8439719971379134	3.0668754318499793	0	0
1.2616517497194053	3.5647550825917236	2.5495375616665825	0	0
-2.4228402765801107	0.7209032681057792	0.7231738631939635	0	0
2.737909625255746	-2.1956017504267464	-3.501055552789609	0	0
-1.7870591608796005	2.3237898542096502	0.28580308861415915	0	0
-0.47384086318214	-1.1213867736564822	-5.102731732362571	0	0
1.9296602032331052	-4.287936221875704	7.288197380094402	0	0
-1.4469918358244058	4.595942951118289	0.3744725716497328	0	0
0.5829244691102673	-4.60910310705772	-1.7376654540798029	0	0
-0.6719149408360536	-1.1337574062532312	-0.19963799832966345	0	0
0.3335596122912321	2.429312528501214	5.456169564653351	0	0
0.8243494055175802	2.1436870243260273	4.13664880742634	0	0
-0.903834692555094	0.18849877603717147	-10.601639528490637	0	0
-0.3514498820631289	-2.724942011231562	-4.829237072999732	0	0
1.166517744542908	3.8782619577911106	7.870623875131287	0	0
-0.7968768151676073	-4.574558388412839	-0.907064366702869	0	0
-0.06163285610197278	0.07644903892470012	2.7980939328661236	0	0
0.8192682523975705	0.5223319296300986	-3.854390639600794	0	0
-1.0829046527423216	-5.434473495837501	-1.2714712958960916	0	0
0.5003548947216743	0.5393305830223554	-1.863056690367074	0	0
0.08553228936460044	-2.520254391631532	7.073098561321856	0	0
0.6872948217519195	5.421953525813159	1.9236241480583232	0	0
-1.6396373760352603	3.2798537908854257	5.191388119331577	0	0
1.9563412672438005	4.270645256324478	-3.5283212624074167	0	0
-1.3300008306652984	-1.2866204918592814	2.4582402069992924	0	0
0.6319014410478303	4.102476718294788	-6.643827325401119	0	0
0.6147831420608512	5.20249504625766	-1.5185690732393482	0	0
-1.6351157128710767	2.099669616305846	0	0	0
1.5019411215387848	-3.056339020140122	0	0	0
-0.1593398757651201	2.1900070003074887	0	0	0
-0.2679232751198839	-1.8022877758142357	0	0	0
-0.4120359315293456	0.508527208685642	0	0	0
0.5037105252724814	5.380451325036333	0	0	0
-0.49714333332433824	-3.5482243239368927	0	0	0
1.5072012430310835	-1.7227511209015631	0	0	0
-1.6041579520929687	-2.880699724575905	0	0	0
1.0785518710866455	-5.482905665723372	0	0	0
-1.5476257651821967	2.954078876974201	0	0	0
2.1715666803485334	0.4427123334849412	0	0	0
-0.6350849325607726	-1.869217049006899	0	0	0
-0.7417178975098722	-0.885171799995625	0	0	0
-0.047800579682508726	-4.0647279727996946	0	0	0
0.6970819105672206	2.484125708049099	0	0	0
0.013737218866552325	2.05318471528129	0	0	0
0.034625844569013964	3.295821579591525	0	0	0
-0.132649066718173	-11.63311479379307	0	0	0
-0.3922661414313495	-1.6472018125629333	0	0	0
0.5034966682199027	2.947728795623341	0	0	0
0.4714453243311141	-2.24558209495067	0	0	0
-0.2401489660718923	-3.1816046992395144	0	0	0
-1.30321824849171	4.1355835463592285	0	0	0
2.49344501055635	-1.1269810631212707	0	0	0
-2.108428167768075	1.5263631960613466	0	0	0
1.286817162692003	2.3427769297113414	0	0	0
-0.2925724030829002	-4.566610016932032	0	0	0
-0.089715850468707	0.9728205297360617	0	0	0
-0.676644019925071	8.507551113445125	0	0	0
1.0274951972095039	8.460203972625727	0	0	0
0.21647906680038886	0.22050081096477925	0	0	0
-1.3905866111652259	6.101871688230602	0	0	0
1.6672402799081638	4.653642771116829	0	0	0
-1.8867093914289654	7.528378151473355	0	0	0
1.2653809602296207	1.8103940342194775	0	0	0
0.1537620304598022	14.633018091086214	0	0	0
-0.5162304182210278	0.3750127810591195	0	0	0
-0.10317635674253012	1.0875803060253162	0	0	0
0.6070070480681906	-7.4292055541434365	0	0	0
-0.9729815701915285	5.3846162448881145	0	0	0
2.0319075082503275	-7.086285162397118	0	0	0
-2.34033643195297	-10.284285559135952	0	0	0
1.41346483760109	5.852627246137331	0	0	0
-0.5284383122362399	5.550134300319101	0	0	0
0.7608578271671362	1.650905863660327	0	0	0
-0.4901729725164117	2.3954723047896493	0	0	0
-0.5093989729430888	-6.31068272177648	0	0	0
1.5115471642792002	2.932261465203318	0	0	0
-1.995746589744762	-2.265793323884566	0	0	0
2.389835788583582	7.71586965062847	0	0	0
-2.282314450192196	-1.9730425610260625	0	0	0
1.8469024837340768	1.27985775718723	0	0	0
-1.2884464435226732	-1.4537781295477643	0	0	0
0.632703886400229	-1.4582426291365138	0	0	0
0.6806337727971226	1.537889486006918	0	0	0
-1.8131705818365305	0.4215500853817602	0	0	0
1.165503810452151	-0.9620319750346695	0	0	0
-0.5110780645464104	-1.4581429445059868	0	0	0
1.2435628829277618	-3.988386461520527	0	0	0
-1.1548019801071518	5.236340764948395	0	0	0
0.3565594153079559	0.4546260154019137	0	0	0
-0.2946769751177669	0.6794765223946655	0	0	0
0.12530332333401617	0	0	0	0
0.6534279162799095	0	0	0	0
-1.370713390319267	0	0	0	0
1.1873377093316577	0	0	0	0
-1.0767271555155844	0	0	0	0
1.171032538349884	0	0	0	0
-0.824726121336063	0	0	0	0
0.043300901711177175	0	0	0	0
-0.007760525748643943	0	0	0	0
0.4598647844692181	0	0	0	0
-0.4543258907767367	0	0	0	0
0.41882233898986243	0	0	0	0
-0.520573069028849	0	0	0	0
0.019760361924802794	0	0	0	0
0.39997902033351806	0	0	0	0
0.23368242131023464	0	0	0	0
-1.5011789411103607	0	0	0	0
1.584705148991688	0	0	0	0
-0.7484442503886655	0	0	0	0
0.28168938246843567	0	0	0	0
0.03935056350952948	0	0	0	0
0.381025646655182	0	0	0	0
-1.11531326064609	0	0	0	0
0.8860756091843669	0	0	0	0
-0.6421435164047651	0	0	0	0
1.5431237383609258	0	0	0	0
-1.8310926322353325	0	0	0	0
1.4917454518487503	0	0	0	0
-2.1696699616672817	0	0	0	0
3.2575896303661125	0	0	0	0
-2.7987620496353287	0	0	0	0
1.5011657095390305	0	0	0	0
-0.7127074993275642	0	0	0	0
-0.3706558356534373	0	0	0	0
1.4885827669660472	0	0	0	0
-1.8136095337337892	0	0	0	0
1.6382293911879202	0	0	0	0
-1.8762000954267535	0	0	0	0
1.5056591075041936	0	0	0	0
0.09835282764110787	0	0	0	0
-1.3229317821620228	0	0	0	0
0.04370703084204308	0	0	0	0
1.92121801975145	0	0	0	0
-2.7004012160258526	0	0	0	0
2.4952750172391447	0	0	0	0
-1.5308023604103411	0	0	0	0
0.3972686328231063	0	0	0	0
0.03128565541830142	0	0	0	0
0.6589036254982616	0	0	0	0
-1.666263931803826	0	0	0	0
1.861878198600472	0	0	0	0
-1.9202240980676706	0	0	0	0
1.4916899392890457	0	0	0	0
-1.1400545437777652	0	0	0	0
1.5224666684687804	0	0	0	0
-2.9711334890889773	0	0	0	0
3.4951444105367813	0	0	0	0
-3.3119278377560377	0	0	0	0
3.0362011605369403	0	0	0	0
-3.1594693119393398	0	0	0	0
3.339674150048566	0	0	0	0
-3.6845370315993975	0	0	0	0
3.614681992685	0	0	0	0
-2.893338661301513	0	0	0	0
1.3511516415570455	0	0	0	0
-0.0799977167987933	0	0	0	0
-0.46676017263153824	0	0	0	0
0.5373298815925267	0	0	0	0
0.0251468092262499	0	0	0	0
-1.106657633392814	0	0	0	0
1.3068885165327302	0	0	0	0
-1.2980496035925455	0	0	0	0
1.7249336522538243	0	0	0	0
-1.39324688216265	0	0	0	0
0.05981369463920316	0	0	0	0
0.5576597635515341	0	0	0	0
-0.2574432448816424	0	0	0	0
1.337372868765442	0	0	0	0
-3.5656024821389494	0	0	0	0
3.971441651441012	0	0	0	0
-3.8050787439553133	0	0	0	0
4.616921012616459	0	0	0	0
-3.644338269245317	0	0	0	0
1.110899201705152	0	0	0	0
-0.32814744039233545	0	0	0	0
1.6277704136132627	0	0	0	0
-2.7901476786924775	0	0	0	0
3.2532230279391996	0	0	0	0
-2.6384118766311246	0	0	0	0
0.2079069418412729	0	0	0	0
1.725595189058538	0	0	0	0
-1.5925136292804325	0	0	0	0
0.44005921517509705	0	0	0	0
0.3880295435486971	0	0	0	0
-0.9655814507843132	0	0	0	0
1.5126710039083164	0	0	0	0
-1.5238222245474233	0	0	0	0
1.8310185063312971	0	0	0	0
-2.606416030031987	0	0	0	0
2.3227949168535957	0	0	0	0
-0.9591360194119289	0	0	0	0
0.5101251551328758	0	0	0	0
-0.34312595865352336	0	0	0	0
-0.8295227563933523	0	0	0	0
1.936505437487341	0	0	0	0
-1.0447752053354122	0	0	0	0
-0.05970757121605885	0	0	0	0
0.028904839706562768	0	0	0	0
0.34647120441236723	0	0	0	0
0.10116615130679207	0	0	0	0
-0.3451410897993128	0	0	0	0
0.25726066237881184	0	0	0	0
-0.39601305424453415	0	0	0	0
-0.0013941285776297718	0	0	0	0
0.4188696100392093	0	0	0	0
-0.1747681292015173	0	0	0	0
0.03677980089148036	0	0	0	0
-0.328753293676634	0	0	0	0
0.1045389679567279	0	0	0	0
0.7451650894030735	0	0	0	0
-1.012369056699285	0	0	0	0
0.48707257721726904	0	0	0	0
-0.2295445659051083	0	0	0	0
-0.04903332992884657	0	0	0	0
0.3678491616947426	0	0	0	0
-0.674315353686822	0	0	0	0
