0.034514425022152295	-0.2626712184948303	-0.05672743690602999	0.005792258387742777	16933.135476628173
0.03774087180311625	-0.8131976520634154	-0.11333503044261306	0.05095961053260112	16933.230656576212
-0.05032982274197906	0.7989347081297637	0.7209010161566312	0.20997555365688925	16933.10425671861
-0.05126375333922084	1.3361752740090864	1.1553065625940633	0.5075840512554066	16933.19350061077
0.2485930217543597	0.05650432182289933	-0.34439929158227756	1.4272242465806215	16933.234673914543
-0.32075462569919466	-0.12567510737898147	0.7909835108225138	0.4015036567168693	16932.813345086004
0.1804874526995377	-1.4301552019015205	0.5316314798329529	1.249672287208412	16930.93494167444
-0.10632061058107922	-1.1348422524254431	0.5553929772453756	0.4406369879513221	16930.50263461622
0.20992781814024397	0.31686690892449576	-0.3758548931695884	1.682632539087436	16929.95462238597
-0.21332600518430667	-0.7065480787127143	-0.061148642703244604	0.0027164259525420675	16929.122614216194
0.3527245305340472	-0.939760933474048	0.39573941295419957	1.0776600394747362	16929.89677718663
-0.3079019088633288	-0.17183540362707816	0.5313134283997556	0.24260630237078828	16931.850911313042
0.45332920678532673	-1.5550781995765064	-0.22358402586327486	1.302029667863934	16929.920232188488
-0.4009509775544515	1.1519570819912417	0.6516447144254016	0.1381616982520768	16929.70192256916
0.48489292015905505	-1.0557962898806892	-0.8388564988976839	0.23076953687414914	16930.67177750623
-0.6386196967068898	-0.04822070344047802	0.20700326928016466	-0.3435206105403097	16930.341578398413
0.7384355381483303	0.31667119844327374	0.46231318737468996	0.36180097333581784	16927.95037922115
-0.7551140264705012	1.0833873506741227	-1.105850167002714	1.8540239963352292	16928.882179615786
0.7522654503170969	-0.5106639740260377	0.37131032495349814	0.07693267461395692	16928.57280715207
-0.9052729274740656	1.4125363254713221	-2.350354197835742	1.5751546997857275	16929.926573834884
1.0003524256714371	-0.3047777263749438	0.5177635697127414	-0.4669673870623683	16928.426500151832
-0.9333445747421081	0.09391218783562039	-1.4100061751106097	-0.9502530962692219	16928.75765646786
0.36913863979120976	0.14366463846968003	-0.31185302217288324	1.3455743826977766	16928.558251318762
0.1218185779581944	0.8999616625677547	0.3529643507364142	0.4945476119410728	16928.250704895916
-0.3390824073912313	-0.646936325742324	0.33243435321219295	-0.3643986636775338	16927.270825877626
0.24656864006430368	0.6008256185380745	-0.9659538950964759	0.47253257330774545	16928.059804512344
-0.1364852116863844	-0.2463232583201247	0.4621479085287916	-0.9286628023078407	16928.47155612214
0.08257602357862481	-0.3368974044619435	-0.548115616169099	-0.17870966716425585	16927.852015774875
-0.0764720020197629	-0.437814054968257	-0.3422685858703147	-1.3680802721066243	16929.182273311504
-0.11425397376191171	0.5626572499450049	-0.2524865514027681	-0.5706830108241832	16928.224611592526
-0.04619863827437598	-1.2284500719255718	0.6914630122467713	-0.5087673606961829	16931.718989180965
-0.08589375293486512	-1.018490739670284	-0.2520822553577915	-1.2477771707122258	16930.962600229093
0.15678925003759758	0.5583428903464309	-1.646999053810518	-1.3779725226134332	16929.750119845197
-0.3728535059991671	1.5899407506896566	2.0785048770418513	-1.630215155370493	16929.75138307004
0.39137471994331463	-1.5223688652132878	-1.6410938097408518	0.039104008707838034	16930.542517348793
-0.40714873410391306	0.7510238437375705	0.14940204253542788	0.01244691774898854	16930.07093958443
0.36009842168549966	0.13151184503871605	-0.42779123255907336	0.5586649374075563	16928.68631064838
-0.34688626250023447	-0.2851288034579156	0.899314838544214	1.8022112186926904	16925.966263332557
0.07431570324690995	0.7335502454575291	-2.4575410563807765	0	0
0.05989261123466605	-0.948243323298712	-0.9107485618677202	0	0
0.03878910564787219	0.4152601121409347	0.24268824845577797	0	0
-0.14301700270012674	0.1604963136521036	1.8354128988269736	0	0
0.16040556434770536	0.6052559225196248	0.6970444858621789	0	0
-0.321419027233695	1.1320973189520984	1.872313829442163	0	0
0.5453423747667898	1.3650190857653968	1.2328533289839356	0	0
-0.7718518494058912	0.638284259866289	-0.598845030005478	0	0
0.8791896407396678	0.12142998739114574	-0.9981727444086772	0	0
-0.7035323923918995	0.19996488692523684	0.1511275316133407	0	0
0.6771628107938312	-1.1372919401224166	0.3205879481397176	0	0
-0.5210420635598823	-0.095088875669596	1.446201105462805	0	0
0.36410726695895335	0.3984719158746941	-0.6165897986789304	0	0
-0.2817417533956714	0.6706918116715528	0.7415967677226973	0	0
0.14551539798649316	0.7255273481932321	-0.7601882583663837	0	0
-0.3115034468854816	-0.14807893884361079	-0.6340479590817125	0	0
0.36887006003630773	0.28521903694233686	0.40554653344166525	0	0
-0.3769236497649189	-0.7645770475822502	0.6973334594061669	0	0
0.31615669630291876	-1.2883819381525399	0.7277282595998429	0	0
-0.16384511705922478	0.06036023490892006	1.7044439446028292	0	0
-0.11717906929806787	-0.2968220005176079	-0.4709360349036871	0	0
0.5141529951365129	1.040576190697891	0.28695960972720513	0	0
-0.6146158333281591	0.5214709087941642	0.1707929875544636	0	0
0.7634935361122004	0.33462736494115575	0.8684021678835876	0	0
-0.5977245550842483	0.5460250125614863	-1.3874742406014917	0	0
0.3189645121766844	0.7851485420431032	-0.12773323275537507	0	0
0.007965684873887824	0.22712868464292058	-1.5614045519008926	0	0
-0.2559211274245996	0.23894472978308556	2.584218824581626	0	0
-0.11517882120016054	-1.4777068516753573	-0.9468152801708385	0	0
0.5580966411930817	-0.923691967369308	0.38375965632502584	0	0
-0.9446656594639791	-1.2774917233373415	-2.088921090027256	0	0
0.6741798596676958	-1.6058135360604737	2.13615898006519	0	0
-0.46026686504897896	0.8749719418578081	0	0	0
0.3254202098725614	-0.2732138935554431	0	0	0
-0.32305591761287644	1.5466936107737652	0	0	0
0.16913440349633646	0.6604848304952853	0	0	0
0.15239782086356257	0.7188639954223532	0	0	0
-0.09402242832865682	0.0011851899453176884	0	0	0
-0.2541346353689633	-0.06527766039628347	0	0	0
0.42427226451561495	1.281204565859241	0	0	0
-0.3084400743932676	-0.0796685980841687	0	0	0
0.04639389311970632	0.6533747983328055	0	0	0
0.00845949579059635	0.44957163681201706	0	0	0
-0.0656015872367206	0.2906499897543995	0	0	0
-0.1499678772090789	-0.5936325303330676	0	0	0
0.16421358097163363	0.015114668234772921	0	0	0
-0.35711269676094304	0.5447009936911371	0	0	0
0.4791517186867722	-0.1885415200819196	0	0	0
-0.514792894523616	0.08138638348437155	0	0	0
0.49597408173416824	-1.1727432069875405	0	0	0
-0.3031829312442724	0.46951201183696156	0	0	0
0.11268675184177113	0.3277366854160988	0	0	0
0.13225666403429415	-1.590377551164579	0	0	0
-0.07638485903727599	1.0324519634157454	0	0	0
0.10530487786843423	-0.1734682630041675	0	0	0
0.1395437409036404	0.7361794688629146	0	0	0
-0.48987668946821117	0.636444214769945	0	0	0
0.8373755657849529	0.5829661817928553	0	0	0
-0.9761588496008002	-1.1092336897536086	0	0	0
0.8619828004984669	0.9557346483858353	0	0	0
-0.5268223972092301	-0.16320882303944728	0	0	0
0.2281246663904284	0.504620301332082	0	0	0
0.005810299216761905	-0.5269965473207918	0	0	0
-0.27259553975811457	-0.36341491918465607	0	0	0
0.3229646369198278	-1.417497536806863	0	0	0
-0.34344433908260896	0.15633684880099707	0	0	0
0.18708028488619277	-0.8547854167684932	0	0	0
-0.040227379842363575	-0.4796067794259784	0	0	0
0.1381373443327334	0.7078585906607486	0	0	0
-0.1444732840744294	1.0628288676767852	0	0	0
0.12478538157940733	-0.8507128981917873	0	0	0
-0.06235762576722692	-0.4096757817322114	0	0	0
-0.03986224484906131	-0.3538885816103132	0	0	0
-0.025483594718565428	-0.18635546736545905	0	0	0
0.22534001167699103	0.8741826641333859	0	0	0
-0.34323476227019967	0.7187015916311452	0	0	0
0.11486341658252996	-0.4821836540655724	0	0	0
0.08067343080860212	-0.3304945835549731	0	0	0
-0.2977656638873398	0.4281481340014608	0	0	0
0.29106606256168277	-1.170405387721317	0	0	0
-0.43912998836126604	-0.3484073485437662	0	0	0
0.6714506430130456	0.5071426691633008	0	0	0
-0.7524011065487244	-1.4352627504624493	0	0	0
0.5183121509468762	1.3949116258079854	0	0	0
-0.16051614185052898	-0.04538271889264678	0	0	0
-0.2769900893409982	-1.0667081275817125	0	0	0
0.21453180186959742	0.5645064114179092	0	0	0
-0.08264466041782015	-0.8435766902975601	0	0	0
-0.246103528288252	0.5071024419415551	0	0	0
0.5198224963053164	-1.1445571540950539	0	0	0
-0.4164657444278461	0.7519645758505433	0	0	0
0.29458622495174325	-0.022879321087501125	0	0	0
-0.045031140543500214	-0.17211572930204255	0	0	0
-0.03893703740497756	-0.3890139709441982	0	0	0
0.187086218720232	1.061869915925179	0	0	0
-0.2799606036575071	0	0	0	0
0.36930250508267903	0	0	0	0
-0.17323021502931368	0	0	0	0
-0.1271895510084704	0	0	0	0
0.16012614696325045	0	0	0	0
0.09688276883895242	0	0	0	0
-0.5925238279820562	0	0	0	0
0.8335443299250613	0	0	0	0
-0.7336045760573313	0	0	0	0
0.5705996807659162	0	0	0	0
-0.4752044642108757	0	0	0	0
0.1242292531893554	0	0	0	0
-0.24649832466260335	0	0	0	0
0.20044598666482472	0	0	0	0
-0.15981178749818525	0	0	0	0
-0.03603495234424514	0	0	0	0
0.08179939032224581	0	0	0	0
-0.09881797235028955	0	0	0	0
0.07443375205167513	0	0	0	0
-0.04275182359716467	0	0	0	0
-0.11637294929976605	0	0	0	0
-0.014537658144178067	0	0	0	0
0.20929274827435052	0	0	0	0
-0.2745367155140528	0	0	0	0
0.33882531447884645	0	0	0	0
-0.48523138023351464	0	0	0	0
0.4441018137957613	0	0	0	0
-0.4386333577095698	0	0	0	0
0.639309984712348	0	0	0	0
-0.7942722519995513	0	0	0	0
0.8551546285528886	0	0	0	0
-0.675917760127625	0	0	0	0
0.6892014402109297	0	0	0	0
-0.6361071471424751	0	0	0	0
0.40285994124141666	0	0	0	0
-0.23445564954236886	0	0	0	0
0.28840041398868976	0	0	0	0
-0.4101767096041371	0	0	0	0
0.2766689650144727	0	0	0	0
-0.346104825996548	0	0	0	0
0.36153322528156195	0	0	0	0
-0.411461252480656	0	0	0	0
0.2423497578549032	0	0	0	0
0.08600677922404998	0	0	0	0
-0.16978945621956854	0	0	0	0
0.0019784745970667927	0	0	0	0
0.5817201085365369	0	0	0	0
-0.8214587694740132	0	0	0	0
0.7995909061616331	0	0	0	0
-0.6154376723155792	0	0	0	0
0.30692544954124656	0	0	0	0
-0.17710424327139407	0	0	0	0
-0.15834422950504745	0	0	0	0
0.28145660838946895	0	0	0	0
-0.4839925363845481	0	0	0	0
0.8158720725759778	0	0	0	0
-0.8524311215499552	0	0	0	0
0.5778515907351789	0	0	0	0
-0.22123557052771048	0	0	0	0
0.04362859237557615	0	0	0	0
0.08557446376121192	0	0	0	0
-0.0725118966972289	0	0	0	0
0.08186646623847338	0	0	0	0
0.030005904113480142	0	0	0	0
0.03592635865728511	0	0	0	0
-0.26659927107154857	0	0	0	0
0.2802667790497253	0	0	0	0
-0.1480444007293258	0	0	0	0
-0.014640215442753401	0	0	0	0
0.04711592767145589	0	0	0	0
0.29760973897494125	0	0	0	0
-0.5470301742828383	0	0	0	0
0.44966484086133107	0	0	0	0
-0.30148226888132257	0	0	0	0
0.3595299044393414	0	0	0	0
-0.32460848216481253	0	0	0	0
0.5760509637978473	0	0	0	0
-0.6427915623012126	0	0	0	0
0.5632257310064261	0	0	0	0
-0.41428756115199405	0	0	0	0
0.24429687667935696	0	0	0	0
-0.2680977645080631	0	0	0	0
0.4156609885712399	0	0	0	0
-0.2896957009566137	0	0	0	0
0.3653906600621042	0	0	0	0
-0.35627810702101215	0	0	0	0
0.3902231887920493	0	0	0	0
-0.5392183750190895	0	0	0	0
0.8094528078804615	0	0	0	0
-0.7967661386196028	0	0	0	0
0.4397667362343185	0	0	0	0
0.21669053377456038	0	0	0	0
-0.3698253641521916	0	0	0	0
0.2751572284242556	0	0	0	0
0.09615751059099154	0	0	0	0
-0.4959245910457568	0	0	0	0
0.696881802899803	0	0	0	0
-0.4961840519956837	0	0	0	0
0.16347078300062634	0	0	0	0
0.06225995744994606	0	0	0	0
-0.21462849462269418	0	0	0	0
0.07075797348921498	0	0	0	0
-0.13323595004172972	0	0	0	0
0.2911585872969269	0	0	0	0
-0.3685032722875832	0	0	0	0
0.00824794943181928	0	0	0	0
0.15016632079887415	0	0	0	0
-0.052820736765141874	0	0	0	0
-0.3345124762719891	0	0	0	0
0.7200893222389837	0	0	0	0
-0.508899823880995	0	0	0	0
-0.0029583264097183815	0	0	0	0
0.4988527215068572	0	0	0	0
-0.6764983722052946	0	0	0	0
0.5692392890982987	0	0	0	0
-0.5666051779284302	0	0	0	0
0.31117942850990943	0	0	0	0
0.14389934883396194	0	0	0	0
-0.3514910986999027	0	0	0	0
0.35206282142403467	0	0	0	0
-0.1669066238382868	0	0	0	0
0.1198812827385396	0	0	0	0
0.09464401435396752	0	0	0	0
0.03816933955828716	0	0	0	0
-0.15750598425347562	0	0	0	0
-0.07323927128157948	0	0	0	0
