0.44328352366544976	9.531058188210139	3.957515411974498	-1.6216722766370424	17128.291745637867
-4.159768554500026	32.23685834848646	11.432147175158931	-6.430302590912788	17124.654068086875
2.263482704731537	4.615407674565766	-13.29969181574532	-21.033567458596536	17124.794925217473
5.710486077245939	2.5826036110624244	22.733707423751426	-27.98207826471861	17127.299382855454
-14.149480884120841	33.18140775871224	9.988016502061669	-43.44881655245891	17116.785767228273
20.385313343703636	52.36873228679441	25.830141270611236	20.591101483773485	17163.671391785618
-21.98788468552261	36.89177848316355	-40.39529265384327	17.539441269747357	17199.935569698577
15.394909177228591	20.806215224046866	9.67856467311303	16.00434082481064	17175.440829909796
-5.391914562555328	-18.045961389119952	42.54034371970019	32.857291538951586	17176.541749040007
-0.4865192086403809	-25.501599899913785	33.42924577104475	53.11566819682727	17148.012801952515
1.5958778284926112	-1.4535738670338105	-15.75188455822557	-23.919930258108337	17116.60843001212
-2.49138587463527	15.584265799915755	-5.748130097629186	5.816564668079195	17041.114767834355
2.560573033359489	-32.757184005637896	2.1571132289493846	31.530734890035504	16955.281248685907
1.957813284698318	-33.43649225176469	-43.47722046490016	27.789393004395833	16919.884829322735
-7.604517491049286	-20.683257761947743	38.770292477932614	-17.726539409644133	16948.533824351412
10.5186872226165	16.810772847719136	-25.430438693718045	-6.379587495097979	16920.9597665113
-13.181535087459004	-52.161220023429934	8.556068614233297	21.05890375626649	16913.725143405416
14.68403577175365	20.145013835577885	-13.083477659426578	9.137593497185506	16935.693601350526
-11.78955311189177	4.466900985335215	26.199725472905826	24.43075440557614	16885.586941776703
9.562768720824593	-5.496625615201694	100.0981619651035	20.97525012835102	16882.183840857
-7.37480319445033	-5.116393142385576	124.72867529806874	-4.2485393434305365	16930.78623840675
3.627862480031247	30.670305795170847	-0.3175025222694927	-25.743668155861215	17009.293721562703
-2.875956662067594	-38.637755266541646	-22.049735085134216	5.2871516884907095	16997.732272056142
4.689844467864646	-2.116465783526607	-4.000761664004727	-22.929670687875458	16983.104457982354
-4.389083223304283	13.928574199637978	-19.458920143226592	-36.05536770356093	16994.40751943452
5.516968602573961	-3.3478638422365634	0.9440380183896906	-7.525816665277347	16938.650719997186
-10.168460667990644	15.206982475281649	-25.481431841191267	35.96239017339779	16941.641517594468
9.055680200888219	-24.515469115947276	-51.044921263361076	5.3048313996998075	16944.615873554536
-0.44431398712860926	5.926629762429371	-23.18780245576461	-0.23005944187897853	16987.407314406595
-3.799899832034683	-3.194840688026133	-29.29927324204941	9.623620542921955	16944.445291800133
0.03477163090049373	45.80000035067348	3.2085008446329084	4.6059815964520965	16914.116633517708
1.4925200735150455	3.3612070024780465	13.220231584629175	11.865077198232612	16706.658591376032
3.9459306800080185	17.2626497219973	-10.254653838869999	-7.779043588440871	16595.73743798219
-11.619122848664759	6.780782306054888	-28.168352940023567	-0.47378258801718687	16606.919305052994
15.602347678271684	47.140799779655936	-40.4320708879152	7.947566746105011	16679.054313346405
-15.84197038312373	-24.188843362816932	27.81512756922953	-2.3136791350530217	16755.464277516898
13.356765969433347	15.368117217428797	-13.876667536690206	-8.196816703933436	16792.237481583437
-9.649372898315818	17.536356253213867	-0.45874507349104476	5.373424319695673	16833.558669099803
8.171222181882158	3.91802419901385	-10.87288934315508	0	0
-10.685908532741173	-31.445965316043186	4.3418064143626225	0	0
16.95407737360886	-10.974078862512549	-28.669550976223476	0	0
-20.866008384769195	-15.993125179502343	-58.3335600431318	0	0
16.553976659023256	9.55592689963484	30.973266938232968	0	0
-7.705166408682693	-1.1180724666329809	-23.62514819140175	0	0
0.9707447619652925	9.855131139485529	-14.909330685074735	0	0
-2.4353794026140747	-9.143005397179522	19.210409527664567	0	0
7.612735989311126	30.683002431747646	-12.69515775739454	0	0
-6.165445466526741	-20.802984017005194	-19.887525718842895	0	0
0.12714047560989172	10.695076793951145	1.5728975944317085	0	0
4.048323077609986	-35.78777259610676	-14.376723968218016	0	0
-2.678218793526284	-24.296730162410746	-10.845945701382746	0	0
-2.425764321364852	-16.849521392672024	-60.23936312443034	0	0
5.234852324627546	-27.584127831267928	-73.3805962696711	0	0
-4.5784090860141475	-2.3292630109640697	-8.6642045021743	0	0
5.230129588468024	-3.5221222415621867	-54.35755256958895	0	0
-4.703295656027741	37.68676356370019	-4.037232828872021	0	0
3.674281279395643	2.6244922315092865	24.909706941689294	0	0
-6.815513799458351	-2.8342658664930838	57.446799792028116	0	0
12.960871753024769	25.816094823667747	-31.200846257468385	0	0
-16.08481573882223	37.34409308732092	89.54233409693191	0	0
11.538342239375723	6.606488009676504	-18.88200745540132	0	0
-0.09365117927329436	11.288060169352683	-12.838385497936926	0	0
-10.875863142279002	14.411689732900491	-65.4164140610492	0	0
16.535691104009196	-33.01840885900803	53.642174825026814	0	0
-16.260434056959376	62.074358222829126	24.57804728470431	0	0
7.909243884161654	27.001125455466102	-12.68456116951397	0	0
8.910845292811167	35.449423641224904	-2.5910831652430204	0	0
-26.437943260516327	-6.731882774617276	7.2341482250231905	0	0
30.792077782245464	18.956082501330314	2.526138069092198	0	0
-15.154698378568064	26.70237943518068	-42.75644241304242	0	0
-2.7846889909753685	-30.674333700991966	0	0	0
0.17861422396629223	13.10778706954325	0	0	0
11.624991990531107	-10.099370333720245	0	0	0
-11.22366827020224	12.294997539741445	0	0	0
8.098675561116728	-24.114342391401834	0	0	0
-13.29838192805579	-27.610447906538894	0	0	0
14.293893016970145	-10.330229881391922	0	0	0
-3.0200738949103325	-35.89109598441405	0	0	0
-7.3866910971486845	-8.648967565469427	0	0	0
9.755044162334798	24.157337471098693	0	0	0
-8.426463862164546	-46.44018089106278	0	0	0
3.6207560580969727	7.597410154427159	0	0	0
3.2328372689735545	-36.19612267408057	0	0	0
-7.644733764738042	22.4934188375047	0	0	0
11.38000200638696	-28.728152086529242	0	0	0
-14.781303622132846	16.99540522494302	0	0	0
15.975452943938052	7.548272016377794	0	0	0
-13.028456582649454	9.008427379595041	0	0	0
7.121213281236493	-32.32788262449047	0	0	0
-5.578981420715422	66.06905824510673	0	0	0
12.443975374787584	24.345110548207593	0	0	0
-19.250230161070732	17.55635122468246	0	0	0
17.875615871255327	45.66185980736993	0	0	0
-11.281729655772367	-0.7902767113884224	0	0	0
5.946798649507691	-16.60603969243644	0	0	0
-1.5482017761236335	51.144333809896494	0	0	0
-5.773953703637396	-45.746893582672676	0	0	0
11.32200777107834	-22.09275820257883	0	0	0
-10.685113410584094	-26.21269694312241	0	0	0
6.49893203851947	97.66087469138829	0	0	0
-0.23624053177502446	38.12636525738014	0	0	0
-9.172850228009963	-57.59691934731531	0	0	0
13.822103790820883	4.3840408944532925	0	0	0
-7.18503624833896	-41.206446154873525	0	0	0
-2.4180827971077363	-29.239174964154927	0	0	0
5.572933046964387	-8.5518757501154	0	0	0
-9.041042361192368	19.905679272337963	0	0	0
18.142736776723474	-14.688083112128723	0	0	0
-25.049000412012447	-9.783338976794361	0	0	0
24.53532990896946	-75.82277460399223	0	0	0
-23.865555113552162	-13.151041579631851	0	0	0
26.703583729601007	-7.991677407201593	0	0	0
-27.211904846958305	15.153901828052184	0	0	0
21.88766795144138	-27.787087486976368	0	0	0
-13.938694340523348	-11.381009552422661	0	0	0
5.057467592031422	-16.231283292389527	0	0	0
3.381645600139123	70.08046266608497	0	0	0
-5.454942139982052	4.4625027999571785	0	0	0
1.5855264534843556	-34.83449279452292	0	0	0
2.7946812366786418	39.54434519260129	0	0	0
-7.104920175437208	-28.163985519636775	0	0	0
8.776123228974996	5.391998823928986	0	0	0
-4.653868979943432	16.37753226894327	0	0	0
3.2890450988918474	42.21045456444401	0	0	0
-9.576325093728983	-14.605482186019792	0	0	0
13.642707710932847	57.40471475848646	0	0	0
-7.054647496279209	50.14669284640739	0	0	0
-1.1080305457166446	-1.7018504431830834	0	0	0
4.445292432191884	-41.40718224003765	0	0	0
-7.845434999962876	-89.71355387594436	0	0	0
11.102294508955659	131.89414733084737	0	0	0
-7.253978603676131	0.3176949516145058	0	0	0
-1.7050243178057372	-17.03033126450204	0	0	0
11.220135108742156	0	0	0	0
-18.89920493377445	0	0	0	0
21.236124054286584	0	0	0	0
-16.77749169325015	0	0	0	0
11.746990779948973	0	0	0	0
-11.751151017620153	0	0	0	0
14.139750244892241	0	0	0	0
-11.895185209141111	0	0	0	0
6.945914993594762	0	0	0	0
-3.618313841730192	0	0	0	0
0.3542504272561331	0	0	0	0
4.730958716547754	0	0	0	0
-8.687298177575151	0	0	0	0
7.660293698117698	0	0	0	0
-3.303831808119959	0	0	0	0
-1.0764791326685668	0	0	0	0
3.340285758572371	0	0	0	0
-2.3253865012078094	0	0	0	0
2.954050785406224	0	0	0	0
-9.702335686887132	0	0	0	0
16.379574003953422	0	0	0	0
-18.217274950417412	0	0	0	0
15.665136921275227	0	0	0	0
-6.146769562338498	0	0	0	0
-8.389944506522703	0	0	0	0
14.653431777316996	0	0	0	0
-8.199767759179458	0	0	0	0
5.702098105148359	0	0	0	0
-11.122401074024552	0	0	0	0
12.874620616114562	0	0	0	0
-11.317184771903818	0	0	0	0
11.235279719415082	0	0	0	0
-9.627158125559795	0	0	0	0
4.194725882742333	0	0	0	0
0.37805021093292623	0	0	0	0
0.5707709951323423	0	0	0	0
-5.092753065557126	0	0	0	0
3.9598653805629027	0	0	0	0
1.1018125119588476	0	0	0	0
-4.986525093940102	0	0	0	0
8.80316026271123	0	0	0	0
-14.665223788129865	0	0	0	0
14.871050127724729	0	0	0	0
-5.1668208029166465	0	0	0	0
-7.481636640028221	0	0	0	0
14.936753012220656	0	0	0	0
-12.24630487693306	0	0	0	0
3.2421547352308693	0	0	0	0
-0.3705672718826776	0	0	0	0
6.678556782625186	0	0	0	0
-15.155556191273462	0	0	0	0
21.898590674901385	0	0	0	0
-23.288387215552554	0	0	0	0
18.239679856325445	0	0	0	0
-13.43280880997694	0	0	0	0
15.137830362378558	0	0	0	0
-20.654388063286106	0	0	0	0
17.033464889697058	0	0	0	0
-4.310164192603018	0	0	0	0
-5.766523887241092	0	0	0	0
11.049753513919129	0	0	0	0
-14.30548091365685	0	0	0	0
10.5521661551521	0	0	0	0
3.7583918737703996	0	0	0	0
-23.655607764763523	0	0	0	0
35.931536043833376	0	0	0	0
-28.07185149630437	0	0	0	0
9.928184239052413	0	0	0	0
-3.070889429159351	0	0	0	0
7.7921640897508695	0	0	0	0
-7.682585207172828	0	0	0	0
-0.35853944292732365	0	0	0	0
6.810722732971833	0	0	0	0
-9.073237256956844	0	0	0	0
13.401127359743128	0	0	0	0
-16.5680103416257	0	0	0	0
9.4846340735876	0	0	0	0
3.6904348628856027	0	0	0	0
-11.351171056955259	0	0	0	0
11.917082153458438	0	0	0	0
-12.160697491400796	0	0	0	0
16.763078511172054	0	0	0	0
-17.383858305582656	0	0	0	0
13.515465472964117	0	0	0	0
-9.342990927926415	0	0	0	0
4.749985942149721	0	0	0	0
-4.367851014820943	0	0	0	0
4.736855729607726	0	0	0	0
1.6982232734971987	0	0	0	0
-5.88914510749877	0	0	0	0
3.9005215658737455	0	0	0	0
-4.5730733101619805	0	0	0	0
8.793799545942385	0	0	0	0
-13.143196890727737	0	0	0	0
15.78278014740814	0	0	0	0
-19.75529369771342	0	0	0	0
26.322845616962127	0	0	0	0
-22.178798464568104	0	0	0	0
3.858011694980135	0	0	0	0
11.964808811506067	0	0	0	0
-14.936935004987888	0	0	0	0
10.386282690871816	0	0	0	0
-8.023518433947025	0	0	0	0
13.526655531447801	0	0	0	0
-21.10953951665863	0	0	0	0
20.389225495685423	0	0	0	0
-10.446179398816511	0	0	0	0
1.1156384440792309	0	0	0	0
-2.9270088934248406	0	0	0	0
6.110108191023144	0	0	0	0
-3.0578737091880086	0	0	0	0
0.9112134491536068	0	0	0	0
3.337081419571568	0	0	0	0
-13.628347787602316	0	0	0	0
21.07162010318951	0	0	0	0
-18.4976869094521	0	0	0	0
10.573104233829746	0	0	0	0
-1.3660965568726837	0	0	0	0
-9.697742453920753	0	0	0	0
18.1233242822874	0	0	0	0
-20.26684303765633	0	0	0	0
21.343288671236685	0	0	0	0
-11.065208378395127	0	0	0	0
0.17800573704364098	0	0	0	0
10.468873873741714	0	0	0	0
-23.809025020438384	0	0	0	0
