-0.01108908426893862	0.605746767970345	-0.10359164243021723	-0.07872478746647005	16929.193503429906
-0.14012784683611557	1.9594420413113625	-0.38682619500292503	-0.26728347563910404	16929.036964758834
0.4267198115973372	-0.04129978151882341	-0.5578017664186063	-0.008931032365453007	16929.306063309465
-0.2221919740910394	0.5810087552623528	-0.44660527465258326	-0.5917799812058036	16929.060213582557
0.18373350983760872	-0.09198677031804436	1.2363896398753127	0.6373907346496566	16929.309640397973
-0.32073148843608124	0.37795937062450236	-0.3932282349729519	0.2019953306094351	16928.554498493708
0.2803944916284564	0.3174918607708932	1.1023244541652986	-0.39183291640529205	16928.96204381113
-0.23259068611888978	0.3436826079776125	0.6952765091256765	0.29447865058232026	16929.59225143307
-0.029070563584539855	-0.465449153715241	0.2051688391617006	-1.881632319438026	16929.287466666923
0.11100817950816833	-1.2649741431449684	-1.202878827679399	-1.039055608950747	16929.146804556553
-0.14633232848026978	-0.7221535938712123	-1.8031859165150195	0.8294508486856813	16931.3216808335
-0.06102418975093826	0.4477761693827489	-0.15424490820390702	-1.2092128678894625	16928.71791127632
0.38766614061353977	0.043868853194354074	0.5003307985840593	0.2803150586863268	16929.99148807884
-0.4886334442610334	-1.8000437400218416	1.434597681356351	0.9516802125467336	16930.928615803114
0.3613500814138675	-0.869540590455081	1.236133473640777	-1.0026099145338776	16929.880036439197
-0.09772799863863924	-0.025155872923342315	0.8971315847878856	1.0116799496138782	16931.040307778254
-0.20020632243656422	0.7751533981192011	0.08357806759627806	-0.5721057978525721	16929.18137477511
0.4379809688753298	-0.8608315737349699	-0.3465956566548982	-0.33434619910404706	16928.942347366847
-0.5526370911397294	0.3404531945983038	-0.04217459387815836	0.8234892739568096	16928.104669970788
0.48221213146551634	0.20273847379749554	1.0056656697439195	2.1610194739664905	16928.029532228866
-0.30001587927953466	-0.3399643402150616	0.2481582200011303	0.42524835446043596	16929.740416436296
0.05245663018162361	-0.14398154678394803	0.07245073826753412	0.298450076594861	16929.0423421712
0.31297973437981597	-0.08842605411144433	0.4812463697864331	-0.8713279800318077	16929.53645126134
-0.825128181811202	-0.17840437655184616	0.5551065907050088	1.2904821747412996	16927.6579618519
1.0361639438722108	1.0906038333574344	2.272328787439889	-0.7120675296222458	16929.74740190617
-0.8916201223827542	0.49477141687255966	-0.5146126873698336	-0.05643358025778866	16926.614325713326
0.5008151161606449	-0.4242374639542774	0.5846039752368739	-1.2321553096482063	16929.151394399458
-0.1984286121028802	-1.0474896021674525	0.2936310694406927	-0.29311173056538564	16928.441612316758
0.026572018143980358	-0.05738075411696997	0.593726835445608	-1.1020084921062363	16928.204907709573
-0.012789964733897818	-2.8329820995793114	-0.11951216635496564	-0.49116223505942	16929.414123315706
0.27882584767502294	0.9179400834623692	1.7438542127633951	-0.7404821490631832	16929.137959284857
-0.3506315450827273	-0.14303034956893868	0.2367984038814086	0.6238314690847773	16930.076148964545
0.3192320022252986	-2.0050594433153393	1.053559974739386	1.37524952005748	16929.09976301481
-0.40166548686573833	0.550291157051447	0.27511827884885065	-1.0526105512447685	16929.205065190064
0.6192800374161038	0.6101905967202725	-1.8359773875280183	-0.9506833744447931	16931.75601807028
-0.6414259957227983	-0.0015806113657319543	1.5755057517576603	0.2676186879864275	16930.805149207696
0.5834352881526002	-0.6444536998965731	0.03450268260236555	1.3545742633737774	16932.016019779112
-0.5428485816365622	0.3437444967748462	-1.5484554297346023	-0.00028613852083481106	16929.23575880681
0.5631163572268179	1.6350367385225866	-0.11075437751426875	0	0
-0.3001251084856449	-0.14089494699560134	-0.4352579098685254	0	0
0.1013608104042305	-0.31753368929486925	1.5838840089571278	0	0
0.000940114817609583	0.20135702989570348	-0.1426201552045967	0	0
-0.022101347249396497	-1.8228104532744425	-0.049725050705959006	0	0
-0.15629061638271224	0.33092538202590305	-2.297381852388753	0	0
0.2451042234613965	-0.35588461187320064	0.5427692013100227	0	0
-0.15114735376128863	0.5010543640531182	0.681485005147735	0	0
0.05332620224729112	0.46624388732068667	-1.2359740971440516	0	0
-0.2633345909216942	0.24034970155940272	0.02021376830310828	0	0
0.6621284546436499	0.033199801840019916	1.7821397906727299	0	0
-0.8831418956705406	0.6394867269755196	1.0350621499879793	0	0
0.9939626133052499	-0.126645260928143	-0.8098725745375503	0	0
-1.0901745237532978	-1.1860870202639902	0.11613072701418048	0	0
0.9115955865058041	0.7458332895752449	-0.4685495776809887	0	0
-0.8413005725306704	0.5615738547616047	-0.4749164262630643	0	0
0.9969962158677035	-0.9151821455709239	-2.707333920455568	0	0
-1.207576131649958	-0.9972862732020076	1.0080395317399962	0	0
1.1107478079559812	0.9733958043839834	2.253649449868078	0	0
-0.34675665343404916	-0.9177033805057988	0.0018734306926830868	0	0
-0.15984702749638302	-0.05358289862149945	-0.55161228974805	0	0
0.3603443922761258	0.39085963158240844	-1.4116424028012347	0	0
-0.18752691093123275	-0.6602704405124982	0.7228805876847133	0	0
0.14740234326273338	-0.629369633962952	1.42531721026144	0	0
-0.21110880511361785	-0.8259746430345416	1.0768936809570562	0	0
0.5588228920308325	1.0108846102896791	0.654171391241448	0	0
-0.7129380968867451	1.557971026966527	-0.09211668578990384	0	0
0.48285015691308075	1.118835265255484	-1.5193637003530682	0	0
-0.06733055160900392	0.4338648445413327	0.7091757036697572	0	0
-0.336057185280616	-0.8387065108426128	-0.4307367984714574	0	0
0.7664483507497977	1.072702377713199	1.6713892263511951	0	0
-0.86872080007047	-0.2984413020843135	-0.6626864141095439	0	0
0.7668442475561434	-1.5392223150049347	0	0	0
-0.5851201588579826	-0.8408751888807942	0	0	0
0.2596942056470297	0.6629016195839768	0	0	0
0.24080846355180086	0.006318332176434183	0	0	0
-0.442701521042153	0.186780625793169	0	0	0
0.6258336528573167	0.5082540972987104	0	0	0
-0.4312222552612326	0.3803139194987324	0	0	0
0.41334527093346907	0.2253505964316389	0	0	0
-0.257825990938116	-0.23729590989639604	0	0	0
0.1558822479316362	1.1472121391893424	0	0	0
0.26289639852007696	-0.2397617293629466	0	0	0
-0.32711737032013843	0.3846866517749987	0	0	0
0.28848466249979055	-0.03491638064001279	0	0	0
-0.11773973107506208	-0.10530413419313334	0	0	0
0.1667737812249257	-0.30800695933633193	0	0	0
-0.0762376641500353	-0.6655262533098565	0	0	0
-0.017806843991394317	-0.5295517672249943	0	0	0
0.4084216108274674	1.0121581019943733	0	0	0
-0.5023903914925114	1.4996287385396485	0	0	0
0.5852042487294966	1.7034838003074242	0	0	0
-0.39617849648361414	-0.39053516674111677	0	0	0
0.01104062789718796	-0.6438291637416498	0	0	0
0.29868117467516697	-0.09376853592167578	0	0	0
-0.24040876606089512	-1.5517505630031465	0	0	0
-0.11332433899584515	1.2265821023955468	0	0	0
0.4750927140235319	-0.9355705259191964	0	0	0
-0.5356116223653231	-0.6642763376965846	0	0	0
0.4924365307611325	0.4632931548817325	0	0	0
-0.19011954971171718	-1.7260624561297533	0	0	0
-0.15303116439211095	1.2534863755261938	0	0	0
0.2906192419747171	-0.187586591586566	0	0	0
-0.232454881891357	-0.0076033666609589545	0	0	0
0.3206813387189058	-0.045448685149501955	0	0	0
-0.41896328075373646	-0.03377887237427046	0	0	0
0.48265530672748724	0.04852669867975834	0	0	0
-0.30461908144994254	0.8893065915190306	0	0	0
-0.16924875149607743	-0.3385131560084673	0	0	0
0.25662895947383646	1.3481285895597637	0	0	0
-0.19980312227822594	0.10088524739762761	0	0	0
-0.1609925991179466	2.2726224517363747	0	0	0
0.5810041578046921	-1.35481660137674	0	0	0
-1.0556712924711391	-0.2462313721412528	0	0	0
0.9577476903117557	-0.6813300545764278	0	0	0
-0.7390049460258936	-0.39024651163772006	0	0	0
0.3460152954135083	1.0351017467487011	0	0	0
-0.33254061349276043	1.9044340287455555	0	0	0
0.323401430831737	-1.2177199399779823	0	0	0
-0.5662622283894478	1.5985937564793815	0	0	0
0.6269222331930919	2.1209896331897014	0	0	0
-0.7341062599808481	-0.8475657345169196	0	0	0
0.9537437718469945	-0.18567160351150847	0	0	0
-0.6900536639428694	-0.6688784950715458	0	0	0
0.35282298699684134	-0.9065475672775634	0	0	0
-0.10415097544059648	0.9348170478552333	0	0	0
-0.01868336590640496	0.7508540723568515	0	0	0
-0.019741499216571867	-1.4409529442661366	0	0	0
0.15379069101978615	-0.22248766476371884	0	0	0
-0.3464497670102773	-0.06635727137224023	0	0	0
0.474378703364998	-0.4547126607345504	0	0	0
-0.4670288233837141	1.0751030033123783	0	0	0
0.5214727376091304	-1.2099709561758516	0	0	0
-0.30520225981640436	0.8114201346894561	0	0	0
0.1389701505934795	-0.13169178865324938	0	0	0
0.09558807660945234	0	0	0	0
-0.14632437703254197	0	0	0	0
-0.0701951534203431	0	0	0	0
0.1320397209940367	0	0	0	0
-0.2589286879438575	0	0	0	0
-0.06434813310435317	0	0	0	0
0.17901310858112396	0	0	0	0
-0.4059006637427416	0	0	0	0
0.23543775202976036	0	0	0	0
-0.0042517862018982555	0	0	0	0
-0.07108205877449336	0	0	0	0
-0.09445684196406035	0	0	0	0
0.23939697083090294	0	0	0	0
-0.1534695104361603	0	0	0	0
0.18809128888554483	0	0	0	0
-0.09086738266516647	0	0	0	0
-0.002981088236332141	0	0	0	0
0.3030284506890979	0	0	0	0
-0.45795569315784235	0	0	0	0
0.535034963046833	0	0	0	0
-0.26815156263081263	0	0	0	0
-0.2375132326360614	0	0	0	0
0.43905678267031334	0	0	0	0
-0.34863128071840777	0	0	0	0
0.23372798106090897	0	0	0	0
-0.3384698418506815	0	0	0	0
0.578881883125085	0	0	0	0
-0.5877779879260956	0	0	0	0
0.6802124873668092	0	0	0	0
-0.5078452174409307	0	0	0	0
0.4418877036685984	0	0	0	0
-0.4295057431207354	0	0	0	0
0.13566402295844426	0	0	0	0
0.12395197285309223	0	0	0	0
-0.10665108580085558	0	0	0	0
-0.009779289229655319	0	0	0	0
0.17057289581160973	0	0	0	0
-0.2043956092243988	0	0	0	0
0.2222104449912905	0	0	0	0
-0.03938645692291942	0	0	0	0
-0.14661179503458044	0	0	0	0
0.3701880508133826	0	0	0	0
-0.5359731453200425	0	0	0	0
0.6513356658692615	0	0	0	0
-0.6869823024259532	0	0	0	0
0.5410616285142638	0	0	0	0
-0.2685965541550175	0	0	0	0
0.07142686937030618	0	0	0	0
-0.14609619136198404	0	0	0	0
0.30061278699913174	0	0	0	0
-0.21696702199751883	0	0	0	0
0.09083593528063716	0	0	0	0
0.3175923672384542	0	0	0	0
-0.3234693204484316	0	0	0	0
0.01627693767732552	0	0	0	0
0.24855621935780903	0	0	0	0
0.09174698206130216	0	0	0	0
-0.4415417225708751	0	0	0	0
0.7019533653812289	0	0	0	0
-0.6857975924661375	0	0	0	0
0.6282184767129095	0	0	0	0
-0.673334895663352	0	0	0	0
0.5872291535339258	0	0	0	0
-0.34092405119476865	0	0	0	0
-0.1233386366014102	0	0	0	0
0.32614254636690987	0	0	0	0
-0.46391000028506824	0	0	0	0
0.6175626647984984	0	0	0	0
-0.685816420754108	0	0	0	0
0.6583112916831695	0	0	0	0
-0.5278584896806819	0	0	0	0
0.1426336444269225	0	0	0	0
-0.21024812024772643	0	0	0	0
0.00346891106828906	0	0	0	0
-0.0857261288278508	0	0	0	0
0.07384450338316384	0	0	0	0
-0.3798779977056057	0	0	0	0
0.4811869554042403	0	0	0	0
-0.23718995338131066	0	0	0	0
0.04047104933303558	0	0	0	0
-0.12940375956279127	0	0	0	0
-0.20351091546882571	0	0	0	0
0.3007260345193927	0	0	0	0
-0.28309025327423853	0	0	0	0
0.10175997597265507	0	0	0	0
-0.08714347986092719	0	0	0	0
-0.29232784297362713	0	0	0	0
0.7505872723733376	0	0	0	0
-1.0426845056165064	0	0	0	0
1.091899175270143	0	0	0	0
-1.0815377211059243	0	0	0	0
0.8751524138388902	0	0	0	0
-0.616130435233508	0	0	0	0
0.3795302707923298	0	0	0	0
-0.22660336738648823	0	0	0	0
0.3547438886629024	0	0	0	0
-0.5846041728895415	0	0	0	0
0.5860576517355227	0	0	0	0
-0.07789580056140011	0	0	0	0
-0.3191428875105373	0	0	0	0
0.33919470671477114	0	0	0	0
-0.10572516430017487	0	0	0	0
-0.07809565357526083	0	0	0	0
0.06800699015706613	0	0	0	0
0.28361013747152697	0	0	0	0
-0.5966702200482104	0	0	0	0
0.3887464907458522	0	0	0	0
-0.1247304750735978	0	0	0	0
0.014527062939727386	0	0	0	0
-0.11755238748446573	0	0	0	0
0.0776224945728643	0	0	0	0
0.05632739449217894	0	0	0	0
-0.25382040088618396	0	0	0	0
0.36120515525404784	0	0	0	0
-0.39965990941644236	0	0	0	0
0.2080054850714319	0	0	0	0
0.15146726011762013	0	0	0	0
-0.468239502738129	0	0	0	0
0.44784138689206543	0	0	0	0
-0.4213770988319112	0	0	0	0
0.19330943206472995	0	0	0	0
0.08220901253194768	0	0	0	0
0.03357296155154188	0	0	0	0
-0.027995347933881476	0	0	0	0
-0.07438950166586267	0	0	0	0
-0.05095754571100741	0	0	0	0
