-0.4636780733779915	1.4565676886343297	-5.44313999104709	0.8744410536564544	17038.1979339247
0.6356147146714832	3.1046459450821544	-18.21156776512943	2.800337937963448	17036.06758215282
-1.5845211720486745	-17.79798470867277	-6.932888530697795	-3.8708197442156944	17040.256305623832
5.885067675320464	-0.9946391073050691	-2.2857082271672766	-9.017372750416726	17038.143895104946
-8.454555898357	6.595495859374381	-2.0343700222086483	15.310574650509182	17035.832892888953
6.1325829700467125	-2.8361890422181872	-7.732221806076566	48.85789130977315	17043.228027456487
-0.5356835606819246	18.270393905764152	15.488479475908079	-8.280961161100691	16946.517490368646
-3.4520934612173946	6.443778352228875	-12.186200344563161	-12.401618712971981	16876.682832467006
4.40801409788957	-15.320370966609396	-54.65930706929417	-5.464356082525299	16902.753130630244
-3.816240079255479	-13.958950963571127	-31.448406828030286	30.14075505089137	16915.305337894777
4.264595898093333	-4.474219461093227	-29.07251072147038	3.733986071730328	16890.959291545245
-6.436320602954481	26.534913205239988	-0.4333769783948469	11.312947155116149	16928.044183318234
8.814131189816962	-4.2492607962490965	-4.641681570137351	-7.195955723613466	16921.08999682305
-10.507425866430061	8.505479324658907	14.298995396856668	9.311366862962899	16898.991161535218
10.87507169742203	14.164465705031851	-13.620240288673855	-28.156123210654613	16895.154884648884
-9.470875095593868	-22.80292192867732	2.1837204627511824	9.861571522111177	16899.508307202017
5.856211558123022	13.092213607558868	-12.26015719261963	15.83279650101018	16924.67142877244
0.12232925762079816	0.9795453441060928	9.670410183514377	-1.9563645266190974	16925.56215983525
-8.231364586284023	-0.5419907270104005	-9.186758037624102	21.35499406142918	16905.40768212916
11.48114122719884	8.733560722771202	-20.434682204253406	-22.575549600672417	16917.962842650428
-5.127555897966978	9.596887927410897	19.13026274690027	2.3351384910877044	16911.62065521851
-5.5152256296159905	-15.159549665879204	-2.8666818452127387	-10.397448998272338	16892.999849095162
12.642892540978451	9.350699994816878	-12.857198871294557	-14.065122936878012	16854.591699599405
-11.698029619715733	-4.624028756338369	5.892444044300916	15.867826628726363	16887.822882990804
4.424142966992896	-15.916785867743265	-11.910819067892206	-9.87348707340692	16876.632579798075
-1.670918935307256	9.114858874887219	-19.260686072076126	-7.055109962181817	16869.679334038537
3.7730234358931796	-16.710845523557268	4.167493810614303	-6.918708208229219	16865.338319565933
-0.5821015563203318	0.5958713433008285	-9.346701008947875	6.520758884181134	16863.72421350839
-7.063302649564868	-3.3817915839325607	-1.8390318441898756	-15.004739234818786	16852.283064779516
9.110807975947864	3.128493915491994	-10.481408347426424	27.835603675374514	16929.207544363573
-5.079776973800968	6.969497336660531	0.9203988891137698	-3.4157360212761034	16958.541996681528
3.6429278546318926	0.16583244534336217	10.689231742030799	28.893182998945562	16919.37035782569
-3.343674230002385	-1.7279401263985292	-1.1236464054984054	-10.65483378036518	16879.083079153024
0.6539202695154387	-7.82418729689104	-8.018098496337998	-1.1237060745703502	16840.78516006603
0.20119781518092594	11.639049965630917	10.313497446002202	-10.236494667448326	16839.48464513445
3.269428712289489	-9.630320423983513	3.512577595885233	4.117937312463283	16904.393941090322
-7.043763203349791	3.5338198555250386	-5.242996053794769	8.704763150413214	16912.474053040543
7.124800376694736	9.129391046634964	-0.25373742533315635	0.20149935683835452	16875.905928155553
-4.259730264876275	-0.08774139220101773	-3.71064333955772	0	0
2.6217404984798662	2.396367035647451	27.074737634707233	0	0
-2.9144959685727443	9.069806246213822	-3.0058169256690377	0	0
2.2790404043385024	4.538262867695131	-5.532211982728953	0	0
0.7970702433265089	-0.008423151148463148	13.76306393695016	0	0
-4.2305847301854556	4.826649385065103	-3.4874443316626866	0	0
5.95536318252563	1.4389800360305784	-8.597402120633689	0	0
-5.5129078079750755	-4.556449191159558	4.9887355847634325	0	0
3.001278952741181	5.165129915942359	-3.971111952276601	0	0
-2.6649175131214307	6.162185772044573	-3.102472045907845	0	0
4.55251210222562	-14.174951124406498	11.98092156419429	0	0
-5.312351486054929	1.629614858231875	-12.469305884232313	0	0
3.073583473472276	-5.029983824384587	-5.307875317354615	0	0
0.4906103155013355	12.38999163355664	-11.428531203803047	0	0
-2.056029690223191	-5.018493417522926	13.06461191003659	0	0
1.337274701723949	-5.264201545676443	-15.116452860044362	0	0
-0.6357291968838794	4.961542512077898	7.925065016791322	0	0
1.5145076455946977	-0.22962574415105053	12.525724454012845	0	0
-2.2887364299498785	9.839204215566383	-12.289715349653207	0	0
1.0503253393949095	-6.768682541624813	22.216689100861387	0	0
0.13796270724137116	-4.759173623552172	27.42646797973191	0	0
-0.24284759294206282	5.146623619414349	7.379646416499625	0	0
-0.6838643274494558	-10.921754397648435	0.4764180042102879	0	0
1.9238273896305103	-13.483933591176239	16.333902623113005	0	0
-1.5765209087080478	6.696782185816588	-6.431318450442035	0	0
1.3692280989080174	-10.879265918974944	-10.376795721908024	0	0
-2.573695513591396	11.587973981608492	13.618268394805128	0	0
3.2826153746878575	-0.7316786653015797	9.318126519374175	0	0
-1.8347940941853622	-8.044559245273895	-3.0870045049192214	0	0
0.3285971057111112	-3.203620017448536	1.7074919095535819	0	0
-0.28029030365293295	-3.8527650754555154	-14.132458271308593	0	0
0.4298701082307801	-8.738882226284915	-7.049652150836408	0	0
-0.3478873839285299	-4.088299636659208	0	0	0
1.0879852438305733	4.022163364294762	0	0	0
-0.899269977856278	1.6584697397273018	0	0	0
0.03427312205719346	-2.2698237823695564	0	0	0
0.8153967329596199	4.537787746432379	0	0	0
-1.3033921741262589	-0.2505987652137378	0	0	0
1.757617093032323	9.771770235539691	0	0	0
-1.3913220504741517	11.802023291695178	0	0	0
1.5263001958529756	-17.554167155676765	0	0	0
-2.0756544385368585	6.794606245069268	0	0	0
2.429111137507853	-27.19593733280393	0	0	0
-2.4130420386287312	3.198444516261219	0	0	0
1.6689735367615626	-2.336176448637012	0	0	0
-0.1467339874346365	1.1040733246817425	0	0	0
-1.2383324300424405	7.506710536867288	0	0	0
0.9607926537151101	-11.04376457685342	0	0	0
-0.27322829583338404	2.113788874467204	0	0	0
-0.025051347848219052	-4.2033134255051365	0	0	0
-0.29314617206362215	3.938906275688886	0	0	0
-0.10559633684050596	1.769388449962932	0	0	0
1.5762714885768503	-5.32254954769779	0	0	0
-2.5684628784606645	9.791712323941098	0	0	0
3.2780221870100945	-14.636368058484734	0	0	0
-4.9569028851149355	8.850901111398592	0	0	0
4.355549272163017	3.312815710285811	0	0	0
-1.2759383754122453	3.7188129262801226	0	0	0
-0.29425497882719753	7.724336620406227	0	0	0
-0.0703223472525778	-0.7726735980665254	0	0	0
0.44044819846030947	-0.003339256538666291	0	0	0
-0.9324599879554398	-0.4082721653864141	0	0	0
2.475763478134624	-7.109535882038074	0	0	0
-4.9772089126738805	8.45320719314406	0	0	0
4.881216606077288	1.034673095721395	0	0	0
-1.4204806372042214	-8.864394462866024	0	0	0
-2.8911727314242626	8.701467010458245	0	0	0
4.575202392551596	-1.837862472950036	0	0	0
-3.2665794112402793	5.935709801212212	0	0	0
0.6756646266155144	-7.249036397144899	0	0	0
0.8010875497763834	9.103277968078146	0	0	0
-1.969130651078025	-0.5152340555060775	0	0	0
3.4382165551369113	10.657088203998143	0	0	0
-3.1383387783715904	-2.646418441289292	0	0	0
0.6195397946869505	-3.479583428184675	0	0	0
1.4151487639090448	6.581038403293235	0	0	0
-3.5328839237892424	0.06676573319081314	0	0	0
3.741326029195463	-0.08240159314122053	0	0	0
-1.6184323926829478	7.567578432819452	0	0	0
0.11722388598637679	1.3262905831559166	0	0	0
-0.02807646538713726	3.4753598618422927	0	0	0
0.6927147978974233	11.184862394388944	0	0	0
-2.44827348498346	-8.681099106245192	0	0	0
3.0496536156556573	7.785503108818041	0	0	0
-1.3825923793269084	9.942511787033943	0	0	0
-0.3730954186894948	-1.9088415943457804	0	0	0
-0.5776301472676479	3.712364619110197	0	0	0
2.48613758025688	4.732391980854352	0	0	0
-2.5577216036063177	-3.9379438359892163	0	0	0
0.7702876057488126	7.563653773735702	0	0	0
1.1158340004093859	-2.744798846090042	0	0	0
-2.437149592340269	-12.679511529611382	0	0	0
2.745500464748474	17.739595639406637	0	0	0
-2.3601487661531237	-4.903988020567191	0	0	0
2.211031595227631	-5.723367745201429	0	0	0
-0.757455019536394	0	0	0	0
-0.6940897153117476	0	0	0	0
1.0528138052664104	0	0	0	0
-1.156828526646116	0	0	0	0
1.5557238173509234	0	0	0	0
-1.5033925789678264	0	0	0	0
1.6242160791740332	0	0	0	0
-1.4490764606844522	0	0	0	0
0.44079728716132394	0	0	0	0
0.3600276006313692	0	0	0	0
-0.07854910908221768	0	0	0	0
-0.5625592988878978	0	0	0	0
0.37823697829438885	0	0	0	0
0.5107287880686258	0	0	0	0
-1.7888335121088161	0	0	0	0
2.3447207796272664	0	0	0	0
-0.9485611941470182	0	0	0	0
0.09346934657324368	0	0	0	0
-3.2462945003189034	0	0	0	0
7.766759102078517	0	0	0	0
-8.673902339249828	0	0	0	0
5.5197738626324835	0	0	0	0
-2.4133499761472166	0	0	0	0
3.150161624094217	0	0	0	0
-5.854189734321011	0	0	0	0
5.2950844261762455	0	0	0	0
-2.748840012136931	0	0	0	0
1.6656274994302223	0	0	0	0
-1.263206663582686	0	0	0	0
0.4658995161710209	0	0	0	0
-0.5682858762580523	0	0	0	0
0.8593021652120783	0	0	0	0
-1.9600040863714838	0	0	0	0
3.787630247045982	0	0	0	0
-4.552004162462282	0	0	0	0
2.9062190899669105	0	0	0	0
-1.185616360385545	0	0	0	0
0.8579264577781984	0	0	0	0
-0.9384600294452738	0	0	0	0
0.6217044106475669	0	0	0	0
-0.7210802599511794	0	0	0	0
1.2520966584256428	0	0	0	0
-2.712258723442929	0	0	0	0
3.9205627477394884	0	0	0	0
-3.9417384242458766	0	0	0	0
1.7898673680325885	0	0	0	0
0.6965254500806495	0	0	0	0
-2.1337125578467493	0	0	0	0
1.731613859711409	0	0	0	0
-2.536714842971186	0	0	0	0
2.7164426411636953	0	0	0	0
-1.0657572107218272	0	0	0	0
-0.7906678354499448	0	0	0	0
0.920017203552483	0	0	0	0
-0.45138104442061433	0	0	0	0
-0.33041191031998096	0	0	0	0
0.3510230414783706	0	0	0	0
0.5143487885058562	0	0	0	0
-1.4941233265613718	0	0	0	0
2.0096955822463585	0	0	0	0
-3.158425584946457	0	0	0	0
4.078367253401396	0	0	0	0
-2.8649820239370953	0	0	0	0
0.7189381999472033	0	0	0	0
0.9916128002793343	0	0	0	0
-3.103785617678831	0	0	0	0
5.021959850283551	0	0	0	0
-4.115988414229264	0	0	0	0
1.1393814210359494	0	0	0	0
1.6934995219498958	0	0	0	0
-2.7312367402042597	0	0	0	0
1.2179535028485944	0	0	0	0
0.5000146808298496	0	0	0	0
0.6726514281145413	0	0	0	0
-2.2495036593374635	0	0	0	0
3.1324863475026916	0	0	0	0
-3.393767852589619	0	0	0	0
3.7300213651174587	0	0	0	0
-4.221866972308021	0	0	0	0
3.307637661628405	0	0	0	0
-1.1401303277031687	0	0	0	0
0.13066207491146997	0	0	0	0
0.13531549411555943	0	0	0	0
-1.8054434619000403	0	0	0	0
3.765993376232821	0	0	0	0
-4.150537598544496	0	0	0	0
3.039302231198562	0	0	0	0
-2.371139140295398	0	0	0	0
3.836571412223684	0	0	0	0
-6.363613769735217	0	0	0	0
5.678983256343805	0	0	0	0
-2.90498321311955	0	0	0	0
2.190241439202616	0	0	0	0
-3.1465900401636375	0	0	0	0
1.9344761488794902	0	0	0	0
-0.6345590516449704	0	0	0	0
1.9342616354252868	0	0	0	0
-2.463020263027424	0	0	0	0
0.7250520803456126	0	0	0	0
0.7081522490848329	0	0	0	0
-1.2407982026660065	0	0	0	0
0.6429454912196917	0	0	0	0
-1.3490186445957733	0	0	0	0
2.9439192871594884	0	0	0	0
-2.377286696974224	0	0	0	0
-0.9345509799442269	0	0	0	0
3.508636402532481	0	0	0	0
-4.010464024874899	0	0	0	0
3.256260926227732	0	0	0	0
-1.8817491948197045	0	0	0	0
1.6078527829774885	0	0	0	0
-3.4091858669251067	0	0	0	0
4.536412119164268	0	0	0	0
-5.012051901391672	0	0	0	0
4.709886572039508	0	0	0	0
-3.050257931819523	0	0	0	0
0.8682525702468666	0	0	0	0
0.7894335887006676	0	0	0	0
-3.3478903208715423	0	0	0	0
5.94831994314287	0	0	0	0
-6.479259292036588	0	0	0	0
5.2438313982281315	0	0	0	0
-1.631483903073459	0	0	0	0
0.46356195497050123	0	0	0	0
0.45456111765525264	0	0	0	0
-3.9805570968762325	0	0	0	0
