0.5857334619412029	1.3154115000109101	-3.9045257904086696	-0.25803164187038874	16648.253142754504
-2.9489140345417084	4.697392616140924	-11.548871682778994	1.141952892187632	16654.14147063638
-4.45915339233715	9.47237674035501	16.680639644301223	51.10987093863841	16657.37740144754
4.636463678721881	0.3879602217129232	-55.01186929334001	-182.0483972146896	16635.33919154859
-3.2239277907382373	-12.786078437267633	62.908802049521256	93.65272334351843	16742.56782644087
1.9538897246977527	6.715059945898297	-28.83822371708375	-29.347839288491684	16339.024968373093
-1.8263242298112559	-7.388761204236694	-14.676105102274818	27.122784244676097	16228.065434476623
0.9914705122830441	0.10752915650557782	6.63304272768778	-35.41920424912101	16425.98655114087
2.470804380970833	-5.5014362274407205	20.11582802708803	-85.49707141753407	16577.175238641485
-3.498548006505402	15.312909113129507	12.449171601003627	121.90293030621434	16720.940182447164
3.1334332427276124	-1.0133552482382626	7.353245733503897	-67.85928953454714	16766.077301130943
-3.8288428037907423	-7.794787804550495	-3.8239097185606425	22.613385342178915	17007.240476491166
5.2883464890587035	-18.241065363428355	34.65892968088586	3.528988207427574	17217.531810089564
-8.02935170836124	8.024170069735028	10.111733289087852	15.478953600326946	16945.331292308434
10.183362391663351	19.83008107187181	-6.608751088626946	-5.459883507687692	16774.125834176222
-9.783012512282596	8.239406736082671	-11.860654809527631	-13.709917653093385	16800.69220712328
11.259060295826771	-1.7629819744419208	24.91080741131256	11.499142493930691	16889.46401160809
-15.8820305069939	1.2558606150279985	0.7204405734859307	140.00967462284177	16986.01879542866
18.66558776114153	-15.419338198908505	-7.7976436324035205	87.40544902478288	16994.812026860942
-16.780174652844707	3.667608937237091	-4.88237046853007	-49.354479831167865	17170.610037080685
11.869167383636047	-5.164613426466332	12.988215173719993	10.300747113735184	16876.02700030915
-4.962348322387861	-3.188250140927309	52.379942950843926	17.802619291505152	17129.9464686613
-2.470286675822919	-6.095393581955463	2.1880418289565142	-0.3090565599452475	17111.369744498566
7.834640515402199	-32.36443809200762	4.553332610197387	-7.787904272429017	17135.35685823818
-9.225937508447807	14.26487927885266	17.241911780074773	98.46934570033977	17168.32909376389
9.08952916013542	-4.698643826690251	2.5399034270119216	-119.9304666062927	17078.59996997373
-8.724436036376709	6.431962045242194	-12.379327434599276	69.11019140868746	17440.03517825751
6.240070845509223	-2.959794660220986	-13.086721683939018	-54.19548990916175	17204.33131730286
-3.1341704312217615	-14.528043240399427	-8.42000720893708	-405.2828040479992	16904.191862019834
2.9147957245369938	12.082756127517868	-4.335054111715138	169.79306449956664	17195.356849084208
-2.5163442194622263	17.795984872063322	22.556520558699106	-125.20804999123928	16904.525414158452
-1.4250723553695508	-2.4012965545931593	10.518131208773923	36.86623347673596	16932.577112992796
7.047575906064495	18.445605349580035	-7.586700425486939	-43.3267466487423	17111.99532451568
-9.241592819145517	-3.7625550646576897	-266.67137133302055	102.04041520788348	17289.96375555757
7.017655167498425	10.666313781230315	50.79838243421976	-8.579896749665238	17498.724995901866
-4.125721367992753	4.161854865149834	-32.78018640926186	-2.0810280282224483	16986.48804218954
1.956871717018366	-7.4754582849941045	-19.721826970191387	-10.56649771959961	16867.9447751846
-2.4053374422014784	9.15616848582146	2.425746554066464	-87.26379377193797	16863.75366919696
4.353465772125951	12.369740930749437	26.904299145767283	0	0
-6.444544083173739	10.491042095799706	6.7739290125518465	0	0
8.364144578137356	0.21148608875530073	-9.42323516822718	0	0
-6.713584876210824	-5.31746322326633	-2.8806743595478963	0	0
2.867695822738014	12.310859726054105	-0.22239779453433073	0	0
0.6661731238032687	8.491436346272991	-4.780804211791477	0	0
-6.504157227515378	5.0031888665784905	28.225862566792756	0	0
11.405430781226329	-22.368102994997088	31.788521356944855	0	0
-9.067525825835162	-15.434536839596525	2.4016678802767473	0	0
-0.650810760131364	0.2829173896263697	25.47084864451864	0	0
9.70471449946153	11.69516003582509	41.88399146236365	0	0
-12.973905144922135	12.801308125831817	-16.673419927765792	0	0
13.272701940375178	-1.979219358668459	-7.363851395774205	0	0
-12.834506946399507	-9.415893948995866	6.971593376716626	0	0
12.23838028458809	10.540287607361847	14.548259704905703	0	0
-12.488624955353465	11.715973782723054	90.52830400007213	0	0
10.585031129537455	-11.553060218283832	-27.89290092087559	0	0
-6.2261751211788905	6.046949566380967	62.58757166897446	0	0
2.7782899287197154	-12.70469425789502	-77.79470463258812	0	0
-1.6116990641194064	39.823345588993966	6.261179124554104	0	0
2.450954720780942	14.190801939820723	-37.296898425775424	0	0
-4.75322434925917	-1.483769417447789	58.82251080767347	0	0
4.638552224698053	3.603013965598379	16.18827900008469	0	0
-1.2689879190397164	-8.454531098534261	45.97980754844187	0	0
-0.12316005106789873	2.1398091012130394	-192.36101239432787	0	0
-1.763754616787267	-82.76156504648331	86.54132257010116	0	0
2.9920414998845075	52.99260649927845	-38.72576918678246	0	0
-2.909393866343599	-46.29441512874523	-13.353624364152765	0	0
4.229123364835928	12.839604941802904	8.277180897382252	0	0
-5.571032558789128	6.985630932332626	-5.7840372538745015	0	0
5.925134103574898	20.98454265827118	22.693029673482528	0	0
-6.135013915822931	-15.32086508343086	8.172110563736183	0	0
4.330101271850339	5.725110554229133	0	0	0
-0.721831059050345	-17.36456305169024	0	0	0
-0.2502359506578955	15.156934258992464	0	0	0
-1.2906083004988673	10.121844815594102	0	0	0
2.7830498503375765	8.165459107543413	0	0	0
-4.9936365575660915	-7.715942301477739	0	0	0
6.800234642799552	-10.662290265359502	0	0	0
-2.458449932469975	-2.530359237152055	0	0	0
-3.1466224806351946	15.24829455833622	0	0	0
3.3754117670061987	-18.89223129422757	0	0	0
-2.4952561123306864	-4.1511224853296085	0	0	0
4.132434676690735	19.78540280595024	0	0	0
-4.783123635845051	0.7355637887022368	0	0	0
2.544407919616063	-2.487535755247478	0	0	0
-0.04742064460062778	-26.826955726888443	0	0	0
-1.7994262033959458	1.5954872142456793	0	0	0
4.423469806960561	-1.9071227121176264	0	0	0
-6.345163733533077	-8.974875679608076	0	0	0
5.047434294544296	13.191047038418105	0	0	0
1.0447002938539143	18.808034594101557	0	0	0
-6.732985455729164	6.5230805281608895	0	0	0
6.977876097100506	-4.020881948386702	0	0	0
-4.069546762454543	13.515377804641474	0	0	0
1.6223187608863014	6.945380899176655	0	0	0
0.5253619811671371	-9.27193135031284	0	0	0
-1.7418191605154618	-19.909094745333007	0	0	0
2.648453105614621	22.64366458529149	0	0	0
-3.3489208911637007	7.052021416664502	0	0	0
3.0661389537657513	-0.6910839745099935	0	0	0
0.12147862665812426	-5.207884250975383	0	0	0
-4.4263790546229345	-24.18540351164136	0	0	0
5.437051321156716	-13.667275374738793	0	0	0
-3.6907086146296706	-7.958798338631382	0	0	0
1.0586532547032945	20.398188100338928	0	0	0
2.795766269143286	1.3145500242410861	0	0	0
-5.730213345189902	24.02595912550734	0	0	0
5.5348562330375515	-8.823163120336957	0	0	0
-3.5064797327988657	98.21199017392944	0	0	0
3.874339968355386	-44.12643547897943	0	0	0
-5.927974070886535	-19.475225191710756	0	0	0
4.285860737806132	21.500055316383566	0	0	0
-0.6071358323582245	-8.057443390997477	0	0	0
-0.3927709865978741	24.217700184461492	0	0	0
0.08837068670375459	39.34017619983746	0	0	0
0.1365171643523979	12.370279137796743	0	0	0
-2.0612598175793337	-1.2424675612487874	0	0	0
2.6465843288632698	-53.420085764624105	0	0	0
-0.6880866256547407	-5.966323253033607	0	0	0
-1.3677996420542442	20.851490435162944	0	0	0
2.9426205744288154	-18.229655536491904	0	0	0
-5.984095949792135	9.105262435748813	0	0	0
7.313630170527453	-63.84443333986748	0	0	0
-2.6036810753154	53.73429848629685	0	0	0
6.529427705204597	8.35037986661321	0	0	0
-20.392990904381534	9.262308767462784	0	0	0
16.763505691033544	6.1177047334158345	0	0	0
6.769714471635432	-7.313486249910142	0	0	0
-11.227308771905733	-7.682634746056216	0	0	0
0.0591273519611164	7.778011836513755	0	0	0
1.7089968504026771	29.977900748366437	0	0	0
2.22328283791812	-42.32941214762535	0	0	0
-4.447057955092646	7.919713616919694	0	0	0
5.263582915222145	9.189522646840729	0	0	0
-6.0230039308685335	0	0	0	0
8.470845046549002	0	0	0	0
-9.091944684630455	0	0	0	0
5.367555483227704	0	0	0	0
-2.579905803821916	0	0	0	0
2.304376047237625	0	0	0	0
0.7007947849498066	0	0	0	0
-7.120192098143107	0	0	0	0
11.192670732477808	0	0	0	0
-10.204290383850797	0	0	0	0
6.032106397465043	0	0	0	0
-1.4474174501265509	0	0	0	0
-0.06781293524050369	0	0	0	0
0.5036005303583764	0	0	0	0
-2.5798277250608805	0	0	0	0
3.7317015537027345	0	0	0	0
-0.7895185292713265	0	0	0	0
-3.2518133748492275	0	0	0	0
5.463501668290185	0	0	0	0
-4.791165447635123	0	0	0	0
0.5030501966938203	0	0	0	0
5.701223792387147	0	0	0	0
-9.412464020010745	0	0	0	0
6.788203960072316	0	0	0	0
-0.32481546071028333	0	0	0	0
-4.455426630887807	0	0	0	0
4.468886450738019	0	0	0	0
0.6174262004156574	0	0	0	0
-6.416326091116879	0	0	0	0
8.554823475882259	0	0	0	0
-7.832882048281952	0	0	0	0
5.7437299185880235	0	0	0	0
-3.432158847627882	0	0	0	0
-0.4822959355852987	0	0	0	0
4.10317332999	0	0	0	0
-4.3865167825043585	0	0	0	0
3.2218039469096666	0	0	0	0
-2.346362669739605	0	0	0	0
0.49271979679025435	0	0	0	0
-0.06621746934114014	0	0	0	0
4.1557445676978375	0	0	0	0
-7.585705106674915	0	0	0	0
5.697796641141807	0	0	0	0
-0.778906811761324	0	0	0	0
-4.427365620801012	0	0	0	0
7.8212121773669665	0	0	0	0
-10.656854346453208	0	0	0	0
12.03423309205536	0	0	0	0
-8.20901187631916	0	0	0	0
4.568354783980567	0	0	0	0
-6.704636473464248	0	0	0	0
8.890524361100049	0	0	0	0
-4.4662691009067075	0	0	0	0
-2.3178838656444327	0	0	0	0
6.944514193698424	0	0	0	0
-11.118738381154394	0	0	0	0
12.738770006789721	0	0	0	0
-7.634031828670281	0	0	0	0
-0.7946805732683231	0	0	0	0
7.234014688419478	0	0	0	0
-11.435598371328787	0	0	0	0
12.244069478107733	0	0	0	0
-10.198514828253955	0	0	0	0
7.007438964430008	0	0	0	0
-3.283095925468878	0	0	0	0
-0.10476937382052398	0	0	0	0
1.6531768131924167	0	0	0	0
-1.2545830354507004	0	0	0	0
2.3796809835288926	0	0	0	0
-6.482636133989409	0	0	0	0
9.20744601722177	0	0	0	0
-8.682134093866779	0	0	0	0
13.204496893277778	0	0	0	0
-23.19270119599728	0	0	0	0
20.739178030898138	0	0	0	0
-10.0845656305233	0	0	0	0
9.832393422816075	0	0	0	0
-16.796454276670346	0	0	0	0
21.07145355110923	0	0	0	0
-14.123869221378733	0	0	0	0
2.111333355211073	0	0	0	0
-0.4091279167017916	0	0	0	0
6.126923252715429	0	0	0	0
-11.517649417591215	0	0	0	0
9.898647022128614	0	0	0	0
-1.7261235727589224	0	0	0	0
-2.119439153977865	0	0	0	0
-0.7849894522417387	0	0	0	0
3.3509272453780525	0	0	0	0
-3.6077163916925272	0	0	0	0
2.5140767551900254	0	0	0	0
-1.8473974680936038	0	0	0	0
2.1673438096676563	0	0	0	0
-4.992451591058817	0	0	0	0
7.8706721504749595	0	0	0	0
-3.581500339501943	0	0	0	0
-3.76757466495679	0	0	0	0
5.486539085456663	0	0	0	0
-4.498057203263443	0	0	0	0
3.7576533127272	0	0	0	0
-2.265877795922755	0	0	0	0
4.072133033737529	0	0	0	0
-9.906644540141706	0	0	0	0
11.678150979226594	0	0	0	0
-4.972853641434696	0	0	0	0
1.361591697458664	0	0	0	0
2.2459452401045112	0	0	0	0
-15.650424628644778	0	0	0	0
20.095561339434845	0	0	0	0
-9.759075726959253	0	0	0	0
4.234503543151938	0	0	0	0
-0.612231484151387	0	0	0	0
-6.2092070857812445	0	0	0	0
13.156531290703299	0	0	0	0
-18.620502497228735	0	0	0	0
19.058387627400002	0	0	0	0
-14.17544588015857	0	0	0	0
6.0268215141895425	0	0	0	0
4.155007329565137	0	0	0	0
-11.096144509960155	0	0	0	0
11.62185458058233	0	0	0	0
-10.97510482811547	0	0	0	0
3.7669715986335888	0	0	0	0
-0.7856049605838393	0	0	0	0
-1.7026321328460057	0	0	0	0
9.54484527274817	0	0	0	0
