-0.031559415282664816	0.6278203482422668	3.2708061348475894	-0.37722039076767544	17061.558756808594
-0.5385373883975788	2.5685062842035293	10.256040479794336	-1.8390602732937538	17061.411919741604
0.9126031339412535	2.5388717383801023	-3.870766446622838	-8.171404235593855	17059.622085633415
-0.6548807974091702	-4.122282681666469	7.3813104146886275	6.08100373300303	17062.621891392206
1.0457200042096773	2.271631357981228	4.330110419308653	-8.126178873622123	17054.393090994083
-1.1031828879905845	-3.7151950337313977	-13.219950676036092	64.5023548657266	17087.71615631911
0.38182471099922566	0.7605912188648958	5.970963600217587	-34.84823864895736	17061.516141773984
-0.48692890522015375	-0.8225482482288982	-4.476734715377461	136.76747771661883	17083.905047660453
1.1105206723909475	0.5213500719165864	3.651118336033477	-8.113120060079154	16950.052624640895
0.23120400642664407	-24.59877218078684	-13.591107861784224	17.019574686063834	17088.723300402875
-1.7855781581175947	2.085978812765376	-5.878585335496652	-29.966041345882587	16707.81760012397
1.6444696639686285	3.497622592605026	15.131376401502152	12.677194199848714	16558.52734865609
-1.058820548953392	7.740590457931511	0.22704966830661988	10.8666504186276	16694.941204680406
-0.8374026831783681	-4.463958788727659	45.978560614163015	4.19330013247837	16727.997172128293
2.1347264517420967	-4.5133633090492395	-4.657787447304358	3.30838924931156	16834.46602040838
-0.8565527823464691	3.4918221448060223	-6.291335908488321	-5.00231191476847	16818.82830923081
-0.4830049727567811	0.9706312903612826	3.100892523613865	10.783968023077435	16779.762912043818
3.6753258237254585	-4.398656008575195	-2.4457413025501324	4.710999147378985	16723.73176942456
-4.153380353281015	-2.540446791942614	5.590604503182817	-7.934258713286184	16692.39933196028
0.0932655259307893	31.849906712028726	-4.542893995528587	-4.539181671377719	16739.1961623756
-0.6709975820387015	-4.042458331555444	-16.494494893897738	5.517990943758335	16778.387221765646
2.3627750694758944	-2.842224186996816	13.618092956172035	-3.408255964307301	16764.940657381674
1.4889823809889506	-57.54957282145276	-23.515757353864032	5.056739382160643	16739.184093118427
-2.7661637535852037	30.261445515117074	5.547034399059356	14.087724523473867	16775.428111175777
1.5318847453604576	-6.355825770031757	7.545061592602892	5.5370383924894355	16781.497244436836
-1.9650864452745296	-2.6436184992586362	-13.900439106967468	-25.70573870308384	16827.227456058692
1.2614347973821936	1.4715914224746172	0.9499615489975639	-37.92985619375773	16724.050057904376
0.7639743241047441	-0.5473348050200428	-2.4050165457858554	47.45106537812647	16601.39083507264
-0.7171824329574008	-0.11653593496512116	7.292200263194786	-7.015976580794629	16403.886625089483
-1.312601932705526	0.08375795432968403	-9.722545217785054	-5.901414483107445	16567.81077877929
2.076251326536706	0.3566904161943967	4.830129597088984	-121.47555850931329	16710.682600949804
-1.022045742977241	-4.641067355639457	0.5779877120841519	229.3208181470606	16736.22012184292
1.7889950532213916	1.6998214151143287	-0.07572877408266265	-96.5587544005023	16599.0235947765
2.559354380678755	-2.6397570979932468	4.66200889181134	57.22255429909006	17205.611630040097
-13.197159489902702	9.768935865534566	-3.1258124465275614	-32.30395712877021	17556.282783199265
18.14527440707151	-0.5167839265347496	0.17848608369838814	8.568395042772295	17494.978967241863
-15.370292153885423	2.6310416672137578	-6.2490532719278775	19.814008001801795	17539.12879095809
9.269527683979781	5.7097366258635915	0.5266332557268214	-33.71962979443981	17472.548989843748
-1.859569534791973	3.577172953014916	-8.08117820535604	0	0
-1.1032179304507892	-0.3672010962505823	1.0785357525051467	0	0
1.651539407876463	4.08993991160807	4.052448048627625	0	0
0.3221310697879929	-2.748583272751901	11.361459125848512	0	0
-7.39857762154864	2.285809454515416	-12.375273935796585	0	0
10.066593733735964	-4.68037952102317	12.847891062226822	0	0
-4.814747811399016	4.045599091656875	-14.683500506144043	0	0
0.9972569218711982	2.652860638188436	16.153026855683905	0	0
0.5023550010490894	0.7620290307898259	-3.2994712150703265	0	0
-0.9313183831866212	-6.932434456274173	7.359603657150942	0	0
0.7035223642719046	1.5536230261111896	-4.169978659980686	0	0
-0.5756577870126378	-1.2944351954161846	-23.910219233801314	0	0
0.4707599193626706	-4.382549389353493	23.221683836639073	0	0
0.540249591911909	3.6405862213871956	45.30498195688615	0	0
-0.9932840554593909	-0.03867034945731973	-12.756753465973148	0	0
-0.408192082609915	2.165346590873355	0.9867738438376961	0	0
1.4483644356074308	-0.3997349230104774	2.781687332252602	0	0
-1.0964545713744513	5.401490844344714	-0.8036622037364225	0	0
1.3873493772267764	-5.438680343913447	-1.7797179654371718	0	0
-1.6912948961194445	-3.3385102484379985	0.2685002713432709	0	0
1.0369347655529992	-8.67342081915011	-19.53424963376561	0	0
-0.3995090708497955	3.2215588740768695	176.21469614058944	0	0
0.23818299792451825	-0.5320290781179651	-77.2536590680265	0	0
0.8721508596123186	-0.7264838985273201	13.568930239545551	0	0
-1.8313711131272896	4.595681197541275	3.919945865897205	0	0
1.0967000472348687	-0.8923204374820202	-6.208101177141941	0	0
-0.9197999880037457	-3.5263481035160424	14.521230608933251	0	0
2.7837324013957954	4.955689801452259	5.316504050681445	0	0
-2.657603461959539	-7.217276235755236	-0.9050417127626247	0	0
0.8643978665046248	1.2731646296332215	1.09903071386222	0	0
-0.6864663172895007	0.5814596460822798	-12.163659685309852	0	0
1.3332694902996067	2.049108605484193	-10.237832036075929	0	0
-0.6593901299605136	2.468137814778565	0	0	0
0.5200884543736919	3.32583972508521	0	0	0
-1.0138120642282615	-2.964967821635696	0	0	0
-0.7036619213497488	-6.308381374358774	0	0	0
3.3732726649701164	-3.5262021286473484	0	0	0
-2.759571774611068	10.464456976402246	0	0	0
0.7626076003321813	-5.736712312624	0	0	0
-0.00706288086185225	-0.7571122205651122	0	0	0
-0.458688549846471	0.36618511199873893	0	0	0
1.7276502390584483	1.6377913852735517	0	0	0
-2.1433786993197117	-1.8263975290137537	0	0	0
0.7054266641113784	-0.5637172614209831	0	0	0
0.3989623430202016	3.283682405941178	0	0	0
-0.3502992118076875	5.98833067760485	0	0	0
-0.06312296442689558	-5.078917066888188	0	0	0
0.5373120135169813	-4.899493144382589	0	0	0
-0.8607469612800926	2.803994126371208	0	0	0
-0.5186978847505657	-1.920694040750746	0	0	0
2.601871456371555	1.9257476613127196	0	0	0
-2.7368447321687484	-3.057388612274252	0	0	0
2.605635552383248	0.6980471019347405	0	0	0
-3.2055096378796435	-1.9737274884550686	0	0	0
1.6106110134763156	1.1404057232538705	0	0	0
0.947834949926893	0.1613897086109688	0	0	0
-1.2023519167490448	3.267673188568793	0	0	0
0.9981652673794628	6.538273298262816	0	0	0
-1.55280732550424	-15.049391398886875	0	0	0
1.0134746256540907	4.148412446469315	0	0	0
0.332193740908032	-1.9255219637101249	0	0	0
0.008540153842609755	-0.12383110126718577	0	0	0
-0.7222260879636409	-8.805418414602059	0	0	0
-0.08375761473731558	-1.1869167209977718	0	0	0
0.2190976147137107	2.3214353190785957	0	0	0
1.0148206446192134	2.675293220915293	0	0	0
-1.0773123473717092	-0.5235764654665616	0	0	0
0.4138587407333745	-3.4286963357109386	0	0	0
-0.4292035529655607	4.3996633403444605	0	0	0
0.15086340816971955	-6.530512769946434	0	0	0
2.080347972298142	5.991136719880025	0	0	0
-4.1475959802433024	1.0088684586288537	0	0	0
3.4854946295609324	-0.5070863345647467	0	0	0
-1.6989329454095383	2.9069294925830462	0	0	0
0.7174227319578108	-5.256034031964617	0	0	0
0.69185148119535	-0.2484660487246444	0	0	0
-2.3742664324830542	12.135612233877389	0	0	0
2.006966413776631	80.1222140220051	0	0	0
-0.8580160883806514	-45.973489404377204	0	0	0
0.9159685525087653	2.5233124338509825	0	0	0
-0.5715011774432028	7.446871782080976	0	0	0
0.11889781523935739	-7.306266668593622	0	0	0
-1.0469977719962031	-2.9587117476348936	0	0	0
1.7259006754958506	5.530294602373161	0	0	0
-0.40775146805933105	1.46661201744503	0	0	0
-0.7933288386143857	-2.150832556994473	0	0	0
0.83484832475893	5.239215198110671	0	0	0
-1.1646130642699433	4.957434966854507	0	0	0
1.2388817998732478	6.607419607992284	0	0	0
-1.1165834659543492	-8.29377634239971	0	0	0
2.091185209275885	-9.113900141551142	0	0	0
-3.508547370026882	-14.119290391829992	0	0	0
2.6270463708255107	21.98336478318747	0	0	0
-0.27493373281305367	5.44597282935392	0	0	0
-0.37354166810603573	3.0679863277381827	0	0	0
-0.7216355162166934	0	0	0	0
0.38059252772450236	0	0	0	0
0.3118368328451808	0	0	0	0
-0.04865131101927034	0	0	0	0
0.11071453318930935	0	0	0	0
-0.7428593600664328	0	0	0	0
0.23673842103316645	0	0	0	0
0.9849173783266494	0	0	0	0
-1.5375207680176572	0	0	0	0
2.367625799350826	0	0	0	0
-3.1391525619795004	0	0	0	0
1.867107520029272	0	0	0	0
0.037865502710161536	0	0	0	0
-0.6431320503547013	0	0	0	0
0.9583618765605735	0	0	0	0
-0.5339777146226368	0	0	0	0
-1.5705097232565564	0	0	0	0
3.2300759191196207	0	0	0	0
-2.2266852609730137	0	0	0	0
1.0520352438987075	0	0	0	0
-1.2608313449254709	0	0	0	0
1.381099895159032	0	0	0	0
-0.819688152905286	0	0	0	0
1.1930016900510978	0	0	0	0
-1.19209959593271	0	0	0	0
-0.23642029933846942	0	0	0	0
0.9178628979266961	0	0	0	0
-0.5487255197729652	0	0	0	0
0.3017740102273905	0	0	0	0
-0.9453287741316245	0	0	0	0
0.5912442895740924	0	0	0	0
1.4057993460290064	0	0	0	0
-1.9223489697661762	0	0	0	0
1.1194546337543443	0	0	0	0
-0.9770025015472825	0	0	0	0
-0.29401759728183663	0	0	0	0
1.9050956935890468	0	0	0	0
-1.101636746668916	0	0	0	0
-0.2862323150503556	0	0	0	0
0.13718472000535087	0	0	0	0
0.5795799439396774	0	0	0	0
0.36313087283808443	0	0	0	0
-1.4613842389960894	0	0	0	0
1.3263528869446048	0	0	0	0
-1.2753382722663886	0	0	0	0
1.2194894536208523	0	0	0	0
-0.04794686971811046	0	0	0	0
-0.7718937394684673	0	0	0	0
0.3953026220081526	0	0	0	0
-0.5073417315241997	0	0	0	0
0.3025037945142799	0	0	0	0
1.0381295464084914	0	0	0	0
-1.4344689016217558	0	0	0	0
0.7366929356388141	0	0	0	0
-1.5130754537377413	0	0	0	0
4.071260801613725	0	0	0	0
-6.969388188350315	0	0	0	0
6.282093719487797	0	0	0	0
-3.4913280865236587	0	0	0	0
1.5929368454410593	0	0	0	0
-0.3235208107914431	0	0	0	0
-0.24306737797264333	0	0	0	0
-2.6489246928158323	0	0	0	0
5.461938394312256	0	0	0	0
-3.864824459912626	0	0	0	0
1.2471267376413238	0	0	0	0
-1.28832632161879	0	0	0	0
1.2005225138582034	0	0	0	0
-0.14718356510928743	0	0	0	0
0.057357580719390455	0	0	0	0
-0.16418204346121001	0	0	0	0
0.4470977225902075	0	0	0	0
-1.5997822647967155	0	0	0	0
1.9963086418820808	0	0	0	0
-0.6399254390510265	0	0	0	0
-0.2729595156436275	0	0	0	0
0.09561241312444224	0	0	0	0
-0.1353886686059056	0	0	0	0
0.047383435482771574	0	0	0	0
0.2811749205061176	0	0	0	0
0.9360896001373433	0	0	0	0
-2.207707239600694	0	0	0	0
1.6395556062863577	0	0	0	0
-0.8842051403217255	0	0	0	0
1.5215513569131431	0	0	0	0
-1.6953077338403233	0	0	0	0
0.8673321538834742	0	0	0	0
-0.431839067191909	0	0	0	0
0.6069086944064139	0	0	0	0
-0.7888293204806018	0	0	0	0
0.7768120504925733	0	0	0	0
-1.0236065719182719	0	0	0	0
-0.05691687947023638	0	0	0	0
0.7913364349119973	0	0	0	0
-6.307751411741883	0	0	0	0
20.001461349676447	0	0	0	0
-23.022206647544202	0	0	0	0
11.574109770085904	0	0	0	0
-3.6364256383360356	0	0	0	0
1.7046186861006163	0	0	0	0
-2.2567671427357396	0	0	0	0
3.0273665582328633	0	0	0	0
-3.7238016411594117	0	0	0	0
4.337428969610237	0	0	0	0
-3.045880665378732	0	0	0	0
0.0952573418825935	0	0	0	0
1.5663255761415513	0	0	0	0
-1.3888042625511758	0	0	0	0
1.3000592821333754	0	0	0	0
-1.048317054228228	0	0	0	0
0.22204245165680447	0	0	0	0
-0.2710484185341713	0	0	0	0
1.6309327543181737	0	0	0	0
-1.9826015989666885	0	0	0	0
1.6269730440087002	0	0	0	0
-2.275675337316777	0	0	0	0
2.3794928633292542	0	0	0	0
-0.5858310508359992	0	0	0	0
-1.494974996390468	0	0	0	0
1.2557112759411666	0	0	0	0
2.6945962292925145	0	0	0	0
-4.926506964876673	0	0	0	0
-0.6884521140904312	0	0	0	0
-0.18429232278430163	0	0	0	0
3.842734533304423	0	0	0	0
1.1458795018970562	0	0	0	0
