-0.965910705518418	-3.3973504334059186	-34.14414141768337	3.9137625084893557	16511.654038836365
3.9588390371308364	-17.481368554390414	-107.82317558130644	17.055660777069548	16509.645908895487
-7.19031858941819	-37.58889649415386	38.841549829129406	27.065881041029172	16524.477335505642
5.416397829062085	16.887351007787068	70.28257191306685	74.56950278699072	16515.694153506105
2.8279447535141387	-11.550324083655909	-42.97277754705867	21.51985834308273	16500.588162451695
-5.128931330028948	-1.6693315219528913	22.988361004082122	-35.11635097662493	16545.409958785807
3.4541937093555504	0.7744453177526864	-13.225556831099624	-33.310356189389424	16815.227330494185
-4.656716276646577	-0.698044487653867	2.063350136019835	19.20392399825728	17049.546527958177
4.9374682898683915	4.163306402815138	22.67700140016474	-14.749356597826662	17015.503721711666
-4.344083507726175	19.08020004757799	-2.3849792718957445	-87.27722961341208	17182.443833904475
4.614960986191193	-7.817068596468282	1.2538898672112424	-8.466097044657403	17376.21573867167
-4.373004483647428	2.575492543847517	7.333279118130434	-8.613633484113251	17291.81636427798
2.9452409879322587	-0.7327250592022168	3.44400926319841	-8.176452475383684	17169.473589322573
-0.7251112671650546	3.7580399316162456	-13.901356912191858	7.14266305323261	17635.94036156548
-0.7092481677396094	4.752472825838325	11.024453628258229	56.84825341759165	17692.67878265994
1.4076932842363377	-9.753747721657767	-3.1854580491547324	-43.22240702153749	17587.612420642683
-0.34554209850907114	1.442287297973607	13.651816543367488	-14.859555042067257	17539.078808436778
-2.11567464967505	12.890861959208053	-11.73845020247417	-20.052669087087537	17170.432743834266
2.344904490424973	1.5561538055158408	46.084761896170505	36.367442996985375	17217.240220412263
0.5072135614713602	9.761931669177116	-17.3955624210153	-3.357858235021695	17153.523219515824
-1.9183705473900474	15.412627805090686	-22.254488410064326	10.684988865293633	17143.782864830286
1.5195947430855625	-0.7142761021321888	13.126395672443735	3.2278596257717993	17104.259365139864
-1.9738111373001388	5.916482474777453	-9.380708334676697	-32.01998280777022	16927.787901812982
2.569811402447435	-10.143790556925211	-1.4831719409326212	30.274987915724978	16772.995282752818
-0.9122498226079614	-2.5499774884873574	-8.992722634197435	-15.104092046735133	16664.04872989007
-0.14601498045827555	4.61079621648085	-3.4271310136116	1.8375993546370637	16643.94125407184
1.4009628397411262	-3.2704898949720587	10.255691832265825	-15.502149447613974	16696.093076893652
-4.438473010509263	-3.5406818973652747	-84.26999541527529	12.47903262543096	16597.910205126813
5.959937368808184	1.734731159568156	105.1703833563512	8.728284596147034	16490.526873768627
-2.9953216823687114	4.604346648930559	-30.1367929375174	4.635480171375789	16421.19562405521
-0.771408973663462	7.725602121585467	16.08258787162491	61.59953492373113	16360.498559456373
0.8529042313368933	-4.748754549269705	-17.164986608340485	50.47149025377408	16405.897874235085
0.9232655944959092	11.628179865453404	9.653534041639205	-48.57739529874199	16440.625246712174
-1.884696549145147	5.211044384260944	2.991514237169966	-23.13374241375726	16212.224215840582
1.2985963664607922	-3.238358855895939	-11.853617311007696	103.78310138830656	16555.46702538515
0.21145607793848598	-6.8754892412165844	28.71384480174858	-40.089057234630985	16193.528869146627
-1.756194768112728	19.323591331793054	-7.116367363338881	-77.77853817265738	16229.131261845352
1.1978769582566429	-10.626419603779382	-4.114221690123301	63.249787509148234	16602.614441582355
2.24150082943018	10.200928060600305	7.323608892059099	0	0
-4.813170532713819	3.0263453778297986	-11.912179324582638	0	0
3.41305633403978	-11.102513572006075	2.8011454732270664	0	0
-0.6117980280875841	-6.565455637384261	-1.165837997626582	0	0
-1.855874021332582	14.309508015960446	0.37718250369248096	0	0
3.8274313042685293	7.327865156157458	3.3734703595091986	0	0
-5.008954666346646	15.322177948066766	12.738248166083537	0	0
5.312302047154944	-6.865668027659879	11.551935229128645	0	0
-5.1620878753904975	-2.121575561280224	12.980302845377366	0	0
4.547142642421598	0.3752374999438075	8.343347674091959	0	0
-2.54014039318087	1.1134778383901676	16.277985985924744	0	0
-0.2919034658315667	-1.5434039740472372	-16.09144357080065	0	0
1.7171966565911347	-11.550915473604647	-8.139130417536748	0	0
-1.731134675443748	-33.928163923914894	-14.70908634538688	0	0
0.43158629504618773	32.20812609178759	18.29513641609988	0	0
2.011638485617226	24.54356006843092	-11.640754233447623	0	0
-4.6659745741427585	-21.8992492677054	-17.60980447839792	0	0
4.413891886607004	-0.04219866951445539	15.612191577953908	0	0
-2.441073484483532	-10.704929173929756	8.156939757169539	0	0
2.4154064766357877	-2.240976806944005	8.520572469782493	0	0
-1.8885385455497996	-2.6748823085227116	-34.42691134531495	0	0
1.0338983608229881	7.989476628706967	29.3815853012388	0	0
-1.594003871210603	0.010627085819777449	42.42541039771433	0	0
0.5536147888759615	-1.41660012039047	-38.07774792358066	0	0
3.0904908993341564	11.09836195610606	-63.039029243281774	0	0
-9.044089648878135	-2.3613336354217864	7.477962416464337	0	0
14.100351304399936	-8.930177058851115	25.868587879868045	0	0
-14.301839599732247	-12.158443747191242	-24.091384435899883	0	0
11.590610849994846	-0.8138929202877847	-2.7740585906664563	0	0
-8.277761098762213	11.568884738293264	4.1129535623637565	0	0
2.85501911703237	-3.886299811249188	16.098330327598646	0	0
0.87589257172759	7.279543663580938	-24.69226593639803	0	0
0.4760856813325418	-1.967209040889344	0	0	0
-2.6778636848154775	-3.3278732765358896	0	0	0
1.8329256621370362	0.733819481781417	0	0	0
-0.6356506946851468	5.794187185402265	0	0	0
-0.20732280700261185	8.031990847133336	0	0	0
0.6282174521706594	5.66529245907163	0	0	0
0.4326417313396078	6.665215446720083	0	0	0
-1.8091149443482877	-7.859565783073151	0	0	0
1.8032800927883414	-3.1829208892018315	0	0	0
-0.13035293786823132	-1.9545447556388282	0	0	0
-2.2430405868940966	0.05131189791973867	0	0	0
4.369282363030926	8.956041055805734	0	0	0
-4.717087003641566	1.742371374804982	0	0	0
3.6392588823161844	-2.7657977240430753	0	0	0
-2.655963520060986	4.02282782883524	0	0	0
1.4681595044220757	-0.9787665165668926	0	0	0
0.8637940738527874	-3.628676350809293	0	0	0
-2.847753348439717	11.44302509853707	0	0	0
1.7604935198072837	-2.192867878480307	0	0	0
0.5850302112963135	-2.904022489118802	0	0	0
-2.098934890588204	-0.04694039061828903	0	0	0
3.857638014229046	-5.1459779952176135	0	0	0
-5.455224386164986	-7.664015952418133	0	0	0
5.2142746332659655	2.76452238593167	0	0	0
-4.057651736876423	-2.6362861522926764	0	0	0
3.574313951754746	-9.142839489353413	0	0	0
-3.503141595411755	2.989122493261931	0	0	0
2.6926502105939676	3.809978089411352	0	0	0
-1.209105602373306	15.364444544217086	0	0	0
3.3655150496128243	5.890446594100062	0	0	0
-9.731083954780075	-5.753472702131916	0	0	0
10.299963665060076	8.260635122729276	0	0	0
-4.1280181302421965	-10.041644745158798	0	0	0
-2.383871067032281	16.129669825789435	0	0	0
10.753656226356938	8.276839242032523	0	0	0
-13.315217038549456	-7.168685517411802	0	0	0
7.989131442488031	-3.3906504768389922	0	0	0
-4.704398746495642	-0.879818950008648	0	0	0
4.078172154315681	2.6149337406080946	0	0	0
-1.6724393963161646	8.940021721356857	0	0	0
-0.7985020681207047	15.9630206959703	0	0	0
1.3613606508474376	17.102026229527965	0	0	0
-0.5372138671245423	-6.652645634465891	0	0	0
1.569800521608613	1.1648395895385235	0	0	0
-3.4198078492356174	-31.07570660438013	0	0	0
4.554320073724995	5.963893232218844	0	0	0
-5.039278874178102	-4.0304640364584685	0	0	0
3.9519599075127587	-15.111272994842551	0	0	0
-1.6764474564781935	-5.32848145275306	0	0	0
0.6251882221530423	5.051875304260591	0	0	0
-0.9257195053186322	0.6551796268868912	0	0	0
0.1312779946828897	11.33122036700054	0	0	0
1.7231685977312452	18.940777396887647	0	0	0
-3.145805954204711	-6.5617519214982	0	0	0
3.5027750173697214	2.956942708391992	0	0	0
-2.5119323046420305	-6.084289776198204	0	0	0
1.4939774662396204	-1.6238122282717384	0	0	0
0.3226685422040205	4.365166524679211	0	0	0
-1.875558059355626	0.7488547889742279	0	0	0
2.1364487230793614	31.79594580514287	0	0	0
-2.585681358208028	-45.23387773469772	0	0	0
1.375970481422577	13.396774290095863	0	0	0
2.3644564714289302	-6.4981670943436	0	0	0
-3.4271931700074987	0	0	0	0
1.458148610481885	0	0	0	0
-0.17542583096309272	0	0	0	0
0.6100890314278047	0	0	0	0
-0.4726217317373056	0	0	0	0
0.16851663418233187	0	0	0	0
-0.5991596319275772	0	0	0	0
0.3241032896965379	0	0	0	0
0.492966685178736	0	0	0	0
-0.6262852374315102	0	0	0	0
1.2285910842441865	0	0	0	0
-2.155996681065446	0	0	0	0
2.0528123432580543	0	0	0	0
-0.7330753660956546	0	0	0	0
-0.9171095363591704	0	0	0	0
1.5177807102192986	0	0	0	0
-2.598562027629626	0	0	0	0
3.2991571288537145	0	0	0	0
-1.6952082882449133	0	0	0	0
-1.3486244541667958	0	0	0	0
3.601180851842372	0	0	0	0
-4.9982260199355935	0	0	0	0
5.2942876556163725	0	0	0	0
-4.127303818795902	0	0	0	0
2.154605113374423	0	0	0	0
-1.3459497052958582	0	0	0	0
0.4219255140511464	0	0	0	0
0.5056714507414242	0	0	0	0
-0.12695137949386748	0	0	0	0
-1.0977426665096104	0	0	0	0
2.1219719083139807	0	0	0	0
-2.864025237575646	0	0	0	0
3.6624548816980322	0	0	0	0
-3.8294914169734398	0	0	0	0
2.6491200969622426	0	0	0	0
-1.9690734490451334	0	0	0	0
2.456691558131851	0	0	0	0
-2.843166334340964	0	0	0	0
1.1620843435556267	0	0	0	0
1.1848418537157386	0	0	0	0
-1.8164468287576838	0	0	0	0
0.7308905314183534	0	0	0	0
0.3009564238180289	0	0	0	0
-0.8243417222031653	0	0	0	0
1.4876549232068612	0	0	0	0
-1.9942520727596218	0	0	0	0
1.0675393813137006	0	0	0	0
0.14230091719702642	0	0	0	0
0.39090364643200814	0	0	0	0
-2.0736700290323284	0	0	0	0
1.3790644587854217	0	0	0	0
1.3897497485814583	0	0	0	0
-2.7326937585613322	0	0	0	0
2.2935501621691685	0	0	0	0
-2.3780170141336683	0	0	0	0
1.7996000290514615	0	0	0	0
-0.7079447470040634	0	0	0	0
0.5374612268223089	0	0	0	0
-1.0171364946643493	0	0	0	0
0.8373446953056671	0	0	0	0
-0.9724451540688577	0	0	0	0
2.6985512007053956	0	0	0	0
-3.2106698103320213	0	0	0	0
1.9429781360276408	0	0	0	0
-1.3820353234902925	0	0	0	0
0.4621039234313926	0	0	0	0
1.5845536825734925	0	0	0	0
-2.1427803705487207	0	0	0	0
1.8075542533087514	0	0	0	0
-3.4616688978750076	0	0	0	0
4.949914378248323	0	0	0	0
-4.16449382568198	0	0	0	0
1.9347698794144819	0	0	0	0
0.17517322860116735	0	0	0	0
0.24751201256630395	0	0	0	0
-1.499389676041666	0	0	0	0
0.6639255717797212	0	0	0	0
0.06658834042548989	0	0	0	0
1.1620755630723494	0	0	0	0
-2.177957094455728	0	0	0	0
2.9327833320496026	0	0	0	0
-3.7535262641493716	0	0	0	0
2.2489162858037304	0	0	0	0
0.2560868268540162	0	0	0	0
-0.696493339065654	0	0	0	0
0.48800502260171186	0	0	0	0
-2.5720826639742427	0	0	0	0
4.272332450403354	0	0	0	0
-3.040918978623097	0	0	0	0
1.1533678346473053	0	0	0	0
-0.9082183229359373	0	0	0	0
2.8508186606698374	0	0	0	0
-8.125265455866575	0	0	0	0
9.930423680462916	0	0	0	0
-6.968311373125303	0	0	0	0
5.17648312193807	0	0	0	0
-3.667730472962816	0	0	0	0
1.3749320919861105	0	0	0	0
0.11629202688948936	0	0	0	0
-1.5307987174493505	0	0	0	0
4.57474975430749	0	0	0	0
-7.964967794339195	0	0	0	0
7.199393388828128	0	0	0	0
-4.393180432967213	0	0	0	0
2.440425011863937	0	0	0	0
-3.3305287093206815	0	0	0	0
7.848102356438773	0	0	0	0
-13.40432822653031	0	0	0	0
11.783383550584126	0	0	0	0
-5.563556821768557	0	0	0	0
3.577835195735581	0	0	0	0
-5.0802173077685	0	0	0	0
4.868696765246092	0	0	0	0
-4.522739446335706	0	0	0	0
4.169293264651294	0	0	0	0
-4.9185456281134705	0	0	0	0
7.721236870994588	0	0	0	0
-9.134000443005647	0	0	0	0
6.9696183162895124	0	0	0	0
-4.739232917898221	0	0	0	0
3.528159324492229	0	0	0	0
-4.121553446103135	0	0	0	0
1.4572018929855517	0	0	0	0
-0.694615881415892	0	0	0	0
-1.7514843859413673	0	0	0	0
5.817906567769882	0	0	0	0
