0.11578849406284064	0.02537093089592446	-2.012218467015714	0.02041315955099776	16849.224010365942
-0.2083859123045002	-0.007264015638149601	-6.1946064698414744	0.39200539747164953	16849.148389922386
-0.2345424631631019	1.985433946382308	2.9835060600657073	3.428232871763271	16850.155840320655
0.2687059425201568	9.42569247902879	1.916669522564888	3.3942593571123467	16849.020113087332
1.089947012167329	-2.810683815761422	0.7635226593755959	8.696303698657132	16850.69056332238
-1.6123201064206611	2.3945728442899252	9.455242549902763	-5.4603559543529485	16843.60511057143
0.41880464905657533	-2.638688339997927	-5.713469792602353	12.75998865468948	16846.959924028946
0.617667195797452	4.582024063285253	9.323131855856815	6.0952099025750215	16804.684544198997
-0.7434564098381031	-7.766967973188017	-1.8145257613904135	10.176841106095452	16850.39359686563
1.3956146314521263	4.208728414327027	4.918420701535268	-3.671026244257419	16867.36338490395
-2.3187064572285934	-1.104951043600778	-5.104680238286875	3.626268718799821	16907.385012752075
2.5193026294624374	5.099222191035295	9.643399696438507	-7.27177897289863	16944.170629296128
-1.4749250958183637	-4.4803981745867745	9.511698807835515	-18.133073325964105	16946.511791827335
1.3519873142501382	0.7247309048233177	-9.305011618088969	17.30264128478592	16951.54151066077
-2.0075940361695643	1.3392784374076854	2.486310164224335	-11.547253039441657	16897.86133673319
2.028112128526388	-4.772308788030479	-2.335151399262031	4.702282378629775	16878.804407330972
-1.3843402347282847	-4.609871951944882	-4.158357061587765	-10.26421017133788	16941.419970295443
0.22508408433163396	-2.125701865384144	4.44506539841295	-13.47081031771225	16989.98345588315
0.6025359765780891	1.2099506046355373	-11.731877921711089	-1.3423872187248094	17031.699333596705
-0.6658090876323115	-1.4745993427792712	0.6135951551669763	16.111107509980272	16995.57882058989
0.6307202051552778	-1.0718163572707269	-0.5463703640153881	24.602246118216755	16957.35107045134
-0.5636018256321691	-3.9701843556672785	2.70152899880334	-19.56826557067164	16897.72799149309
-0.4473227872595871	6.055397264708915	-0.2619675453603918	16.218783314467288	16951.02327670418
1.6364004575624804	-9.02288443659883	-1.8067511163842198	0.20243159265018562	16993.943960165998
-1.8573008662251667	-4.996106105778232	-6.047956543936849	-2.96769534499262	17069.880629868218
0.9178262384513047	6.651471870724343	-4.6235166233181815	-5.702517850581785	17061.787192713695
0.31613551880947455	-3.3026887028119276	0.26356282669654263	-0.9928835311394835	16871.44359528935
-1.665193761470043	-3.606302835240328	2.2289739044064163	0.5499952981268734	16878.015027807607
2.5313842242700204	-1.2382475714015158	2.38028538600598	-8.862730325032302	16854.599839063216
-2.385369882121452	-3.200027569933553	-4.101044502274249	-13.002267690211042	16845.785719793275
1.0753171829238042	2.04453427439271	-0.5298612751925873	13.996321789512479	16893.38066054023
-0.05738246183790352	4.628439630449414	0.01456047100829494	7.7961893059037095	16837.024489454816
-0.6594577594269069	5.611873134043691	7.074673014648241	-11.759159175698429	16775.25183796275
1.311131476204494	-5.218473490514825	-2.5661237262379757	21.886963109319552	16719.032331656956
-2.006589974481983	5.94802379812262	-4.277436398123982	-6.334503532645996	16686.695123811824
1.6573679306182072	-1.943831289144562	2.0684390682825438	1.425676531398878	16636.835978346113
-0.7967409124885094	0.9970344214346554	7.141264458170127	-0.49360951766121275	16632.22561104926
0.4757583660720428	-2.3127288089388003	4.858444271901703	-18.210298559357398	16624.98738637545
-0.0574953255748909	-5.225915194120411	-0.14903809763670495	0	0
-1.2267590700080504	2.9407239397717717	-4.701182081164447	0	0
1.3255251358643676	-2.4669780300371826	-0.502639924905921	0	0
-0.8548953605641714	0.4179477276933028	9.097495490028365	0	0
2.030722848277165	1.5996674195355496	-3.0625110142358096	0	0
-4.326649580284588	-1.1587227249092749	16.532865505006413	0	0
4.640916035437847	0.6166917422979665	-6.885941641025681	0	0
-2.767436470094168	0.8910739569176798	-5.6030276913291175	0	0
0.7298748561117705	5.787662202865938	14.625427611833544	0	0
1.2983131037978453	-4.023474309979619	-3.850323503968255	0	0
-1.752222046516188	-1.4748007605806777	1.1273296816399494	0	0
0.44622479192330644	-2.333406870372265	-5.449638571646474	0	0
0.3582491190980335	3.792416962032256	6.331208533348217	0	0
0.1873760304947325	1.4351256889980775	-2.1879819670307796	0	0
-0.5474690111338489	-1.358426050417691	3.330423771657138	0	0
0.23608128283691343	1.1222544629954214	1.6647144733015296	0	0
0.3310969222867044	1.259825320540898	-0.6924891498565273	0	0
-0.44948569047995335	-5.600327061715525	-0.2028883308301488	0	0
0.4851236099631251	-6.406397393650394	-1.7151153763225722	0	0
-0.31357950176285954	0.32714146231996466	-2.6413189323287583	0	0
0.07450253637198756	-7.225625719509331	0.2828063256756508	0	0
-0.2696758641378878	2.2384322451431444	-1.970003144024588	0	0
1.377667952121449	-0.4936809729632614	0.7128850247574121	0	0
-2.2404366307918977	2.9865949811404846	1.13133461016497	0	0
3.058363148926823	-1.8216304681022635	-21.31521948158705	0	0
-2.9580246911947228	1.2563169892026949	5.465278677330389	0	0
1.0553746830409025	1.7944204284512182	-3.8464129306823907	0	0
0.9074700011892105	6.084208023091826	-3.1698878039975114	0	0
-0.627796982033054	3.185783103625937	1.8876614203955313	0	0
-0.2021351284122872	-2.5244932749023548	-0.9334600849361578	0	0
-0.021226682483970194	-2.7516218059455184	3.780742022768152	0	0
0.26815015510621976	-0.22933040789934012	0.9410904520168657	0	0
-0.1309034381237808	-6.955690691733004	0	0	0
0.4043514890706703	1.6105106345352667	0	0	0
-0.9194693215753134	10.15974860747631	0	0	0
1.0620705299739726	-5.828470170690146	0	0	0
-0.803246648379087	4.675899680605703	0	0	0
0.5671448935747065	6.045836528074119	0	0	0
0.33040612530210467	-0.570746896628016	0	0	0
-1.777725419204593	5.4048206877059215	0	0	0
2.0021394131925376	3.5380066069374294	0	0	0
-1.533166098578583	-1.9914374834019242	0	0	0
1.3651634543537128	1.3336311810802997	0	0	0
-1.2740200447678944	-1.125927920271181	0	0	0
1.0538149665679128	1.8984652771872632	0	0	0
-0.8064565475315817	-4.034459401862037	0	0	0
0.8487566271837608	-0.00911088378978775	0	0	0
-0.7325178367096683	-7.4235190613635496	0	0	0
0.5745785000333683	7.487189194742584	0	0	0
-0.16849176572100788	-0.4726093003673313	0	0	0
-0.026445698486277536	-4.637118399119018	0	0	0
-0.009026063686391694	3.4354951024772262	0	0	0
1.5224084574808714	-3.9097868174156574	0	0	0
-2.7001656780307357	8.837478317770831	0	0	0
2.5822434572045623	-12.968583074483732	0	0	0
-1.8690010868812692	5.654418465984243	0	0	0
1.6018479243217527	-3.7778059835395155	0	0	0
-0.8643327019072657	-0.04334822463838606	0	0	0
-0.4175614587271568	-2.191141590110348	0	0	0
1.2473356809249339	0.3300613225705362	0	0	0
-1.1215066541917835	-2.57498770189779	0	0	0
0.9189117204377624	-3.283532259677223	0	0	0
-0.791182424415048	1.8282564642687618	0	0	0
0.29795850950817737	-4.445583848446049	0	0	0
0.31740717278753294	-1.0825039975911395	0	0	0
-0.7576230421755241	-5.700982041579685	0	0	0
1.1592573436550424	0.8078972496573513	0	0	0
-1.893347283879251	2.4219593215235236	0	0	0
2.1868719146758338	-1.706404830207127	0	0	0
-2.216055154701756	1.1182505370360047	0	0	0
2.0530197188305337	-6.3399105859107365	0	0	0
-1.5453861698999916	3.1991412516703193	0	0	0
0.09063934149484254	-1.11671181173363	0	0	0
1.0642568873849214	-2.2796309729164292	0	0	0
-0.6802771359431077	3.854734404811218	0	0	0
0.18757318698759917	-2.9267966081804175	0	0	0
-0.4533529603195561	-5.933083313337704	0	0	0
0.6386045959428586	-0.20504434439857278	0	0	0
-0.29475991216839503	0.658513208002276	0	0	0
-0.19124043945939917	-0.4159655163142233	0	0	0
0.42548367288402744	-1.9938953505033439	0	0	0
-0.9512846181722807	-0.40065713898929545	0	0	0
1.4555876140832353	-2.166793063171305	0	0	0
-0.7953310346821354	6.577598243538098	0	0	0
-0.027969394535126924	-11.09888797128783	0	0	0
0.44465220329334443	2.257921027496508	0	0	0
-0.8961486041448552	-2.7829597020202925	0	0	0
0.9224335499787983	3.580407696427173	0	0	0
-0.6921044350182015	-1.4860989470149235	0	0	0
1.019512447983196	4.858696780288632	0	0	0
-1.422407931567598	4.6073417807618	0	0	0
0.7497552340096831	1.7040873701392982	0	0	0
0.1391611104299173	-3.8163505413625316	0	0	0
-0.5757483486821471	-4.886028921699378	0	0	0
1.2192360121606711	-2.436140367104457	0	0	0
-1.7127285376799009	0	0	0	0
1.1665663437712794	0	0	0	0
-0.09008121150431236	0	0	0	0
0.1023837684595037	0	0	0	0
-0.5063817450757213	0	0	0	0
-0.05888382308754814	0	0	0	0
0.2002921944592444	0	0	0	0
-0.14482547975514848	0	0	0	0
1.3354648780336333	0	0	0	0
-1.4405936247610143	0	0	0	0
0.7715370603876153	0	0	0	0
-1.2262095623804115	0	0	0	0
2.5812136432157686	0	0	0	0
-2.84780893522219	0	0	0	0
1.2798860087385862	0	0	0	0
0.12057954977263563	0	0	0	0
-0.6145776422013967	0	0	0	0
0.5353745282665088	0	0	0	0
0.45155970009323454	0	0	0	0
-1.7442966373052755	0	0	0	0
2.15986112776573	0	0	0	0
-1.9789994878847708	0	0	0	0
2.342342769563011	0	0	0	0
-2.518146565495215	0	0	0	0
2.2286561907754887	0	0	0	0
-1.8652154896078557	0	0	0	0
1.5615744845779531	0	0	0	0
-0.9815365068803246	0	0	0	0
0.3880535118846353	0	0	0	0
0.33886641552745544	0	0	0	0
-1.1038742404181576	0	0	0	0
1.6024964351458735	0	0	0	0
-0.10980594489468132	0	0	0	0
-1.5536147709731551	0	0	0	0
1.2167691570033483	0	0	0	0
-1.1361214772487997	0	0	0	0
1.7694432985646031	0	0	0	0
-0.9995247552592446	0	0	0	0
-0.7754584297583875	0	0	0	0
1.6591404233809826	0	0	0	0
-1.0423410783879845	0	0	0	0
-0.03079318336317982	0	0	0	0
0.826544893207668	0	0	0	0
-0.4535092688746758	0	0	0	0
0.06014265434399135	0	0	0	0
-0.2424162091884341	0	0	0	0
-0.2519571126124376	0	0	0	0
1.8707975255267044	0	0	0	0
-3.4758432331647526	0	0	0	0
2.802937058596207	0	0	0	0
-0.9554191652636135	0	0	0	0
0.784633573659427	0	0	0	0
-1.8872173536902892	0	0	0	0
1.9512684445602133	0	0	0	0
-0.762488114278483	0	0	0	0
0.26780537218898104	0	0	0	0
-0.6492477619135713	0	0	0	0
0.6640943182252883	0	0	0	0
-0.888183379967316	0	0	0	0
1.698415262470057	0	0	0	0
-2.52656330866175	0	0	0	0
2.542828550498349	0	0	0	0
-2.3402506953231708	0	0	0	0
1.7946575705997603	0	0	0	0
-0.4094842194259911	0	0	0	0
0.22020784607911992	0	0	0	0
-1.0206229914878904	0	0	0	0
0.988245831665246	0	0	0	0
-0.2138863375627693	0	0	0	0
0.015150753238401649	0	0	0	0
0.16431647604588306	0	0	0	0
-1.0358026369091533	0	0	0	0
1.6623200934394688	0	0	0	0
-1.3120288562276983	0	0	0	0
0.18834043386156907	0	0	0	0
1.0293501357477481	0	0	0	0
-1.8175339615330728	0	0	0	0
1.9708969199336437	0	0	0	0
-1.6239835880746583	0	0	0	0
1.9897685298293055	0	0	0	0
-2.737133976848476	0	0	0	0
2.34173643615906	0	0	0	0
-1.4549375201109243	0	0	0	0
1.7827984720523418	0	0	0	0
-2.617190809925475	0	0	0	0
2.5621776909072267	0	0	0	0
-1.8908158495484528	0	0	0	0
0.9101159824500584	0	0	0	0
-0.5687918627956563	0	0	0	0
0.9555770667388046	0	0	0	0
-2.1472972815067948	0	0	0	0
3.0784011027940252	0	0	0	0
-3.117134046666557	0	0	0	0
2.845527504137273	0	0	0	0
-2.5494674266268618	0	0	0	0
2.1665894676755784	0	0	0	0
-1.5512313698151132	0	0	0	0
1.6622919795604716	0	0	0	0
-1.3903642812201937	0	0	0	0
0.7617747614955022	0	0	0	0
-0.9130428876039076	0	0	0	0
1.4094909180145763	0	0	0	0
-1.5665150907631258	0	0	0	0
1.7197241162987211	0	0	0	0
-1.9562928107122062	0	0	0	0
1.3702178264287426	0	0	0	0
-0.8001694322052515	0	0	0	0
1.4494531249807991	0	0	0	0
-3.340243831152897	0	0	0	0
3.341288349614331	0	0	0	0
-0.5524712185482628	0	0	0	0
-0.7903773186241025	0	0	0	0
0.258849356266559	0	0	0	0
-0.27979283982001135	0	0	0	0
0.5253776294448045	0	0	0	0
-0.15844963153506342	0	0	0	0
-0.2625709274766379	0	0	0	0
0.18929088379671555	0	0	0	0
0.3006717223205513	0	0	0	0
-0.7866141186340982	0	0	0	0
1.2305234164914793	0	0	0	0
-0.9005231306527506	0	0	0	0
0.17779462534908674	0	0	0	0
0.1196358812321705	0	0	0	0
-0.39306195817142253	0	0	0	0
1.098691413610247	0	0	0	0
