-0.21514670728586793	-1.4194020862633252	4.881202292698035	0.15653847212284688	16949.31465807871
0.795040112880173	-4.424320935441102	14.829567697396243	-1.423109383477069	16946.318307514866
-0.7696357497415818	-5.180428395328384	-19.306380633351353	-28.765897018448243	16944.994813800702
1.6231914402852468	4.4583485420410724	4.616978239367754	45.72696078423847	16953.755376011868
-1.7371228052019845	-7.741971227709961	-3.148033616769723	-12.700731859375168	16915.180415436796
0.8818608860270558	2.944844521675641	-16.218674985427754	19.463590312934755	17056.83190891685
-1.2107284632443367	5.761658138623787	18.979087436573067	3.2679861884557226	17003.163736071914
3.125855240233115	-8.314356763959623	-7.556098343092927	7.3312403440825165	16927.569655294927
-4.12428937760783	0.6577680428351584	1.02509657554684	3.0895518909177895	16934.511561089304
2.4554388010438046	3.1618540624914004	6.2096975498565	-11.639051163728226	16957.561850321454
1.2228512696579088	-2.424992498863034	1.6032366898953256	-23.405930993594424	16965.580270920484
-4.329411131233876	8.418272213836062	9.446542870090951	16.319647002605336	16911.46749805279
4.713771884960487	-5.24956054762707	-13.922252501140576	-7.404831186123303	17045.98384747412
-4.154592988508128	-8.838388566808526	-2.787265094584612	74.22809468497577	17055.358311181884
3.5708659621348033	5.224026517452529	17.34445282973472	-60.84544826691301	17009.312345495524
-2.6395469753307736	2.1420114397466463	0.07777515439394733	11.30244645954781	17104.719629173364
2.4899070769132408	2.8281933443002742	6.4296192817021875	-21.682615565529346	17123.945606821115
-2.0122387298274447	-0.11993388638077818	-23.821892695314205	16.917082045826916	17026.563070776305
-0.10269620591905237	3.8949336704181405	15.823438835443639	-5.875627688702863	16983.45818203233
1.511806614666611	-4.561789722482956	-14.903434078836767	-28.610877806924478	16871.794400875897
-1.4127679147034655	8.297232488248213	8.360741391389055	-17.390548499898998	16846.198564018665
0.858448925981854	1.099656029910797	3.387699068407173	23.84717512187642	16905.242551860785
-1.0206963266990812	6.343603554159273	7.756819938229569	14.833288852857052	16776.981467377052
2.3396494298851636	0.9375451121112945	28.326101703893713	-23.21898442260762	16967.007367000213
-4.0122978645218055	-16.523716256585622	-6.103540922325848	36.69058307321947	16956.363788103
4.639014914445717	-13.240347258215266	2.5210210995826543	9.386423310661073	17007.604315700504
-3.9003738132491605	3.1433646064163767	13.080073043854625	14.515952772705617	17055.915012855592
2.1690153125218288	12.008671246958023	1.3330351767157822	4.2445149657572045	16994.359342337953
-1.0637743260740748	-8.200904380747076	-15.614801924042695	34.04530046500693	16993.626025226356
1.0600235697440326	9.805160679935291	-1.1800220791347158	-14.423791147529485	17048.882188712432
-0.9076051441202182	-0.3563972739767678	-6.750287015073468	-1.184996425224682	17029.37579351396
-0.012609371334633579	1.3891641962057264	12.346085575025853	24.543228137297717	17157.529348501004
0.3970221310722408	6.888410637553598	-3.209414696416104	-11.834905503589368	17111.733843878315
-0.11823290829926236	-8.583184046509643	2.0643441394388446	9.149257920366608	17155.456451654587
0.33319903892711267	5.813605449717741	4.565626362610146	1.0417150171526544	17116.25685839918
-1.3747783204893906	10.237613913575757	2.1135799006829927	0.8335465500141481	17093.56601063926
1.1190559702070857	-0.26398222683442896	1.1201819216034323	-4.909673074760406	17029.372327971545
-0.23408520565623547	-0.3013694986273734	-2.1068533008297123	-2.27949574850291	17010.93660150342
0.27867777792665294	10.118615753528438	-23.625615117506996	0	0
-1.629190916082237	-4.448876213078201	3.463769937882148	0	0
2.387356466443606	12.426921160489862	-0.612074840267951	0	0
-2.72080464124123	-4.469238337176293	-15.09501215803462	0	0
3.004761608147156	2.6443934101596724	29.55528912557763	0	0
-2.535494456679338	4.683618008553218	18.3119275035954	0	0
2.3917663930568906	8.94343290851915	3.549196095886316	0	0
-3.1869801113088414	-3.946304120954906	-8.664826096057823	0	0
2.5967933879803553	-6.547935526583679	8.49135047727519	0	0
0.12936692244695536	3.114397711930323	-5.015446085900635	0	0
-3.2396868421915954	-4.991962791227593	6.457186032065152	0	0
6.397948290632989	13.436535988925812	11.118916391409897	0	0
-8.476765719748379	-1.9835859322626845	3.619730335669132	0	0
6.307066968487874	7.275848750372383	2.7777745276412986	0	0
-2.0952775474605687	-5.655926840320895	10.027072427411682	0	0
-0.1290441605343986	6.164198593316115	-22.36087903047799	0	0
-1.0700240300948494	-10.631388962185362	42.27895611651948	0	0
2.2258906981506854	-4.3181310902996515	-7.09640257596439	0	0
-1.489048608670359	-0.7938676291622002	-4.481824899082113	0	0
0.9438238133639985	-8.370265927976725	-10.41555266133885	0	0
-0.5329253568321377	10.849237587737683	4.414023807983256	0	0
1.712846281025918	-1.116161496157254	7.716181452920239	0	0
-3.8729949762754714	2.7329537048823695	-0.3765984239500284	0	0
2.831998023776663	-7.090510926395822	1.9483507350078355	0	0
-0.0868758062176127	-0.3275111559814903	-1.9600519253234836	0	0
-1.5696801617224665	9.900349033164787	-2.144315723114957	0	0
1.1960627841190927	-1.342849154683698	-11.523602182881149	0	0
0.5241846940821375	0.2543160218993137	4.844681179230562	0	0
-1.692063076232472	9.666833127016986	-0.44705642797110556	0	0
0.964947423390285	-7.015024075581621	-0.5559547805669212	0	0
0.40728735708962205	0.10067935312424225	-0.7720280427389525	0	0
-1.7348910063291783	-5.170786821455337	12.029243054276236	0	0
1.731909500280885	5.674396902470882	0	0	0
1.1024271224545785	-6.096012625773426	0	0	0
-4.064659659643532	-7.255110020500965	0	0	0
4.572540837160808	1.7615678539759188	0	0	0
-2.904778771373408	8.395099450779206	0	0	0
1.326877140005152	-5.334518110648659	0	0	0
-1.9396644408189445	8.326369687037044	0	0	0
4.2599788920578305	-5.138819949399647	0	0	0
-4.567052961524979	4.697190760741684	0	0	0
2.500391667521278	-5.694491393966594	0	0	0
-0.34941241693333325	-9.667803695318533	0	0	0
0.24343829278345197	4.85851312300872	0	0	0
-0.9248864896441873	-7.258280812458615	0	0	0
-0.06481662391465193	-2.2963773998770307	0	0	0
1.22181765494539	5.3457496726624925	0	0	0
0.365142138295262	-27.3306305971782	0	0	0
-1.0606496102903904	11.19634777537972	0	0	0
-0.9480134332895247	7.6812175499811275	0	0	0
2.7124194808075686	-3.5959841871396563	0	0	0
-2.3733799391040193	2.572217754658446	0	0	0
0.6913461309767541	1.11474235410342	0	0	0
0.3580438574184228	-3.3256547533516567	0	0	0
-0.3838463590293202	4.262913241845268	0	0	0
1.0356811088991478	-0.47264124227883286	0	0	0
-2.5382316019128837	10.648088740760485	0	0	0
3.0749134215445366	6.000060432222483	0	0	0
-1.622792437617953	5.231890607678217	0	0	0
0.7323200621959955	-0.665193512795561	0	0	0
-1.3959412310027943	-0.06588263334164424	0	0	0
1.7611521994861619	-5.491530411973763	0	0	0
-0.6342314951831369	4.172931595597127	0	0	0
-0.23302184194508158	0.7901608179164299	0	0	0
-0.4313396979424695	-1.5017026707892427	0	0	0
1.2735807297730162	-9.678725974267039	0	0	0
-0.2535472396917555	1.789041919518148	0	0	0
-1.977287937514781	7.4990942724770235	0	0	0
2.7600836704854217	-13.793492914318833	0	0	0
-0.48330216880563626	1.5337258347035032	0	0	0
-2.064869101407389	8.58234914872402	0	0	0
3.17355222942259	4.584838630547324	0	0	0
-2.8077214057492057	17.701378555549184	0	0	0
2.719316825058982	-11.066222356859214	0	0	0
-3.273684494974937	9.080650686731204	0	0	0
2.8816798498130396	-13.999525168134852	0	0	0
-0.4862823213233938	2.452817990320071	0	0	0
-1.8986047229750298	-6.575379749958714	0	0	0
3.1544369075445218	-4.220135533161866	0	0	0
-2.672731223392141	9.148195801298357	0	0	0
2.6117270666547014	-9.055036972119751	0	0	0
-2.8401167045191116	-1.4470956478305226	0	0	0
1.426019505498246	-8.808899289933137	0	0	0
1.2401324016906088	14.368231306660036	0	0	0
-3.487609635350559	-3.872574282711426	0	0	0
3.6789369919223702	-4.727161552743915	0	0	0
-1.5087676798781473	-5.036462653195429	0	0	0
-1.084417108088303	11.35747923019175	0	0	0
2.148830295829896	11.370623650268996	0	0	0
-1.1510057638372189	4.801602908776033	0	0	0
-0.5292528085942081	-0.7708679062881743	0	0	0
0.9616510389404382	-1.3328737309491743	0	0	0
0.6121613858805688	1.9905911592268026	0	0	0
-2.794869743438646	-1.6817709064163822	0	0	0
3.989322208498905	-7.3445911201257275	0	0	0
-3.575179012207549	0	0	0	0
2.8495824860954997	0	0	0	0
-2.8332263587394593	0	0	0	0
1.8516277349959793	0	0	0	0
-0.40354549976459	0	0	0	0
-0.08203075646224534	0	0	0	0
-1.2043009316318916	0	0	0	0
1.7358264336195504	0	0	0	0
-0.46419259741132635	0	0	0	0
-1.596318671667106	0	0	0	0
3.4681277356349227	0	0	0	0
-4.5711195061823915	0	0	0	0
2.0410788917255545	0	0	0	0
2.329127695672071	0	0	0	0
-2.4381790754589545	0	0	0	0
-0.87764099088227	0	0	0	0
2.4978812972834135	0	0	0	0
-2.3071793879595006	0	0	0	0
1.4328797509240374	0	0	0	0
-1.693446737818583	0	0	0	0
2.3708682039322113	0	0	0	0
-1.856411156421352	0	0	0	0
0.5555738296936141	0	0	0	0
0.36192994023389957	0	0	0	0
-0.5901046474619207	0	0	0	0
0.31167419695291443	0	0	0	0
0.3786754765913187	0	0	0	0
1.079137530877972	0	0	0	0
-2.7432517605950153	0	0	0	0
2.5077738588360177	0	0	0	0
-3.1358000259635332	0	0	0	0
4.62768741395476	0	0	0	0
-4.3620177026524445	0	0	0	0
4.70034731969254	0	0	0	0
-5.984086771521696	0	0	0	0
2.968201939883528	0	0	0	0
3.5979056590336427	0	0	0	0
-6.427013677808823	0	0	0	0
3.9246788325110487	0	0	0	0
-0.19532388130270562	0	0	0	0
-1.9670073693579013	0	0	0	0
2.3633097126912688	0	0	0	0
-0.859421043466611	0	0	0	0
-0.6762557646105734	0	0	0	0
0.6786744826459739	0	0	0	0
-0.12163240015517829	0	0	0	0
-1.1360613015834318	0	0	0	0
2.134077613178853	0	0	0	0
-2.0212056304948263	0	0	0	0
2.3456902896204	0	0	0	0
-1.5530633841658528	0	0	0	0
-0.44803988372804326	0	0	0	0
1.2115947465077497	0	0	0	0
-1.2665118637172625	0	0	0	0
-0.1768830349133239	0	0	0	0
1.8040357220858425	0	0	0	0
-0.8625797501660557	0	0	0	0
-0.6731745356267993	0	0	0	0
0.9437196769874134	0	0	0	0
-1.026247929690733	0	0	0	0
1.688792257539717	0	0	0	0
-1.98029641422103	0	0	0	0
1.1408723213173815	0	0	0	0
-0.737547597199324	0	0	0	0
1.3953639072366855	0	0	0	0
-1.7482047622154582	0	0	0	0
0.47398769683375264	0	0	0	0
0.8868769689952245	0	0	0	0
-1.03183046383149	0	0	0	0
0.6408119623512221	0	0	0	0
0.12225766445332908	0	0	0	0
-1.874158096725516	0	0	0	0
2.933545903119125	0	0	0	0
-1.9075392414398635	0	0	0	0
0.3446090347152193	0	0	0	0
1.8266858114329807	0	0	0	0
-2.291525575343279	0	0	0	0
-0.7357119841646238	0	0	0	0
2.3416146544808853	0	0	0	0
-2.5131405271889307	0	0	0	0
3.3538229650792246	0	0	0	0
-4.2196311826073725	0	0	0	0
4.4578841165832515	0	0	0	0
-4.540014060175864	0	0	0	0
3.0764021595815834	0	0	0	0
1.4828318763279782	0	0	0	0
-4.633142934807211	0	0	0	0
3.8596572788207624	0	0	0	0
-1.821698042099257	0	0	0	0
1.3969062853726442	0	0	0	0
-1.018524442310202	0	0	0	0
-0.8345663574547828	0	0	0	0
2.5721561496449397	0	0	0	0
-2.162613838042546	0	0	0	0
-0.1318881856865346	0	0	0	0
1.7100733109924562	0	0	0	0
-0.7678486723674496	0	0	0	0
-1.305588725403851	0	0	0	0
1.6150278994613316	0	0	0	0
-0.08927781579342309	0	0	0	0
-1.7689046175926535	0	0	0	0
2.091412626670447	0	0	0	0
-1.7352786260432538	0	0	0	0
2.0009950464275548	0	0	0	0
-1.7507773813391267	0	0	0	0
-0.14793932484607097	0	0	0	0
1.772442895703719	0	0	0	0
-0.3219247458739005	0	0	0	0
-3.230255485954359	0	0	0	0
5.560922941375999	0	0	0	0
-5.544053064404004	0	0	0	0
4.112765366705958	0	0	0	0
-2.0861149881041428	0	0	0	0
-0.6312996030419242	0	0	0	0
3.2020525939511444	0	0	0	0
-4.1273383301570945	0	0	0	0
2.4924466217721104	0	0	0	0
0.0889615896728344	0	0	0	0
-2.027912843778111	0	0	0	0
3.1160379412601458	0	0	0	0
-3.5087187264074586	0	0	0	0
2.762528524106152	0	0	0	0
-0.6438623045209937	0	0	0	0
0.18570879376422766	0	0	0	0
-0.3190455617341996	0	0	0	0
-1.3426559099309614	0	0	0	0
