-0.376801715590112	-0.6764927902273712	-4.277524450355486	0.7694630412174632	16778.360024753176
1.3452728631565236	-3.4109305120942253	-13.913607953423067	2.7487765917475997	16777.777163147664
-0.16339017650589938	-10.59737679870026	-0.5821531860415803	1.1620193673735457	16780.116773901787
0.775555809983075	2.0495366127636814	-0.7282817800221295	25.810383468587148	16779.83430873326
-1.648381588007794	6.113199355152155	-4.525143953038764	-21.808509074323638	16770.04509123064
1.1333821082584237	-4.436980410272504	-9.463946488697474	-3.8476285161029296	16807.71695369503
0.0896708131518551	-5.252389912923057	5.382417343706464	4.1177512956486595	16739.75563189715
-1.0594810249281679	-2.1962899028544527	-12.069628235672397	11.678000350187332	16750.245911238075
0.8250895336957669	-5.147228701716635	5.372481499165531	6.856596501334138	16831.688953699824
-0.4410084383432178	-2.267234132163857	7.220299340906237	-10.26569072316353	16854.596092137825
-0.018492964962298686	2.207948382725064	-0.6352944739552271	-16.33505916493999	16864.65230448576
0.2952343272924338	-3.6200244679025673	8.15617981651161	6.820585761499899	16720.156337981527
0.21666513925605813	1.2343731915957505	-6.829925386418992	-10.101875721695222	16775.561962880027
-2.1981133232216195	-5.103521555786465	5.242648948483776	24.688036963960883	16804.29531925502
4.233571177324102	1.280678332641635	14.972916161873272	-22.636460045079446	16786.717983158094
-4.106859107936131	4.06767219555023	-21.477099391472905	-31.763628441952548	16857.743752364855
3.0578468282807663	0.9119248037235153	4.112044304624774	2.915138859982264	16890.182564117
-1.7593339025374348	3.2173593390177615	-6.396741459483877	1.577261492923455	16834.42998713769
0.9491654192797796	1.0305565661526614	10.80486014681604	-2.454305325171461	16826.67676478362
0.334122317690543	-3.2517539723571645	0.03956987909697318	-16.866607639656806	16839.43593070994
-1.9166577336498491	6.565580795105092	-7.831465172131573	-13.795961961616698	16819.784340141097
2.6151178745573844	0.027447481537080876	-2.086156630617154	18.894102441994292	16881.088983420537
-2.604226423127642	9.683112470869212	6.251984597832163	3.149058976857333	16811.41459784411
3.383494072023936	-5.929327941730634	-7.424951761820637	-16.42629764678216	16960.75577808646
-4.478336850791628	-10.422390477563994	8.417370305712652	20.82654333665269	16921.32872673447
5.899179526997422	-4.183544189548016	3.0213636280196283	9.36576837266405	16961.765467447603
-6.306889794419703	-5.915223136294941	3.5511537225004446	-5.473038026653427	16970.409271846263
4.688441697172713	-4.913811661534126	-6.105130820003538	-0.06777965257008134	16934.527837905836
-1.9973880213292432	-1.0089404375274427	-25.02219928721624	5.964010010089254	16927.86279078758
0.08188336019087217	-2.0577228547376194	12.135281095620087	4.3219198078326855	16948.131067948914
0.7341278073819666	6.151486737404156	-2.135949733894222	9.32935407015394	16982.067121690747
-1.1825803905316477	-5.638339857615506	-12.006145269667414	32.11866044330979	16980.562865260585
0.9733870169661216	-2.014189469521952	5.106187873614047	-10.854748935641751	16976.594184904032
-0.26617210421409965	-0.4510285218097536	2.2982969049603383	4.759385881659156	17038.266865168047
-0.6694430121041677	8.613608025163884	0.05954995493983972	1.2160723111132654	17021.1714367519
1.4229017027662323	2.7235891953719644	12.618137742261737	0.10424306406143558	17001.464991128254
-2.6592204897001963	-6.658383049744799	-6.223757311876625	-2.920611258425609	16967.681051477542
3.918277087525901	2.517661718718095	3.7209795929427116	1.0158540829007165	16959.502676360862
-3.234628024213862	1.414224960075586	-0.5233020646729614	0	0
1.786141121267356	-5.471696111737479	-6.895980794075982	0	0
-1.3555489439949966	3.043733539597852	1.2011431301394566	0	0
1.3472920633801877	-0.12174207610149779	-8.124871753233904	0	0
-0.7964464478280604	9.338924030890595	7.822787005117391	0	0
0.048772131493997506	-8.556338633471633	7.226378887467092	0	0
0.5931676274651636	8.183325310933313	-20.64931974410581	0	0
-0.5539359967946851	3.224955085579616	0.9361022790940012	0	0
0.11038472285689949	0.795302317425282	11.76520730581528	0	0
0.2602077140123882	-3.6797690228209277	4.653015522374716	0	0
-0.1522932165608566	0.6105964219247468	7.5377856043186995	0	0
1.5512522190528415	2.98681184545584	-16.838499100400156	0	0
-4.061923865870163	2.7801995872339234	-4.798973347646026	0	0
4.639081133425698	12.713241987051724	13.580979166159324	0	0
-4.194428025823427	-4.740268439221055	11.613592675662574	0	0
2.848473851294081	-5.896023667576145	-7.259850577400869	0	0
-0.4298190451240842	-10.734095269839457	18.083512504174948	0	0
-0.3672160449229622	1.3666000920563732	-8.468625818918937	0	0
0.16953968178611234	4.1155262523062035	1.1559721780351992	0	0
-0.7325913839634879	-7.404444034816542	-8.069980652768209	0	0
2.2351968807060274	7.371053749951031	-10.865804686745577	0	0
-2.1172486210945394	-2.5290982232800943	-2.032676888291377	0	0
-0.1969332916669586	-6.485438871117772	4.28370605167855	0	0
2.2169813305396744	-10.279994131238439	0.3580210444023493	0	0
-3.0466956616175267	7.225471740649979	-13.41648964782216	0	0
2.470460806305205	-0.17193937771507706	2.395523744240279	0	0
-0.9660627457653206	2.6960694514193904	-13.10444311562857	0	0
0.6839518552895427	0.4256415748338611	1.7864692237623956	0	0
-0.30515684171052726	4.91279696688391	0.2471168685668772	0	0
-1.0182525495451387	-5.648726545556805	-0.7641274913362679	0	0
1.1073322072345206	8.232550727108439	2.9362579033253127	0	0
-0.3152385537373732	2.7387871872713134	11.014737027071874	0	0
-1.9570001690991887	2.55378615335367	0	0	0
4.30088424006825	-6.502243930615862	0	0	0
-4.846604819540687	-0.7319773946313148	0	0	0
3.1732772258679134	-1.0928695804742148	0	0	0
-1.0051303140891505	10.318241297480988	0	0	0
0.07626323574906735	-4.094490849625082	0	0	0
-0.7224200281324968	-4.852190170975554	0	0	0
1.114099773590567	-2.553466810445535	0	0	0
-0.8620484504151165	14.701276743203444	0	0	0
0.1793263962734244	-6.598973912976511	0	0	0
0.5409470649238699	3.7571225509559625	0	0	0
-1.1467487911530512	-1.3250819353624692	0	0	0
2.8400672222787193	7.531284854952382	0	0	0
-3.9759327702420038	-7.686521885931782	0	0	0
2.395371434594651	-0.6812797149172098	0	0	0
0.19933392644568215	-10.842524318336999	0	0	0
-1.063757170877608	5.368968466458227	0	0	0
0.5742091105615543	0.6120914969248403	0	0	0
0.3738680513331616	-9.036710371220735	0	0	0
-0.7949649509355865	4.092333868699704	0	0	0
1.177070443361714	-4.339062094260235	0	0	0
-1.9339310314128184	2.236489973798051	0	0	0
2.2649411567333573	4.476861801848571	0	0	0
-1.0665777526276017	-5.574603599892967	0	0	0
0.012201836954318424	-3.3328186643927538	0	0	0
0.3857381199115295	1.3975387639445458	0	0	0
-0.42626653429239525	1.4372609769102453	0	0	0
0.9289367421644101	-1.6714137856532574	0	0	0
-2.023217017163887	-4.127145438709732	0	0	0
2.4338061824831385	5.076840764666763	0	0	0
-0.4326954064692501	-3.614930792989604	0	0	0
-2.69301096907634	-1.650980004841628	0	0	0
5.203749767950839	-4.289855795423598	0	0	0
-5.173556403554215	-3.17651666155583	0	0	0
3.723866369463046	-2.04226903138845	0	0	0
-2.719993001195199	-1.2760964945260298	0	0	0
1.0256173160695852	-6.139223895102312	0	0	0
2.776452176402657	-3.023067985067854	0	0	0
-5.198126154684438	7.361193676706776	0	0	0
4.6613965912149595	-0.26920734068209384	0	0	0
-2.5447321690691638	4.226079841135181	0	0	0
0.059740158457422865	-7.032692671306677	0	0	0
1.2850602514307568	1.8408012884211118	0	0	0
-1.3620646548826372	-7.758102478201089	0	0	0
2.6338324013770134	-2.841032446450498	0	0	0
-4.414551724951984	-5.74038419376614	0	0	0
5.334140159719183	1.6182247734446094	0	0	0
-6.509335632718646	7.376656821318775	0	0	0
7.0628226906914975	-5.705910353776133	0	0	0
-5.157760441421004	6.04172058180616	0	0	0
1.3516884933230173	-4.334854036989157	0	0	0
2.026557175551474	2.874519661582852	0	0	0
-2.9291108200124825	10.786664548600449	0	0	0
2.221334656639854	0.2085785086803611	0	0	0
-1.2472778964188933	-2.432188106218838	0	0	0
0.27033153737527016	4.293545422516324	0	0	0
0.7685098523108138	9.027681860445753	0	0	0
-1.8849555089561392	-0.057912966814683386	0	0	0
2.2970254611584835	3.729406914933989	0	0	0
-2.154791763474819	4.810792810879242	0	0	0
2.2729996273394946	-7.494853415316058	0	0	0
-1.8897569978994682	-1.71975507569028	0	0	0
0.7609899256040435	-1.7244281026637864	0	0	0
0.7872536300416044	0	0	0	0
-1.3854318891298973	0	0	0	0
-0.46429899148562725	0	0	0	0
1.9500699386113993	0	0	0	0
-1.2691151227939486	0	0	0	0
0.9696853334934161	0	0	0	0
-0.7337146775338894	0	0	0	0
0.46829159724069314	0	0	0	0
-0.23362994483325394	0	0	0	0
-0.06526200775454782	0	0	0	0
-0.047942702283549465	0	0	0	0
-0.10159665190951728	0	0	0	0
0.0238113518992904	0	0	0	0
1.993983275098877	0	0	0	0
-3.562382529753215	0	0	0	0
3.18377128663672	0	0	0	0
-2.433319465727685	0	0	0	0
1.561347162248289	0	0	0	0
0.13140712633946805	0	0	0	0
-2.00818409169095	0	0	0	0
2.0475393905013988	0	0	0	0
0.09595993993361418	0	0	0	0
-1.884448393074095	0	0	0	0
1.3949897242656704	0	0	0	0
0.6080489166194738	0	0	0	0
-1.3366161245863637	0	0	0	0
1.5704489890530624	0	0	0	0
-1.5242379711920506	0	0	0	0
1.000488052291324	0	0	0	0
0.07305151141725474	0	0	0	0
-0.9727420231878838	0	0	0	0
0.6704359628532686	0	0	0	0
0.6322486957005324	0	0	0	0
-0.38107508942511004	0	0	0	0
-0.9583399550090306	0	0	0	0
0.6897479928932952	0	0	0	0
0.39877715387954993	0	0	0	0
-0.996238949483967	0	0	0	0
1.2427826793442591	0	0	0	0
-1.8025773269373815	0	0	0	0
1.6343020217092032	0	0	0	0
-1.9160013142590273	0	0	0	0
2.706138760987443	0	0	0	0
-1.9863043663683726	0	0	0	0
0.5273078559945859	0	0	0	0
0.1098318707231769	0	0	0	0
-0.7719981785501204	0	0	0	0
1.7229982656168872	0	0	0	0
-1.201264730868381	0	0	0	0
0.9175375337904725	0	0	0	0
-1.52361508505075	0	0	0	0
1.3838705380354597	0	0	0	0
-0.0825499526768354	0	0	0	0
-1.5555615388721975	0	0	0	0
2.62828881686918	0	0	0	0
-2.2506948311558403	0	0	0	0
0.8486538556323637	0	0	0	0
0.5641818022342449	0	0	0	0
-0.11608698611419044	0	0	0	0
-1.763918521595457	0	0	0	0
3.281373767709681	0	0	0	0
-4.3789077473643445	0	0	0	0
4.969627579410513	0	0	0	0
-3.3538074110313474	0	0	0	0
1.4011950033568112	0	0	0	0
-0.6101769833473156	0	0	0	0
-0.4808843631828026	0	0	0	0
1.3783728112759803	0	0	0	0
-0.4469463738127786	0	0	0	0
-0.923926349242862	0	0	0	0
0.9279564416452999	0	0	0	0
-1.1903762429931675	0	0	0	0
1.8819605826302066	0	0	0	0
-2.8377827024796503	0	0	0	0
3.7683613644605103	0	0	0	0
-4.200370593542402	0	0	0	0
4.762147595901915	0	0	0	0
-5.344708068456434	0	0	0	0
4.946998131554615	0	0	0	0
-4.086883808468215	0	0	0	0
3.617577704995526	0	0	0	0
-2.2296511335945723	0	0	0	0
0.9959571371631668	0	0	0	0
-0.5968184314432534	0	0	0	0
0.2022692535603099	0	0	0	0
0.06152809983843355	0	0	0	0
0.023357640349388475	0	0	0	0
-1.0320286109881138	0	0	0	0
1.5099012923034465	0	0	0	0
-0.6567692397632428	0	0	0	0
0.1891821517599439	0	0	0	0
-0.8737779852645176	0	0	0	0
1.2300002262683378	0	0	0	0
-0.46187487186433174	0	0	0	0
0.6943252023536388	0	0	0	0
-1.4066412305013216	0	0	0	0
1.666066547613184	0	0	0	0
-0.8461291873195691	0	0	0	0
-0.18464688530805518	0	0	0	0
1.9465161167995362	0	0	0	0
-3.3870826296833414	0	0	0	0
2.8762754778893793	0	0	0	0
-2.2930590120965064	0	0	0	0
2.6732777005033554	0	0	0	0
-2.6571055500941867	0	0	0	0
1.3000080870594672	0	0	0	0
1.576715166625	0	0	0	0
-4.098344999102103	0	0	0	0
3.5108313409876217	0	0	0	0
-0.8581694888279188	0	0	0	0
-1.1069866828810433	0	0	0	0
1.9569242013846875	0	0	0	0
-2.0599959014450278	0	0	0	0
1.3303637103802473	0	0	0	0
-0.10978967667263362	0	0	0	0
-0.8667782387038656	0	0	0	0
0.7480496902077789	0	0	0	0
0.2637015850930524	0	0	0	0
-1.027367506102351	0	0	0	0
1.158509881546081	0	0	0	0
-1.9430787355618762	0	0	0	0
2.539236193264564	0	0	0	0
0.11700673328372346	0	0	0	0
0.17636338461302614	0	0	0	0
-1.4734999121520929	0	0	0	0
-0.9510735886187973	0	0	0	0
