-0.814795421905238	8.901048828443919	-3.9122627438757434	-0.5056996162277869	17231.042175243405
-0.719568976855335	27.45647327488534	-13.891781213755124	-2.4842209316459787	17224.62204144401
5.874316376308251	-14.522231656017695	-17.528886958167192	-22.024847476481483	17230.58642559711
-5.836894270262505	6.4734761217955	13.567192895031553	3.495387895421942	17231.313842592426
6.233189028086123	-16.80575981553116	-12.060504440092515	-20.838948121106142	17207.83984143839
-7.3875647125208985	-1.6473946271226083	13.364850512726846	17.19349512211454	17299.144406515883
5.821640916191562	-11.511611553411015	6.676240491239412	-7.069599854832575	17316.297466972082
-2.5319891874454825	9.522239368874565	7.2337634672467175	-5.6146470132673585	17270.80181683454
0.47051113629591157	-8.32691199963132	-5.51656656798842	-10.105222934649845	17228.97395949421
-0.014462595681358437	-30.49668875307212	3.5579459505671167	0.8505667397818115	17158.208573930657
-0.6304768650639048	-25.092937999716185	-1.2683003608389356	-30.346010478767084	17014.688390244697
1.4174090558683545	-8.716887938297006	11.869418808312531	20.91486654845214	16994.47175852771
0.06461061047221506	9.989557969382105	11.13270748284765	41.80819498786835	16870.161824160827
-2.825208301454005	-15.64888555529157	-2.0218291663402255	-57.20325772519267	16816.587064327014
4.039253666848495	9.183917846152113	4.297392108565447	-12.223885881170915	16891.886107244613
-4.625568750874294	4.571191954407084	10.039515196826201	5.050239522901947	16809.67508418179
5.071025734881857	18.22694357411369	-17.269756553634465	-10.014208069449282	16883.21196921737
-3.360954620904735	1.9113773820137112	-7.897181850816139	13.612279822569548	16925.749056779026
1.9030094989802961	-11.146009719821379	-7.865749705354361	52.47961989807877	16983.49851485746
-1.7928143637001313	15.179017754179625	-17.044181880577668	-5.058169872615764	16968.137141344796
1.1798308122811605	4.40484428016849	0.36603157547133947	-33.273148341211495	16953.609183811783
-0.41946005831055544	14.035298777923103	-6.979326551656314	8.716645523888673	17104.63137183664
0.24298671989379272	11.067727720188685	11.949072539482984	-56.8484339805093	17076.719906785034
0.3078976224441661	-6.31292300096959	-34.812417671614526	-38.16159455361215	17086.349109977997
-4.450615732511885	14.926632182243736	44.46327173749431	7.30592205232395	17289.734104024672
10.174944674080486	-15.919781094696887	8.906054870787926	145.8208308267129	17193.56221999429
-13.228548047927958	-0.1320045065867319	-17.135479961259776	-150.05221763323846	17509.06312286611
12.640099480442082	6.456452843461719	4.075351918983898	-88.31573155026621	17577.23615777827
-11.084961339501689	14.027820845054435	8.988948776136553	26.14969999580933	18227.34231060351
8.729313531565865	0.13832608392421974	-2.6717772657200385	-44.16181516056784	18129.772178886356
-5.773752444419145	-9.667974023136267	-12.6972045616005	-28.781576578416093	17837.073948893943
3.2280436940678925	-2.95028246496895	10.672203847180356	-19.605541933284684	17579.94683039068
-2.7518358329313557	-15.200768046568498	-22.793530394353454	-3.958624906299235	17426.29459667916
3.3910494320324034	1.469386379026993	6.875894526582286	-62.31468907846599	17227.54887203187
-4.852443794908517	-2.115789788324065	27.948993299083497	2.9694594924795865	17178.22215257949
5.779010345321872	-4.1894987360226565	0.7831050964075388	-13.162786111976033	16916.113290056306
-5.445110578891807	-9.518183290310276	-0.8360084481163739	30.950557405329462	17265.624330755847
6.075608612598664	-5.5736799002721895	-5.285773539135931	51.26353055103769	17338.16614688878
-8.37399214785085	-1.2433606741236574	34.20985370959882	0	0
9.196908063720542	-9.666096249605133	7.54457799106612	0	0
-6.609757391472051	1.006681043382585	7.92982309751612	0	0
2.5876752837223833	-10.61501924228073	8.297322956150794	0	0
1.6190108482951189	19.094960450746882	-39.34800006672782	0	0
-5.773237085399515	-28.738797034036317	8.934253520221318	0	0
7.444683269820523	1.018546954878687	-47.80620109577433	0	0
-7.3019695443750265	2.283475274079855	-18.213657976948923	0	0
8.117522390844691	-5.724198101293098	31.043720923293847	0	0
-8.594361021170982	-0.10867964382436668	-36.40859671617302	0	0
4.735006139771073	-3.1941681658268024	47.273557541720464	0	0
1.5574442402477544	-10.583670549663083	-55.77827868763694	0	0
-6.5444365435434335	-7.5379147758939595	13.01389711618765	0	0
7.7440040598314965	-23.627791600956705	-6.75306787700876	0	0
-5.586523391182567	-0.7908439152572271	13.966075549409695	0	0
3.1113286202988775	-4.079931920734239	-54.099889602525195	0	0
-0.2769309767145032	3.784181435068419	7.379466544545281	0	0
-2.977247561887154	13.675533823630332	9.71732140201739	0	0
3.823077123774979	0.256385889228234	-3.660824419633542	0	0
-3.2105980524642845	-11.434237825892872	13.890305042633102	0	0
1.0341381724292376	2.240979313290964	-11.373909080726236	0	0
3.420052216047928	1.0025327654453307	13.352323576622226	0	0
-8.370730637246766	1.7209693199245848	-32.428583359634416	0	0
10.705285801191359	-0.1822945476443607	-6.7544028321628105	0	0
-12.561664827804918	7.033208167911468	45.04571513793806	0	0
13.919873896579332	-5.5816699222054424	70.1921241124548	0	0
-12.905498544870888	4.261236704604677	-127.7428531277764	0	0
8.56770617463539	-0.6303317055414368	79.45520314173073	0	0
-3.5254226416591123	-5.602227011256623	-23.604417884333955	0	0
1.2857776726016112	-9.84988003104678	0.7935779126906368	0	0
-0.5411123110923555	23.441804521454607	-36.340848316324724	0	0
-0.6752879946172854	-6.3168881232925	115.86002846144636	0	0
0.701635553083797	25.267120554074246	0	0	0
0.8360877656067487	-10.638829414250338	0	0	0
-0.9395356001035111	-1.9771447849774688	0	0	0
-1.7172219469843313	5.336570768977197	0	0	0
4.938795253054977	-3.9393647106546723	0	0	0
-6.356021476927928	7.523121238206251	0	0	0
5.425787331386864	11.063006649553806	0	0	0
-3.0499606989252044	-0.7903711864628633	0	0	0
2.7880688918978436	-0.08208497538160486	0	0	0
-2.664974728741093	9.57410624173778	0	0	0
0.9408264574611636	9.236805635151399	0	0	0
-0.5547718778602189	-8.847256467970624	0	0	0
3.6167486425597275	11.833997619574177	0	0	0
-6.018459859608718	-21.720457815398177	0	0	0
3.7073139124368737	1.783143192730705	0	0	0
-0.22596299732863656	25.181282002467	0	0	0
0.053465794359844665	18.262329345958435	0	0	0
-1.679764016244441	-18.16491977368436	0	0	0
4.263497614857798	-15.999305859105846	0	0	0
-5.35499825849039	15.178178773076851	0	0	0
4.046739141995658	-25.224120650872592	0	0	0
-3.190614686434401	-19.630109443974817	0	0	0
2.701906500818936	17.479233581927346	0	0	0
-0.9572502942342922	-12.270277935674343	0	0	0
-0.9122178535685777	-31.44751768402662	0	0	0
0.26212522128228244	-16.077793379801236	0	0	0
0.19042954224329378	21.730894404599894	0	0	0
0.6195564904948014	-5.41689541064369	0	0	0
-1.280647079807764	18.61285690302168	0	0	0
3.049725532119446	14.765187412800088	0	0	0
-5.974666068274473	-23.08747715778422	0	0	0
7.013866260877762	-16.01684811200606	0	0	0
-4.947265774700853	-1.217115630912005	0	0	0
0.8678267673319198	3.4699800151777964	0	0	0
2.2044800575454957	5.921932477568092	0	0	0
-2.2031400523242297	-15.975966316423637	0	0	0
1.5567172557001427	-0.8809780462101315	0	0	0
-2.378106453177736	-13.968011921404809	0	0	0
4.696228359546268	-6.1823575237597055	0	0	0
-6.67637708486771	19.67414326273733	0	0	0
7.478712480499901	7.556879953346495	0	0	0
-6.196754233831001	7.451694546520187	0	0	0
3.206492166546667	-6.502211383899521	0	0	0
-1.3706658239166813	-1.882519159171295	0	0	0
1.7376958135712641	-18.770313843988134	0	0	0
-1.1958310964080994	24.29258295459428	0	0	0
0.5959470323207512	9.30027040565217	0	0	0
-0.35058881823134413	-5.701817265230233	0	0	0
-0.23797617181165265	-7.416728213356322	0	0	0
1.3207061496682542	7.1984780049698145	0	0	0
-2.8409120545513886	7.21203454868521	0	0	0
3.359502720099094	-10.635412202083572	0	0	0
-2.22616842438444	6.92542828610236	0	0	0
1.7521530125710854	-26.150396542921342	0	0	0
-2.254901166260318	32.75249407588895	0	0	0
2.149645602305455	-25.04766335214326	0	0	0
-0.7579226771908694	-70.87008621557578	0	0	0
-2.153723977614561	73.13811904005279	0	0	0
6.044594031942545	-29.577231328235932	0	0	0
-7.7337980239466475	44.085430500884335	0	0	0
7.361718317139591	-45.26852425745035	0	0	0
-6.749831335045357	13.245632422179426	0	0	0
3.7320707336686283	-53.06703042330089	0	0	0
1.1127176247977602	0	0	0	0
-1.4695170324958298	0	0	0	0
-1.1871425482475289	0	0	0	0
0.7403611534710492	0	0	0	0
0.7291750602485223	0	0	0	0
1.558221103737715	0	0	0	0
-5.26312683644197	0	0	0	0
6.4611802065003445	0	0	0	0
-5.55182758106956	0	0	0	0
3.2309706024323575	0	0	0	0
-1.658624423687833	0	0	0	0
1.8839284897574302	0	0	0	0
-0.003047954593419888	0	0	0	0
-2.872635838373995	0	0	0	0
3.585484675114536	0	0	0	0
-2.781033366726291	0	0	0	0
2.534450440075169	0	0	0	0
-2.2021640911573215	0	0	0	0
-0.6473560746336773	0	0	0	0
3.631474402777293	0	0	0	0
-3.5428827959301756	0	0	0	0
2.5438524769464195	0	0	0	0
-2.2603194849351738	0	0	0	0
2.0812120545846753	0	0	0	0
-1.6219753433293178	0	0	0	0
1.7384207720458065	0	0	0	0
-2.01121211911461	0	0	0	0
0.7513943485726173	0	0	0	0
-1.1093353421461742	0	0	0	0
5.504626016324089	0	0	0	0
-7.497944551592404	0	0	0	0
5.201322155546407	0	0	0	0
-2.7476486965421287	0	0	0	0
1.7486736406026253	0	0	0	0
-1.8533782614037477	0	0	0	0
3.2687030265749044	0	0	0	0
-8.607304035670197	0	0	0	0
14.702215629497033	0	0	0	0
-12.246616018639173	0	0	0	0
5.652847570812305	0	0	0	0
-2.428117705358048	0	0	0	0
-1.2779163224854955	0	0	0	0
4.42214877322899	0	0	0	0
-3.3549199332484534	0	0	0	0
2.033325162395087	0	0	0	0
-4.321382836024327	0	0	0	0
7.198011011700316	0	0	0	0
-11.455828832463155	0	0	0	0
15.134446278321512	0	0	0	0
-13.237505282417132	0	0	0	0
9.74997522085048	0	0	0	0
-7.046552910229259	0	0	0	0
5.741786230397089	0	0	0	0
-8.52711809862361	0	0	0	0
13.142413462972996	0	0	0	0
-17.236015981629507	0	0	0	0
15.550917421577104	0	0	0	0
-6.409606962326727	0	0	0	0
-2.131217628917355	0	0	0	0
5.383191077648576	0	0	0	0
-4.972819731620916	0	0	0	0
4.765011461881613	0	0	0	0
-5.213717450800026	0	0	0	0
6.910353464816325	0	0	0	0
-10.354383205064764	0	0	0	0
10.180904967239307	0	0	0	0
-8.99683119952148	0	0	0	0
8.679215552951149	0	0	0	0
-6.703440445834097	0	0	0	0
5.324056965119851	0	0	0	0
-3.347948092250114	0	0	0	0
-0.5480405584469139	0	0	0	0
0.09329133238749421	0	0	0	0
2.004997428112766	0	0	0	0
-0.3713195239484861	0	0	0	0
-3.154962109564174	0	0	0	0
4.260306118076983	0	0	0	0
-3.1344857747725072	0	0	0	0
1.934729869280794	0	0	0	0
-1.555284083179025	0	0	0	0
2.869464907912061	0	0	0	0
-4.201070805224944	0	0	0	0
3.173759670431849	0	0	0	0
-0.21294252470096353	0	0	0	0
-2.7845883085532677	0	0	0	0
4.816444113193441	0	0	0	0
-5.334444865899748	0	0	0	0
5.926910866416975	0	0	0	0
-5.928603630572816	0	0	0	0
4.008364093265236	0	0	0	0
-2.840959992684482	0	0	0	0
2.8957630684511955	0	0	0	0
-1.566146009686797	0	0	0	0
-2.4182625413198693	0	0	0	0
6.124729148809706	0	0	0	0
-4.979797554926797	0	0	0	0
0.356911787392832	0	0	0	0
3.6388578087697283	0	0	0	0
-5.4763726417927785	0	0	0	0
5.112674949403875	0	0	0	0
-3.794256985271794	0	0	0	0
1.9617784714448447	0	0	0	0
2.0753756395107104	0	0	0	0
-5.773309102515192	0	0	0	0
4.214180425025731	0	0	0	0
0.7025166440754163	0	0	0	0
-4.1833579822450915	0	0	0	0
5.038553811354191	0	0	0	0
-3.6065356580249315	0	0	0	0
3.654876344439934	0	0	0	0
-8.7559841205858	0	0	0	0
11.654230472099776	0	0	0	0
-5.3086973223630665	0	0	0	0
2.365982158818298	0	0	0	0
-8.151355216614014	0	0	0	0
10.275095814846779	0	0	0	0
-5.553313635709216	0	0	0	0
-7.495587488375605	0	0	0	0
23.655827317601897	0	0	0	0
-22.130770367913684	0	0	0	0
7.986511049806218	0	0	0	0
-3.7701688054749383	0	0	0	0
3.4148301880390193	0	0	0	0
-0.2162379902755589	0	0	0	0
-3.532080463317101	0	0	0	0
6.667715377816016	0	0	0	0
