0.25178750674928807	-1.0091148532401206	0.916574875753227	-0.03727664041373657	17034.963620485465
-0.5640855575479122	-2.868694885267125	3.0884434618205177	-0.38668310600498046	17034.579749237262
-2.168813036708606	3.5374689224056226	-0.7216166940699935	-5.9175836193714275	17033.772916083875
2.886080781775874	5.484157451294024	7.672294788162546	-13.150088167743704	17035.01354199618
-1.6551159746859625	-6.407957530189563	-7.023606193518376	14.29720098036357	17034.4511618141
0.9801570306219674	-2.5377458140929576	-7.718796671626976	5.504079234068229	17033.73492006214
-1.6620592038273188	1.776375058507817	3.6749134904884215	-14.2993963122844	17008.64507514061
2.2079226030515144	-0.6665430704637814	-4.183623811679027	-9.142633386097273	17114.613810596406
-2.080764984603931	5.330272549228312	-3.956454188746349	-42.530076492320546	17109.412978110457
1.5104514468915298	4.105719259252609	-0.3387687014720626	13.06406392397325	17082.749659765035
-0.20019707057817726	2.0684303459646074	-9.139798636620938	-12.581836303229665	17007.31235774914
-0.25652834867371865	6.364041423852605	-9.454483747365188	0.36730883753359933	17015.51145953418
0.13135754573610114	-4.127893736840235	-2.4130616155714506	2.1817856565075857	16997.744517398496
-0.24670410725646263	-1.5012525615548498	4.5003350593845255	7.27472274357018	16957.670718627414
1.3038268237550952	0.8706666096721705	-48.827129866140766	-7.878025918179944	16927.466167027993
-1.3280952508233597	0.7569238299336121	-4.17481516800278	4.517811897452148	16911.700954930064
0.13269994461433043	-7.688670583456272	-16.117209198639273	-2.004976793618667	16880.257956946447
1.6357155410233588	3.9193248100533395	6.063639417899466	11.099969759726307	16870.390651780246
-3.4873276005570943	-4.3651702483943495	2.0593629883094877	-5.880792557741572	16841.937728701498
4.165853623653064	0.1881788682133987	-3.8598270953813767	25.219881977257387	16838.726080813427
-3.2057223536492927	1.2245996162930766	6.053858308431728	-63.93623825866608	16841.729651537014
1.3217372255987954	3.0250672869045516	-3.9687966208461773	18.36605529431401	16890.2578100464
0.4351037318580353	1.9737589522001855	2.191700488126145	-34.0388315153087	16740.067492126236
-0.17252872391158292	-4.650648515509957	2.919224833473649	28.517075836409518	16637.572204062573
-0.8677444844168747	-4.869105641120704	-5.292584108010885	-25.66966959836418	16670.51373788175
1.450624568031266	5.497932533475989	2.8932467251032534	-15.062423377499073	16823.126782885975
-2.0260320033394095	74.88553037899248	3.0337083015816404	0.8130774495844832	16930.776418822577
2.4804845761292427	-15.813043300187474	-9.294508857486534	-13.893661639929633	16890.2664098896
-1.4269347294509203	0.8678009433105558	5.848961183068866	-7.367413751318836	16914.416807166726
-0.02162661123090004	-4.333043944183011	0.9315092415811961	-1.1846955222824533	16910.05940567211
0.1050354684989756	-3.8373685358655365	-5.156331901901382	2.2807167945527738	16896.69505815327
0.9189816491840332	7.355650132577061	7.9851311716254685	8.535331273883259	16806.47443473521
-1.121497176479771	-4.007812387088201	-11.416774944078497	-11.804872847535123	16842.906677866915
0.727138872206659	1.1504323842409718	-5.321779614790003	32.23984447723598	16914.538347253216
0.05539585635516886	0.3885546878912436	2.7116883482190843	-5.586844588159465	16879.44063501306
0.7759132769229282	-2.633406235828005	-1.0889657072587084	1.3056275574678722	16843.335609293365
-1.342176225540129	-4.234594861708153	-12.117840191880461	-5.048192965802869	16842.0751819999
0.7095449171826971	-4.907444167182099	-56.27060237236506	-24.852506231981906	16840.589701921654
0.3193110171864788	-4.879234975898704	25.796209800868425	0	0
-0.5723503587610352	-0.3237253082220519	-8.752008826575903	0	0
0.7279816948585562	9.375122789315	-5.04181165318785	0	0
-1.5424029277572657	2.0424614077968357	-9.288892409363271	0	0
2.6477933523745705	3.5303116571013646	-71.04577375564385	0	0
-2.6548107833936996	-1.525520775690694	27.487750127816327	0	0
1.4777059942859623	1.7916812719901358	-1.1693316956213096	0	0
-0.5363352305894722	5.216549530213051	3.3968863297663887	0	0
-2.2299946953674876	6.196009312993347	1.3242298842630333	0	0
10.295647072505389	0.7243299435807842	4.601196398007971	0	0
-22.633179240863036	-2.023009745397154	-11.275331106842032	0	0
28.29454507849767	-1.5388406416067753	-1.1857782133887724	0	0
-19.932285074756557	3.785216484271281	-13.545648842217233	0	0
8.770023188178492	-0.7488949071734439	4.075080477942265	0	0
-4.242398807797095	-1.7974450958781318	0.5355521259775884	0	0
0.9773499934179029	-4.34564963252317	-2.1655883525498183	0	0
0.775011581574951	-3.976123657664594	-4.585113469130505	0	0
-0.2742512334981271	-4.428277659942864	4.966741499410304	0	0
-0.5270245699627054	-3.7558925395702047	7.5109941148726165	0	0
0.8676925147796339	-2.174295631228169	-2.928582734039324	0	0
-2.104671354647074	6.277209241384902	20.0050529598429	0	0
3.963288132777663	-1.8348417921569649	-5.046911670612417	0	0
-4.393208157524555	-1.440646979438469	9.545934190061331	0	0
3.2523077576295805	-2.29997341106872	0.29638778995337134	0	0
-2.3138690475976773	-9.987835288672748	11.319948047940528	0	0
1.4434174777267827	1.3611639346694773	-0.398991099118291	0	0
-0.6931544620205159	-5.6093512839021	-18.291245743798527	0	0
0.6550296064179761	-0.7770898481973205	2.868446706526626	0	0
-0.750568819044247	7.29660911163576	1.701540508531707	0	0
0.658200170002651	0.49614163263299105	-2.448090055320307	0	0
-0.5092604461586276	-4.008085643897488	2.7360287455750836	0	0
0.681977034595775	-2.251589236152924	17.68396862730674	0	0
-0.9202810071588772	2.8303781950431883	0	0	0
2.0420417369148964	4.362890614113454	0	0	0
-3.715160835839292	8.433685387131248	0	0	0
5.2246240475249195	-1.688190810655101	0	0	0
-6.499872611917411	0.6935844569218119	0	0	0
7.3028367764498725	-1.118608037844325	0	0	0
-7.503122594915276	1.66655919698011	0	0	0
6.036767180374113	-1.9361576440358945	0	0	0
-3.4809877173922175	3.8741213551663165	0	0	0
1.0022739108754806	6.9512546336383565	0	0	0
0.39993483186474066	-6.649116670801057	0	0	0
-0.7844494051145219	9.245864582940165	0	0	0
0.4074485578874416	-70.97243034814012	0	0	0
-0.22571296902656712	2.8500106320746283	0	0	0
0.4290235248593248	-0.5643035118004747	0	0	0
-0.24023487248586406	15.030876063204111	0	0	0
0.4700657854555743	-2.410548069280992	0	0	0
-1.4017534729191325	2.9378651539832887	0	0	0
2.0780776509731282	0.9603149352633693	0	0	0
-2.2797505790854515	-8.740591159070945	0	0	0
2.874599703054514	0.964905418081436	0	0	0
-3.2549558216705208	-2.5090922483463274	0	0	0
3.1206988704132357	1.4667295430771219	0	0	0
-2.512688237822964	0.4587369678051658	0	0	0
1.3327358348120342	-0.9310695479569162	0	0	0
0.2446948431853997	4.779268988865084	0	0	0
-2.125959463744877	-4.072524911581489	0	0	0
4.176981856611562	1.7490718642687497	0	0	0
-4.97404688765215	-0.9015421112009605	0	0	0
5.095141748267537	1.6882639509337594	0	0	0
-5.165849598462877	1.7282300741085521	0	0	0
4.228145892383978	-6.581698349194838	0	0	0
-3.1375733877640855	3.5492246075208342	0	0	0
3.3619682435684695	-11.591202956498691	0	0	0
-3.5262732866988813	3.030232117325255	0	0	0
3.6282494177323628	-6.344650860697904	0	0	0
-3.7193287976340628	-0.7825302349552388	0	0	0
3.1440256857293676	2.4774773726425465	0	0	0
-1.8872945154484668	-0.7073940135695835	0	0	0
1.375281596282207	-6.45310027362504	0	0	0
-1.2844817316693096	10.578367029547508	0	0	0
1.5024969096509082	3.0923717986360444	0	0	0
-1.742830954183475	8.960987268637432	0	0	0
1.5009794194376198	4.043356534164786	0	0	0
0.14848420366574544	8.240422307639363	0	0	0
-1.798151506738293	0.7057567658148116	0	0	0
2.050994099828955	-1.3867810758435866	0	0	0
-1.0198993647314154	0.6219704425092516	0	0	0
-0.19001900822583906	-9.166263258081955	0	0	0
0.417292435200018	-1.82136718104978	0	0	0
-0.5406925753736971	5.670715816405256	0	0	0
0.7663558747863846	3.4505858089667143	0	0	0
-1.417143843301595	5.502015196604404	0	0	0
3.127766553169778	-5.119688598943505	0	0	0
-3.647631057531491	0.344312674023179	0	0	0
2.021620832586507	4.539139038321423	0	0	0
-0.6884401207247777	11.17854983945562	0	0	0
1.2664443873729283	9.833882703222933	0	0	0
-2.596901348406085	0.06878523358791	0	0	0
3.1908831263575124	15.565879098917364	0	0	0
-2.7216558795559322	-20.71336559307933	0	0	0
1.5280892022188368	3.091504088701768	0	0	0
0.3768262095293835	-13.210983778663802	0	0	0
-1.487520399963131	0	0	0	0
1.255486109887272	0	0	0	0
-0.08023270830635454	0	0	0	0
-1.2206921368390624	0	0	0	0
1.4993750097325247	0	0	0	0
-0.419643540316585	0	0	0	0
1.2265883496476633	0	0	0	0
-3.371871507211395	0	0	0	0
1.5123217860074831	0	0	0	0
1.7575933627742941	0	0	0	0
-0.6863373296311579	0	0	0	0
-1.8157622250170888	0	0	0	0
2.739191733222391	0	0	0	0
-1.9787606433893004	0	0	0	0
1.4022260351479687	0	0	0	0
-1.2926264028876915	0	0	0	0
0.8823583923038925	0	0	0	0
0.05230651377777917	0	0	0	0
-0.4479834851493223	0	0	0	0
0.44608466992056606	0	0	0	0
-0.8449634935191881	0	0	0	0
1.1413079293137685	0	0	0	0
-0.8220573829438393	0	0	0	0
1.4729883571657965	0	0	0	0
-2.063552412578062	0	0	0	0
1.0455955743236984	0	0	0	0
-1.6870078287193735	0	0	0	0
8.423739316870986	0	0	0	0
-18.773174935538236	0	0	0	0
22.287204719887797	0	0	0	0
-12.80577537820713	0	0	0	0
3.7666211038616524	0	0	0	0
-2.867348582440002	0	0	0	0
2.336045759078054	0	0	0	0
-2.0418566632106163	0	0	0	0
3.61628032154141	0	0	0	0
-3.610176955661366	0	0	0	0
1.8642528592690724	0	0	0	0
-0.4839013761311364	0	0	0	0
-0.3500053383644257	0	0	0	0
0.023664324160861838	0	0	0	0
1.7234467081566862	0	0	0	0
-2.2584470721163825	0	0	0	0
1.3297724760767409	0	0	0	0
0.5256330958713775	0	0	0	0
-1.2775539252063552	0	0	0	0
0.2277248575392079	0	0	0	0
1.4394050831854202	0	0	0	0
-3.1387982593835275	0	0	0	0
4.136785596885417	0	0	0	0
-4.88917804722486	0	0	0	0
5.119474871974354	0	0	0	0
-3.495743057630939	0	0	0	0
1.3838350144854559	0	0	0	0
1.0105377216995919	0	0	0	0
-1.6748842391931333	0	0	0	0
0.18838593868315456	0	0	0	0
0.8084151424794257	0	0	0	0
-0.3990150806228101	0	0	0	0
-0.26714814381688257	0	0	0	0
0.5680486790718717	0	0	0	0
0.0829529827322304	0	0	0	0
0.31123924451739526	0	0	0	0
-1.149663907524321	0	0	0	0
0.5703711013513768	0	0	0	0
-0.03789191438536221	0	0	0	0
0.43854890104653776	0	0	0	0
-1.328110963454229	0	0	0	0
1.2052444376845273	0	0	0	0
1.201868673706855	0	0	0	0
-3.3889448214584874	0	0	0	0
3.177476311467281	0	0	0	0
-1.8709382540856225	0	0	0	0
1.5821589798350146	0	0	0	0
-1.7084596291084537	0	0	0	0
1.3812308729482936	0	0	0	0
-0.6134074574513733	0	0	0	0
-0.3613697208063229	0	0	0	0
1.1126063615915527	0	0	0	0
-1.1617222001717948	0	0	0	0
1.678710104326747	0	0	0	0
-2.2129491734948488	0	0	0	0
2.3264397995835537	0	0	0	0
-2.5837976847880952	0	0	0	0
3.46815223353628	0	0	0	0
-2.54535351729875	0	0	0	0
0.7005726661537679	0	0	0	0
-0.2557891888111783	0	0	0	0
0.5627167358130123	0	0	0	0
-0.5181472328055037	0	0	0	0
0.5642104664301826	0	0	0	0
-0.7350417383377774	0	0	0	0
1.761081812019114	0	0	0	0
-2.138195280720673	0	0	0	0
0.621458641476174	0	0	0	0
-0.12287089395031359	0	0	0	0
2.020294885168589	0	0	0	0
-4.565243190408879	0	0	0	0
5.650593173890293	0	0	0	0
-3.975694068561019	0	0	0	0
2.17620541404105	0	0	0	0
-2.1877003118380287	0	0	0	0
2.9548602356530793	0	0	0	0
-3.848388848566252	0	0	0	0
4.737807771554742	0	0	0	0
-4.591823152756511	0	0	0	0
3.04538285176438	0	0	0	0
-1.1820605382122906	0	0	0	0
0.5796164725649504	0	0	0	0
-0.15288298519306665	0	0	0	0
-1.0977401571721757	0	0	0	0
1.0393850478180653	0	0	0	0
0.7940407409562198	0	0	0	0
-1.5902091132536071	0	0	0	0
1.9788983767714612	0	0	0	0
-2.4305195400986364	0	0	0	0
0.6768062050752093	0	0	0	0
1.6943271298775855	0	0	0	0
-2.034897266167313	0	0	0	0
1.260752825628991	0	0	0	0
0.24003986055555515	0	0	0	0
-3.2188156192457313	0	0	0	0
1.0873254457853747	0	0	0	0
-0.1066518346593952	0	0	0	0
-0.9068675962260002	0	0	0	0
4.786417426620652	0	0	0	0
