-0.11374115781765681	-4.134869579877801	-1.7817472036553568	0.9816792583110185	16794.819007582933
1.6304110716611078	-14.102611673718968	-5.662418084029838	2.8118621207745633	16793.97361459074
-3.14363124672915	-6.6941892986754965	-5.364490992836821	-5.224871044798476	16795.32723161565
3.708506687600135	11.022131289031073	-8.810226076154265	0.9731381103516412	16795.73189990897
-2.481372327267536	-13.455974460892655	-5.603172247856719	-13.521684519401447	16789.310867599175
-0.01841808099882769	2.342455606221293	-20.765003758116677	21.17476071083736	16813.712385977542
0.9858340862315913	-26.616701996343274	15.009789600849217	5.09466589228596	16783.64683808261
-1.3958542761751929	10.256575576170817	10.532200339603264	19.2458440775561	16802.92638966976
3.1018357223821766	3.3969209848768145	10.360491321922296	-45.08394279542766	16814.438007092413
-4.406386380973956	-3.1170572120589313	1.8828508196131537	26.143221688453153	16836.335181930714
2.417537706932194	7.8796297835653775	15.40851064501787	-20.275109793689722	16845.580810947726
3.2476088363281477	-8.119209086427418	7.814762059645645	1.2397065188657734	16740.009721672064
-6.63408383718577	8.811971899995399	12.820713830198486	23.06719627030631	16781.0852779116
3.386091341129301	-3.116110110163227	-22.35788245403343	-22.269009085597986	16814.79209645668
1.6795209613108213	-17.55162110610805	8.962258703070475	-7.9120921363663825	16772.511295881694
-5.935155295562758	-2.4974490981012707	-1.586116770513641	-22.110215459085254	16860.472436754608
9.816580958046053	20.151904330204296	16.907992009535974	14.640667220018088	16856.852328139856
-13.080303614314722	14.125641535042035	-14.311884220795804	-32.41564417956219	16819.77691171588
16.315685829875456	-26.275888228577834	-13.88900442034776	-1.713978631714383	16826.651396238
-17.984852721489567	35.99724488717615	-9.97799783361873	24.867877345625217	16998.97125752992
16.567357723567405	3.4076444082883555	-41.59239928334637	4.720054147221703	16985.156137392467
-13.652156487393718	-6.081399368900001	22.199014100272777	6.939707959495678	16962.61091521609
12.412448660260466	-7.505340733563827	-7.327886814722149	3.194138528777458	16925.776937892635
-14.41636422819461	-18.029616600256546	1.8790154596950543	13.096808927249128	16906.11653425427
16.977325579610557	-5.13713193691958	6.9231327975025465	-8.100343444557936	16877.009741911086
-16.472097500769195	3.205311953039697	0.009427809188565561	27.082963038703866	16872.7676328326
13.581152236320428	-4.345044001962329	6.072557590655521	-20.268757584747377	16891.29914797862
-10.436872091971857	-0.6151827672658925	22.94142490938819	-4.392185110209056	16978.297958455227
6.579524317222791	12.764317151886921	15.21495129069514	30.972417105481597	16943.23114601005
-1.4198746796879078	6.634832774146773	3.5548126795043657	-14.680647661491463	16927.841556258718
-2.4734075191198173	12.310599928161373	13.882498881829719	13.09022042759743	16915.05690177413
2.975920079006606	4.009160661870226	-2.5889962868289302	-6.698473823949897	16960.506786298898
-2.188122273706256	-5.000774635116123	15.89102246838604	42.59387020861651	16902.320351958508
5.672591417661522	17.696257829708713	9.207437632823343	-1.1042269379112781	16880.469587223797
-15.610523427847788	-20.046506689213437	-33.34734920506648	-4.72970163865142	16972.147768821007
21.834809251943867	24.90839437559265	-16.013310549384556	1.1603970444371612	16892.409379536446
-17.75949214157626	-11.17322555568201	-3.013481509694003	8.14581271030329	16858.09774764456
8.60256812595081	6.948445940343277	6.707832807005786	-19.03920133589395	16828.720537341775
-0.44553831174085445	-13.556290667150826	22.32565149873666	0	0
-4.284941553486242	-25.03362461787161	4.931303092179348	0	0
4.413308885917964	16.499178059935844	-10.169959622159766	0	0
-1.7770643711303862	-13.299788559777234	-2.5428594952618795	0	0
-0.6249340291402561	14.55265420460131	-4.8400024524109	0	0
1.8859651833740543	-41.802694510962674	-11.352882247303683	0	0
-3.1071902427404297	-9.08363985691993	-13.396180093748086	0	0
2.9191586849884885	7.787611098961612	-6.016569948654052	0	0
-1.6568844106089458	-29.99809148125793	14.931985375674813	0	0
-0.4615137760015884	14.4215647050844	-7.813119473507371	0	0
3.8064191164627985	-13.536619709415525	11.209578402945638	0	0
-5.900024063815728	-1.6950364418692985	-3.089140159234802	0	0
5.706488669295965	8.194061917313562	7.264987615092679	0	0
-2.380770914003911	12.993462995887803	-35.768079494446056	0	0
-2.7217983073683243	-21.704567745390563	6.540476446382101	0	0
6.865236113410539	-3.8234404646527054	-5.522305614278196	0	0
-7.8188709784094	6.599650598168296	4.906068613763566	0	0
6.519147964441693	-4.067656193053537	-11.461193394593963	0	0
-4.049253946364715	-8.52055997728548	21.7080752348743	0	0
2.695975462749516	-23.54506904512416	11.140011135761142	0	0
-2.3453219527417986	3.032669777564287	-20.115075366096562	0	0
0.5359369369054221	16.10232757848349	-15.676759004345428	0	0
0.7316644402424828	-24.692227813115025	-7.279549029933406	0	0
-0.3681779625075947	-8.798533382405168	3.631342866985051	0	0
0.6724743045147648	-8.49324885796051	-11.41804164222188	0	0
-2.3508911952053495	-14.02153800402764	-15.847663064058509	0	0
7.650138101305217	-6.98083227120884	5.629843855341079	0	0
-13.163755127769939	35.11299946538928	6.932535614130174	0	0
12.016990847076976	-12.96444164109679	-0.09868021363627122	0	0
-5.6793714693599355	12.094556372337493	-1.9457663855788496	0	0
2.6698686453522598	-14.191807510439872	-9.413100927694614	0	0
-4.1057715959579895	6.934044410012042	5.203162448185111	0	0
5.39384706050857	8.656102239915839	0	0	0
-3.5408089275702324	-18.865256080600034	0	0	0
2.4761425725397785	24.181191519559334	0	0	0
-5.005483860366311	-14.844344619065502	0	0	0
5.420398573855742	23.778852173988874	0	0	0
1.8182346432958028	-5.690347055740347	0	0	0
-10.641634458245207	-5.290511203281525	0	0	0
14.149678823689143	-8.33337642859135	0	0	0
-10.08279134742888	-6.455690961811463	0	0	0
2.567606720158196	1.2059963690718618	0	0	0
1.7933170503409315	27.942638680467653	0	0	0
-4.6110940396309275	8.928977442535356	0	0	0
10.477076624918809	24.927755269043267	0	0	0
-14.29666261417541	3.808710151734573	0	0	0
10.688797510288872	7.174323155483073	0	0	0
-2.7522461302083556	-28.885096093518484	0	0	0
-3.9488906987192536	-6.7077027762231936	0	0	0
3.9502554956842246	-12.750058697772019	0	0	0
1.4756934670700517	5.371892430098555	0	0	0
-4.898407809799977	-16.000788153560585	0	0	0
3.2623824978942366	12.305089204073298	0	0	0
-0.9632970184125469	19.380171128271655	0	0	0
2.040888434247698	-18.29372943154636	0	0	0
-5.494177154312361	-6.48896676798843	0	0	0
5.470037557242115	15.089599147437383	0	0	0
-2.1921285673201467	1.2225827195150387	0	0	0
-1.7116725206954584	-25.849925726779226	0	0	0
5.964293425158161	28.50897760800091	0	0	0
-9.52523266369338	-12.498151851114415	0	0	0
10.136984015411976	-5.828000236867105	0	0	0
-7.9365953205382525	6.086562370142431	0	0	0
6.603917116217573	7.626416892939616	0	0	0
-7.6060077155548385	-12.121256879047493	0	0	0
6.633202395134518	-27.187260141266997	0	0	0
-3.9125160967996777	-8.590066950850627	0	0	0
3.089004712814287	36.85081231101626	0	0	0
-2.5334495429571717	16.507161400220184	0	0	0
0.03920490947129451	14.897495471696104	0	0	0
3.1711237477823815	31.813395391463786	0	0	0
-5.344654828399122	13.81593543345975	0	0	0
6.8888289649382415	-26.075585122161925	0	0	0
-6.878877453899982	5.155773598660865	0	0	0
3.3160950462231185	10.348585793299854	0	0	0
2.619253865109087	-10.89148333005302	0	0	0
-6.395570779347551	-12.16272500475987	0	0	0
4.409331025187257	16.462100441206545	0	0	0
0.9359894357379588	1.5362330442484478	0	0	0
-4.7706986198528085	13.492271004282095	0	0	0
2.7645162099147953	9.511050400118378	0	0	0
1.5649723027186866	3.7069800232143137	0	0	0
-5.0180696141915675	9.638099193533293	0	0	0
7.205967516901559	-11.54591994036064	0	0	0
-7.393913582933386	27.373681546862187	0	0	0
5.177807777309347	12.61495741730841	0	0	0
-3.0621330851978854	13.757382781710312	0	0	0
4.053621099041173	22.778164787185062	0	0	0
-7.300271067247159	-4.25983184009813	0	0	0
8.234006490955842	-5.498218922346375	0	0	0
-5.494997941692247	10.298304560597458	0	0	0
1.6164878541865164	33.85885222766921	0	0	0
-0.9574579163232855	-48.15499031599906	0	0	0
3.248254518867377	7.357354629287805	0	0	0
-0.8647375135321553	4.4776851795489705	0	0	0
-6.701588782986164	0	0	0	0
11.291265210770241	0	0	0	0
-8.883218011388799	0	0	0	0
5.230630248922054	0	0	0	0
-6.156880541331326	0	0	0	0
9.671949586578606	0	0	0	0
-10.30249024012597	0	0	0	0
5.4179512363254645	0	0	0	0
0.9186183170593694	0	0	0	0
-3.5465964192539374	0	0	0	0
3.296410982968588	0	0	0	0
-6.066930117923491	0	0	0	0
11.118055475614042	0	0	0	0
-12.15467001840507	0	0	0	0
7.394651907046679	0	0	0	0
-2.903910220339661	0	0	0	0
2.102092535396487	0	0	0	0
-2.552647456695361	0	0	0	0
2.263464574136897	0	0	0	0
-2.0074581796171955	0	0	0	0
0.859292839330621	0	0	0	0
0.9402570585534278	0	0	0	0
-1.4779567232643274	0	0	0	0
0.42475863929716695	0	0	0	0
-0.5764455258035284	0	0	0	0
2.921111811132789	0	0	0	0
-5.956052733206718	0	0	0	0
6.8342066639827905	0	0	0	0
-6.650716961045745	0	0	0	0
7.597303692117066	0	0	0	0
-6.996251301158651	0	0	0	0
3.7779540925477164	0	0	0	0
-2.045020999561146	0	0	0	0
2.757773122194621	0	0	0	0
-3.037415108922893	0	0	0	0
1.3503395765875865	0	0	0	0
-0.41933126412689603	0	0	0	0
1.9044898296672343	0	0	0	0
-2.9624729475375986	0	0	0	0
1.6275874578226848	0	0	0	0
-1.8588383856130903	0	0	0	0
4.154461310657318	0	0	0	0
-5.531297540479713	0	0	0	0
3.7887226045330635	0	0	0	0
-0.14221984102376695	0	0	0	0
-3.341669482475531	0	0	0	0
2.284161147357615	0	0	0	0
1.740304573258335	0	0	0	0
-5.148104043154078	0	0	0	0
5.468574038406096	0	0	0	0
-2.4384293324475834	0	0	0	0
-1.9305720614789479	0	0	0	0
5.208702519606632	0	0	0	0
-6.4433655381475035	0	0	0	0
3.3035463855212015	0	0	0	0
2.364005975663652	0	0	0	0
-5.458313739963323	0	0	0	0
3.5734306820244726	0	0	0	0
-0.5652254087795185	0	0	0	0
1.3942669908913672	0	0	0	0
-3.6291468555732393	0	0	0	0
4.237816139068322	0	0	0	0
-2.889982553391114	0	0	0	0
0.8379675831770115	0	0	0	0
-1.8839668917420127	0	0	0	0
3.735484788589986	0	0	0	0
-2.776370017580902	0	0	0	0
2.899528142397422	0	0	0	0
-4.769707287653127	0	0	0	0
5.687765467837323	0	0	0	0
-4.744629291371723	0	0	0	0
1.3602226833232933	0	0	0	0
2.4771530329383395	0	0	0	0
-5.843184911930997	0	0	0	0
8.144986633960364	0	0	0	0
-6.703914509768296	0	0	0	0
3.3708192494645175	0	0	0	0
-2.2295439626783065	0	0	0	0
3.4420287201223445	0	0	0	0
-5.926561471578879	0	0	0	0
7.099812023409157	0	0	0	0
-5.06904594414118	0	0	0	0
0.4677256332910247	0	0	0	0
5.210453875786129	0	0	0	0
-7.205107312952208	0	0	0	0
4.301716709350941	0	0	0	0
-0.6216781280428094	0	0	0	0
-1.8066275831699983	0	0	0	0
4.763745735087369	0	0	0	0
-6.852412271266942	0	0	0	0
7.777214746528159	0	0	0	0
-7.9699293955508494	0	0	0	0
8.335421191828402	0	0	0	0
-9.574017103371517	0	0	0	0
11.266715780327594	0	0	0	0
-11.44790884023839	0	0	0	0
7.456489465209252	0	0	0	0
-3.153761045947199	0	0	0	0
2.172551577651973	0	0	0	0
-1.2090434228870137	0	0	0	0
-1.5566348537744403	0	0	0	0
4.255310729361632	0	0	0	0
-5.712580258558276	0	0	0	0
6.23745825064816	0	0	0	0
-7.308564172666166	0	0	0	0
8.683869669931958	0	0	0	0
-7.365151303425861	0	0	0	0
2.131280652881415	0	0	0	0
2.0061634634976997	0	0	0	0
-2.4006473481638153	0	0	0	0
0.4420821883067205	0	0	0	0
1.2681555772199502	0	0	0	0
-2.347716574823309	0	0	0	0
3.3712331048027764	0	0	0	0
-3.03859112099493	0	0	0	0
2.3572335993309537	0	0	0	0
-3.1789806346456757	0	0	0	0
2.713898630437626	0	0	0	0
-0.560197636469141	0	0	0	0
-1.8158736076713708	0	0	0	0
5.453596149384353	0	0	0	0
-9.358728611909783	0	0	0	0
4.339832863293104	0	0	0	0
-0.2605737645592754	0	0	0	0
-3.1004610030913824	0	0	0	0
10.168401705873436	0	0	0	0
