-0.115938082137923	1.6166145238378604	-1.864259170157709	0.025392152094312337	16970.56616178098
-0.021271115075620628	4.830906871430429	-6.117506191514764	0.2859343111970105	16970.186201469794
0.8259637584099266	-3.426587270670616	0.7427088106311004	1.475237050378169	16971.47074139084
-0.6429376579531692	-2.3716610405530716	3.495601062779329	13.740697553929579	16971.023170139997
-0.2219619801819377	3.2379540534232234	1.6259887061803084	14.742768123325675	16968.028202097088
1.435639319015138	2.6449069608905518	0.16096853885198925	-37.320780249412806	16975.502471402237
-1.4512617991996493	0.991029225366475	14.83266857726754	1.4873097091800531	16966.742843152217
0.18881454957077892	-3.60939766934969	-7.4962894507763025	8.962177081620695	16914.020477349728
1.0237028710961908	2.5453874661673197	0.6677836808397188	-12.144905063567663	16939.6977097473
-2.1028144458210107	3.5120977185411064	1.661120164085176	9.034732547469318	16967.75153124596
3.188479242246821	1.299985813666062	-7.454969315235232	-19.900393580614974	16934.634204806887
-3.6630629458139268	-2.824850521675806	1.226761231114196	-5.169102642284912	16904.74834987209
2.853232928612748	-4.795511041743701	13.051718058731836	3.3829118530634474	16926.604850522068
-2.2167593035000763	-1.523726732696261	1.162955335635047	13.50285862218098	16946.96399482065
1.539814763786282	4.382486946363173	-12.649340829957879	-3.0274728756033085	16949.03656750438
-0.7152785738465823	-2.6061664908471442	-5.831334599482602	-1.935759857764154	16961.09088744707
0.6503676301449062	0.2819207648254647	7.6839514818183545	11.778201387275672	16945.967190827498
-0.4329794956907662	-2.81586376586165	7.365076147838764	-26.972059466584838	16923.71529539271
-0.09108766164074922	-6.734914225812368	-5.691479659826641	14.244809101534386	16880.231806946384
-0.3174876609218771	5.956524255754431	11.708257893749902	3.9486843896054893	16869.472918795494
1.0557387088350936	0.44662371324709227	-3.5748228221091125	-10.284128911061515	16741.655655790928
-0.7396791625897805	-3.8701468585631744	12.55669933868991	17.930095927042487	16770.025715298023
-0.48824279191420317	11.938483105081446	-13.819769781744242	2.27592435842557	16829.504745351034
1.2840082189916728	-5.37187695959652	-2.768332552873062	14.89428033602583	16910.06226482855
-1.4365558821827307	16.828996039125727	-3.520857112627354	-16.691306077949775	17055.90417442054
1.8892830841471948	-0.6883749005736846	9.769844306977475	-7.398329495275021	17004.95984331455
-1.498865998357104	4.035046120718249	7.911404147617063	-1.6193832784447864	16995.015313713615
1.0027351743754735	4.517218642926181	-10.666017641335856	-9.814197035750269	16961.294927599192
-1.182874720606634	-3.7199915525339833	2.052070366953231	22.512568453337963	16903.738004039034
1.5371425274698467	-7.837631648577194	1.1800644037726329	-4.129844796778713	16895.13559986511
-1.2859321149521605	13.469507375403076	-10.408178921184685	-11.218019774914737	16912.638592756626
0.4791564783905926	-6.9076497010172275	-3.36493578028157	-5.22718302498869	16969.39200308158
-0.44774777383202746	-5.919628412204389	-5.10597921377223	-0.3639030529632521	17000.02720532266
0.9805943149206229	6.988465011963363	9.831962952027311	-12.107667417725722	16971.636178024775
-1.6291161194637382	-6.970371520653849	2.525893017104437	14.265480677907888	16932.298659017506
2.427788445461573	6.470189985719486	4.210233384519455	-4.5147151527432925	16940.143071070263
-2.8063275892237556	-0.4235335573170502	-15.526643736824198	-10.50369535729854	16939.257670973253
1.7619866848131522	3.4604575275455716	-6.031317419386909	17.34863815294871	16976.111445771
-0.595262577690427	-5.11657728121974	17.483794705311794	0	0
0.6399138979428685	2.506013515561783	12.154529765776672	0	0
-1.2686476617148728	0.1457667400503908	2.765376731894534	0	0
1.1561696680883742	0.028331409530473195	-1.1455695439954354	0	0
0.17678897065318466	4.910448463223972	-6.012602092778991	0	0
-1.9638801787234286	-9.620519237529187	1.4258850844245075	0	0
2.2589415643058857	5.293343285583816	-1.213980282771189	0	0
-0.8862582730025181	-5.441835814237429	-12.229188392259118	0	0
0.8438014947119754	9.10197664707222	14.313204950604543	0	0
-2.0699024984012624	3.3035322890990315	-8.41258342709017	0	0
2.7142528447864436	0.972428827174717	-12.885865915979295	0	0
-2.179319725257045	-7.945472156535374	1.4040474388488633	0	0
1.558703803814609	14.72981086766083	-5.180674143609153	0	0
-0.6754592765277394	-0.5472600030382253	16.7278411909235	0	0
-0.22131175841560946	-1.439179431106858	-4.708950366282963	0	0
-0.029038363275169843	-5.785367931535767	-3.4050079227233283	0	0
0.9566905129946548	-8.209950690664101	10.773411969990065	0	0
-0.7674181628561385	-5.395868396944387	14.045241357588708	0	0
-1.0011677378983137	-0.181235313976444	3.1475077592571523	0	0
2.471072032123658	0.056386912783914056	-1.2898539857674507	0	0
-1.873116079068211	2.240101015565159	-2.546320494813898	0	0
-0.571966206473256	2.4453115370413343	-3.2374128996438145	0	0
1.1894449036092496	3.161469947298947	6.376387728651736	0	0
0.7025264032114862	-4.4516941434862645	7.004451679773339	0	0
-3.0073947704919917	0.6951960359249512	-2.4892702447280897	0	0
3.405345930111224	8.171466847714129	-0.37226420143099404	0	0
-2.4801490167547584	-9.657877370046897	-6.562492961374275	0	0
0.9088311021156628	6.13640586512242	10.6674113111183	0	0
-0.7193472107666707	-8.947681537023527	-3.9143735360167966	0	0
1.8403267136065082	10.28761336794306	0.8564605700458117	0	0
-1.4719312928259995	-4.786565621606584	-7.844339269793892	0	0
0.3066471548642866	-4.2561285518582395	9.31025320536206	0	0
-0.5045544917416009	0.44448185561399356	0	0	0
0.5767256556508613	0.9986209502718566	0	0	0
0.4561704114704881	-1.8117044646792593	0	0	0
-0.662468566250979	1.1958990318457694	0	0	0
-0.3636582095146821	1.214102290402522	0	0	0
0.9408050164469373	8.894381035178789	0	0	0
0.2148514202865215	-4.51141109870963	0	0	0
-0.7331120042583876	-1.7496602524100382	0	0	0
0.47362755393384504	-5.398503458879453	0	0	0
-0.3647135164831994	9.41183692582785	0	0	0
-0.3028347767711139	-1.9683574019601764	0	0	0
1.1149371830180428	8.117165265910579	0	0	0
-0.10740841313292293	-2.1245060663687596	0	0	0
-0.29971930984792294	7.447081756472656	0	0	0
-1.3568021616777486	-12.126620708979345	0	0	0
2.342566227399729	3.622202671421036	0	0	0
-0.5859169479054387	-7.4097664570899155	0	0	0
-0.5551191027113305	5.137508318702167	0	0	0
-0.23149833608207615	-2.3021214388792473	0	0	0
1.2357243679089507	1.9438193083175719	0	0	0
-1.1912934954834427	-1.7020980488714557	0	0	0
1.220670465900973	-2.6834349592052575	0	0	0
-1.5260919812599028	-2.0237915934047734	0	0	0
1.6124512351086508	-2.123275798743272	0	0	0
-1.8242478714909467	5.7435230209193975	0	0	0
1.9150005509768633	-8.892068280055355	0	0	0
-2.4222141652416056	14.615006561437262	0	0	0
2.8604825776268044	5.7935930193996725	0	0	0
-1.6488736093557534	3.863463781882807	0	0	0
-1.235436348471353	1.1201469393572339	0	0	0
2.903053699276235	-0.6187175683120429	0	0	0
-2.682797882963605	-0.02294670756247541	0	0	0
1.2326602925780747	8.929588409272561	0	0	0
0.07766038818349585	-0.2729848162613919	0	0	0
-1.2134163271393277	-0.634884904439744	0	0	0
2.0267343858798554	-0.7472692186861849	0	0	0
-2.5649081204000908	4.886005792037167	0	0	0
2.0951868253587946	-1.4064961759458967	0	0	0
-1.7134674167063082	-4.647955481922409	0	0	0
2.0916549578640797	-4.004181187888982	0	0	0
-1.7100308266918987	-7.187133900905877	0	0	0
1.4730793860134312	-2.628651711867427	0	0	0
-2.579489389316919	-6.07737846808174	0	0	0
2.837410992869657	17.357607533596912	0	0	0
-2.3530270873240653	-6.589164103702231	0	0	0
2.785708542168024	-1.7530391261007665	0	0	0
-3.1863918890695118	-1.3421119871606138	0	0	0
1.583553300077753	4.658557187530626	0	0	0
0.4257140690405734	-1.954571059768469	0	0	0
-0.8634386666435461	-2.8238531131109	0	0	0
0.25082122763127046	-2.561191866635305	0	0	0
0.2776502975600508	-1.755164586125403	0	0	0
-1.1080170809756211	9.460721946781575	0	0	0
1.8629321781078971	-13.69170809909091	0	0	0
-0.64076624601379	-2.1265506266269725	0	0	0
-0.09449285015630693	-4.271412220961842	0	0	0
-1.389009594824799	1.3855762000978302	0	0	0
2.271074908244046	9.208528690177275	0	0	0
-0.6016789689280131	-8.134949597491335	0	0	0
-0.6523256872729348	3.8734339631098464	0	0	0
-0.36692413030310433	-2.7087779519460327	0	0	0
1.09329100068922	5.758060521335665	0	0	0
-0.7842771895127143	-11.238253841588502	0	0	0
0.7161647392981081	0	0	0	0
-1.328370347725489	0	0	0	0
1.5694849424419104	0	0	0	0
-2.161070119005302	0	0	0	0
1.808637322421113	0	0	0	0
-0.32839178914876044	0	0	0	0
-0.013938217784634332	0	0	0	0
-0.8201247026102934	0	0	0	0
0.36787231741421067	0	0	0	0
-0.2464911442936213	0	0	0	0
1.7390699460816208	0	0	0	0
-2.8307683178652496	0	0	0	0
3.2846310972377637	0	0	0	0
-3.78400630287603	0	0	0	0
2.8785845058070834	0	0	0	0
-0.19814534480043733	0	0	0	0
-0.4531895728314126	0	0	0	0
-0.8178868806247692	0	0	0	0
1.0861369965419954	0	0	0	0
0.04106366137956741	0	0	0	0
-0.013918756231824148	0	0	0	0
-1.8594123615671805	0	0	0	0
2.5318631919573775	0	0	0	0
-1.4860050465312682	0	0	0	0
0.8916230028997063	0	0	0	0
-1.10309584869821	0	0	0	0
1.0961299797294757	0	0	0	0
-0.07915578663255474	0	0	0	0
-1.0373396674401008	0	0	0	0
1.3029247857657253	0	0	0	0
-1.167627510092622	0	0	0	0
1.34255721147035	0	0	0	0
-1.3854515503000755	0	0	0	0
0.11108918722661798	0	0	0	0
2.028230005124918	0	0	0	0
-2.881371110127425	0	0	0	0
1.7439575300511763	0	0	0	0
-1.1973782039595804	0	0	0	0
2.1549003688577812	0	0	0	0
-2.0187943449358343	0	0	0	0
0.12195115088313457	0	0	0	0
0.8237715293916352	0	0	0	0
0.10724630866565121	0	0	0	0
-0.1808100622501172	0	0	0	0
0.1398884401406093	0	0	0	0
-0.9149393946353968	0	0	0	0
1.194534946361948	0	0	0	0
-1.197805543498177	0	0	0	0
1.2634221684035154	0	0	0	0
-1.402494702263354	0	0	0	0
1.5154110182294787	0	0	0	0
-2.340320749158174	0	0	0	0
2.2461777045358815	0	0	0	0
-0.6761388356080076	0	0	0	0
0.6003135563944397	0	0	0	0
-3.4834208678601257	0	0	0	0
5.925570038524455	0	0	0	0
-5.044913351146988	0	0	0	0
2.475484929076586	0	0	0	0
-0.5850638151568859	0	0	0	0
-0.6811102805771867	0	0	0	0
1.5595846675403138	0	0	0	0
-1.1781975091944261	0	0	0	0
0.624927470403307	0	0	0	0
0.19557559448725215	0	0	0	0
-1.0776120581986035	0	0	0	0
1.5064723890112717	0	0	0	0
-1.6994456880171	0	0	0	0
1.5821899096473402	0	0	0	0
-1.4876558224065022	0	0	0	0
0.7878360398580497	0	0	0	0
-0.27129891012231866	0	0	0	0
0.15118944287660696	0	0	0	0
-0.1558313309074819	0	0	0	0
-0.11217834964595141	0	0	0	0
0.8089930888298227	0	0	0	0
-1.1510226880566066	0	0	0	0
1.371701614140754	0	0	0	0
-3.290171376585171	0	0	0	0
4.474494700136503	0	0	0	0
-2.6304748947980556	0	0	0	0
0.48494113369377345	0	0	0	0
-0.6581788942318525	0	0	0	0
1.5120658561107732	0	0	0	0
-1.2529585460774868	0	0	0	0
1.0082085184706315	0	0	0	0
-0.6532590603208206	0	0	0	0
-0.12874486519486794	0	0	0	0
1.5247493964253565	0	0	0	0
-3.9997851051552047	0	0	0	0
5.767007685137926	0	0	0	0
-4.410399186639864	0	0	0	0
1.0043643179392063	0	0	0	0
0.2095258966716642	0	0	0	0
1.1817658107315054	0	0	0	0
-2.64231206116348	0	0	0	0
2.678628655739871	0	0	0	0
-2.874453596026541	0	0	0	0
2.827998231613286	0	0	0	0
-1.7422506454104791	0	0	0	0
1.4358743122981679	0	0	0	0
-2.532504809483193	0	0	0	0
2.620457713977032	0	0	0	0
-2.0408200015571722	0	0	0	0
2.561262152445856	0	0	0	0
-2.582791277805107	0	0	0	0
2.0278282863465975	0	0	0	0
-2.3287125478402046	0	0	0	0
2.8104951093530914	0	0	0	0
-0.8399696585540326	0	0	0	0
-1.5182669914268985	0	0	0	0
1.5507798248161109	0	0	0	0
-1.0405040586430658	0	0	0	0
1.1973469644755994	0	0	0	0
-0.8589660546995503	0	0	0	0
-0.5197259430416636	0	0	0	0
1.5768890717564474	0	0	0	0
-2.3330761765171175	0	0	0	0
2.394695342331218	0	0	0	0
-0.5445287896176509	0	0	0	0
-1.103035319225853	0	0	0	0
0.07767196927588316	0	0	0	0
-0.026980320906403676	0	0	0	0
-0.1625252799253616	0	0	0	0
0.20750997995658338	0	0	0	0
0.5139533832676477	0	0	0	0
