0.18185165537285286	-1.4969717633470623	10.874930567475872	-0.7513953399858622	17355.782245726885
0.05740611228244319	-3.103207294099036	34.77728622745401	-3.7779125308738912	17356.64320702204
1.4411735536623809	9.506558187111906	-5.913987319228511	-14.021214915072363	17350.62414344876
-3.5061378085284503	-24.31549748561632	4.395510022310162	3.662323732500198	17357.19117356185
2.3577821631696168	-7.470085378960235	9.351006986794985	-21.657469868067125	17346.710357658474
2.145663870341643	21.69948691439255	-4.564403371437919	0.4910879120749314	17387.251440348766
-5.996622485267594	-15.173885418817846	9.051002517968598	-5.06427806423028	17384.811686812547
5.235207243246236	14.91010896444395	14.91472651510476	3.6591891445481224	17244.85669852449
-0.2045792745362931	0.7475691828557416	-0.4105330178200859	-2.3860227838170545	17185.23418770895
-3.736317282472548	-2.0576244156671635	-10.839078236116208	4.016342949588392	17138.95655502118
3.858043410472426	-1.442885121003897	-10.790618432249929	40.05779467012033	17132.33423673244
-2.157748702199868	0.048046988755586995	-3.4023336332017493	20.12713421201832	17131.71891160623
1.1262647750502168	5.38768398667159	-1.3446866294900985	-7.430946371224707	17177.421685383913
-1.0402539365724337	2.8257984047021125	-20.155004778065035	23.674242252288906	17210.724411602005
1.2164631130543526	-1.6464807214660055	12.035532527016628	-11.55810684711426	17227.94709810906
-1.1414722748233217	-5.651478443576281	0.8141265758603993	55.9842629986762	17187.13415055052
1.1154750586335638	12.09187613450149	-2.589558062408173	-113.44236118339322	17065.322273697802
-1.6162674832033588	-9.327249282730264	-4.227141025013253	33.12476010396179	17147.48818224167
1.8086506984542297	10.59595491601874	5.750158219127798	27.26929245942449	17074.005762734276
-1.3740977621125126	-4.104317797074444	11.122833476056272	-26.514050889644594	16835.93439047629
1.1117747027215614	-8.349053365127702	-1.9302195507221143	11.156946873371112	16916.907073273862
0.2670145567656803	3.8189667611891167	10.653936171710185	-30.313026379119265	16926.267802123333
-2.2900297839065544	-23.488021850174576	-2.4599194777815967	24.007463811244705	16777.943181129678
2.3629310068814746	-2.8379278706769497	-6.678867736015249	-32.56303499957734	16723.781478099783
-0.28484430022308516	5.653847838860813	-6.708786835800467	59.879943229589884	16770.691133655597
-1.058770870400096	-1.248445961772532	-0.9789639278532576	-41.279187185897015	16861.4607124279
1.5153267515897042	-6.714986625177843	-7.969042187343078	-33.224165743385555	17074.780936352538
-1.2243562404777393	6.319802248896792	10.804861448761855	26.837362953338214	17388.52430060545
0.07281555346312274	6.283483652658688	-14.819962228083156	-14.606149804890293	17265.696617080415
0.07216781617732693	1.7317392000039291	-29.01552849259366	18.57980691174734	17156.73928108773
2.418388827807206	-6.251636050280382	12.617241609103573	-28.230977955015646	17124.70469421077
-5.207061043328437	10.17320229382274	18.463920858948313	-5.845147367065238	17035.905693389577
4.918118116131559	-4.843547856273233	-19.876265481394128	-0.741245809810934	16915.554398287506
-3.647537973829621	-11.157068485851198	25.420427750707574	-13.082117818297235	16929.1207892865
4.285904243043447	-6.697339288727591	-23.211497994770284	4.712806426728747	16966.01015207856
-4.794687373214813	-5.072049006461199	4.54430875027397	-2.912032379844291	16949.160066703225
3.7836827649993126	13.33314467105788	-4.879866353363511	1.469508506879663	16996.871063816223
-2.424194848593501	-9.114385999469832	-3.911470319444547	12.79334019677377	17028.13985010874
1.4211849711529112	-9.33055800836425	-9.59646121893185	0	0
-0.7504720198824799	2.8889882803083395	8.604385964687523	0	0
1.610192121739658	-0.35413908910446423	-18.28022645450973	0	0
-3.0712241281629886	-1.985558834607204	11.015703262337226	0	0
2.31409292592884	-1.6166569703893288	6.243024930500226	0	0
1.8823658859596293	-7.030402437923229	-7.524221535667792	0	0
-5.473056376871348	-2.8495341684865565	-9.299528422454017	0	0
3.924395175429936	4.016268691552696	11.93892170249832	0	0
-3.7353737528929827	-5.281909777586279	13.111392448037762	0	0
1.6943202498421357	3.901847702078399	14.373255770339753	0	0
-2.012903364822968	7.060474603600554	0.5073881641890381	0	0
1.6764179986947951	-6.746082451307416	16.630192387160534	0	0
-1.0179253829440356	-0.03391218759294645	2.599374087919145	0	0
-0.09514098429588813	-5.466145875746697	21.434177960857312	0	0
1.699214539918131	5.0036540835652445	5.094250241891501	0	0
-3.2709552271604707	2.0523163167035463	-14.103893483926697	0	0
4.207860092459278	0.26149833362351416	-8.429902364256293	0	0
-4.224525835454408	-11.950709588878254	3.9744929146210097	0	0
3.890058311940365	-19.80379995640037	9.572039551679552	0	0
-3.2262635520032887	9.36961845061741	5.219228643836743	0	0
1.2598820510956372	-6.735224417371569	-19.06896783834138	0	0
0.6976720684671847	0.6830934588026523	3.797211543430322	0	0
0.39418810514955993	-7.3210781431621825	-1.3020828377798068	0	0
-3.1929334171991712	2.4371365493885904	13.793018684718604	0	0
4.273128993605376	8.613606711361683	-3.8877098968462747	0	0
-3.0419317922792004	-5.66486979822885	2.6418811980983037	0	0
1.1510785219238002	-4.89328636156872	-0.6196640436828176	0	0
0.7964046295780989	11.54710623233678	-10.716221848701664	0	0
-2.4078805084745127	10.449246153570911	3.0235186078735268	0	0
2.087564534308477	6.329403931732479	-1.4048627881387574	0	0
-1.8254594442023517	-3.442371969139387	11.775376180422299	0	0
3.0090124921235955	5.1683422068035725	-3.7452207490230336	0	0
-1.5275034594861978	8.174237415264905	0	0	0
-2.0265990230270603	-7.8274772658621785	0	0	0
3.2724682146339887	-1.386148649046234	0	0	0
-1.755867470715053	4.871161965037153	0	0	0
-0.2287597590149204	2.7042058786663503	0	0	0
1.3002110337115624	-0.14048578893373076	0	0	0
-1.236194574134231	-1.191775919758122	0	0	0
1.153138818105731	7.214882280454191	0	0	0
-0.8017714800771429	-2.582897435172768	0	0	0
0.3708327482462863	5.495375596494185	0	0	0
-0.39819279343699066	2.1115836947100135	0	0	0
0.033967337051450386	9.218716545036095	0	0	0
0.40183510906534536	-3.230352780292648	0	0	0
-0.13117677624725843	-0.7275971597605135	0	0	0
-0.3537971903964987	-10.034105754599764	0	0	0
1.0972588342046024	-2.1728821359715127	0	0	0
-3.177799321730248	11.101743036710808	0	0	0
5.722135856997532	12.591366309109745	0	0	0
-5.849685590187548	-6.715843101643571	0	0	0
3.2610751358731775	-8.20128705800849	0	0	0
-1.0444960739508673	8.901069215680991	0	0	0
-0.34356979336048	-4.2725732652593535	0	0	0
1.2034384462105976	5.03166138288401	0	0	0
-1.1017776889310653	-4.906862612658998	0	0	0
1.02106795939671	-1.4006922867971525	0	0	0
-0.3401478035046921	-2.6316659447346495	0	0	0
-1.6904463211419554	-1.262672929294581	0	0	0
3.272595846185048	0.3330366751352898	0	0	0
-3.079962717621328	-1.50719000473795	0	0	0
3.108977386373816	8.786967409182097	0	0	0
-4.965157271799306	-2.99146913333972	0	0	0
8.038162849604227	-3.9848098009601927	0	0	0
-8.40061392667132	4.416185315297469	0	0	0
6.995889924897362	-4.502645824482073	0	0	0
-4.740866752053968	14.439255569147946	0	0	0
1.3655546535331808	2.5892261578666904	0	0	0
2.2184523395678823	15.659868476201154	0	0	0
-1.9404431114395706	-9.860372593186653	0	0	0
-1.5161113922624239	-2.037367055876345	0	0	0
-2.521031897728328	5.020919939717238	0	0	0
-1.01384947980128	-2.1587656580728734	0	0	0
1.1891521352469496	6.882058267568091	0	0	0
-0.585333157191819	7.222751483064421	0	0	0
-1.6036629519343677	-2.7585499265582314	0	0	0
2.2584080067944967	-6.363693098156233	0	0	0
-3.127022208977934	1.7210223377858753	0	0	0
4.621002542469654	1.1667006447459443	0	0	0
-3.3834848617699933	14.992279010161525	0	0	0
0.5896702941464227	-7.322682725604295	0	0	0
1.5823482221475658	-3.825050059308964	0	0	0
-3.9012297174063733	-0.7944808653038251	0	0	0
5.164722088526183	-2.474262530176773	0	0	0
-3.251904041905206	-16.022748474467633	0	0	0
1.4561174788523203	13.236131011514168	0	0	0
-1.9969146499844896	-3.12816380561636	0	0	0
4.688281183478416	4.336779645263789	0	0	0
-7.474223876690523	0.06253252979693968	0	0	0
9.409116158328118	3.089957636014752	0	0	0
-9.1925250267359	-4.029312092393454	0	0	0
6.086690355380902	4.169087785911387	0	0	0
-2.668982261086107	-3.979718605842322	0	0	0
1.5903035274163102	3.8094873474318405	0	0	0
-1.1312973493377783	-4.220480992707309	0	0	0
0.2816414839925443	0	0	0	0
-1.3874203821805295	0	0	0	0
3.507762007140073	0	0	0	0
-3.3889444872068495	0	0	0	0
1.9466780070243601	0	0	0	0
-0.4133691521110592	0	0	0	0
-1.2631445798540213	0	0	0	0
1.1813994751619248	0	0	0	0
1.2354770422333772	0	0	0	0
-3.8201393165768636	0	0	0	0
4.742291288324601	0	0	0	0
-4.598657104967685	0	0	0	0
2.49135272056656	0	0	0	0
0.8231719375028348	0	0	0	0
-2.146368596333396	0	0	0	0
1.1143056002155234	0	0	0	0
0.9717724493739297	0	0	0	0
-2.325391866884452	0	0	0	0
3.104340443271269	0	0	0	0
-3.4252983983157392	0	0	0	0
1.944514924778943	0	0	0	0
-0.5668777870170061	0	0	0	0
1.6623870531436182	0	0	0	0
-1.990834560284128	0	0	0	0
1.0412553308710955	0	0	0	0
-1.0612756915919945	0	0	0	0
1.3673036632701567	0	0	0	0
0.4402681820933907	0	0	0	0
-2.325538055300669	0	0	0	0
1.5321270522479935	0	0	0	0
-0.9274838038377524	0	0	0	0
1.1344269481982536	0	0	0	0
0.0828769030186507	0	0	0	0
-2.6552496701062225	0	0	0	0
5.037573699319957	0	0	0	0
-7.009434077152896	0	0	0	0
7.782110036349287	0	0	0	0
-6.646867715155828	0	0	0	0
4.19811602715356	0	0	0	0
-2.4096709413506403	0	0	0	0
1.154686162903431	0	0	0	0
-0.2124395340935905	0	0	0	0
0.8452550619920629	0	0	0	0
-2.413800397465444	0	0	0	0
3.133365208579299	0	0	0	0
-1.949149310494711	0	0	0	0
-0.6150612098400572	0	0	0	0
1.7702807846492377	0	0	0	0
-0.04940962853406461	0	0	0	0
-2.075497554563377	0	0	0	0
1.3293945143250028	0	0	0	0
-0.21317164967062752	0	0	0	0
1.1905492682226253	0	0	0	0
-2.972151459889119	0	0	0	0
3.8159552212093786	0	0	0	0
-3.0069566343027674	0	0	0	0
2.590841694289203	0	0	0	0
-3.1195256959105393	0	0	0	0
1.1768290110024395	0	0	0	0
0.968220893394836	0	0	0	0
-0.7698606437152833	0	0	0	0
-0.6473757872739228	0	0	0	0
0.3751704778059235	0	0	0	0
1.0458317814526126	0	0	0	0
-1.139897872200791	0	0	0	0
0.3361322414293184	0	0	0	0
-1.2543328575429626	0	0	0	0
1.4927701461613552	0	0	0	0
0.4402046645676094	0	0	0	0
-1.683422272186803	0	0	0	0
2.0091656352597838	0	0	0	0
-3.8225367363100915	0	0	0	0
4.109368357101218	0	0	0	0
-1.8203412847301195	0	0	0	0
0.7015838131392584	0	0	0	0
-1.6765889986598026	0	0	0	0
1.1349729318778046	0	0	0	0
1.5073382962571031	0	0	0	0
-2.8444958949186727	0	0	0	0
2.1972435571955415	0	0	0	0
-1.0636439507803175	0	0	0	0
-0.612713654330669	0	0	0	0
1.5948798724358468	0	0	0	0
-0.7744038442364882	0	0	0	0
0.6526381291586176	0	0	0	0
-2.1059770651188927	0	0	0	0
1.6321235322041048	0	0	0	0
0.10104958899838579	0	0	0	0
-0.07670804693823641	0	0	0	0
-0.04517627382755762	0	0	0	0
-0.5009687615241489	0	0	0	0
1.0060445792974235	0	0	0	0
-1.2799709073207453	0	0	0	0
1.6298120650450656	0	0	0	0
0.4686880620897327	0	0	0	0
-3.448091599923302	0	0	0	0
4.970117792201002	0	0	0	0
-4.4048368641727365	0	0	0	0
2.6095223932847773	0	0	0	0
0.9537152528292481	0	0	0	0
-4.487995618298129	0	0	0	0
5.389313633765667	0	0	0	0
-3.8847051704910456	0	0	0	0
3.114268922166147	0	0	0	0
-3.0736561451697924	0	0	0	0
3.6925952725871554	0	0	0	0
-4.9735592810114255	0	0	0	0
6.652078015008414	0	0	0	0
-5.816316554425207	0	0	0	0
1.4528517711157747	0	0	0	0
3.1313853863239203	0	0	0	0
-4.067592711241112	0	0	0	0
3.433577685183259	0	0	0	0
-3.6646896770771207	0	0	0	0
3.3311936046507924	0	0	0	0
-1.721979130961472	0	0	0	0
0.9930759639829816	0	0	0	0
-0.38522634832929015	0	0	0	0
-0.20555938021282572	0	0	0	0
0.3762687641695308	0	0	0	0
-1.018428750357515	0	0	0	0
1.2854446942332771	0	0	0	0
-0.4749519316639095	0	0	0	0
-0.09231980906351112	0	0	0	0
0.014452948927186071	0	0	0	0
-0.4625846086490668	0	0	0	0
