-0.6844753632616474	0.3561285661743341	-14.631646001806914	1.4772639025257774	17729.17162110391
1.9510085069033423	-1.7570073512685411	-46.43951627016003	7.066577873312781	17729.868876706492
0.711121426504782	-17.610851290155622	15.702340592504981	28.320845630412492	17737.536301987846
-1.3277297892571198	4.0731374716019815	-5.337785068876244	-7.277128773969508	17727.037259247838
1.9255344663389238	1.8628601422486213	1.2089727341109153	-49.46470037238484	17746.350045913736
-1.53239313484643	-0.7663386579690581	3.962060834681594	13.09282544318856	17683.33156760258
0.13661368440137522	-4.795482497080471	11.087925371672853	-8.897653193626411	17516.213469144852
1.5712130958135972	20.79522524655229	-1.8581036582296946	-15.43790612014493	17309.85474150097
-2.208462676770189	-7.768901073664111	3.606833334590277	-15.128288811113435	17162.623097223335
2.4098280675205856	-30.872036414686917	2.9017643559430724	-22.37870221935242	17022.46036152168
-3.3266252806128236	4.519300114968715	10.446530310547601	-7.125711757737818	16884.2679437691
3.1366001907550043	-4.3990341991338795	23.617438411676815	6.2255965901284185	16832.085147077676
-0.17588006901120679	0.25583838852438134	-27.683385457128082	-22.155946043947978	16758.39825461881
-4.021192744135462	3.084177341810772	-10.730615247941472	-6.029397835256773	16713.18192195718
6.614111516089579	13.976276095598507	21.02085718130124	-4.017599591486388	16685.526865144115
-6.2351239261135305	-11.160961062121402	-0.045776812289332725	-11.652461253208884	16599.00658415692
2.7518087432285583	-5.941637560099309	1.7164053625056255	3.3375773108184035	16555.192575608155
2.420070101178325	2.489243431271447	20.374161525400723	9.609044746572522	16495.75054690008
-4.094355870418184	0.500032942469872	16.106842386726584	9.833776161860499	16486.21775088302
2.4529977580645195	-3.9736287071860374	1.7895583842398253	-69.86087128269025	16526.667016061943
-1.4770486630294428	7.8762499047431405	7.871748114611506	38.09489589204874	16579.53091541485
2.261663644361761	-0.6179974868175506	-2.685010511499314	95.02716314206732	16621.62817620655
-3.3255893653436956	14.539662282266697	-5.514214721529555	156.65031850168774	16524.6697433195
4.77402592264653	1.8132914140006733	2.264827788044016	-34.158577118261334	16712.944461560062
-6.6276369639415975	1.2689486253610696	-6.4422697593334135	-115.67003728755019	16564.66462597171
7.42065214907479	14.018306759693196	-5.101643367376056	81.72122600069979	17251.776889993922
-5.512622567973786	12.891474259629575	21.497673445173064	0.4434321237372103	17571.43747296906
2.2903398362850496	-3.645958365907923	16.188564932832364	24.958687077169486	17192.601987448616
-0.06603475015394622	-4.410870323136017	-27.39063667219905	-20.964854391069736	17014.772313444435
-0.030990219676503727	10.466613351245407	-15.384916368774157	-18.303689966797435	16923.92880691141
-0.9384112083672278	10.869459231547253	-13.724028000806271	28.68635704042518	16907.216678091267
1.2324366947500707	-5.100849369734178	-2.94710395151165	-28.90687482698152	16717.31878886886
-0.2010578638709788	11.539764512596065	8.494330526736519	-5.911372461385113	16583.311201396536
-1.0203292329383657	-7.984200823310552	13.572401253416501	10.568158926384896	16504.898337201772
2.7213541313203606	-11.49985868497626	-7.7680310999064375	2.7969270196438174	16449.844947629164
-5.225594132963927	-3.5489459120042355	0.6570108109347785	0.2824840975708298	16416.701872315192
7.450757081544488	-1.348500478863123	-15.676531559499395	-7.089752508302794	16344.906377152278
-6.356097271602991	12.06307894594213	9.87816354665189	-6.336508340293079	16327.65345835489
4.8924729684002415	-7.3695946586473156	-7.457920866974106	0	0
-5.109767145821181	-2.164924372414383	0.02123097268490426	0	0
3.0456621835260194	7.654756792952817	25.839651346840967	0	0
0.20955545530603104	7.810949660890969	-147.6679208337394	0	0
-0.8851519934503997	3.920003151412722	10.950338023347967	0	0
1.0021355476782645	-2.7061893054085573	13.593676540159478	0	0
0.14187854170054948	-2.112836095336405	-11.754971524717945	0	0
-3.3422598525549105	-0.4496086121441536	-55.05147553565617	0	0
5.7214992565831935	-7.316585047087926	-12.908461563720579	0	0
-5.558881284729914	-2.835554426809722	11.87932157144239	0	0
5.4907836276148885	-4.575998430685232	3.6294394402858074	0	0
-5.932069309459003	8.260683102057044	5.912543949945999	0	0
7.184918418729289	3.0245469713820654	-3.7244052005513026	0	0
-8.768952881394796	14.157912297590045	0.2090408094847902	0	0
8.418753656757687	-11.81623083382835	-4.254513069056202	0	0
-4.989388452782819	0.538137378844695	7.22485335891372	0	0
0.10503910611991074	-7.288342534202997	1.8183582253761585	0	0
4.212959812725003	-4.101756307210643	12.909151847463974	0	0
-6.018978215013405	-2.4548595967669087	-21.372242737600303	0	0
5.619131032619599	-1.3537230386647465	-5.952400372118063	0	0
-2.912395142570304	12.301873407654	11.765290279996805	0	0
-0.18474919815187008	-9.710383128944564	-6.398226027767436	0	0
1.5619077222153805	13.706908780290817	-7.858084785272581	0	0
-0.7507653143938029	-3.755026893681972	-8.5444048227873	0	0
0.5104489552757698	-10.750985069819627	-25.079091479231835	0	0
-3.3055746330623705	2.4626696588762513	8.74221789782564	0	0
5.3959965016566755	-2.1812468091471544	-27.049458105573194	0	0
-3.2963382061838615	-8.696586189497594	7.68978812191996	0	0
-0.060161897984635004	4.460056074412535	-0.3970036878411065	0	0
0.29891764511912555	-8.86677477670856	-1.5403455027151125	0	0
1.3163319207921447	-1.3508296756111449	1.5884685511850734	0	0
-1.6695888223321518	5.247741253040367	23.479425418975097	0	0
0.9782378928158408	-3.706831885146279	0	0	0
-1.450079724312637	-7.3719699834738535	0	0	0
2.3894442122229123	1.1953426688050541	0	0	0
-1.7740144849309232	-11.404624594863172	0	0	0
-0.3115478873638793	-11.287786346966378	0	0	0
2.8296324574320337	3.5717963527802468	0	0	0
-4.320178798736876	-3.904064575835349	0	0	0
4.159149397059082	-0.016230132170122147	0	0	0
-3.399154467613535	9.29218285601123	0	0	0
2.895425210080539	-11.429744919346462	0	0	0
-2.5820594916717567	20.498489342484824	0	0	0
2.262964113749021	-21.081419888405158	0	0	0
-0.8741169469363683	-6.436638382118822	0	0	0
-0.17056780229113855	6.710997530768601	0	0	0
0.41993763129335804	-9.43109626009894	0	0	0
-0.5897205744291512	-10.874231899524801	0	0	0
0.17320287626083086	14.021028109464567	0	0	0
0.39280858884020375	-24.170500859707673	0	0	0
-0.41972876666365266	-2.7324804212919815	0	0	0
0.5412604824583624	16.337677398712657	0	0	0
-0.9560000945361722	0.8810863551399564	0	0	0
1.4608363855271165	-1.8027232153447557	0	0	0
-1.0429870385642062	0.10430714456393275	0	0	0
-0.8076137677681885	6.007541062291224	0	0	0
1.4937636918087236	2.2621069036480463	0	0	0
-1.6677575704634577	-7.188357932108289	0	0	0
2.063210603769228	2.5746820004854527	0	0	0
-0.904050931345914	7.3936490778540005	0	0	0
-1.6931640105137689	-5.940089420683378	0	0	0
1.230604243063091	13.966787534542306	0	0	0
1.9928860682743874	-4.3391390547522874	0	0	0
-3.7328103434008852	14.072206175632452	0	0	0
2.985504185968935	-5.549613687087984	0	0	0
-2.280886863165982	7.0101416299943295	0	0	0
1.976279803877297	-6.244799713057155	0	0	0
-1.7087392111888917	-5.534064894556863	0	0	0
0.6164312295051673	-1.7306698998137833	0	0	0
4.230164329869638	1.8749179448929283	0	0	0
-9.342523671393451	2.2558055735463256	0	0	0
9.85342023056019	-7.184261050109768	0	0	0
-7.12134432010874	17.40428125472642	0	0	0
5.515984547778132	-10.919585786929268	0	0	0
-3.749370728699759	-1.2214566696514098	0	0	0
-0.42164431516661693	2.4875902888382626	0	0	0
5.329392285815651	-5.041667894648732	0	0	0
-5.9532433690114885	12.747718792821516	0	0	0
2.78094352146627	-1.9590990445037164	0	0	0
0.03803285449902205	3.6964979416104455	0	0	0
0.2580406357526073	-4.536175209698001	0	0	0
-2.22865987180716	-7.845677905413716	0	0	0
4.1414024036433545	4.031242107299946	0	0	0
-3.6951773001048096	5.292570919618228	0	0	0
0.7854285981867903	-0.8110753727899151	0	0	0
1.3180759021470294	21.34835828521394	0	0	0
-2.2119244257103077	-12.98147903000092	0	0	0
3.7714333239518893	6.537557805581329	0	0	0
-4.0182598477240035	-2.009420951596532	0	0	0
3.4104589637113847	6.316504296580078	0	0	0
-3.6716548358543335	-10.659077614951862	0	0	0
3.9352145520873663	-2.3438564983356187	0	0	0
-2.517672985301566	6.745032628509634	0	0	0
1.2435553110015718	5.582715154864424	0	0	0
-0.9043010735242873	-6.268036987872996	0	0	0
1.0804127576710627	0	0	0	0
-1.3013834680986491	0	0	0	0
0.7723675408750097	0	0	0	0
0.36704650231364155	0	0	0	0
-1.4279093791820614	0	0	0	0
2.3842729329277503	0	0	0	0
-1.3729973359144836	0	0	0	0
0.2473025721065909	0	0	0	0
-1.388131925548322	0	0	0	0
3.0215212934740023	0	0	0	0
-4.288389350828439	0	0	0	0
3.953612429097518	0	0	0	0
-2.1550027510266503	0	0	0	0
0.14611511568901392	0	0	0	0
1.4425008570236173	0	0	0	0
-1.3584799092948856	0	0	0	0
0.580683156335013	0	0	0	0
-0.8052117787790252	0	0	0	0
1.7774967845575063	0	0	0	0
-2.379903451843127	0	0	0	0
2.5334553438079723	0	0	0	0
-0.4771341551560724	0	0	0	0
-3.2336090073297896	0	0	0	0
3.081032984726022	0	0	0	0
-7.303951990634907	0	0	0	0
17.1593920324636	0	0	0	0
-12.174537381204146	0	0	0	0
0.09989756083945167	0	0	0	0
1.0929693799607563	0	0	0	0
0.6836524247806679	0	0	0	0
-1.2167735657858287	0	0	0	0
3.247181180600819	0	0	0	0
-3.7336874574742396	0	0	0	0
2.929136553565229	0	0	0	0
-1.9862488396007834	0	0	0	0
-0.15900832543893983	0	0	0	0
1.429856598138727	0	0	0	0
1.0912495781531675	0	0	0	0
-1.5673748289658391	0	0	0	0
-2.105536017801576	0	0	0	0
3.416574196953924	0	0	0	0
-3.5124927156999135	0	0	0	0
4.394481555259404	0	0	0	0
-3.2313870998229177	0	0	0	0
-1.1821972876037705	0	0	0	0
4.849886722461598	0	0	0	0
-4.062008628404854	0	0	0	0
2.264172201679081	0	0	0	0
-2.2485273067874303	0	0	0	0
2.8051629157953073	0	0	0	0
-2.624994234779315	0	0	0	0
2.088381092262779	0	0	0	0
-1.669046019055287	0	0	0	0
2.0816152922979896	0	0	0	0
-3.289526182604618	0	0	0	0
4.271186030170888	0	0	0	0
-3.028269213924318	0	0	0	0
1.5064479507181048	0	0	0	0
-1.0167292820794813	0	0	0	0
1.2288395988840577	0	0	0	0
-1.1888996050667586	0	0	0	0
-0.4794409555693093	0	0	0	0
1.5829787521937604	0	0	0	0
0.2960155401157252	0	0	0	0
-2.980206204946782	0	0	0	0
3.1805725914879446	0	0	0	0
-1.9639246214570392	0	0	0	0
1.9861010351905293	0	0	0	0
-3.0298168326370245	0	0	0	0
2.4470139949872376	0	0	0	0
-1.1784751898882817	0	0	0	0
0.977915878673052	0	0	0	0
-1.0143169884244188	0	0	0	0
-0.19513063828176058	0	0	0	0
2.0636283535198103	0	0	0	0
-3.522337216463775	0	0	0	0
4.774106826376219	0	0	0	0
-4.449997505255041	0	0	0	0
2.836473402229622	0	0	0	0
-1.4241122483100597	0	0	0	0
1.1629947937511034	0	0	0	0
-0.9903646066429488	0	0	0	0
0.5931041852846022	0	0	0	0
-1.295555858574474	0	0	0	0
1.0322116454692747	0	0	0	0
2.524540522767289	0	0	0	0
-4.7179858020959955	0	0	0	0
3.8155204838906016	0	0	0	0
-3.169323502144458	0	0	0	0
2.9237686186375953	0	0	0	0
-2.7371253085371237	0	0	0	0
3.6154887836687237	0	0	0	0
-3.570820799601755	0	0	0	0
1.3230833954902863	0	0	0	0
-0.3185726054337934	0	0	0	0
1.6175005146988681	0	0	0	0
-3.1102713792359253	0	0	0	0
3.5043931543993168	0	0	0	0
-2.617412956902207	0	0	0	0
1.7212628384699968	0	0	0	0
-1.5234931250991863	0	0	0	0
1.715047141825771	0	0	0	0
0.030167675769895652	0	0	0	0
-2.5639619516625416	0	0	0	0
3.225560816127121	0	0	0	0
-2.765299657550351	0	0	0	0
2.710838393907025	0	0	0	0
-3.0728707233159582	0	0	0	0
2.431730445962522	0	0	0	0
-2.643333311330416	0	0	0	0
4.418111358471741	0	0	0	0
-3.432322224971422	0	0	0	0
-0.11594310989714529	0	0	0	0
1.2423841495700216	0	0	0	0
0.8167876349412424	0	0	0	0
-2.3840801373046077	0	0	0	0
1.8532243966313473	0	0	0	0
-1.3767574669048628	0	0	0	0
2.237744233402516	0	0	0	0
-1.2286530183815714	0	0	0	0
-0.4651042026368444	0	0	0	0
0.43001592040143777	0	0	0	0
-0.7843771750578057	0	0	0	0
-0.20832067253504505	0	0	0	0
1.3042337945705142	0	0	0	0
-0.7643555027604876	0	0	0	0
