0.1729743842800886	-6.009180331300257	2.3502931911920513	0.611758554097591	16838.60133012192
1.5180102152459298	-19.12571083281587	8.058349635648469	1.7601585482740774	16840.063278564896
-2.769740937993589	3.0166304078998536	6.02753706585176	-8.297048654601369	16835.710829309155
1.7781240455303262	-5.453480412864543	25.958342370938183	36.18997781266532	16842.565584604043
-1.5339263119238353	11.566546040450142	-10.479348642490265	-21.084580738369183	16822.682913158482
4.021837046950132	-2.4954966637714975	-1.7467649343439007	6.361911319873528	16894.475041171998
-4.565518672339913	4.066976237189316	0.7707286874493775	1.6070516335157237	16971.20129921748
2.04880908044926	1.4074798199681595	3.224503955525819	4.474048993131447	16934.42320839969
-0.22730949772381592	0.2172668591321525	0.781099035440775	-10.823278237576503	16897.832201111672
0.6115384175086618	-0.9987933318235278	-7.763444797586459	3.474110515203847	16903.896890212112
-1.1404389258543972	5.222373409332015	-4.690034478976173	-1.3067158030143702	16948.71640167943
0.8916915088016566	-2.458700929170668	7.1189868263764	6.040606789955973	16919.717921121523
-0.4192971294294381	-3.7264070250405226	-1.1149144604206498	-13.43130484085961	16928.97531881154
-0.3073502060297173	-0.6458194225007858	-7.886495838155128	23.370287458223345	16919.28282220832
0.47949765318202253	-1.9220538939989282	0.19785316895129768	-9.982338577250687	16881.673541774537
0.6059052221355188	-7.668526649186745	-9.848856211992157	2.7072780798605436	16938.89497415583
-1.949000181577162	-5.82635932452785	8.687075755389657	-4.061939601802507	16990.077782534652
2.5013380710451543	8.74510729582704	-1.6964215378054774	-7.2750907758657775	16979.250149592513
-2.250114536478364	-17.37949387482832	5.895111890806973	-4.827595780864812	16952.58333801902
1.645044910309224	-1.5501407795606852	-3.9117216895423184	-9.454445003443624	16940.635175606367
-1.837631207219026	14.181356073480693	-1.4154253550737366	-2.5465120096464773	16961.32473521401
2.5588063270587256	-5.185962546395984	1.6469309850264295	3.685153170320504	16949.406309399143
-2.801217581643222	-2.4136295727561574	-2.379728221429545	6.735842796296097	16906.58241822178
1.930068675562218	4.655675245773935	23.27509541979026	3.16054419600475	16869.78320339896
-0.16075733650501434	-4.695459929366031	-6.380604080877376	13.842313666475775	16890.066866225516
-1.4505632150985832	-9.501808613491612	-0.140845522800646	-6.513284473222512	16893.708339206863
2.053609457894794	1.486341870077844	5.413507539372276	-3.0021334661155805	16881.167819230744
-2.105833379273527	-5.5404490582969075	5.992798645598384	-1.922934093329232	16890.057121298712
1.2090138135858837	4.505647193476932	-2.2231291001953224	3.638304367368775	16911.07732263132
0.7465849610627657	-6.425257782690586	0.48855301356726955	0.12027489825861437	16895.376001240165
-2.646678363176761	6.759679900493019	1.2691464750823513	-8.356046605907139	16910.605772184146
4.51108346620186	-3.6505339071080627	1.2354498267282708	-52.58545447979685	16881.491362062003
-3.448213819386716	0.6058647037625917	-9.619703966150027	-0.38863037332313866	16841.82177024501
0.4007275749771395	3.7911519399161904	-3.423579405257655	17.562675081679444	16764.034317842943
0.8440891485421389	7.621170403615899	1.3709861378665948	-1.4184837310920528	16649.946234131152
0.61627081767287	2.25510097979398	-1.8082958755000789	-1.2523721084404258	16564.321106624127
-3.772721162568075	2.46697580747486	-0.5511787544917013	-3.9298872173920216	16582.679434382582
6.464288700247394	-6.451529484494749	7.736687905674728	-14.036529513328006	16608.26492432663
-7.308403486499813	5.830087712274889	-1.1690453017853173	0	0
6.461663227190819	2.425688411271139	7.964368640481069	0	0
-5.545821244017304	-0.6890838364509335	4.005393317989231	0	0
4.7039742443944945	-8.495324271682705	-4.152573267386927	0	0
-3.4292820293960062	5.697089817494543	7.858548919517361	0	0
1.8403482496808934	6.578689382400633	-0.3143066016379805	0	0
0.6170087395166917	-1.8420174844076627	-1.516706365593194	0	0
-3.4996288109665556	12.696642897700286	-3.376870474437638	0	0
5.187121645699108	1.1386433628994084	3.510406764661255	0	0
-4.89985573795073	15.174722010882398	5.267826163504822	0	0
3.3842268918189617	-3.9135251391220365	1.852037900557363	0	0
-2.1959298370607314	5.422928407753972	-6.50213578935643	0	0
2.8176214405986997	-1.3260711536308705	2.6574821043014794	0	0
-3.307106551653881	-6.588183211293355	-5.633766238490679	0	0
3.1247752592316402	-5.4239879128686255	17.88003703955343	0	0
-3.4096272516291677	8.655655518086022	-2.0754335934066575	0	0
4.1059817025465435	-4.457311757592734	-6.234235225903689	0	0
-3.3079198293087586	-2.82638113851322	14.143386419705706	0	0
-0.18027436119805884	-15.288033000618988	2.0043254078250357	0	0
4.046369700643787	-7.071923050327619	-0.3565012710742934	0	0
-4.76788956155837	-10.277898823913489	-8.101229447576358	0	0
2.7602929163043655	2.3461802135451393	1.734181642708549	0	0
-0.1633780567475256	2.669062548483211	4.189692336957151	0	0
-0.8632208381018316	5.571447343339749	-10.790040356441196	0	0
0.295016617152271	2.3181262071499447	3.3796818454517705	0	0
1.158553290018098	-1.4445062553237165	3.736440387568905	0	0
-2.356242957320518	5.557314325468688	3.6270876377689945	0	0
3.559188163025148	2.105540402497013	-13.899459872210784	0	0
-2.6199185106137293	0.9741687787633637	5.721149767057838	0	0
0.6750646074925228	2.2589506807198987	-3.1019567412527067	0	0
1.615088919607615	-5.219555811199854	12.786959724172405	0	0
-3.4338394711755527	-0.753493810946452	-8.421084752467777	0	0
4.8234134581531265	1.9602331900930992	0	0	0
-4.237451332729222	-0.24598008717583042	0	0	0
1.9120527359200494	2.690023104514893	0	0	0
0.7541382938176469	-0.7871092288186219	0	0	0
-1.7002542840657782	3.231700904705974	0	0	0
1.691353348865995	8.39447342271525	0	0	0
-0.7209612034361399	-10.350737810218831	0	0	0
0.09927449402782429	9.680521880565287	0	0	0
0.6237510807982929	-11.1479572908517	0	0	0
-1.019993885571843	1.0614100022801907	0	0	0
0.715846884655484	-8.537073272356615	0	0	0
0.0519744572251426	-8.277065428804356	0	0	0
-0.17315131505368697	-3.8835319930240786	0	0	0
-0.6226460867065668	2.358550368057024	0	0	0
1.7527837036490155	2.4890506640624324	0	0	0
-0.3389935013159544	5.205710829900326	0	0	0
-2.496137179286251	2.560978428997778	0	0	0
3.750562596214742	-2.8502774246627993	0	0	0
-2.901205655737442	2.465535591048109	0	0	0
1.76897577108101	-3.896184720964534	0	0	0
-2.0861949399154724	-3.5179906519301554	0	0	0
1.9348496469849294	3.9506430600298117	0	0	0
-0.4171861488575388	3.215627123864344	0	0	0
-1.2529304493491225	-9.436568707528536	0	0	0
1.5043665752844362	6.212847206966146	0	0	0
-0.6341422633805536	0.2727358495774652	0	0	0
0.5673994133664308	-0.9593513028006271	0	0	0
-0.6671653523339032	-5.419029957281261	0	0	0
0.3622512618498064	3.427361392801629	0	0	0
0.07562810857238134	0.4934943615390708	0	0	0
-0.40473205369641363	11.871173279190856	0	0	0
1.3809386220726338	11.180822393152908	0	0	0
-2.7987823277009767	-6.293468140545933	0	0	0
3.0699261014989148	-7.3206923940899244	0	0	0
-1.894199421773962	1.1592165005643622	0	0	0
0.6203930496060437	4.937805606101122	0	0	0
-0.36751816345406496	-5.869498389470898	0	0	0
0.45309809556179204	3.067553351165884	0	0	0
0.14348448061340235	3.1416715193339257	0	0	0
-0.4070049998413978	-0.7749917105421176	0	0	0
-0.08660641296560811	-1.51996487672492	0	0	0
-0.16677646362113308	-4.13567442810529	0	0	0
0.5670391611383536	-5.5187236187961375	0	0	0
-0.5168888001163978	-4.298105631931676	0	0	0
-1.0788463434227609	-2.270905543433969	0	0	0
3.293936533729749	4.94589054034553	0	0	0
-3.8964351328667775	-19.698571908848088	0	0	0
2.9181232102062538	5.181711097694674	0	0	0
-1.7494434764402769	-2.05126626029152	0	0	0
0.466087903015854	-6.872726966048617	0	0	0
0.2146899553673478	-1.6685573583796227	0	0	0
-1.4360788275592142	-3.110684267803876	0	0	0
2.565859653424937	-0.7883741871537282	0	0	0
-1.7355329462402338	5.276688384009709	0	0	0
-0.23004261902864442	4.987243479370925	0	0	0
1.0971246882287318	-1.8488019387792036	0	0	0
-0.9474818033550889	5.088050831492353	0	0	0
0.5486927582183583	-0.4358288727829276	0	0	0
0.19118920825377472	-9.545288786040103	0	0	0
-0.7336142194404331	11.642236501662417	0	0	0
1.065244901604764	-12.503281601206133	0	0	0
-1.943637749838821	13.903721084806875	0	0	0
3.2929593363561835	-5.302296122079511	0	0	0
-4.017915816314876	0	0	0	0
3.027880888471266	0	0	0	0
-0.5266614825572162	0	0	0	0
-1.9418516288029863	0	0	0	0
2.876521036194916	0	0	0	0
-2.5634306743371553	0	0	0	0
1.6918589986959702	0	0	0	0
-1.2893364044338753	0	0	0	0
1.1779571632347015	0	0	0	0
-0.1254568529191502	0	0	0	0
-1.8844345793516126	0	0	0	0
3.37947937992206	0	0	0	0
-3.157226882058602	0	0	0	0
1.8704340609841523	0	0	0	0
-1.4680428595904829	0	0	0	0
2.4329289589789553	0	0	0	0
-2.571912508875144	0	0	0	0
1.0664030577462356	0	0	0	0
0.3195454594521223	0	0	0	0
0.9710233149726477	0	0	0	0
-2.33040678162709	0	0	0	0
1.7385669222674949	0	0	0	0
-1.2259762984808305	0	0	0	0
2.4014222204262836	0	0	0	0
-4.245782485021401	0	0	0	0
5.1761421539827595	0	0	0	0
-4.487148729588867	0	0	0	0
3.265257378442328	0	0	0	0
-1.9569831414910368	0	0	0	0
0.7526868375737621	0	0	0	0
-0.7591234115182814	0	0	0	0
1.4918680089672591	0	0	0	0
-1.7982663239680505	0	0	0	0
2.322109911884489	0	0	0	0
-2.889016460765397	0	0	0	0
2.9589564868160707	0	0	0	0
-2.7155187774139122	0	0	0	0
2.8368715828498168	0	0	0	0
-2.5626216505825212	0	0	0	0
2.170922050958154	0	0	0	0
-1.52929900300321	0	0	0	0
1.3367591936997982	0	0	0	0
-0.8795915943334265	0	0	0	0
0.5106246222755431	0	0	0	0
-0.41170782551407825	0	0	0	0
0.021003142654890894	0	0	0	0
0.34012410732386655	0	0	0	0
-0.46021457584990344	0	0	0	0
0.6685037483626104	0	0	0	0
-1.1740260314706887	0	0	0	0
1.7267194670355224	0	0	0	0
-3.0504829616751934	0	0	0	0
4.684163886024528	0	0	0	0
-3.7627421179644855	0	0	0	0
1.4721703799040071	0	0	0	0
0.15773561615559828	0	0	0	0
-1.1580558238848724	0	0	0	0
0.7724299682547837	0	0	0	0
-0.05384424461252024	0	0	0	0
-1.5011691198912729	0	0	0	0
2.5605247860375044	0	0	0	0
-2.001208069262553	0	0	0	0
1.0875983693209932	0	0	0	0
-0.2621378624853179	0	0	0	0
-0.8198145597525439	0	0	0	0
2.2721511070418856	0	0	0	0
-3.6782954777682093	0	0	0	0
4.9687753535619095	0	0	0	0
-4.0465793462786195	0	0	0	0
1.964673436147315	0	0	0	0
-0.2868672113711739	0	0	0	0
-1.1486697229181289	0	0	0	0
2.7023004251902805	0	0	0	0
-3.383402281329701	0	0	0	0
2.6571415501401603	0	0	0	0
-0.30848921326879974	0	0	0	0
-1.767803276586001	0	0	0	0
2.0075586355952737	0	0	0	0
-0.6860812463307795	0	0	0	0
-0.634198418029662	0	0	0	0
1.341477897519951	0	0	0	0
-1.1307634817968406	0	0	0	0
-0.42721009642340846	0	0	0	0
2.0129040852654185	0	0	0	0
-1.908202720367413	0	0	0	0
1.0241009344210852	0	0	0	0
-1.0235689567534791	0	0	0	0
1.1341749519517705	0	0	0	0
-0.4991437561520442	0	0	0	0
-0.029828931721219476	0	0	0	0
0.7749176152860429	0	0	0	0
-1.537851113533982	0	0	0	0
1.2233745052861522	0	0	0	0
-0.464584900734188	0	0	0	0
-0.4510360013948471	0	0	0	0
2.6710691697698365	0	0	0	0
-4.25806734204442	0	0	0	0
2.5367918726956944	0	0	0	0
-0.12167757451744166	0	0	0	0
-0.35499623133924274	0	0	0	0
-0.5915721370788987	0	0	0	0
1.6006081477857919	0	0	0	0
-1.1743710692839215	0	0	0	0
-0.0029471428164100644	0	0	0	0
0.30563382135553496	0	0	0	0
-0.025610775033364064	0	0	0	0
-0.08764340842807172	0	0	0	0
-0.03874122381797207	0	0	0	0
0.7628052982420712	0	0	0	0
-2.106393357471511	0	0	0	0
3.2811108684193186	0	0	0	0
-3.8606937052823653	0	0	0	0
3.597447685227401	0	0	0	0
-2.799048271780947	0	0	0	0
1.5893184681100294	0	0	0	0
-1.1405284384248873	0	0	0	0
1.7647387069777025	0	0	0	0
-1.8156912416109634	0	0	0	0
1.2237008779115186	0	0	0	0
-1.0768070821942217	0	0	0	0
1.5672656203050437	0	0	0	0
-3.199292431031843	0	0	0	0
0.4506394228151933	0	0	0	0
-0.6071522129001323	0	0	0	0
0.8050865905617997	0	0	0	0
2.977284568615538	0	0	0	0
