-2.6066021656397638	8.133013802965806	-12.769154890316173	2.371878821656594	15694.14969899499
3.672300832148835	20.605491338102574	-44.60796869378903	6.547066313047324	15682.066811591785
2.75235931020255	-68.79798838477356	-41.13290058253544	-34.751683917834356	15695.998755354878
6.449395496361156	-22.453930416874087	-23.821950436861357	22.028267092153612	15695.695926385684
-16.360061359462563	16.250016107653607	-62.20550786183374	-18.821076109800757	15650.37624263193
17.28426624116755	29.27758104230037	44.69260612308163	6.582343911636471	15820.800151861104
-10.842901119254506	-40.7792099170706	38.214886963544274	69.72074900984664	16149.32638250421
1.5927537383591925	28.75583629937195	36.19485964314951	-18.214820296565776	16439.495150153653
11.035411991562917	51.079014751044646	-2.261066196172564	-27.72002278614538	16730.572839491462
-24.971698871436757	-59.8812509273351	-1.673954592058152	3.9398807047235778	17057.075437406584
28.08023208100507	2.3467749859271407	15.086211016957122	6.1167521497461905	17261.253012141282
-16.450697208155326	-0.02651715850011982	-40.27503376742342	17.439121349178862	17417.780472065104
4.800870818930974	-20.496152850016266	-100.45981301064317	70.82479338329614	17543.611404635212
-4.83392796255778	11.422833870824114	9.53002446441333	-18.140450684634345	17553.20921089592
13.08005461497983	0.9427117786860038	8.591216304273757	10.824802323263697	17568.627017434268
-21.350524717235224	6.297413093718518	-4.876105305979365	10.310330071083797	17570.200797313446
17.29300293238198	-26.231605019604764	1.0955736518450294	7.320153024817614	17516.68360260092
0.1896608812372591	-14.493776133448264	1.6826166189138405	14.803452307722921	17459.174448371294
-13.790656860797036	-46.41511667962401	76.02302845929985	-21.115158154477	17412.71791719475
13.903371261710063	17.97212928511167	-3.8786455483106295	11.856739101612504	17375.757659048813
-8.742915384990688	25.828369416589595	30.81555786169848	22.945592544498282	17336.56608262782
7.122557629712922	1.2252624929237683	42.525848193981886	-17.226861500605224	17261.23738747747
-9.366858402498295	-25.271154787946642	23.21315669109657	-24.81530642080611	17224.53383602502
9.977381310495396	26.590306057681985	4.998844368295693	-25.776919990329674	17218.170890935027
-7.2617498583084625	-43.40381443912018	17.530397536187806	20.004156117230565	17129.17571867438
5.806490908915158	31.718068939445033	-8.06144241178427	6.688870455793179	17034.03209604706
-5.125477162094413	-63.637636739359294	-17.010904490669873	-44.71586908703702	16926.398866185093
1.8304862525150511	-20.28829147782038	-10.240244841025344	35.849852403437595	17259.795172457096
4.295606215933169	-11.858280880990975	-5.371679617444528	2.531855185920733	16959.257002687384
-8.409148532554461	-27.18773867351021	34.93668395606694	-9.528244375134676	16572.382990880153
6.707456355150342	8.130872872886641	9.382747326232277	-11.258822835377572	16500.008826862166
-3.303042941578184	8.325780068126036	-34.09417709246682	2.132612825567435	16529.01756695249
3.040046578746953	12.780905687891092	-47.77035895242156	3.8426634300825526	16568.16755408988
-2.5752128291006287	-18.528423653385943	4.95847131340733	12.117295539697423	16602.89983166722
-1.6229857089909459	10.007961628236885	-20.256166091213515	-2.5779083620610805	16754.24240290495
2.859809573210704	22.428856465638688	-19.897631515227715	1.9356935958842314	16915.205972757503
1.0876492536952753	7.038906865397706	-20.00542321507467	-3.2661763576753344	16971.080049069005
-9.926648595737717	18.089223899504503	21.44926712946068	-14.709907541117005	16993.650784084246
21.611685734022224	24.673373741840834	-1.9209170766996948	0	0
-25.337540035376918	27.796100726108975	-27.010210255153396	0	0
21.54293902145482	26.54807297557076	2.6531217906831017	0	0
-22.125713359412472	48.65862454907017	24.7851322218239	0	0
19.44745473870131	61.85943940690372	-32.09977485260171	0	0
-7.643686123621741	-4.645305873405974	-5.85874618196074	0	0
-0.7663758902564624	28.989157861533258	5.681256047158229	0	0
0.9338874040689191	-46.19584337510784	20.905800836006392	0	0
-4.488149338343675	-11.129527208556112	-11.654134946120479	0	0
8.334278242914856	-28.75746649516215	0.6536378293051257	0	0
-0.7851517346196601	25.801876837531765	9.761392113508876	0	0
-10.711347250733851	18.71706323284306	16.20288023043723	0	0
12.274523423803522	1.0449737720453385	-84.37517895831134	0	0
-4.291701496547297	-39.23241234324772	9.486524249906623	0	0
-3.161469271235667	-8.44148011800256	43.672821950484746	0	0
5.346193608523201	39.19448085875621	-24.425898342002355	0	0
-4.24944131869939	-24.61199750320324	-49.174780308705266	0	0
2.1007563989901	36.003395436474065	-5.779075023745662	0	0
-1.0057592442987442	6.236863675603715	-46.397848721379646	0	0
-0.7299701807335026	-46.981692713269794	-9.561554883600209	0	0
5.099223040935762	20.116570766194215	33.94195480199987	0	0
-10.105826278985575	47.51051697791375	8.62169939796199	0	0
12.327693328183493	41.500642431421724	30.490903102882683	0	0
-11.682322781648672	-40.8179880603881	-8.314122564784412	0	0
10.47139828082694	-14.778802082406656	-47.331561849061416	0	0
-12.352171305091453	16.76505774241039	42.558404313753286	0	0
13.486835009167272	-15.399951867441786	36.46278340126511	0	0
-6.598172971021604	4.292625724866866	-16.38715927766779	0	0
-0.7356785191135202	-41.980325882690295	8.312788190885271	0	0
-1.0617563812724882	-19.596629828711357	-5.053754356380722	0	0
3.625720270029312	-2.756117437792753	5.359248372038593	0	0
-1.0739656497666061	-21.970514486783145	-51.597956177139494	0	0
-3.813908660144193	-25.19507066538125	0	0	0
6.874916225044593	-9.25575023537408	0	0	0
-7.545068708925086	-48.34262531894626	0	0	0
7.123152347160399	-2.4599567310955877	0	0	0
-7.7671808872370605	-26.557428353335055	0	0	0
6.731238655784175	-3.347898804723002	0	0	0
-6.31446880482693	-14.480785133078285	0	0	0
11.13857042621946	-14.645607577144787	0	0	0
-15.172106694800497	-3.7788821121316687	0	0	0
11.891732897179487	-24.132081391404498	0	0	0
-2.769915511588472	-1.7097980991316746	0	0	0
-7.547334218000735	-15.457382498452802	0	0	0
17.083500004264614	-18.799429182268113	0	0	0
-25.686367633960934	-35.65699998988414	0	0	0
26.6456091819515	-21.60803840993389	0	0	0
-20.869974879192092	13.448668020651773	0	0	0
20.42935119391752	-61.50657539304819	0	0	0
-24.32508398734253	-18.405292125250035	0	0	0
21.66396941363727	-2.9268186355746195	0	0	0
-10.8160855717841	25.78740623328462	0	0	0
1.6643966771644898	-4.6911223512946165	0	0	0
2.262475212663759	28.848556732375208	0	0	0
-5.99841867610693	-28.41611457381707	0	0	0
9.02578707534969	-4.472575979119185	0	0	0
-8.22886362542119	-37.06302195164943	0	0	0
5.780987955014652	50.037338631688556	0	0	0
-4.680065555107376	-18.45498913030069	0	0	0
1.9624929840728456	-17.67222024167193	0	0	0
2.930197785893185	-20.428891333982435	0	0	0
-3.226780942258955	-53.48212736552764	0	0	0
-4.008013583581004	13.237539169750669	0	0	0
13.530179522908803	68.40001156269884	0	0	0
-20.668100405743616	74.19286915397217	0	0	0
20.47606605762278	-8.384954756995299	0	0	0
-8.757271973940185	68.22289852842354	0	0	0
-6.8722642523218695	14.203899278114655	0	0	0
10.936204227979715	-2.6851056392017583	0	0	0
-5.302887206002353	28.76752499606922	0	0	0
1.5029764059986022	-22.973527843326423	0	0	0
-0.6843809307841298	-10.475540357896868	0	0	0
1.2454355116422136	61.18614180414439	0	0	0
-2.26843085710248	28.75338439402657	0	0	0
-2.009668521799192	-38.27281012301528	0	0	0
12.87926032455485	18.54195856711388	0	0	0
-20.427265954844096	9.144384901524724	0	0	0
17.914733648738668	11.526623874947482	0	0	0
-10.480021803492399	26.67746094550762	0	0	0
0.8192962089648361	-21.785297730026215	0	0	0
9.839787423617935	3.718198859564829	0	0	0
-9.928495006086159	-10.908381931157436	0	0	0
-2.312903524743632	21.67043767929657	0	0	0
14.70261343062083	-9.095119825894791	0	0	0
-22.628140380322414	-41.97750775486167	0	0	0
27.272365559523266	-26.078848024857542	0	0	0
-23.99092876797029	-3.6948501767544073	0	0	0
13.48435689903863	-8.113571071241964	0	0	0
-4.556122908689822	-21.076809151208444	0	0	0
1.9345749757950728	-16.449744879651625	0	0	0
-1.312232620658044	-64.18627427920482	0	0	0
-0.1594457262308424	2.5949420738571476	0	0	0
-1.4517333125416059	16.88727157920099	0	0	0
6.116300920513638	65.78407452987435	0	0	0
-8.566743122674055	0.26429306165846356	0	0	0
5.321200228131609	0	0	0	0
-0.9718940189677383	0	0	0	0
1.3658826851424166	0	0	0	0
-2.755961633886571	0	0	0	0
0.7216003325979159	0	0	0	0
0.6898303292424757	0	0	0	0
-2.078096984000517	0	0	0	0
4.7794802349853	0	0	0	0
-4.875615528496638	0	0	0	0
2.36256055712834	0	0	0	0
-2.893033817747458	0	0	0	0
6.630310074573686	0	0	0	0
-7.768862027026749	0	0	0	0
2.238734358400528	0	0	0	0
6.468612773354259	0	0	0	0
-13.541221026867255	0	0	0	0
14.339563502323998	0	0	0	0
-10.700077151466367	0	0	0	0
7.99227782248861	0	0	0	0
-6.665217248182024	0	0	0	0
2.288599889038373	0	0	0	0
3.503579491772463	0	0	0	0
-7.401712900416278	0	0	0	0
9.419228865111087	0	0	0	0
-9.619191233279814	0	0	0	0
10.398333213473713	0	0	0	0
-11.837406188204774	0	0	0	0
12.763333873822852	0	0	0	0
-12.987045482967723	0	0	0	0
12.688265875993615	0	0	0	0
-11.048096471325636	0	0	0	0
9.17198251519843	0	0	0	0
-9.196150154582917	0	0	0	0
11.01312357916271	0	0	0	0
-16.711091047791548	0	0	0	0
28.49849746049106	0	0	0	0
-36.035498775747854	0	0	0	0
30.61429440018903	0	0	0	0
-17.934510427325804	0	0	0	0
6.85949133657347	0	0	0	0
-0.7945742471817425	0	0	0	0
0.9911182232496785	0	0	0	0
-5.938093836089557	0	0	0	0
10.874171177683728	0	0	0	0
-13.035380831285984	0	0	0	0
10.755483205847028	0	0	0	0
-7.347238872658146	0	0	0	0
7.818156108058837	0	0	0	0
-9.792448776587598	0	0	0	0
7.340280428002913	0	0	0	0
-2.492303403479575	0	0	0	0
3.6071405328230455	0	0	0	0
-6.612727685645147	0	0	0	0
5.268662864026027	0	0	0	0
-5.630126029549075	0	0	0	0
12.934480851446189	0	0	0	0
-18.76166830494649	0	0	0	0
17.42556853629258	0	0	0	0
-11.638495765968457	0	0	0	0
8.492243645089466	0	0	0	0
-13.858969183977315	0	0	0	0
22.913628815115082	0	0	0	0
-20.95173787297263	0	0	0	0
8.878882697054394	0	0	0	0
3.2803109951611233	0	0	0	0
-9.876806600996012	0	0	0	0
9.62791460703879	0	0	0	0
-2.75753019077316	0	0	0	0
-5.44777062772971	0	0	0	0
14.16478266475442	0	0	0	0
-19.605314393519542	0	0	0	0
12.201799926152809	0	0	0	0
0.6947541712495351	0	0	0	0
-3.5651846919338652	0	0	0	0
1.8224684656409522	0	0	0	0
-2.5896585593823076	0	0	0	0
3.164463010333904	0	0	0	0
-8.222330644607297	0	0	0	0
16.632365314123895	0	0	0	0
-19.259462296665156	0	0	0	0
15.849043518489985	0	0	0	0
-16.17966396252615	0	0	0	0
24.94528690568263	0	0	0	0
-32.97178617340057	0	0	0	0
29.003255113419705	0	0	0	0
-14.062848017053874	0	0	0	0
-2.367086602186326	0	0	0	0
14.441600350363196	0	0	0	0
-20.513138286110475	0	0	0	0
15.091375967804787	0	0	0	0
-3.7407076440986984	0	0	0	0
-3.310266633890791	0	0	0	0
5.263363265310474	0	0	0	0
-3.80306539476409	0	0	0	0
-2.3945429316162645	0	0	0	0
7.0633880227969925	0	0	0	0
-6.978150663040012	0	0	0	0
7.115514636916366	0	0	0	0
-8.512650338808228	0	0	0	0
6.5254177032754015	0	0	0	0
-3.469937539403766	0	0	0	0
2.85383989001987	0	0	0	0
-2.785740007824124	0	0	0	0
-2.6731744537295867	0	0	0	0
12.548002041072117	0	0	0	0
-20.33713348178481	0	0	0	0
23.482457520821306	0	0	0	0
-21.03205211079797	0	0	0	0
12.62655259386743	0	0	0	0
-4.330277352934914	0	0	0	0
2.8545187430259134	0	0	0	0
-5.5046840470379195	0	0	0	0
8.406897126237567	0	0	0	0
-10.977817633828352	0	0	0	0
7.7107352179812025	0	0	0	0
-0.4506028098515671	0	0	0	0
1.5260933992855854	0	0	0	0
-6.9566443391317705	0	0	0	0
8.067064663160394	0	0	0	0
-6.223767209006674	0	0	0	0
5.5032866554923245	0	0	0	0
-7.517300456374699	0	0	0	0
-0.7952943232936462	0	0	0	0
-2.730783084688909	0	0	0	0
8.306003778764662	0	0	0	0
0.5445660446228615	0	0	0	0
