-0.27919959472298217	-0.40789019480990873	-3.318721934680866	0.41601987192443346	16887.872658774428
0.7854751719606838	-2.127123871625379	-10.526883121044676	1.6559875145728853	16887.480509034718
0.41130913917190526	-4.834004472754543	2.2187508389898625	1.6212487883592956	16889.200809078335
-1.8758198900554746	2.6507396011128534	4.984087658568157	1.7715803207347847	16888.070986928156
3.693498838802441	-4.531756530012487	-1.9184584357600585	-4.377852084084623	16887.193388705065
-4.145678926156037	-0.4815140246842162	-2.261133237671814	6.970348350111692	16890.59493959244
2.892760039493446	-0.9626457917159073	-5.834091494942371	-5.569865547596649	16889.80459437999
-1.538062021347109	3.6529641672358792	-1.6933421587169875	-2.1943043959286683	16899.96687446227
0.6272898185173545	1.3299035717766117	3.0842264250565847	-5.051969307854506	16884.498346939883
-0.5667791600726773	-0.5505264680864173	3.807511447610864	2.5550560982229484	16894.585599037076
0.34397549156313545	2.968712511829402	-3.942015718357254	-1.8448436231316236	16888.369854167406
0.0030675425743069695	-2.4135903018553364	1.9202830999586666	-1.7145254856252876	16890.85999929493
0.6430304040292611	3.874576754347167	4.163357960660349	2.3193205089822158	16894.012954277125
-1.660621483198213	4.187007165920164	4.575654062462476	-4.026659463230715	16893.07502620294
2.7680457248011976	1.4221685652663325	1.8159381299868613	5.6661356750554575	16892.154445023843
-3.598863042924286	-1.4210214121433609	-3.82568570864278	3.033709768576159	16900.161483394928
3.4188421806121525	9.445120699804313	-3.0034700635681446	3.31779634228711	16889.98068643584
-3.5729744820920786	-0.18400480327849067	-6.286842385573337	1.5146237366049462	16889.09547111809
3.9979025479489323	5.624812955525634	-10.659155347290962	-3.011094918538049	16891.306534328683
-2.962239266336134	0.7954760140370993	-5.769248950818039	1.4328361059195913	16887.612521001804
1.188533536805366	5.62078918261421	-2.291025412288363	-0.795547992014292	16897.406423227734
0.15357467951949388	7.145865348263619	3.6810574792990707	-3.9394001265824983	16896.041222902197
-0.5177664823368175	1.9386101308239105	-1.837356388454566	5.335311981865786	16894.49992462392
0.48183237921679734	5.957689236808044	1.0255521330636697	2.749571255466691	16888.601276672292
-0.445617362141256	-3.6206102731224803	2.3956227058074546	-2.2722659443167004	16886.216216978777
0.010683629144452311	-2.5113773780971087	4.0231209051103605	0.4122596177534632	16894.138773822364
0.7435628559724634	-6.694010331146529	1.0128229265407924	1.4810242546622447	16894.812354145353
-1.6033652559122231	4.428337929636868	3.7192262081640592	-3.5586649909567	16890.76704961761
1.5275992806125274	-6.95974734483832	-0.18212935829484422	-2.6507081744797603	16895.14117902647
-0.8370831104920526	6.8619821341914715	-2.9645214884560147	0.45680965362333836	16889.077553895684
0.22842203505304326	-10.532311017799742	-1.1920047723635179	1.426439378575779	16889.60749120172
-0.6912051161360964	3.216544704223388	-9.3824543765583	1.804713167357903	16892.29413872521
0.15596140006218207	-11.410256355488912	-1.3128357030788322	0.8950977878051987	16892.74204668921
0.7714616579306721	-0.5302061893025041	3.456373248220558	3.8000873204435663	16889.895317158673
-0.738944100575317	-2.269973921968628	-5.2880149659271325	-2.9311432577030985	16894.420268823596
0.3170755826356455	1.702294546174869	1.9001849459891105	0.9363932820189689	16890.789311491775
0.14634096320338585	-2.9619044017546727	5.263239381132365	1.6403639095751146	16889.352342344817
-0.7432650721311305	0.6999236586985802	0.9805567673918603	-4.946681283134069	16884.02132451303
0.8506326139057165	3.186715873212094	5.223836656822428	0	0
-0.8733597031595721	-9.081346304690513	-0.4085299257802575	0	0
1.0541319565335456	1.011800752519818	-1.0188138836512195	0	0
-0.28338355953016503	-2.861531242444002	0.23275641394126012	0	0
-1.3546289216474605	1.382085914821296	-5.512582841356874	0	0
2.2452814225105087	2.004176962243868	-4.369931326474614	0	0
-2.057463809991866	-1.7128254380604346	-0.0874398738346116	0	0
2.2885074475810754	0.7942651614524223	-7.068908038919673	0	0
-2.539508683446641	6.128995205386055	-4.556643938267854	0	0
2.2334128664384565	2.4033654705026493	3.4683244676418923	0	0
-1.6969355980384577	0.7564113108223012	11.515465554569658	0	0
1.551967741618121	0.3629970202706829	2.491960105431332	0	0
-3.003014610656976	0.9795636888379633	5.583254971365022	0	0
3.8682527164563467	2.780973093802693	5.308566420223329	0	0
-3.564379102377046	-4.911843847863587	1.9447229964083448	0	0
2.6673880301763617	4.568077736031668	-0.03394822564339961	0	0
-2.7553604073219944	-7.599786939556203	-6.518198202657629	0	0
3.2549447302063115	1.8626506569027583	-5.554883233599497	0	0
-2.3271921409031506	-9.302312698300497	-2.4737150615979004	0	0
0.7887407309747942	0.9126879046510012	0.12247227164436936	0	0
-0.4910197077656804	-8.440340832788806	-0.7092091588772007	0	0
1.4090053146094306	-4.038150056735475	0.4043871769158187	0	0
-0.7279205143389049	-2.7822878035661702	1.6941096635692645	0	0
-1.0070300623772255	-6.075597205568876	3.6193369579008277	0	0
1.3913984968734994	-1.4283461928270071	3.3835750695869393	0	0
-0.002518551192615348	-5.2365265752354375	11.40675145126501	0	0
-0.8093708524416385	-0.244697915920689	2.514488928217176	0	0
-0.6323374742406855	2.988249494121	-7.277861341583531	0	0
2.5192593468285196	6.086254013092081	2.9036602439384893	0	0
-3.0929795451092943	-5.9270204475514205	-1.2716831065190917	0	0
3.1835344573987356	1.7255426058525885	6.57931900561276	0	0
-4.284018248567328	-1.9071432487093247	-8.294320361124107	0	0
4.671269289782707	1.282614466784345	0	0	0
-3.9502851556146297	-1.9126563925133269	0	0	0
3.0440912378190106	11.270031666519465	0	0	0
-3.250042317867802	5.4563281851598475	0	0	0
4.191263756730585	1.096359465355036	0	0	0
-4.269868568677751	3.1730819311424625	0	0	0
3.207278554316737	1.5453401622700653	0	0	0
-1.8642456358736368	8.529807758774446	0	0	0
1.7634035668618964	0.5765696860210099	0	0	0
-2.651017870081091	3.2343616805898137	0	0	0
2.9136626161930934	-1.9424001238909128	0	0	0
-2.482534645422035	5.86730551614167	0	0	0
2.4483109181011713	7.774686316230209	0	0	0
-2.277331588606735	-0.1080182707599775	0	0	0
2.605776943213428	5.640341740692065	0	0	0
-2.834534237500179	-5.585716907889513	0	0	0
2.280903584337125	0.7405976723923189	0	0	0
-1.2586788501781783	-2.6455631676714546	0	0	0
0.25426970638689284	-7.306921026777978	0	0	0
0.4167626338713575	-7.030326576567987	0	0	0
-0.6157798459342558	3.0736339816367533	0	0	0
0.11654005219408248	-5.055588322839668	0	0	0
0.11839816597957764	-0.889214673728894	0	0	0
0.18984080767005196	-1.281578668337687	0	0	0
-0.3920053587884311	1.6668463854410263	0	0	0
-0.22257620248949905	-4.514772034442736	0	0	0
0.6431145848676607	1.6055699502878298	0	0	0
-0.09941365277786218	2.3267352719278946	0	0	0
-1.1123039815369893	2.3963224421591818	0	0	0
1.8791321249866968	4.420267918098048	0	0	0
-1.7491002031653196	3.624757743852463	0	0	0
2.214326952959148	1.5160853365746547	0	0	0
-3.5534228227926405	-2.0578485849391654	0	0	0
4.3532360846177625	4.197372213299985	0	0	0
-4.103173251183364	-0.6553135794313079	0	0	0
3.7383393455725695	1.1392873413888367	0	0	0
-4.198591995126712	2.311294441388519	0	0	0
4.610228038162269	4.442259949325084	0	0	0
-3.6632964331183473	4.234550653891404	0	0	0
2.0862164698782877	-1.961252713215039	0	0	0
-1.701137632163288	-5.830442020775422	0	0	0
2.118581492315485	-0.2677647606225051	0	0	0
-1.7404890895209917	-3.6751096654828928	0	0	0
0.21238671386601737	-0.7643158194224426	0	0	0
0.12844904728831352	7.535717947641579	0	0	0
0.6232683053813801	-6.782250412712649	0	0	0
-1.5713706135067085	0.647230993597617	0	0	0
1.049274479473489	-11.766266710884608	0	0	0
0.4523262534267616	-1.1486007865727288	0	0	0
-1.2437134017758495	-2.66518524857225	0	0	0
0.9077151073719705	-0.6865744074037963	0	0	0
-1.3178217787012727	1.2834969324763748	0	0	0
1.6164790343790472	-4.8568953415355125	0	0	0
-1.3831691707348739	0.9762989511192188	0	0	0
0.7070876474111643	-2.7394365208003677	0	0	0
0.23218850367814525	4.520786868528631	0	0	0
-0.4776117930244368	-1.3683108677805293	0	0	0
-0.5350955627777054	-2.1580532968810218	0	0	0
1.597332281261501	-0.039877237712424574	0	0	0
-3.0932178884008152	2.0503204929719843	0	0	0
4.5286570104437445	-2.6709686572479185	0	0	0
-4.9072445883329365	1.7136862588781767	0	0	0
3.6425184192932463	1.9041020916712341	0	0	0
-2.11260498524868	0	0	0	0
1.3455580500546986	0	0	0	0
-1.6605600438034642	0	0	0	0
1.6352066337641773	0	0	0	0
-1.4750687550467916	0	0	0	0
1.132932318387013	0	0	0	0
-0.38046386116867836	0	0	0	0
-0.9253590141959407	0	0	0	0
2.196516570566473	0	0	0	0
-1.6629437304242458	0	0	0	0
-0.5392241360720007	0	0	0	0
2.410523750995978	0	0	0	0
-2.327189096036541	0	0	0	0
1.2889439753927547	0	0	0	0
-0.9654781507774217	0	0	0	0
1.3733169976867785	0	0	0	0
-1.2600902467136947	0	0	0	0
-0.09449381331545936	0	0	0	0
0.8457100500807968	0	0	0	0
-0.9118627704491331	0	0	0	0
0.2096424946262161	0	0	0	0
-0.10103995983232039	0	0	0	0
0.9536232894163277	0	0	0	0
-1.46629452761114	0	0	0	0
1.75207772037421	0	0	0	0
-2.2954596133514684	0	0	0	0
2.7538152779790295	0	0	0	0
-2.9283746723763286	0	0	0	0
2.044760755216217	0	0	0	0
-0.6078814818776692	0	0	0	0
0.4112821337944581	0	0	0	0
-1.55355827247962	0	0	0	0
2.265497335516045	0	0	0	0
-1.5304432319200174	0	0	0	0
0.8020000858136243	0	0	0	0
-0.9643268298377095	0	0	0	0
1.1098374926302697	0	0	0	0
-1.1953906416437192	0	0	0	0
0.892231661352028	0	0	0	0
-0.07460995015645011	0	0	0	0
-0.49395216628849425	0	0	0	0
0.7063731914162261	0	0	0	0
1.1349174265177737	0	0	0	0
-3.362336955686537	0	0	0	0
3.4373233478406746	0	0	0	0
-1.4325081957916268	0	0	0	0
-0.2597235250825989	0	0	0	0
0.6290387567666968	0	0	0	0
0.7805128171776161	0	0	0	0
-1.924093597726916	0	0	0	0
2.0921952465839624	0	0	0	0
-1.6932462912746828	0	0	0	0
1.2106592705092538	0	0	0	0
-0.5063209148421564	0	0	0	0
-1.6040406016262878	0	0	0	0
2.8442183678740776	0	0	0	0
-2.202622495641812	0	0	0	0
1.3188780896870753	0	0	0	0
-1.2846373449959785	0	0	0	0
1.8592671410070452	0	0	0	0
-2.4445990400466897	0	0	0	0
2.5898966444706986	0	0	0	0
-3.299387576722225	0	0	0	0
3.8787160475481386	0	0	0	0
-3.5170612202139964	0	0	0	0
2.6547552018389027	0	0	0	0
-2.2003068747579917	0	0	0	0
1.8222312400524316	0	0	0	0
-0.676783116800479	0	0	0	0
-0.3238807285494687	0	0	0	0
0.4783489266467029	0	0	0	0
0.8553833102072375	0	0	0	0
-1.912331399634084	0	0	0	0
2.373724591568511	0	0	0	0
-2.4860151955784175	0	0	0	0
2.338769312527134	0	0	0	0
-2.3196819752609628	0	0	0	0
2.616094895203311	0	0	0	0
-1.6009795645607667	0	0	0	0
0.8790616952153414	0	0	0	0
-1.0122927520913265	0	0	0	0
1.4645073888204934	0	0	0	0
-0.8634784335816335	0	0	0	0
-0.5497834215508846	0	0	0	0
1.7116598329270758	0	0	0	0
-2.4051347545633632	0	0	0	0
2.8256369229858223	0	0	0	0
-2.3314883178357135	0	0	0	0
1.3367413266778883	0	0	0	0
-1.5821383459222602	0	0	0	0
3.047925016170396	0	0	0	0
-5.085735750210304	0	0	0	0
5.963934641805928	0	0	0	0
-5.125512793309447	0	0	0	0
3.6657781707163437	0	0	0	0
-3.3222722346223463	0	0	0	0
3.1132045430181847	0	0	0	0
-2.204819551794074	0	0	0	0
1.0460423317195051	0	0	0	0
-1.2810687119276878	0	0	0	0
2.27358533787973	0	0	0	0
-2.5520065266792713	0	0	0	0
2.1138235542498123	0	0	0	0
-1.5064552400092097	0	0	0	0
1.7255198108955554	0	0	0	0
-1.8965760760092039	0	0	0	0
1.2636833135590493	0	0	0	0
-0.6948443730486886	0	0	0	0
0.6919737280431733	0	0	0	0
-1.15685188127447	0	0	0	0
0.3655447067274338	0	0	0	0
1.7078103879062638	0	0	0	0
-2.925648350432155	0	0	0	0
2.8015885951602755	0	0	0	0
-3.3449749366196286	0	0	0	0
3.8368193924962455	0	0	0	0
-3.2863203046112517	0	0	0	0
1.4123577167361674	0	0	0	0
0.41790391571973373	0	0	0	0
-1.1767223000039237	0	0	0	0
0.7053565012533625	0	0	0	0
0.3172324271955915	0	0	0	0
0.12754271221734825	0	0	0	0
-0.11650216115304346	0	0	0	0
-0.2632831709590988	0	0	0	0
-0.35511276789991797	0	0	0	0
