-0.1287149787016375	0.595903472289649	-3.4275599332616196	0.256280863107861	17192.78154154568
0.2172858276957257	1.3327082366633647	-10.796592598766779	1.7161836209289163	17194.406050216676
0.45539516285618475	-3.2392635220962944	8.01970829057234	14.881279492706426	17195.864192612506
-0.5603797020233969	-6.541288022423146	-4.164128813255886	-22.75388130271307	17190.864000283127
-0.1442786526968689	9.020352048582197	11.250353504918948	10.166252547540068	17210.50267012214
1.1374670942498923	4.39870733716036	-8.59352027269803	-0.741319940975643	17137.18431888613
-0.6959077173223704	6.327612633431727	1.574811533464512	-10.957283050392633	17073.4510369852
-1.1063228030340184	-7.956577587302718	-1.5008248095846	-7.736943160739344	17122.072104878214
2.4593693689446567	5.47073839761272	-0.7586813475870002	-12.7184367624034	17111.673801275472
-2.557648116308023	16.592386635759667	-0.6529634959414352	24.590138890522553	17077.26247165513
3.374206371801769	-6.334939794900549	1.9124006913057343	-15.005185748968586	17218.69138141359
-4.071923898283799	2.6695458882850147	-3.8742711287300295	13.940612871390641	17137.05767256757
3.1291171907390307	-6.922620092022385	24.347127333821547	-3.9044350616155725	17133.363681193572
-0.4241020320857345	1.381368222213979	-23.73112491884163	-22.799877181894033	17096.516624250817
-1.9339036768881073	-1.6712193450833865	0.537522023572734	11.589009077573508	17085.161354163993
3.448416329834224	7.698445359487565	-5.814058426620463	-20.920974020568863	17082.056153390608
-2.0212302962234077	-2.354040798333884	9.891268816030617	26.104367950240245	17091.505335097034
-0.500122149489215	-3.559925829556775	-3.8812388533618076	-20.785609745696945	17052.959007524165
1.2693348763419863	-0.971255852342864	-0.47698790577179295	-4.0655402332681945	17082.50895793355
0.04624507084657381	3.7567822316142383	7.619377029490352	2.270969419193932	17009.925965790517
-0.9137101649453143	5.512023353449436	-4.260244300163478	20.325733289057425	17015.18562973744
1.1206298619105652	-4.348655558604847	-0.8587060930784105	-16.590977775078855	17014.419217526865
-1.291965670818776	7.048855725499948	-3.2341741018156966	-18.480407586888447	16979.394312046756
1.4282558300056252	-11.519330506064136	1.4722791254625776	86.4275212592309	17030.139649139604
-1.1724543872968454	2.198012457271801	18.831266710468313	-2.148505613967643	16959.954459143744
1.0887191280638433	-1.1644376320220289	11.89394026555378	-10.931869056781863	17134.990303342016
-2.326478109311772	4.935098395118715	-6.953224631225723	24.34182058136372	17272.87515099983
3.4283746923449883	-2.507014316778424	-8.75913084011998	-31.82878177067792	17237.088561938832
-2.959159290202777	3.482154731504167	3.8500926504070776	3.455259835681204	17275.87749946703
1.8115369352479576	0.6611532666564415	-12.638828226058166	-14.816298880521288	17254.858271310237
-1.2881887846006634	0.4111132376175419	0.925903093989831	-10.74114399473683	17132.624600858588
1.1997799085298695	2.163914891470313	5.802266602321438	10.621790408371595	17086.48372724662
-1.308608737491042	-3.0716762022795194	1.7133301397068266	-5.474009629114732	16994.410827792613
1.936300206635302	1.3885040031203175	-8.533860793219858	2.0994182409955187	16871.82537490751
-2.5034501588086826	-1.7447710557748053	-0.4939440108589537	28.164227043316103	16877.453476726987
3.118504685761806	2.79691014817395	-0.7720528650863656	-9.256529206407947	16897.025150307825
-3.5795297819383833	-1.954633335233325	-6.204440028165621	-28.263043015129696	16912.34351147405
2.596808442778574	-1.5713648890454053	13.37394181104186	9.86531097324449	17007.281967590156
-0.5911567463864742	0.3598738460744073	-16.932098199074744	0	0
-1.2860259985855294	4.330637702649639	8.794220417545716	0	0
1.830895357286792	-6.621760240361667	-0.15637444501859932	0	0
-0.6719081796102131	3.289718206008942	-12.024155168399375	0	0
0.5446569454307593	-0.7437177517744686	6.813063210533926	0	0
-1.3820728822526576	2.7712604471811346	67.67043084967436	0	0
0.3457864639153385	-0.8878781634575859	-50.959664753528415	0	0
1.1491934847870269	-4.600444519491731	15.778934951216286	0	0
-1.4971552554976242	-1.474762458180905	15.0612645669365	0	0
2.3006831594136017	4.633102873825358	12.221890811036033	0	0
-3.2536866749590843	7.811017178582134	5.658929128331138	0	0
3.1905759998705747	1.0517063129337743	-9.809817638508008	0	0
-2.2671092291027577	-1.5688892893202393	2.369639711868885	0	0
1.3914240738996781	0.4170767738041974	14.544506962839776	0	0
-1.3473376405454118	4.370090656504772	7.061167926189668	0	0
1.3869257613736394	-3.747028778790174	7.315901784844513	0	0
-0.6451744700815922	6.995931073563945	-15.99518649563224	0	0
-0.09755938694740962	2.0040418477777777	-5.633433439554096	0	0
0.945014924583333	5.573741533730669	3.0351361341833325	0	0
-1.411531508332871	3.5901146411052594	-10.009324898658647	0	0
1.3350148226346121	-1.2949914676305099	4.529903716717868	0	0
-2.106111202760246	11.216573201079086	22.037917974621777	0	0
3.181640736663333	-7.33207726546047	-19.97828278145043	0	0
-3.3604196077651665	1.2764065799842328	-4.165860613050526	0	0
2.409326818714135	-2.2993407541063746	-14.342942182732472	0	0
-0.8080638253649823	1.2574452145537975	-14.539711989078	0	0
-0.6495673388116145	1.5584188984529135	-3.2154399969920178	0	0
1.2503732480352951	-1.6230646678392446	18.57357455416978	0	0
-1.289789336170081	-0.3153827750616145	-9.874856051032253	0	0
0.9107225412802364	-1.6404678139222995	5.753482665811674	0	0
-0.32261073382490224	-12.068529259413765	-18.831900575558237	0	0
0.3195279332964063	-2.8174237645674367	15.704013198328212	0	0
-1.0030194303414675	-1.9624768470034937	0	0	0
2.082491794476077	-6.047963841359504	0	0	0
-2.7874186714473126	0.27926205207509014	0	0	0
3.307263924452883	-6.0663887559596645	0	0	0
-3.7549938134222955	-2.938437455034453	0	0	0
3.271876598602553	-0.4297936872435244	0	0	0
-1.692115065960138	-6.490864184590272	0	0	0
-0.0044640981855366135	-0.8163284079760373	0	0	0
0.03954671631208839	1.0697085032608697	0	0	0
1.1616562702832098	3.52028800071497	0	0	0
-1.640859718185851	-4.838583512542186	0	0	0
1.1354297980174053	-5.530950531135083	0	0	0
-0.26932006907458117	-4.287035913428063	0	0	0
-0.116935535515033	-25.49381451985299	0	0	0
0.4255269669978077	15.94796409061425	0	0	0
-0.6221207852008206	-12.507762683545835	0	0	0
0.43485590793047635	-4.044029508344352	0	0	0
-0.4789750225428193	7.025890952244637	0	0	0
0.3270663694229654	-7.026773828325602	0	0	0
1.3450783825919217	10.344483637981071	0	0	0
-3.2444064075643197	-9.671077256950582	0	0	0
2.891827096493401	11.937008754488119	0	0	0
-2.1990121592637877	-2.3681657007342665	0	0	0
3.073103721646774	-2.6985774301930547	0	0	0
-3.695053494217319	0.6725965390012192	0	0	0
2.251461723635529	2.035494924019872	0	0	0
-0.9450915899155063	-4.410200434584368	0	0	0
0.15279731392375595	2.1638131612581617	0	0	0
-0.3235439660564907	9.79695925771199	0	0	0
1.1276036939259555	-1.4031083084673668	0	0	0
-1.85081126416609	-1.4155876025470633	0	0	0
1.0485626636408654	-3.0481456383843266	0	0	0
0.8002921331823316	-2.3292309002014093	0	0	0
-1.5022009960138973	3.8643539480940916	0	0	0
1.3753553879061258	11.075598016853334	0	0	0
-1.029880230298339	-9.601854631992452	0	0	0
1.0472290914566003	13.438585228488591	0	0	0
-1.1334520483415318	-6.331692951620155	0	0	0
0.4607156197093403	-4.675005027939683	0	0	0
-0.11377684829472656	2.3169975676048438	0	0	0
0.39644008488744475	-3.900345523317199	0	0	0
0.09229676849078317	6.5114133867697745	0	0	0
-0.616069891332657	-4.333042503642886	0	0	0
0.6188661730329059	-0.9310588845132699	0	0	0
-0.7437641345054686	-4.343570951201009	0	0	0
-0.057285063897964505	2.7630501278449557	0	0	0
2.1016804697708267	4.036399926378856	0	0	0
-2.9463302816216626	0.9771143239326179	0	0	0
1.1407825602123651	-5.048642430298166	0	0	0
1.2420246997663895	-8.539645403087782	0	0	0
-2.640466283829859	7.915224824356777	0	0	0
2.8310821421027867	-5.782626306644289	0	0	0
-2.087482543347832	10.621450728011254	0	0	0
1.771372203706619	6.0710244248365015	0	0	0
-1.369590226735724	0.026984407284771805	0	0	0
0.24093968813517108	-6.713246480685946	0	0	0
0.6969867133529632	0.19142129572415456	0	0	0
-0.7230884050681894	-6.871308496687526	0	0	0
0.4115939500963748	1.3101622213629085	0	0	0
-0.23239122890088026	-3.376099034502282	0	0	0
0.34108430881816787	2.9228556655813307	0	0	0
-0.18173983331895016	0.4723829612439019	0	0	0
0.7224429834970962	7.4749464939357395	0	0	0
-1.2323560897754717	0	0	0	0
0.7847323130930093	0	0	0	0
-0.0038692873912395953	0	0	0	0
-0.5452208229568569	0	0	0	0
0.6907077066994844	0	0	0	0
-0.784384672806766	0	0	0	0
1.6344754505424035	0	0	0	0
-2.8146476908889184	0	0	0	0
4.093848733300767	0	0	0	0
-3.8209069950216303	0	0	0	0
2.56908473418013	0	0	0	0
-1.8722891674850217	0	0	0	0
1.7091027960647054	0	0	0	0
-0.9546557017275674	0	0	0	0
0.8720008087371269	0	0	0	0
-0.23788048514078497	0	0	0	0
-0.5815008960654424	0	0	0	0
0.07611985113107522	0	0	0	0
1.0555538471494899	0	0	0	0
-1.7017385080983942	0	0	0	0
2.4264285454013645	0	0	0	0
-2.46336106756533	0	0	0	0
2.0949699383722376	0	0	0	0
-1.0291774529300923	0	0	0	0
-0.5615053716804681	0	0	0	0
1.2905062658402784	0	0	0	0
-0.15246478054024237	0	0	0	0
-0.9521921008439591	0	0	0	0
0.7475869708146377	0	0	0	0
-0.4004414598128818	0	0	0	0
-0.3678988477224081	0	0	0	0
-1.0690947686034917	0	0	0	0
6.72957955058795	0	0	0	0
-8.147946981687149	0	0	0	0
2.8059169793099557	0	0	0	0
-0.4242975330469747	0	0	0	0
1.4779896256956917	0	0	0	0
-3.2953436176401354	0	0	0	0
4.04171127250553	0	0	0	0
-2.473458028661298	0	0	0	0
0.44730422249005386	0	0	0	0
-0.19219150236494897	0	0	0	0
0.6583520341106137	0	0	0	0
0.6809469243774018	0	0	0	0
-1.7707923025553995	0	0	0	0
0.8099080715379969	0	0	0	0
-0.6563492264703186	0	0	0	0
2.919728999279066	0	0	0	0
-3.8682119448831784	0	0	0	0
2.694042475747125	0	0	0	0
-1.8628715096477109	0	0	0	0
1.2291896316557214	0	0	0	0
0.7906057112873484	0	0	0	0
-2.0446805826032275	0	0	0	0
1.4715671885138946	0	0	0	0
0.08461309985413834	0	0	0	0
-1.2274298879850605	0	0	0	0
1.2210137830473329	0	0	0	0
0.4184845972239444	0	0	0	0
-1.7950587240312075	0	0	0	0
1.4390758035277145	0	0	0	0
0.5208074117559534	0	0	0	0
-2.8150902272324174	0	0	0	0
3.903027382095871	0	0	0	0
-3.031693663720688	0	0	0	0
2.0959169283553223	0	0	0	0
-3.1131228459732085	0	0	0	0
4.568839489292564	0	0	0	0
-3.8121528610203015	0	0	0	0
2.1336511459042455	0	0	0	0
-0.8247327129342494	0	0	0	0
0.20076074964342894	0	0	0	0
-0.09490485295205531	0	0	0	0
1.01416577222394	0	0	0	0
-1.7326826243016527	0	0	0	0
-0.1709622624478726	0	0	0	0
2.1737728137690553	0	0	0	0
-1.0833558497096405	0	0	0	0
-0.1866707842391122	0	0	0	0
0.42863925358521016	0	0	0	0
-0.6468595125585779	0	0	0	0
0.08748196406699549	0	0	0	0
0.4032575216664753	0	0	0	0
0.006776790297728041	0	0	0	0
-0.7398902346339895	0	0	0	0
1.0156208450169046	0	0	0	0
-0.756064052322472	0	0	0	0
0.9266646245415586	0	0	0	0
-1.843461393836833	0	0	0	0
2.0603675828755925	0	0	0	0
-1.265814403707644	0	0	0	0
0.07012055037903764	0	0	0	0
0.44491942656558336	0	0	0	0
-1.2607461379194973	0	0	0	0
1.2436939439554564	0	0	0	0
-0.5146463435475823	0	0	0	0
0.9254656076921393	0	0	0	0
-1.1244061087525026	0	0	0	0
-0.03804888015396557	0	0	0	0
1.7991694240114668	0	0	0	0
-2.9456145308754103	0	0	0	0
2.902327266178169	0	0	0	0
-0.8669226659804465	0	0	0	0
-2.379633073580983	0	0	0	0
2.9866051917771586	0	0	0	0
-1.3076939901254434	0	0	0	0
0.45376419446974126	0	0	0	0
-1.7871296819884037	0	0	0	0
2.6198125845072298	0	0	0	0
-1.7903761573109165	0	0	0	0
0.7626614333002948	0	0	0	0
-0.026231707719702513	0	0	0	0
-2.0309261790921695	0	0	0	0
3.794398945625254	0	0	0	0
-2.779253363257837	0	0	0	0
0.359558332855606	0	0	0	0
0.08297124212113971	0	0	0	0
1.3981808056390435	0	0	0	0
-2.96071837150523	0	0	0	0
3.695432183658042	0	0	0	0
-2.0504228058234304	0	0	0	0
0.6981549162157421	0	0	0	0
-0.0629510142984202	0	0	0	0
0.09361586240327568	0	0	0	0
0.01153850269455603	0	0	0	0
-0.7604720674569236	0	0	0	0
