-0.339947765781659	4.209092202816308	-12.051049102739213	0.4316424756100332	17270.19635825651
0.07708232952456484	11.73651551694914	-38.060490913023685	4.125842397271896	17272.254022722318
2.8221726198852863	-8.76115876543659	23.014348340127754	35.317227705898375	17277.988975465476
-2.7399674526564866	-12.546660961659228	2.8015998292590467	-68.39892050732058	17264.32104710846
2.1323068571181594	8.003793525224935	3.583329016344038	29.553110901981427	17313.2657316219
0.08107487710396555	-5.902554818687548	13.551447258333909	-6.762650517274608	17131.32055846655
-0.8345667271074646	17.682454789917095	2.7011201781534595	2.9766310690207973	16824.999552890236
0.8649642881623834	-6.939051580317816	-17.676486591028464	-37.23695849389931	16806.327021501354
-3.594931451285987	2.205633741766732	4.556362153629223	42.84004396421882	16939.99280593974
6.3538603019574325	-0.9437692992780313	-19.33983180128942	-25.277870873694027	16929.314673448156
-4.95047487395955	5.466224348175558	2.0880673159029612	23.77569762163496	16900.048758634643
0.8431449113358411	-0.9379660250370208	-0.02545450301784058	3.0001869633985763	16849.380553122934
1.841884285878109	-10.505245391097333	-3.5691356174951494	17.083697671616406	16807.297893659877
-1.198282185397062	4.195862881448022	7.551097950925907	-11.452635613768265	16817.1321146263
-0.21464024942066828	-11.84615416044334	-3.6610929017890896	17.830809678448006	16759.25191071283
0.10282167362254313	15.186729066857431	5.430063558110476	-22.10609607744972	16751.74319958248
0.7600180678870601	-12.456797260968884	8.895052704732109	-37.39384641207532	16766.88981911211
-0.6845133798192151	13.864930279831334	-15.185051368692669	41.17233050443485	16799.562967062062
1.7573353561830558	-8.923672994471332	-1.3151236523212617	10.464567731521413	17065.136150961553
-2.294480985173479	-7.29954565145097	4.211992932777264	-24.088350493125432	16902.832645651455
1.9117862966283639	-11.32659457774821	-9.659971254800865	-9.090429614821147	16831.8012983853
-1.3629025920578783	-0.7332143586508479	-29.777594309558197	2.5497342440979622	16755.316532705663
0.04857484208633167	-5.524330282607963	7.426293837820779	-2.795061502659138	16782.97048186001
1.0243793003216197	-6.842607054784487	-4.653013237374694	18.113201272983204	16838.63319854655
0.09492685813949464	-0.7824872093897071	3.2922579755093295	6.432955468985909	16815.46491124677
-0.9797558069619257	9.681117198066687	-11.427909339515494	-16.913668960503784	16814.621214648618
-1.215398399712683	-1.7902178142336709	-9.223320912245029	8.175641048748858	16875.559865037943
4.981417926054604	0.8172084831775095	-29.213104628991545	18.240356550657765	16937.807607667353
-6.3025939020184865	3.2425786364261455	30.008661698979466	13.988681487309833	17042.493579683785
4.4867522581661845	0.754778139302914	-20.124588097322714	-1.239853919100966	16973.0983392382
-3.525348723999457	5.29632570148582	7.9612788050542065	58.65987022470641	16993.987607197316
3.5322546786768783	-5.165089490876866	-1.4115928090277094	-57.42992955575143	16972.40975154374
-0.21959710587947967	0.5156208976164436	-1.748956079703774	7.656178969653567	17068.827550427017
-5.916063131268125	3.9117602327607415	0.04296046039986834	22.30890816168798	17084.97408232223
9.480173964088223	-5.910281600130141	-7.020091092537186	-8.089040660542352	16854.968886873918
-9.592613729804178	7.879825276082094	-0.0800925356423079	3.243667845542916	16880.595020869987
8.420990907776513	4.786484994180988	0.6599738611218271	-4.207196905048406	16871.031469770012
-6.242858327933767	-1.2092155936019893	-3.3574007932976997	-17.82470219026537	16859.230241368634
3.3713244951147985	0.9147808820643348	-17.22460188663507	0	0
-0.7279463498689225	-16.52694579159568	15.762676718392427	0	0
-1.1202569832325153	-3.7487300865923316	-2.6584152967713095	0	0
1.4962740375293322	0.6440383165120238	-1.650618379477251	0	0
-1.2643477720885485	-17.419885048706334	7.6986314848494	0	0
1.6682576341941768	6.463956877871219	-10.833571023242115	0	0
-2.7580935996250346	-9.955168434850535	13.712896485733111	0	0
4.5812491144413485	-5.708849000902582	-10.282272797990387	0	0
-5.7735136240989675	0.03353757503714405	3.7990588901572693	0	0
5.193516666667442	8.11174428378348	-17.80184612863637	0	0
-2.6077339535052246	7.8054353707463235	-15.394574922422265	0	0
-0.515713559271255	-0.9277219332619495	-8.994734274400216	0	0
2.144870098400297	-0.6135953526407647	11.341611020331953	0	0
-2.2597516478667004	-22.835816021408803	-11.175872778711522	0	0
1.725341942237776	-3.8666388792885655	4.129268139396856	0	0
-0.4636579995058341	13.735167873747542	-11.06644261380471	0	0
-1.082544471096277	6.0356446928465814	12.827137377415312	0	0
2.258798283587886	12.765503206236964	-6.486897535187339	0	0
-2.90374298821785	-7.7177436057547055	-3.7814052997173775	0	0
4.089857333405604	-4.994386157622941	25.097048884228983	0	0
-3.666640266069301	-3.101344446247211	-9.34732812698445	0	0
0.8340679285170225	5.04457065210012	-20.336189654033305	0	0
1.9172492107706063	-2.4591944758473048	9.216493779396558	0	0
-3.6854733789734553	7.094384249159141	-0.7872954320035035	0	0
4.180337697253286	-11.303467822134202	6.536059045333673	0	0
-1.8936928782080429	1.7002996623671365	-3.907007110762194	0	0
-0.9970649629733046	-5.4839212259009145	-1.9460646402070836	0	0
1.7886833612222688	7.321856135924861	-2.833422863472663	0	0
-1.1536732958543752	4.3614669863009965	3.8324155544594305	0	0
-0.3905091465888191	-11.181480025555707	-3.080024077462994	0	0
4.302036418387658	8.198734057649176	3.8341862636291637	0	0
-8.706619636550627	1.0787552541630916	0.9033421833216124	0	0
11.371260273252858	-15.617002590089697	0	0	0
-11.823003500259539	-10.427958826384256	0	0	0
9.562723711050708	1.7874112167688736	0	0	0
-7.632577622601595	-9.931655081668474	0	0	0
8.0055651185002	4.855211488222707	0	0	0
-8.228001028597099	1.2613854961041255	0	0	0
6.698610332843842	1.8584464935751797	0	0	0
-5.959271042824312	15.539209715790243	0	0	0
5.718282573509981	-1.1453630801223724	0	0	0
-4.1908515739973	11.40401369175229	0	0	0
4.2426214630592725	-13.977994508065343	0	0	0
-6.699283108801858	14.109717843702938	0	0	0
6.926584835638089	-5.447231447287145	0	0	0
-5.644554746987879	17.271151601229498	0	0	0
6.494692514153726	1.9437908976590847	0	0	0
-7.202935676893567	-1.4245703275250108	0	0	0
5.587524253188398	-2.8751986206588924	0	0	0
-1.7411062154119321	12.475438293616214	0	0	0
-3.3405400781924115	3.935914407113799	0	0	0
7.637310750828277	-9.808130296724798	0	0	0
-9.082391671581036	-8.868469870172333	0	0	0
9.047662391477779	-5.980001602829347	0	0	0
-7.412372129482634	1.119376786180716	0	0	0
3.8314806265144767	-7.88667914338447	0	0	0
-0.00320931647916467	-13.719386059837404	0	0	0
-2.3239952219601534	-5.249295777373128	0	0	0
3.654446878751756	-4.548502954821863	0	0	0
-5.291445673742622	-0.07055422573274228	0	0	0
7.358532877525235	-1.6010102550021585	0	0	0
-5.680248202085977	-5.467672951599454	0	0	0
-0.1492770878079881	-3.01786509081942	0	0	0
4.351946389021371	-4.960099918256766	0	0	0
-5.995961096350683	1.7215085340031635	0	0	0
6.326097571262473	6.777674989603959	0	0	0
-2.867696966900013	8.454341230547278	0	0	0
-0.6579903138457226	-4.302239593322874	0	0	0
2.341391687102174	11.050553847358223	0	0	0
-3.4495060931682886	-3.1391846510066657	0	0	0
4.182515081105251	9.827653957015215	0	0	0
-5.103117727872373	-9.12646246236202	0	0	0
3.9723420689384525	-1.5202649700786495	0	0	0
-0.7431773170618428	-4.516376523169242	0	0	0
-1.678273382748479	-15.482975063851441	0	0	0
3.373320363842403	20.695167896660138	0	0	0
-3.7977366112213176	-0.8848584284041578	0	0	0
1.096424163430612	-0.788608904476007	0	0	0
2.702650529583522	1.3558316665845638	0	0	0
-5.676004437488174	11.866966684477546	0	0	0
6.835019803270818	-8.29446841377407	0	0	0
-5.67023219178953	-16.517067237606142	0	0	0
4.279005799958043	-20.830122570802708	0	0	0
-3.4386540387549402	2.7856843192647673	0	0	0
0.9393805165668923	3.0154351777738384	0	0	0
0.9551730998822805	-3.6777982609408113	0	0	0
-0.7543066455426484	-0.8974582564492906	0	0	0
-0.15571022960249792	7.589497093287932	0	0	0
-0.48004484850780216	-3.4128934893800746	0	0	0
2.9462996926581937	-0.6676395797571928	0	0	0
-4.667387400334718	-11.109957578532317	0	0	0
4.004389053758622	10.114514828737704	0	0	0
-1.5226200822793956	-10.012614776397001	0	0	0
-0.16946620039621507	14.883153349318604	0	0	0
0.10684712710181543	-2.4172178775158173	0	0	0
-0.27688054046807764	0	0	0	0
2.4551012974129094	0	0	0	0
-5.528139303140385	0	0	0	0
7.836862125606807	0	0	0	0
-8.006322565720744	0	0	0	0
5.900516893790353	0	0	0	0
-2.9107701138298623	0	0	0	0
0.5847980048865793	0	0	0	0
0.08732909511675047	0	0	0	0
0.690157742318199	0	0	0	0
-1.0308127898830008	0	0	0	0
-0.34616247398066946	0	0	0	0
1.2144364280752313	0	0	0	0
0.311965160992024	0	0	0	0
-1.0065756435648652	0	0	0	0
1.1664993640928998	0	0	0	0
-0.9061995153858007	0	0	0	0
-0.7992980836703083	0	0	0	0
0.918026821026352	0	0	0	0
0.9545953524142661	0	0	0	0
-2.482733833843753	0	0	0	0
2.7195469909525727	0	0	0	0
-2.7032897860528777	0	0	0	0
4.054852132653572	0	0	0	0
-4.760885445820577	0	0	0	0
2.0423592381648987	0	0	0	0
1.3358502439595128	0	0	0	0
-1.9353440889424007	0	0	0	0
1.7509946534179335	0	0	0	0
-3.2110760651840877	0	0	0	0
4.3646231438457335	0	0	0	0
-2.286590874154541	0	0	0	0
-1.37428209805352	0	0	0	0
3.8474773146244274	0	0	0	0
-3.5024853709305503	0	0	0	0
1.585216209458089	0	0	0	0
0.8346865203811191	0	0	0	0
-3.6796431486642334	0	0	0	0
4.9156486086638935	0	0	0	0
-4.599034702360484	0	0	0	0
3.3123410003944116	0	0	0	0
-1.6974624804704135	0	0	0	0
0.5500681401162666	0	0	0	0
-1.238704538306159	0	0	0	0
1.7314960317818802	0	0	0	0
-3.2755432453168822	0	0	0	0
5.253838169709624	0	0	0	0
-6.95878828661386	0	0	0	0
6.55069197291067	0	0	0	0
-4.8573957129949505	0	0	0	0
3.6928578758911996	0	0	0	0
-3.2204441022995383	0	0	0	0
1.3368726812942882	0	0	0	0
0.22953094633766824	0	0	0	0
0.6307261579957171	0	0	0	0
-1.0352925311269914	0	0	0	0
-2.2559989690295055	0	0	0	0
5.728492356357364	0	0	0	0
-6.783561228738456	0	0	0	0
5.456801356105871	0	0	0	0
-2.565898990642424	0	0	0	0
0.4272841350921084	0	0	0	0
-0.6272880311555866	0	0	0	0
1.7125670250615457	0	0	0	0
-2.403701029268568	0	0	0	0
2.5117278922833037	0	0	0	0
-1.0281216309563916	0	0	0	0
-1.2661732946611934	0	0	0	0
3.6657505756357978	0	0	0	0
-4.815309830370495	0	0	0	0
4.793068922536726	0	0	0	0
-2.7471297304948266	0	0	0	0
-0.9391746544855977	0	0	0	0
3.961810756773424	0	0	0	0
-2.5952079228442955	0	0	0	0
-1.7105498773579342	0	0	0	0
5.05856523409728	0	0	0	0
-5.205714294314987	0	0	0	0
2.806035112013035	0	0	0	0
-2.440861877058701	0	0	0	0
4.7320182010532506	0	0	0	0
-5.773057657427316	0	0	0	0
4.996224443149671	0	0	0	0
-3.96622376885513	0	0	0	0
1.6135426231606687	0	0	0	0
1.1826073104752481	0	0	0	0
-4.858409538648353	0	0	0	0
9.015849891260245	0	0	0	0
-9.534418774777286	0	0	0	0
6.9349892718895845	0	0	0	0
-5.730096110968809	0	0	0	0
7.250084626125307	0	0	0	0
-9.653718992471667	0	0	0	0
10.34909889211756	0	0	0	0
-7.737023153663799	0	0	0	0
3.8425322043318886	0	0	0	0
-0.6461591316838096	0	0	0	0
-2.336067127062293	0	0	0	0
6.028453423657979	0	0	0	0
-6.98544350675639	0	0	0	0
4.839520580826097	0	0	0	0
-1.880730782524715	0	0	0	0
-0.6883990049033812	0	0	0	0
1.6708292284374409	0	0	0	0
0.18887905864820453	0	0	0	0
-4.247516588595666	0	0	0	0
7.393252076820737	0	0	0	0
-7.261467025644031	0	0	0	0
5.075773576346002	0	0	0	0
-3.0253152758294988	0	0	0	0
1.9495316069613153	0	0	0	0
-2.1672046127511138	0	0	0	0
3.403131153049074	0	0	0	0
-4.058144627888858	0	0	0	0
4.313559785174263	0	0	0	0
-4.862690001937928	0	0	0	0
4.837748906075916	0	0	0	0
-5.065185333231696	0	0	0	0
5.131519593596828	0	0	0	0
-3.5248426751344226	0	0	0	0
4.035574763775166	0	0	0	0
-6.18072145869349	0	0	0	0
0.7933325481257967	0	0	0	0
-0.6686823661115611	0	0	0	0
1.6844163874766949	0	0	0	0
4.513769265042704	0	0	0	0
