0.027730498364284983	2.268982864296433	-0.9970952122892669	-0.15677086182738265	16878.693530886412
-0.2821102227188561	7.166785838928526	-3.474421937344289	-0.5587902132541984	16877.943987069637
0.63389185590799	-2.1838929733453654	-3.9565996955125655	1.754119410706707	16879.888911518567
0.003243590201037705	3.560036041640025	-10.605781347703754	-18.749321314791658	16877.122803997463
-0.7557324514424693	-4.776324284054127	7.016315631668192	-25.333251013692433	16883.47049920948
1.0442771228493868	2.8123101198749225	-5.780490801647275	5.393568705686107	16865.13949050212
-0.46681884267177054	-1.7032517164592704	11.863370155627223	12.152676303293319	16877.00959978131
-0.3103015911923279	-1.3300038566653214	6.506306665943086	-58.59147453062005	16870.81077628443
0.15849763933172767	-3.228265865409817	-9.639580933230079	17.714784486600152	16871.73326435168
0.20224507149417548	-2.9404149365470076	-8.878687893732646	-34.50786318495325	16724.63848150036
0.4912570326168577	-0.05065259827919988	2.718982095629954	50.57204545757703	16680.187511720425
-0.3192618911829044	-0.25513332330972815	-15.544447354662125	-25.09866670128376	16591.533543858553
-0.2886935785252476	5.594578571769013	16.5532363476635	1.3285728645459898	16533.553507130175
-1.0220002174497935	-6.562864414012161	20.12527645599866	-12.02598711827551	16682.505135406565
2.4710872795281063	1.4144830634390146	-14.93182903962115	3.407231307475371	16841.054117303836
-1.684399450846989	-2.234547190629108	-3.902701759948741	34.249668445803806	16915.8076224134
-0.0004782808058010346	5.051807512635769	-6.100470055437768	14.457878953602915	16920.057714528
0.920448225870274	-2.69488151007382	32.67747786572248	-46.02626426299345	16870.046394214234
-1.5947027887703484	-2.3553142116269683	0.26747534143996177	14.82630582999981	16883.288990197132
1.666666861691752	-5.577269022082213	-18.367080798402753	-26.772164321760485	16856.207833607477
-0.2594608517744206	-5.075687391626005	9.943613795927945	-19.989310205659976	16823.512898230147
-1.212270171479254	9.554609431231292	-14.376070392323072	-0.938296402808021	16896.73264489146
1.7479760248221154	-13.561858340761539	12.699162047950367	-3.9810965192464067	16937.113833167394
-2.984890264801507	-2.712456683907213	-0.9982959848827022	7.980390286866779	16920.420597055207
4.246725645708786	-3.8726566024190774	-9.662254799140044	16.58605340489619	16927.155135311306
-3.7895833893390716	-9.748069427350252	-0.9933755556241834	23.522252663182698	16929.628703037553
2.3707626047304586	-3.936721323812016	9.896141084171944	-1.6885074715644777	16883.055185393856
-1.0252893570986643	-0.19219651441523666	11.590275627696201	-10.006540441433046	16892.926439614035
-0.36775466854119543	0.3122918787697557	4.370056704662559	-31.63864784049734	16878.40612868547
2.0708819972633634	2.6387619198381174	-0.9179585637930359	39.52807500778391	16945.38573054613
-1.8664381430020782	-14.469555094354845	12.631687960797507	-4.016788732469195	16837.786406556937
0.6123811235184249	2.2690350422196346	12.973949154103721	-4.31759597334711	16920.14433833982
-0.6736980686886156	2.6410793047867642	10.98990457582245	7.811787219317836	17103.551930373345
1.53563222018402	9.035790003443843	-2.9738179108435645	7.609373803014904	17023.821965984756
-1.0177445952964987	-0.05819932246897963	11.832019601816896	-6.672172841593266	16915.195224120533
0.9745058797735098	-6.895642661520192	-1.9393825483685276	0.38959791204686667	16916.302037188467
-2.8685016963861827	-4.479945674626201	-8.922605872231742	3.2045955445632472	16992.58143650776
4.1586500436163405	0.4515495757846608	0.0460469087711175	-9.726753792808992	17008.174118183506
-4.0263345309498035	-4.989180678922622	16.515941192040657	0	0
3.9858054348208682	0.3333633482584659	10.00417703787744	0	0
-1.602757091537562	-1.1073121800489787	0.7296313687726865	0	0
-2.314970576766534	4.343068670902909	3.8290884792572797	0	0
3.395149685330871	4.651719943248764	-1.8781950042588136	0	0
-1.4101958761134625	-2.5997528492929973	2.7702909394620576	0	0
0.05296542967003148	3.2466558244476857	-5.295910823385427	0	0
1.0021510590614966	-3.8119836417507784	-0.6981992868240212	0	0
-2.7314458390457546	3.779832380425681	-3.4523494278803923	0	0
2.8892445271967944	0.5037735700322656	3.26415363019926	0	0
-2.2686100351854392	-11.917977630790496	4.325454270092777	0	0
2.6882488233106727	6.361190029913111	-8.934416386985049	0	0
-4.0748754980116075	-2.589269846914597	10.601354992135029	0	0
4.307552448613265	0.45365390860202126	9.356327483812677	0	0
-3.434892146785998	-3.0940047972950495	44.877313568104285	0	0
2.6737387704024798	-1.104039344533966	-15.752446466597448	0	0
-2.7677218878151777	-5.189812484010432	-15.095816031594126	0	0
1.9938219112539741	-2.8312929880856217	-4.394559300197457	0	0
-0.4134023186579441	2.1419750925661276	-3.4939997248729213	0	0
-0.011588521634941173	-2.573928239598743	-1.087149546682781	0	0
-0.5614323650987885	-10.01728026362835	-7.347664349834332	0	0
1.2350014630127006	3.8061691220554863	-1.949652140435461	0	0
-1.6469598681109474	-6.9994941402027635	1.8364478795567294	0	0
2.8444486273030023	-2.660276624360286	3.9927413390297204	0	0
-2.721507011008015	11.559636748086533	11.98792263241856	0	0
0.14394402824063235	-12.673572738504639	-2.7519773554188163	0	0
2.013993931748118	8.782299909936278	5.892876971285645	0	0
-2.7726155436192172	1.7955703429268652	-0.10017146916413822	0	0
3.15542309070441	-1.7347410827309773	-1.4119602272751877	0	0
-1.9222855084524966	1.7018486864093987	1.9452233225357816	0	0
0.04533110470890733	-4.074568101309794	-3.0974343724160747	0	0
-0.10269755797008884	-2.5714004670207586	-4.0865970686499935	0	0
0.11162343521775853	-0.7926425617620936	0	0	0
1.6200028037257042	4.644622847362619	0	0	0
-1.771180476374731	-9.21736988400199	0	0	0
0.8075461011104608	10.196701080646292	0	0	0
-1.0150573160191385	-3.579207590696903	0	0	0
1.931414493992655	4.332541616447422	0	0	0
-1.3898600750049752	-3.4652453198720323	0	0	0
0.541743469864393	-3.694819585605096	0	0	0
-0.8297571228422953	7.2708008983345565	0	0	0
1.0589070460050607	-6.1409184430077275	0	0	0
0.08773205211136315	-0.5062467913828783	0	0	0
-0.35950848035859906	4.783953157669963	0	0	0
0.4404850448416653	-1.6817748407792976	0	0	0
-1.9564353453672396	-0.9096401031837615	0	0	0
1.6785113220262389	1.3768438546011126	0	0	0
0.4966617376652991	4.686660721690593	0	0	0
-0.6317003538134571	-0.05061873901302505	0	0	0
-0.47126789271033687	-1.5044422679234657	0	0	0
0.016790886960492912	0.3822628831503536	0	0	0
0.40039943084722296	-0.1323949867859966	0	0	0
1.0570474094952047	-2.4941710988001873	0	0	0
-1.4552812780961943	-0.32260313078789693	0	0	0
1.2792209583219432	-0.5517218718035792	0	0	0
-2.4448921035615996	-2.8813957726519277	0	0	0
2.7437485570571667	7.628479974769327	0	0	0
-0.8658918061048411	6.501156769024782	0	0	0
0.8720732130392221	-3.5374705713433343	0	0	0
-2.0963778294319866	12.636129418361492	0	0	0
1.8690282951605326	-13.053222827357438	0	0	0
-1.0118141816918467	6.420503347734957	0	0	0
1.3711078944093416	-4.319834402786917	0	0	0
-0.4218990284914952	14.795719584845394	0	0	0
-2.442233146359129	-15.143571599932159	0	0	0
2.5369821864026463	8.536550140718035	0	0	0
-0.10784957619775781	-8.632598865310058	0	0	0
-1.4552525458508399	8.076273804138047	0	0	0
1.1840374965510065	-16.544998323926173	0	0	0
-1.9059089886592844	5.371450958143036	0	0	0
2.321964296940912	-10.426903386030254	0	0	0
-0.6573293115456877	6.383268653287317	0	0	0
-0.06484214944624966	4.50222376015887	0	0	0
-1.408463296206051	-3.7443248705086063	0	0	0
2.202940597806986	-7.376210401331392	0	0	0
-1.4359286899284314	1.3079187373777899	0	0	0
0.4713611477580173	0.43424516686698666	0	0	0
-0.6302488456725897	1.2986025941887789	0	0	0
0.7305609488877707	-4.925914322405475	0	0	0
-0.2138999991771513	0.2792144180218443	0	0	0
-0.757653053035888	-7.63655987205086	0	0	0
1.7555832750389442	0.7699411581192379	0	0	0
-2.478847865692032	5.593550943596476	0	0	0
2.5524575380859744	-4.795012703861779	0	0	0
-0.5604593230598027	4.241641732723451	0	0	0
-1.4370493224742873	-1.2366857499086166	0	0	0
0.9315717267561041	-3.8801134614149717	0	0	0
0.22946606993280483	2.0404255331030825	0	0	0
-1.6371817341617074	-3.268287707778292	0	0	0
1.5186094154185241	1.219606601001722	0	0	0
0.18690588109249973	7.963774402898132	0	0	0
-0.2613884036264196	-5.128260452706002	0	0	0
-1.6095049768670577	4.1188166328909475	0	0	0
1.3255929170869365	-9.412242366488549	0	0	0
0.40254922512924196	2.6106055936289536	0	0	0
-0.6504620984385241	0	0	0	0
-0.19393284859853566	0	0	0	0
-0.15169334008353985	0	0	0	0
0.03603271177716039	0	0	0	0
1.2284804764175448	0	0	0	0
-1.7524606901608308	0	0	0	0
1.846315556040075	0	0	0	0
-2.097632609469592	0	0	0	0
1.2861664006793703	0	0	0	0
-0.3311359923487629	0	0	0	0
0.3343932110942731	0	0	0	0
0.20483571176912818	0	0	0	0
-0.4423589950073179	0	0	0	0
-0.4995891932312304	0	0	0	0
1.5791667428986074	0	0	0	0
-1.2243316371977215	0	0	0	0
-0.23116532016367586	0	0	0	0
0.6491945017664662	0	0	0	0
-0.5312719653885338	0	0	0	0
1.1032584684826148	0	0	0	0
-1.6027286742462081	0	0	0	0
1.3966855426137599	0	0	0	0
-2.280861600915273	0	0	0	0
3.1575734925197594	0	0	0	0
-2.214486874271934	0	0	0	0
0.2649936278390044	0	0	0	0
-0.5456565136091029	0	0	0	0
1.6492955881686981	0	0	0	0
-1.311883993076485	0	0	0	0
0.7389671107664526	0	0	0	0
-0.9687073997990865	0	0	0	0
0.4742062455669185	0	0	0	0
1.208257718963381	0	0	0	0
-1.8683299578565453	0	0	0	0
2.047021707509316	0	0	0	0
-2.478390145748918	0	0	0	0
1.9884268130344651	0	0	0	0
0.5063867442776768	0	0	0	0
-1.5763689246940658	0	0	0	0
1.4706293432545863	0	0	0	0
-2.3249269537775845	0	0	0	0
3.170195289584541	0	0	0	0
-2.03600569969354	0	0	0	0
1.3772282181839373	0	0	0	0
-2.218806531315238	0	0	0	0
1.5480101201712912	0	0	0	0
-0.12178959008823398	0	0	0	0
0.5158063764856777	0	0	0	0
-1.3447180487149453	0	0	0	0
1.4799336439974695	0	0	0	0
-1.7937450979204073	0	0	0	0
2.1654594955091113	0	0	0	0
-0.8425313288627905	0	0	0	0
-0.3747365776442422	0	0	0	0
-0.8497842071815356	0	0	0	0
2.828767689310176	0	0	0	0
-2.6496370972765533	0	0	0	0
1.5176929309391411	0	0	0	0
-1.1049637392974105	0	0	0	0
1.3063905336437642	0	0	0	0
-1.0899333606005115	0	0	0	0
-0.21467518730706558	0	0	0	0
2.118076844497061	0	0	0	0
-2.9043036435305964	0	0	0	0
2.3307786364081053	0	0	0	0
-2.334494722344104	0	0	0	0
0.8389966347724709	0	0	0	0
3.2540473035701183	0	0	0	0
-3.724086335765982	0	0	0	0
-0.19373567974449912	0	0	0	0
2.2738836694635296	0	0	0	0
-0.1200426093934297	0	0	0	0
-2.1494237541931795	0	0	0	0
1.2768884780722658	0	0	0	0
0.30492508509406235	0	0	0	0
1.6358516691488774	0	0	0	0
-4.539223035575738	0	0	0	0
4.381284574217382	0	0	0	0
-1.6601628202802843	0	0	0	0
0.674607424553173	0	0	0	0
-1.1425696124734728	0	0	0	0
0.3685022668931808	0	0	0	0
0.9885046987582484	0	0	0	0
-1.8400450895466278	0	0	0	0
1.7557242745887223	0	0	0	0
-0.05172216329515322	0	0	0	0
-1.8607491752428373	0	0	0	0
1.6244174370298055	0	0	0	0
-0.4993760997211396	0	0	0	0
0.052118845965594573	0	0	0	0
1.9180142870532322	0	0	0	0
-4.368182523643647	0	0	0	0
3.940967223492173	0	0	0	0
-2.4923523335324376	0	0	0	0
2.844248385098652	0	0	0	0
-2.5089971450691877	0	0	0	0
0.9140014344445717	0	0	0	0
-0.7460513801449622	0	0	0	0
1.880177343781881	0	0	0	0
-0.6094168585635984	0	0	0	0
-0.9153569264129544	0	0	0	0
-0.10276974588931864	0	0	0	0
1.9825698336953081	0	0	0	0
-2.298636300313383	0	0	0	0
2.7363385227502874	0	0	0	0
-3.130510398148239	0	0	0	0
2.318480369250196	0	0	0	0
-2.813430534945965	0	0	0	0
5.939887352594951	0	0	0	0
-7.119523371899703	0	0	0	0
4.399952233435947	0	0	0	0
-2.5361279130656698	0	0	0	0
2.7957016457088386	0	0	0	0
-2.6406893987707036	0	0	0	0
1.6268521415831358	0	0	0	0
-1.2357907026055912	0	0	0	0
0.5451540310772032	0	0	0	0
-0.029462575235072563	0	0	0	0
1.1793887078858774	0	0	0	0
-2.9156904818918576	0	0	0	0
2.2927169025678182	0	0	0	0
-0.2594522356480766	0	0	0	0
0.006993427871428537	0	0	0	0
0.291644441074709	0	0	0	0
-0.2849057753767781	0	0	0	0
-0.48063011122114574	0	0	0	0
