0.10735202338008065	-1.1088559442237909	3.403999310715207	-0.13453790376878771	16950.430379567857
-0.12252815472891854	-3.0278215779440814	10.741002942806745	-1.062645445429368	16950.444563538
-0.8102946677243636	2.540809692045606	-5.466109583897932	-5.742570150837523	16948.75547235346
1.3956789626151789	1.9871024956719623	-5.736635580769985	7.837320211048549	16951.168046530594
-1.491941647414869	2.6006720278308677	7.423882548793642	7.638675173821937	16945.674637323173
0.6399609033911062	0.020852227117323707	7.305951108098512	-3.4906972088818975	16964.54021997594
0.036291186534420206	-1.8166182057636675	2.4040141080411104	13.613567899926508	16992.851791612302
-0.49538358128219784	-2.426425702910606	2.5552318900941913	-9.582608627617802	16973.70254793566
0.7209233880704389	-1.2678968912926152	6.466100610467564	18.051278212831335	16948.66228079448
-0.6007930781139947	-3.41662041776938	-4.778193978447192	-17.665268540645968	16944.670973085977
0.192479201861957	3.6714547123540697	-7.884201019636876	-7.770064528529332	16919.607111558886
-1.1808092015077918	-1.0111984081752112	0.7898576973148863	3.027367964848054	16906.9655825625
2.231601171479113	0.8818699336307247	-7.8009965540840795	-7.758273793556683	16957.75310332163
-1.6340580780707725	-0.31890092091273203	1.6380181805536438	-2.715986568430054	16940.466504646647
0.9624112996841632	0.8674084016186612	2.5554350977796503	3.288125158706478	16932.377139100645
-0.6999570584440704	-0.6944879573935765	0.33892533568595695	-1.2554252490533742	16907.22026720409
0.03110267992854432	2.1321266709747277	9.342702896432755	-5.11874779320992	16899.553345508066
1.238552755005415	-1.4815383529140647	-8.68125419336647	14.498405070301558	16894.497427807142
-1.466502846804353	-1.9568851305835366	3.409156196813143	-5.2093461827780345	16905.53885981907
0.7555200647979561	5.145583125305137	-3.4006367282286902	-7.672109275825832	16896.182691093352
-0.8302980511070999	0.011442832922028856	0.35913765374137085	-9.332926727199947	16905.895736316306
1.0292965211718865	4.725960892157744	8.780146404051209	8.778079403057035	16904.8286884082
-0.5695343888930253	3.3972028197038924	-3.950617942941321	19.200936449492517	16888.662954853466
0.2310858312203834	6.3127690977413735	-3.6128744868046567	-22.59330555366492	16891.420792771063
0.1744144013894129	-4.510928953538077	-8.667641996356068	21.162747705385016	16923.293366490867
-0.08085830048437259	-0.5129633237383118	0.8471191312551412	3.1953587880896634	16890.135525863305
-0.6060603768334687	-0.0318713730806266	1.6867788551350031	-5.815196818412133	16849.56744555769
0.6828296167856465	-0.7054990917691413	-1.566669094693566	-4.397877955685232	16829.4856869202
0.38807799362910345	1.0880113755470617	1.8065565283957312	-4.950499403763843	16829.684148740223
0.6106531703190186	-5.667427812952425	3.3737053945612416	-0.0013479039646000501	16859.14156254089
0.10657472792949818	2.7520570241481934	1.9724263252107619	-3.0500221374046816	16868.675918419707
0.06044531582599433	-1.5962695347597204	-5.593904004668843	4.3169276832327625	16855.08809107816
-0.712704966639464	-1.794824430635373	2.865447953330303	-8.823235306491739	16875.95569204165
0.1456590286988444	5.4344429566859205	1.9402835240650802	0.603608310618597	16882.012379935062
-0.21801617064924983	-0.7002279335265698	1.0795983093694304	-11.130133686215913	16891.0818173024
1.3884522898076455	-1.8132967893578993	0.888727933345919	3.732269014873495	16933.11963900695
-1.8670992554121923	-2.8262067712806314	-0.518065254145128	10.01219309082282	16955.340632444524
1.2812397566547915	4.224725379107689	5.6694914999716275	-2.1835936883053932	16921.557466147417
-1.187328650113777	-1.7442152877899701	-3.4454523366562455	0	0
1.3804973757171268	-3.2049725098288775	-4.512563688356906	0	0
-1.0466076791024008	2.5413907072134663	-0.7521207111023216	0	0
-0.044207113591312464	2.0604075604843572	-4.390751464809483	0	0
0.6953772382838324	0.6380510066554166	0.5000860824440139	0	0
-0.8641207207870778	-8.11593134731018	-0.24680596565609392	0	0
1.5649513044331087	1.8953568483067613	4.074815760547324	0	0
-1.8290018831699015	-1.6055531597473802	3.1840494058621687	0	0
1.0178533635689675	2.0720058624789957	-10.382511663293855	0	0
-0.29793915814527594	1.038699785653975	-7.695724748007976	0	0
0.22593721907447417	-2.9956518387025355	-3.2868764128632932	0	0
-0.6199873477413647	-4.644563275486327	-1.6669244785522466	0	0
1.256939590000215	1.3221787151537043	6.147856611101503	0	0
-1.8139570049997076	2.059456865065762	-3.406310802824237	0	0
1.3764634295799496	-1.7401839352284085	5.179639546496048	0	0
-0.5557983203174928	0.6321239914933727	0.35505706895474987	0	0
0.5445524308401346	2.1430650722056015	-4.423073868289933	0	0
-0.8112483169078359	-0.8156379603114701	-2.6816583574167367	0	0
-0.041579484835061464	-5.27998384349533	-0.26290115779107737	0	0
1.4293198329066215	1.2167866003776808	-7.082092530400928	0	0
-1.7889974963820805	-3.538366304117318	-0.19362872709073997	0	0
1.3288189833811686	-1.693333336787589	2.4924027137883513	0	0
-0.5512128594880394	2.6285978938395402	1.7997806099534728	0	0
-0.20824604565114413	-0.7586038346434876	0.18822746174531346	0	0
0.3321226765164482	-4.103238618439008	-0.044731088878876335	0	0
0.5531520517223711	1.8448314243557888	-5.069097412832846	0	0
-0.25743114140309586	-3.099469320863953	1.651209887646715	0	0
-0.4173049688655439	3.681532657377822	8.274186402651551	0	0
0.261982484868426	-1.2540315735625072	-2.310512778663707	0	0
-0.07889795157795021	6.086561409260035	0.9138860996576312	0	0
0.2269816672331615	-2.07355588714303	-9.111696928075403	0	0
-0.2038721786504638	2.6291332069226456	1.6812801264091348	0	0
0.05286529059046785	2.5351004460702455	0	0	0
-0.32174136361968664	0.5798973973894448	0	0	0
1.1869006558442692	-2.779240450516987	0	0	0
-1.8401778250806373	-0.49746990609170894	0	0	0
1.9734614340817345	1.7397392081464744	0	0	0
-1.6661551685065064	-3.2529110781001336	0	0	0
0.8707327338450881	3.076677859529269	0	0	0
0.21307584134869728	0.6463970570560136	0	0	0
-0.5774921851224377	-5.358996892958807	0	0	0
-0.6240699738674138	3.3428186966145788	0	0	0
1.4285529842079185	-1.3083432313397054	0	0	0
-1.7998734675953756	0.9965583506205746	0	0	0
2.563574954491628	-1.571050294049904	0	0	0
-2.1369264108144606	2.2393830137494177	0	0	0
0.31961752307714164	-3.652167108470181	0	0	0
0.5724658596564964	1.693939310719479	0	0	0
-0.5452403887359765	0.40292463006181833	0	0	0
0.7117386074738761	-4.270738584696588	0	0	0
-1.0876069011722578	14.177044873861178	0	0	0
0.4687247914338002	-0.6414163628943115	0	0	0
0.2756200110715241	-2.6634128379068684	0	0	0
-0.1050585514238378	-1.6189516029453372	0	0	0
0.33808239668697837	1.8744433241905583	0	0	0
-1.0689362119171122	-0.5482109878578711	0	0	0
1.228030352500049	3.577735787130152	0	0	0
-1.099622321436506	1.5211156755247046	0	0	0
0.4219398806404584	-0.5772425665640952	0	0	0
0.5486477331648061	-3.279606864148512	0	0	0
-1.067244305034471	1.5834582320511643	0	0	0
0.08674238556830716	-2.329987438391278	0	0	0
1.179235673925767	-2.1524397351099225	0	0	0
-1.2203118415453247	2.3454181292404215	0	0	0
0.8785513420850961	-2.380076317131369	0	0	0
-0.10260558980875345	2.1226970322767613	0	0	0
-0.6700405673422765	5.26014551445099	0	0	0
1.0138610466583202	0.24568993883851675	0	0	0
-0.13517176708125334	0.4709345618626415	0	0	0
-1.0229847416324205	6.444340707769221	0	0	0
1.4702199546557253	-8.2156284175638	0	0	0
-1.3225462775497405	5.744657252237502	0	0	0
0.6061499625843183	-1.3313798441029974	0	0	0
0.33764101362156396	-3.870136160666796	0	0	0
0.10088108270668528	-2.501579707468636	0	0	0
-1.401551227126447	4.6813973876735915	0	0	0
1.7926199165900982	-0.5227534900608077	0	0	0
-1.739794330655549	-1.0137313404784862	0	0	0
1.3532879814615981	-0.539562724297177	0	0	0
-1.110719528366495	-2.127622239828682	0	0	0
0.6075258564439565	0.1293854097482452	0	0	0
-0.3927187436228863	0.9719406581949741	0	0	0
1.0248617575933494	0.6308492953821982	0	0	0
-1.5427170958136713	0.3526654907467943	0	0	0
1.0619720690847743	-0.1881629236703546	0	0	0
-0.9576049262693047	1.5921434667911996	0	0	0
0.9249860244258485	-3.4360669144932885	0	0	0
-0.15067774037530057	2.71121852104843	0	0	0
-0.7588746062091616	0.9760952337868218	0	0	0
0.8741211215215685	1.5139542548315674	0	0	0
-0.7759614231004832	4.827498072451846	0	0	0
0.9480821036451132	-0.9275492051892016	0	0	0
-1.3886485799185024	-0.07795393525301364	0	0	0
1.4919132984411974	-5.2531340225647085	0	0	0
-1.115566561673198	-0.6937227788233002	0	0	0
0.19675374483117025	0	0	0	0
0.13060685990657817	0	0	0	0
0.5175932224262425	0	0	0	0
-0.7903273575455643	0	0	0	0
-0.35258718385361476	0	0	0	0
1.3275987254133952	0	0	0	0
-1.7173479136732865	0	0	0	0
1.708522256090042	0	0	0	0
-1.0083004825130573	0	0	0	0
-0.4281027961602888	0	0	0	0
1.2822129354438587	0	0	0	0
-0.9690734395258858	0	0	0	0
0.4274111837403325	0	0	0	0
-0.04845692189230988	0	0	0	0
-0.30691036940620364	0	0	0	0
-0.05922483017813818	0	0	0	0
0.8185833413354686	0	0	0	0
-0.6679303245114525	0	0	0	0
-0.09867647555452663	0	0	0	0
0.32029187206493503	0	0	0	0
-0.18432795275774794	0	0	0	0
-0.6260003069800533	0	0	0	0
1.4440552956974884	0	0	0	0
-1.7261090686836056	0	0	0	0
0.7485219137355799	0	0	0	0
0.8426847502574972	0	0	0	0
-1.2804278873937989	0	0	0	0
1.18756631790243	0	0	0	0
-1.4243221349171833	0	0	0	0
0.898930859897888	0	0	0	0
0.25326521336670993	0	0	0	0
-0.3191865676111192	0	0	0	0
-0.2468442473935184	0	0	0	0
0.10793645191190393	0	0	0	0
0.30004164045510606	0	0	0	0
0.1574667339550615	0	0	0	0
-0.9665814749779216	0	0	0	0
1.3127295164282557	0	0	0	0
-1.368129068576451	0	0	0	0
0.44921777483219927	0	0	0	0
1.2153473840855042	0	0	0	0
-1.2589919450089866	0	0	0	0
-0.49650722510334333	0	0	0	0
1.4775581538777445	0	0	0	0
-1.6570451510202133	0	0	0	0
1.6956024549698157	0	0	0	0
-1.245847488606394	0	0	0	0
-0.19864140749291437	0	0	0	0
0.3439783877855618	0	0	0	0
0.6774164415345894	0	0	0	0
-0.5314388073731564	0	0	0	0
-0.7397057419570174	0	0	0	0
0.7980580380033189	0	0	0	0
0.07379396038103891	0	0	0	0
-0.12468179509097155	0	0	0	0
0.2895618496932215	0	0	0	0
-1.0781369859510832	0	0	0	0
1.6223688371410177	0	0	0	0
-1.225851931159852	0	0	0	0
1.0671678528672857	0	0	0	0
-0.79628237000707	0	0	0	0
0.5322514616158216	0	0	0	0
-0.5879717693076572	0	0	0	0
0.5962438447845813	0	0	0	0
0.07487892037832466	0	0	0	0
-0.9804468584860118	0	0	0	0
0.6633126647666572	0	0	0	0
0.5846826708898689	0	0	0	0
-1.007612316126675	0	0	0	0
0.6285148761837078	0	0	0	0
-0.3871197084260416	0	0	0	0
0.026755337708607385	0	0	0	0
0.2974562568840611	0	0	0	0
0.6090971941889478	0	0	0	0
-1.6127751021348544	0	0	0	0
1.5181517745053483	0	0	0	0
-0.8310901642022586	0	0	0	0
0.12807025409544792	0	0	0	0
0.5195836152465532	0	0	0	0
-0.09937722900465218	0	0	0	0
-1.3105744787563722	0	0	0	0
1.263585300509682	0	0	0	0
0.18362596041055212	0	0	0	0
-0.3640614685452519	0	0	0	0
-1.3274217804159676	0	0	0	0
2.3678063449971987	0	0	0	0
-2.020746496773846	0	0	0	0
1.4160451565813332	0	0	0	0
-0.726540516939636	0	0	0	0
-0.16352087729846687	0	0	0	0
0.7036261530477361	0	0	0	0
0.1334860070771242	0	0	0	0
-1.3823126591309887	0	0	0	0
2.0928102465261276	0	0	0	0
-2.5788870688593875	0	0	0	0
2.539518960862594	0	0	0	0
-1.7854185402952822	0	0	0	0
1.5014121703803696	0	0	0	0
-1.5160124839029834	0	0	0	0
0.9871119838721683	0	0	0	0
-0.5570321669492344	0	0	0	0
0.633503123426344	0	0	0	0
-0.9921173312640263	0	0	0	0
0.8026974754885075	0	0	0	0
-0.7568053832216037	0	0	0	0
0.30955772522961666	0	0	0	0
0.4683984297490156	0	0	0	0
-0.8903950595232786	0	0	0	0
0.8553470130298493	0	0	0	0
-0.6791859485214147	0	0	0	0
0.5296922898370156	0	0	0	0
0.1076527546926016	0	0	0	0
-1.250937891095802	0	0	0	0
0.7491190589542498	0	0	0	0
0.2473066594961466	0	0	0	0
-0.8474154565359413	0	0	0	0
0.7565473229960347	0	0	0	0
-0.9054630356915965	0	0	0	0
0.7376173560409072	0	0	0	0
-0.5087309780041309	0	0	0	0
1.1682260123184278	0	0	0	0
-1.1293390310856353	0	0	0	0
0.5897353625766755	0	0	0	0
0.20016595097705903	0	0	0	0
-0.48812250149410374	0	0	0	0
0.8788771588096793	0	0	0	0
