0.17639493715365973	1.2671533369946033	1.6612619128208337	-0.49366005308991134	16889.05757533223
-0.8472555592715594	4.656142029551198	5.279093065839788	-1.7762759963630543	16888.410716750874
0.6458260927839703	4.867105088255869	-0.9682200223528241	-5.414304397319228	16887.43408285513
-0.565584459618286	3.338051484345236	6.871734996447628	-19.836300525290937	16888.279231337678
0.6950138858995487	3.809022995293354	-14.664653155922721	9.505064401521935	16890.304079119454
-0.5208467703494861	2.4513285674270193	-1.5254361084578818	-10.91538661960702	16881.397392460094
0.4718495781278378	3.5381285627653867	-5.421991568831373	4.410212729904899	16878.128485943158
-1.5993542293925742	-5.3367024009094095	3.1744920132402683	-8.36940573726531	16848.60807522059
2.331066686680529	1.8867531743489536	0.17408678308538583	-12.381479697610871	16836.00546781949
-3.3124138072651945	1.3845618057183344	-5.631646037685641	0.4213014716685137	16844.01532590928
3.674232540304061	4.258144635954714	0.37337054446525997	-4.808137290093853	16845.126330402112
-2.1520837598681766	-0.06780671708425956	-2.6597266895505527	-4.635018644110048	16865.974329926386
-0.843056114606739	5.94166885824243	-1.6749935201526398	5.856452347416706	16877.286493093823
2.393003221943573	-2.989911879837422	5.506879546947403	3.9451660058707603	16878.05933894156
-2.610262820397139	2.9609730811634947	2.710333606452892	14.818701482765917	16882.792021227695
2.4542170481655745	-10.02533251118048	7.411204943123408	-3.4615302640598884	16883.92897437452
-2.9728805473964925	2.987419090403982	2.152727182817358	8.390634703066013	16883.48701970115
2.6608498167882644	0.9519094321427133	-1.0039695356387313	0.2826983236636238	16884.1977530395
-1.9081876901460504	1.269932562534585	-3.76038907635386	-2.998628959035017	16897.921623368416
2.1515421250490476	-1.3987299771775668	7.262954016085914	2.1441980886936847	16865.726362680998
-2.7184799989317128	1.8164971404882166	6.220383042721906	2.921697113193545	16861.42344720457
3.0314561696689495	6.6471701194071215	6.087570214489347	6.821114931945772	16861.804199219005
-1.9157857370383766	-9.606961267677733	9.377822028869176	-9.953712919589549	16883.595777818755
0.2741544857388476	2.7488902255837075	6.714450685310823	10.076930436642527	16894.129185258542
0.46785227475385227	-2.254372798192307	-0.299334156745914	7.681993025142546	16870.953607937525
-0.5533851137453354	-2.761820309671883	-5.312341362099957	-6.8593497637634755	16889.417778018105
1.751780342019714	11.259896791221657	-3.8409345952778864	-7.735358200987875	16896.59116280707
-2.8635105839519213	2.9454545476231573	-9.279953457928883	-1.337743778679922	16882.5158944575
2.5063544527527597	-6.47533128571142	7.23947628654507	-9.267748965437335	16880.901931339537
-1.7013142482314336	-5.2276975660493505	3.3330472521245866	-7.621778835246488	16866.9172618105
1.4222747787550745	13.093884992569087	4.312808876177058	1.0639856123880378	16856.16923348642
-1.3483912861306209	3.4670234256589936	-2.7088832193887384	-11.79990857760852	16864.473100501487
1.7885829734036278	-1.2396502731307777	-6.101429617437333	-3.6873973956932247	16869.146700023222
-2.1969993802868544	-7.20300965887791	0.7015165823846843	-4.418674262994202	16884.36056194333
2.180372370014652	1.5969195259999225	-0.6808751441060679	-6.017532972019538	16877.971921160133
-1.3152191535784539	-4.255546788503345	5.928993255728287	2.536263570164664	16875.350381881406
-0.17462036398160308	-3.01539604221594	-0.7169447182457986	7.028546309074599	16849.378581164714
1.3599886795384535	2.5895809431387065	1.903990871301957	2.790528683668825	16815.06340158122
-2.2598993570564616	-0.6206299457959972	12.311010919768151	0	0
2.076988104116026	-3.8469030262213977	16.861816798304417	0	0
-0.7067203872300212	-5.2708573067379305	-3.2612852413132174	0	0
-0.6438937583379811	2.7697022209705793	5.23157157275007	0	0
0.9123721724298619	4.309325257239742	11.94369850141156	0	0
-0.3772635362638326	6.258040337953851	11.854139257488654	0	0
0.7614700153531402	-2.0362135217429866	2.390272183352238	0	0
-1.1526488107946022	2.447434296618198	10.437579183681038	0	0
0.29321400953570986	-0.4774360413421306	6.0794753686002	0	0
1.9163640348652677	2.2495760014266963	-0.2685204793041578	0	0
-4.9674354154058165	-5.80041520179347	3.963509675767739	0	0
7.323922839867777	7.363893215071883	-2.910965036136105	0	0
-6.312642750984601	2.5741783543869516	-8.689064805085337	0	0
2.6334835844759326	1.4168214411071176	2.7949844184049795	0	0
0.9821979543642883	-1.909725573937017	-1.9205536938866743	0	0
-2.21123631855761	3.0700182612766085	-6.760853346423403	0	0
0.9922163572037803	-2.2161620366347563	0.9260903526805038	0	0
0.9618409968401096	-0.23720177396319997	-7.870079033209279	0	0
-2.3611364217394453	-3.8298362489467266	-3.9016745594212097	0	0
3.2405195104312554	4.936971709589315	10.418988886867751	0	0
-2.3271318833411243	-9.246404773765093	-1.0209129464270603	0	0
-0.2191302427505235	8.020340438290752	8.407250910895257	0	0
2.0849339283376125	2.2440637344547696	0.8004202695538254	0	0
-3.1385839335440693	-1.7332018372186866	5.6662305330452085	0	0
3.8834888652205706	-2.4539253555499414	10.889179251425162	0	0
-3.8297176003316693	-3.186652372549098	4.174393840690897	0	0
3.1248125376170037	-13.146032498177782	2.629984710445484	0	0
-2.3918482205113776	-6.424206923278035	3.132356977358853	0	0
2.2851978610559556	-0.21017814983535033	-0.12661409750482733	0	0
-1.7941774179989167	7.654337440879161	-0.5166651193681986	0	0
0.5521894415086948	1.7215910400546548	-3.597112829525159	0	0
1.6325004005340418	2.0807435036248734	-3.7010233230556224	0	0
-3.1924382581816815	5.60444029176837	0	0	0
2.8089730478217234	-8.567830047206527	0	0	0
-0.8279059634756365	-3.1331750338270083	0	0	0
-0.7513442764277514	-3.014346849593437	0	0	0
1.6600596243563785	0.7425988230779552	0	0	0
-2.788578076837588	9.722909148785455	0	0	0
3.27828354816193	2.0394370930748096	0	0	0
-2.208694728606112	3.607006963731976	0	0	0
0.3130981822600276	6.80189775777653	0	0	0
0.6952609929924876	-0.7531888628868657	0	0	0
-1.0411052475563594	1.327739615565605	0	0	0
1.6186433796331627	5.818548457602404	0	0	0
-2.29806241773732	-9.274769549302789	0	0	0
1.5252828910192022	3.911238000156658	0	0	0
0.11612267285296696	2.3804485907861803	0	0	0
-0.45565472710029553	0.5614670376800035	0	0	0
-0.15248819563693417	2.0563194980381	0	0	0
-0.1471705884976373	4.166648466128564	0	0	0
1.4622048498133395	-0.1726570821654434	0	0	0
-2.377373838265086	-2.96157123116798	0	0	0
2.114538377677043	2.5010618565654497	0	0	0
-1.2136388795628648	4.760716971924005	0	0	0
0.3266419787361343	-3.784302756036986	0	0	0
0.5148967336565846	6.248246048228076	0	0	0
-0.9855723917827248	-6.524235209352547	0	0	0
0.9044538861023739	5.802951751450863	0	0	0
0.6744085154466077	-6.363092949628019	0	0	0
-3.0344700682846977	1.6990381617452925	0	0	0
4.280587223129324	-1.141807619602936	0	0	0
-3.0604921342509783	6.762742832555148	0	0	0
1.1802897423101868	-1.6885176428442605	0	0	0
-0.4806660620679395	-3.254252971331539	0	0	0
0.6060566961344236	3.388199488040293	0	0	0
-0.8393775786243012	1.138794694178479	0	0	0
1.4714417779354036	-9.329686448357016	0	0	0
-1.9640067958629643	-0.07375646703300731	0	0	0
1.2379094856055204	8.192230401316955	0	0	0
0.16949827249287353	-2.3355387780640555	0	0	0
-0.7449063556726543	0.7001076883673889	0	0	0
0.7779344521369609	2.2884958438592733	0	0	0
-0.22567021704744405	-4.614190520947346	0	0	0
-1.5409216311979748	-10.913789209597084	0	0	0
4.8616343410264236	-0.2864780425103888	0	0	0
-6.656292038538005	-1.6071450560471163	0	0	0
5.756988699312444	4.530106182867726	0	0	0
-4.665865918635518	-1.440454416081323	0	0	0
4.437433748303924	-1.0330289803944908	0	0	0
-4.009270385250744	-3.6610761848676034	0	0	0
2.9330280441454732	-2.8791566259822474	0	0	0
-0.7648019331639944	-2.2207852694263295	0	0	0
-1.3528910556361708	10.227786242468774	0	0	0
1.839178327188911	1.6684285093017692	0	0	0
-1.1245407437567039	-11.27239068533573	0	0	0
0.14204775107947398	-1.8835898551306016	0	0	0
0.932871478950652	-1.1786907968924396	0	0	0
-1.7891526600388161	-2.3998921464403935	0	0	0
0.98579934986018	3.712665556845252	0	0	0
0.5020716699936614	-1.9289818073493166	0	0	0
-1.6204438510101298	-4.264823731775458	0	0	0
1.966616171540693	-0.24347848613549417	0	0	0
-1.633281967653474	1.9603327581467482	0	0	0
1.538177350930063	4.279470806230627	0	0	0
-1.0040216696781386	-1.2698115131517724	0	0	0
0.24673845889174828	0	0	0	0
-0.016706110897487747	0	0	0	0
-0.6416429240275008	0	0	0	0
0.6500727407375706	0	0	0	0
-0.5733941843502421	0	0	0	0
1.7027457707387086	0	0	0	0
-3.3001726893620713	0	0	0	0
3.974520481852153	0	0	0	0
-3.4808869981554196	0	0	0	0
1.918120338800641	0	0	0	0
-0.8901535055617487	0	0	0	0
0.6976307632869592	0	0	0	0
-0.2998020457558326	0	0	0	0
-0.33932094087883513	0	0	0	0
-0.943913670265907	0	0	0	0
3.3971846147001585	0	0	0	0
-3.6718935083218156	0	0	0	0
3.718308306640729	0	0	0	0
-4.579826094610432	0	0	0	0
4.374161184890802	0	0	0	0
-2.2562810391574004	0	0	0	0
-0.0730025044779623	0	0	0	0
1.0657417384192271	0	0	0	0
-1.2420757433911263	0	0	0	0
1.4791691983442377	0	0	0	0
-1.94222703137266	0	0	0	0
1.7800043019099405	0	0	0	0
0.06335174974415736	0	0	0	0
-1.0548732164104706	0	0	0	0
0.9334261534994255	0	0	0	0
-1.9169855328943868	0	0	0	0
3.4003530517644336	0	0	0	0
-2.9569716496119227	0	0	0	0
1.1871953819359575	0	0	0	0
0.5190621141882161	0	0	0	0
-1.4595104024226728	0	0	0	0
2.639874344067927	0	0	0	0
-3.345904760094875	0	0	0	0
2.326155770300659	0	0	0	0
-0.6040495721956987	0	0	0	0
0.2665730783931579	0	0	0	0
-0.28668783696763	0	0	0	0
-0.18239750579221692	0	0	0	0
0.7613801560661457	0	0	0	0
-0.033849579680762076	0	0	0	0
-0.36959465758304333	0	0	0	0
-0.9240672553477225	0	0	0	0
2.1303359273476943	0	0	0	0
-1.3411358208229203	0	0	0	0
-1.350206286789792	0	0	0	0
3.7242493269457313	0	0	0	0
-4.003375555115582	0	0	0	0
3.091116449100163	0	0	0	0
-2.919572913038749	0	0	0	0
2.9274342578985326	0	0	0	0
-1.8070895759148584	0	0	0	0
0.016915129546404728	0	0	0	0
1.188209363711188	0	0	0	0
-1.9855364446730022	0	0	0	0
3.7068967350202016	0	0	0	0
-5.8161599741864904	0	0	0	0
6.795364635399608	0	0	0	0
-5.685801331701299	0	0	0	0
4.46267702910351	0	0	0	0
-4.027108280987491	0	0	0	0
3.6388564298991497	0	0	0	0
-3.1563763415820603	0	0	0	0
2.6367659769780474	0	0	0	0
-1.6683067976716615	0	0	0	0
0.5218628146331028	0	0	0	0
0.7964237672067469	0	0	0	0
-1.5285054035251022	0	0	0	0
1.1930329349126865	0	0	0	0
-0.75040268763847	0	0	0	0
1.168196905581297	0	0	0	0
-1.726022114560152	0	0	0	0
1.5204870498000886	0	0	0	0
-0.03544390493296845	0	0	0	0
-0.7594558603228023	0	0	0	0
0.15876519898080943	0	0	0	0
0.23993266896859922	0	0	0	0
-0.18621116853680775	0	0	0	0
-0.35931950634670784	0	0	0	0
1.405291896220561	0	0	0	0
-3.0501431231701304	0	0	0	0
4.504013621973144	0	0	0	0
-4.085806153303459	0	0	0	0
2.5425649248477384	0	0	0	0
-0.8485857885428985	0	0	0	0
-0.9122764317651004	0	0	0	0
1.2026921255636864	0	0	0	0
-1.3404709626506843	0	0	0	0
1.765762531411326	0	0	0	0
-1.2245714272644221	0	0	0	0
-0.3445029240884736	0	0	0	0
1.7075386583683851	0	0	0	0
-1.5151147317410008	0	0	0	0
0.7695707848600932	0	0	0	0
-0.8692297439540013	0	0	0	0
1.0762135805072361	0	0	0	0
-1.068753234197473	0	0	0	0
1.2399745570515393	0	0	0	0
-1.6593114747295061	0	0	0	0
1.5585091405590816	0	0	0	0
-0.9437115555035334	0	0	0	0
0.7480039608205686	0	0	0	0
-1.4339527788489903	0	0	0	0
2.0973252448516106	0	0	0	0
-0.9754157358474842	0	0	0	0
-0.6958314881655312	0	0	0	0
0.7958068948276917	0	0	0	0
0.5526468029386322	0	0	0	0
-1.616014093630966	0	0	0	0
1.8907000964335765	0	0	0	0
-1.9909514683159628	0	0	0	0
1.3083051133170756	0	0	0	0
0.19419118660501056	0	0	0	0
-1.5255905957425142	0	0	0	0
1.9082155205352223	0	0	0	0
-2.11058171560137	0	0	0	0
2.696360640428388	0	0	0	0
-2.745945570725702	0	0	0	0
0.45793026043773466	0	0	0	0
-0.24125425948285084	0	0	0	0
0.8789730470511401	0	0	0	0
1.2884338095309644	0	0	0	0
