0.05256882739217872	0.4321294035541925	-0.09017111453584903	-0.05619196669357507	16897.048856381243
-0.44102209850082374	1.4602082599486081	-0.3292010353559789	-0.18462600921607475	16896.967441167522
-0.6325238512314968	0.21138965930371256	-0.40112913028865194	0.3255841734959688	16897.19660500398
1.3334352199217676	0.7804380781268208	-0.8776273177099654	1.1657340774177243	16896.98834829153
-1.2153601467619808	0.7050729234584736	1.9238268099538374	2.8592195469128256	16897.118031564936
0.767664447580465	2.094842076328206	0.5100567550175015	-2.684631827970108	16896.366702861873
-0.7822943667293742	-0.24992997325438893	2.4294116718871948	0.8009770767537674	16894.601953600722
0.8920409651565393	-1.40781312341403	0.07688897951771878	2.5594992088532678	16889.014806980802
-0.5134575635009213	0.09160656642769283	-3.535862227505561	-1.9540256942420058	16894.592290039323
0.15770713604916864	1.4718406697472517	-1.5576476032447175	0.9394919942781002	16895.622893321375
0.24191499552805595	-1.1235321898347976	-1.1318990266186262	1.665557143428913	16896.304731419055
-0.8883150459321953	1.0720144751634066	-1.2353896820118848	-5.0098016472728375	16898.615182532474
1.0181124944312856	1.169178506698934	-1.6716314065013762	1.5525510292233662	16904.8538337129
-0.21425927608586903	2.239308137578014	-1.0588702804644612	-5.015593217948236	16900.29569992937
-0.3940763361875952	-2.7941225927763185	-2.271349286908361	-1.7605372385184808	16901.624373212926
0.1321828514656218	0.11083562950575043	-2.9269631534372564	3.9104917118602742	16903.713211864077
0.2103421237864751	-3.5387302853019733	-0.12019190834534754	-1.156346633783528	16893.94895902947
-0.12042113641807362	1.2763412912236305	-0.3552715304255969	4.809908996721077	16903.920516081762
-0.23958693347379523	1.5964429256023038	3.892083991283343	7.613703748429614	16904.622403725058
0.5230168176164725	1.3743781209471209	3.432618632171227	-1.7053009192631663	16895.91985310357
-0.9346915764506889	-0.38851880254168947	1.9982906775839666	-0.5024348186638861	16883.56889060682
1.2062641208066012	1.145745800532893	-1.4471134936398045	-1.8956121215019976	16898.95404641414
-0.9624856603033152	-2.0595064026273064	-1.5510609030924485	-4.1984661988316105	16909.19576263778
0.911804688265569	-1.3738253707027468	1.4320888669755476	15.367797628885668	16908.305622657055
-0.24948957972105745	2.6159854909429896	2.9094441376402926	-25.48359988191261	16888.392888615934
-0.9601910594327592	-1.0595622037979027	1.418974943632989	3.2926376084824227	16933.882147986766
1.9197548494311718	1.8178853935919648	4.217851402604978	-0.7841986680574564	16907.81825660375
-1.4181162034981867	-1.515579910711729	-0.9755924662364066	0.8840693089969136	16875.755168052685
0.8386722319894844	-1.2868775665608467	4.688667599082592	0.9438430897670145	16881.496683767444
-0.5896313992362465	-2.363279787369727	0.9728422256993525	0.09732386410375682	16882.798972688135
-0.3575220432128958	2.2801710774477826	0.2805581881596737	-1.2495286916697097	16888.311144193307
1.418238095447677	-2.6168020547977164	-2.4643477953213733	-0.11553479090153473	16889.858116681942
-1.6618013233325541	0.49167772248932806	3.143604060560037	-0.39775074126275456	16890.26934235358
1.2304261588721772	-2.209809816922636	-1.0501152392959483	3.427297133315122	16893.3458855126
-1.1455779027575375	0.8115894796482053	-1.9976049644371443	3.5715044367442346	16898.477809520286
0.7955706152991056	-2.5613554748541816	1.369753746468163	-1.2219645658792189	16898.646630932453
-0.00017792855823017817	2.482302350069233	0.9146496024642516	-4.566190640373279	16901.182868573676
-0.3305670034860313	0.019820048635416754	-1.5829224845584662	-1.398283213144083	16917.07263442919
0.32552856237876426	0.7384193171816591	-4.239917833182147	0	0
-0.29603698277769297	0.275804350154246	-4.503377062843384	0	0
0.15763991941607003	5.287501449962804	2.121873720939149	0	0
-0.5342479553978805	-0.9200654273608464	-7.391897054645611	0	0
0.8086806112139584	0.4712378926292047	-6.7234234211281745	0	0
-0.7951263314894348	-1.792042295623034	-0.2581952846894495	0	0
-0.19728101876395954	-1.7304430842405552	-4.886122761611546	0	0
1.0625899765043272	-2.147029443900365	6.326807220595754	0	0
-0.9005145876735767	2.4826372938957277	19.13561081260349	0	0
0.7090011996831649	1.2710088898142402	-5.798806040676496	0	0
-0.8584012812699484	2.097456561371672	-0.6460229341760453	0	0
0.6193388939770159	-3.224271164575967	3.952931399297924	0	0
0.15779194008002406	0.76219744472413	-0.38707008748905025	0	0
-0.17030855605813855	-1.3541162840720133	-3.838925133328061	0	0
-0.5811354196227967	-0.9447254645018859	-1.1771740918166813	0	0
0.7885854333224103	1.1566098696598388	-1.4967775086434045	0	0
-0.9602096969925284	-0.6729030854135019	0.35343215194110655	0	0
1.7455581166504217	-1.3138077596214757	-0.5852517983183532	0	0
-2.0638291253627017	2.3668570759996754	3.554122673458366	0	0
1.4739497409506939	-2.582837192650956	3.641333675168667	0	0
-0.5941251887995591	-0.8216514381769855	-0.5676848252638393	0	0
-0.11827246654350176	1.3374114973273876	1.014274218901079	0	0
0.5310846013338377	0.1510777230950282	0.505647593309817	0	0
-0.473581282419012	2.8738021497274673	0.7131222760010303	0	0
0.2933056479706764	0.9978794521251686	-0.07133577866564167	0	0
-0.5855584755618324	1.1127257624606983	0.27700679429521813	0	0
0.6162463567541678	3.4013222029964894	-0.015481406647225526	0	0
0.16134146298750807	-1.0033481435324347	-1.9021335972726519	0	0
-0.36991137462466384	-3.0260930360452534	0.37748557241485514	0	0
-0.058772950821705194	1.800297071614878	0.0009517341363505238	0	0
0.31694297151006623	-3.7696669557272813	1.8210782545840516	0	0
0.4825869423722935	1.4853121699137546	-0.29470690108624353	0	0
-0.8597687650324062	-1.659188087704237	0	0	0
0.3650251896951957	2.1077264805320866	0	0	0
-0.4073017340829068	-1.873404610473095	0	0	0
0.9603946998878641	1.684960000140805	0	0	0
-0.7519735630341273	0.264557629635334	0	0	0
0.24646601750554709	-0.05821722029275378	0	0	0
0.03500120250304661	-1.9330986249533595	0	0	0
-0.42713593629214586	0.5909712023223435	0	0	0
1.1357732765820003	4.405953504456434	0	0	0
-1.163080589704471	-2.357964105367131	0	0	0
0.4913521840626984	1.6572423350764893	0	0	0
-0.166476345065945	-2.385032930898504	0	0	0
-0.08748568274784674	-0.06305586652453599	0	0	0
0.3253769145494587	-1.3541490579521636	0	0	0
-0.10308344554697868	3.458965951350244	0	0	0
-0.2224552924053782	-2.6785173818095416	0	0	0
-0.048263897309361425	1.152082966480748	0	0	0
0.5348468387048229	-1.123574442407957	0	0	0
-0.7198292417267069	5.37914696629948	0	0	0
1.3222251986527382	20.099097760765275	0	0	0
-1.3495175710299847	-1.6459836757920954	0	0	0
0.7972760354450656	1.4426799613708354	0	0	0
-0.027900298302014903	-1.1660879560076296	0	0	0
0.39305610957494963	0.8002142450505545	0	0	0
-0.6810348614862178	-1.2439655100166576	0	0	0
0.32400196729389563	-3.50328548659094	0	0	0
-0.5243433468260079	2.5675869252781496	0	0	0
1.5828157340534759	-1.4342281243402581	0	0	0
-1.6952935097779047	2.2647114649835416	0	0	0
1.029897692177336	-0.9524456805766945	0	0	0
-0.6817616987644968	0.24693656864164382	0	0	0
0.6687889885863427	-1.0765130565734324	0	0	0
-0.5398438725525807	2.345449794590813	0	0	0
0.5357203640140966	-3.6469490611660476	0	0	0
-0.24568975535922988	3.7397774816559988	0	0	0
-0.25415342309090505	-1.7490459055591643	0	0	0
0.7112671545745499	0.91361312688705	0	0	0
-0.7476168867382995	-2.7587413307769637	0	0	0
0.33170829433771587	-0.33014987944829244	0	0	0
0.1187094081370006	1.0697495665190644	0	0	0
-0.3372081544968708	-1.124252588571899	0	0	0
0.0323626956900398	1.0381706499516667	0	0	0
0.4373761600178341	1.0655772183455454	0	0	0
-0.6738510148802064	0.5397666350411825	0	0	0
0.012798139414719856	0.5820141646358721	0	0	0
0.3056094685677877	1.0252174672058416	0	0	0
-0.4303235817180422	-2.868640109304721	0	0	0
0.5973229003614833	1.0955453374789883	0	0	0
-1.078875198821578	-1.8372814248707314	0	0	0
1.368822035547808	1.003632773618044	0	0	0
-1.181960456628616	-1.7319615762110487	0	0	0
0.8533498878812651	-0.036358645210540885	0	0	0
-0.8254002864095114	-3.6087350460163066	0	0	0
0.08411092093625427	2.964797601105353	0	0	0
-0.006383476411393474	1.6738676726854962	0	0	0
0.3702272615366695	0.8339059182305704	0	0	0
0.2828423405482354	-1.7348538860139868	0	0	0
-1.2108118173065066	-0.23211040160537522	0	0	0
1.3261671604144993	-0.7491206564968778	0	0	0
-1.6493205201834797	0.2091648611708692	0	0	0
1.3533635763662701	-0.20909773982141644	0	0	0
-0.6866047595218632	0.9763982880095199	0	0	0
0.352044818973539	0.7175108420760878	0	0	0
-0.7818495056416381	0	0	0	0
0.776796513557322	0	0	0	0
-0.3698913832592581	0	0	0	0
0.4143916092857083	0	0	0	0
-0.4607048415939943	0	0	0	0
-0.22592519944607403	0	0	0	0
1.0143131233664633	0	0	0	0
-0.8050332024883176	0	0	0	0
0.24039658304905487	0	0	0	0
-0.441871094160021	0	0	0	0
0.7483312919542868	0	0	0	0
-0.5108642529484229	0	0	0	0
0.026051664124231877	0	0	0	0
0.2025149758362943	0	0	0	0
-0.11294880395486473	0	0	0	0
0.016197143486941457	0	0	0	0
-0.29574323770610533	0	0	0	0
0.803311104143468	0	0	0	0
-0.6648219598660674	0	0	0	0
-0.47661466487803494	0	0	0	0
1.2074095116239576	0	0	0	0
-0.9398180503379194	0	0	0	0
0.42423587599539303	0	0	0	0
-0.8413210275247351	0	0	0	0
0.7749368326859027	0	0	0	0
-0.04648300079097112	0	0	0	0
0.23027410814579952	0	0	0	0
-1.3825244632181253	0	0	0	0
1.5338373964671916	0	0	0	0
-1.1816102983619814	0	0	0	0
1.460867119350766	0	0	0	0
-1.5388236078792303	0	0	0	0
0.12886355355845325	0	0	0	0
1.3247840227789993	0	0	0	0
-1.668773850500095	0	0	0	0
1.1484263359455298	0	0	0	0
-0.4350017607478449	0	0	0	0
0.05701156896000015	0	0	0	0
-0.49913481239230606	0	0	0	0
1.0483170867833635	0	0	0	0
0.5095318319324704	0	0	0	0
-3.119049042679457	0	0	0	0
4.212982086817149	0	0	0	0
-2.5822949905488315	0	0	0	0
1.2894177855197597	0	0	0	0
-0.9783928212586872	0	0	0	0
-0.0872044228204345	0	0	0	0
1.1092319532607533	0	0	0	0
-1.0377221749868966	0	0	0	0
1.1341494214314167	0	0	0	0
-0.8745616447856364	0	0	0	0
0.6302612875224085	0	0	0	0
-0.6963307539167545	0	0	0	0
1.3032541721562652	0	0	0	0
-0.8611326708864908	0	0	0	0
0.10571438747171413	0	0	0	0
0.6288538540633084	0	0	0	0
-0.9851883461680373	0	0	0	0
0.9271230320687138	0	0	0	0
-0.5547698597613078	0	0	0	0
0.07040577637294376	0	0	0	0
0.23174913530569796	0	0	0	0
-0.46998982263136924	0	0	0	0
0.3792845997000782	0	0	0	0
-0.2152872902839107	0	0	0	0
0.10604109630595104	0	0	0	0
-0.10904159556627491	0	0	0	0
0.04901773772169804	0	0	0	0
0.06538223806588661	0	0	0	0
0.23323118168999457	0	0	0	0
-0.42908073978784245	0	0	0	0
-0.26088825140063676	0	0	0	0
1.1373549648792007	0	0	0	0
-0.8717137462725972	0	0	0	0
0.1343360213481759	0	0	0	0
-0.21925648289384725	0	0	0	0
0.3603591774869841	0	0	0	0
0.051851848771192977	0	0	0	0
-0.10824359972764341	0	0	0	0
-0.2521437729749323	0	0	0	0
0.7535173363657108	0	0	0	0
-0.8933911050084831	0	0	0	0
0.7619532662794555	0	0	0	0
-0.42291143047674495	0	0	0	0
-0.3401828039252095	0	0	0	0
0.6302247799177039	0	0	0	0
-0.6251800536767647	0	0	0	0
0.8713289686449173	0	0	0	0
-0.6471526752222374	0	0	0	0
-0.23573716840661518	0	0	0	0
0.4284126835709898	0	0	0	0
0.028545655320733943	0	0	0	0
-0.28177411516856665	0	0	0	0
0.1883539044701834	0	0	0	0
-0.5124044382897353	0	0	0	0
0.77279049801502	0	0	0	0
-0.45948874120747973	0	0	0	0
-0.36143203069937613	0	0	0	0
0.4534389125623193	0	0	0	0
-0.2113121046577362	0	0	0	0
-0.07907244606580832	0	0	0	0
0.3929260864671562	0	0	0	0
-0.7398544389511841	0	0	0	0
1.0015153951960372	0	0	0	0
-1.339292550088544	0	0	0	0
1.5002900933169343	0	0	0	0
-1.2589156702117492	0	0	0	0
0.9176466608443477	0	0	0	0
-0.5470119234572621	0	0	0	0
0.09746148852270409	0	0	0	0
0.5666747892317829	0	0	0	0
-0.3697573337178568	0	0	0	0
-0.40092003005337773	0	0	0	0
0.8192927292068362	0	0	0	0
-0.6458124454141867	0	0	0	0
0.675734241671698	0	0	0	0
-0.5795069886222279	0	0	0	0
0.06354835432272665	0	0	0	0
0.6071352171669773	0	0	0	0
-0.583027809261452	0	0	0	0
0.6654517639459527	0	0	0	0
-0.7046536211059049	0	0	0	0
0.062479996192656984	0	0	0	0
-0.11083261046950099	0	0	0	0
0.2216600621733562	0	0	0	0
0.4203565292254936	0	0	0	0
