-0.006128772500773039	-0.6340563880901158	-8.113138375711642	0.7275248142685342	16859.963808716682
0.23724833451547056	-3.1997377615336617	-25.27311738283592	4.012945346753739	16861.402086863072
-1.9479184403558278	-4.027512775518801	16.312730647645864	19.19002583823513	16864.45115693233
2.0593216447673584	-0.35930644161364	8.908554725750506	-16.172540065873875	16858.35006761405
-1.0443374809645434	0.2781039803581109	-2.5587445523861874	3.0079242263546178	16876.837397449402
0.9238876456412513	0.5484427112964383	3.4412208830281514	-4.658536159490424	16807.983178233957
-0.7456188880763932	-7.135512504986096	3.965984619524548	-38.515112127935836	16811.33623586155
-0.6484766921577005	-2.1626438765637843	-6.347291978597468	-5.683227717688183	16803.6400128203
2.367011075887163	6.710875539744102	-15.099074997871838	7.389930073739933	16766.275479665295
-2.3580329280615757	-4.0763221974701125	12.66976357798221	1.5740497097343678	16948.489361908047
0.748038425834558	10.618223677255052	1.4678788296907044	5.878101087444918	17031.87673508136
1.4489036401177202	-13.65130845982965	-2.42229422764413	-11.221423860197788	16946.191960305423
-2.8512354146718977	10.087093227268603	-12.212265770765015	-13.149741672578799	16906.947347465786
2.816421405554429	-10.650517307905204	24.387317894068673	-23.498583563191403	16866.239296807533
-1.0191593321989458	3.051738286239953	-17.33001814952752	6.9022091100199106	16802.26181826151
-1.033212767803441	5.115504795983654	-4.433949941036332	21.62513354661222	16941.64835326744
1.0576145235221261	-7.524127264485941	4.520634823150544	-1.2710446504634803	16925.42351937245
0.0676140219882555	2.151495763239481	6.050553122908298	9.318638342337323	16871.35847863739
0.1035190173679581	-6.542581960274028	4.011487071091494	-3.251592188855824	16800.810557076977
-0.7871670261064025	0.08930423812776667	-10.054349848405423	-12.597597010748558	16769.123319005288
-1.32583372717707	0.9549452048850071	13.389082076486687	-16.30393836713239	16734.9426277312
3.7354909035965065	-2.145077015498181	-20.12945872587879	-14.999560357014218	16882.88084136
-2.8672561324443606	0.5676341812540144	12.971492220683132	20.38457185317445	16884.24234977364
1.1947578911065406	4.167513284349262	-17.4510706384348	9.415274833513706	16836.76823158196
-1.1549494101126356	2.2737562731746834	10.359730659944319	34.30016549194127	16739.328879291083
0.9788689891704649	-9.773860006229874	-12.094694240150034	-11.146545941858562	16764.75205331349
-0.4132623991016686	9.341707651240561	-1.9744731862830776	-36.19810796017377	16781.460767507677
0.40170640875108177	-8.25416703431467	-11.383798872769333	4.724209030885163	16974.083379508167
-0.009540428001919565	0.5450856320027242	0.01015472522408345	26.492384342832082	16958.737038104922
-0.5643655665350593	-2.898482558906551	-1.2590431172821894	-16.85577836759299	16914.58794946648
0.0908900037306708	-1.383957044555693	3.333306800463234	27.06506149307998	16865.420967816077
-0.4802849449845752	0.6907817596629897	-8.778403591176328	-5.365135938267571	16808.783610642015
2.164767493388908	-0.08898900163068646	14.730148464279594	3.5104807921200347	16926.971837779183
-2.7559046844157535	0.1958887534114453	-18.424904157327546	-3.3520143250592866	17008.864488228937
1.559334235449633	-0.972832129972133	27.53509954477552	8.008700795672311	16932.812366040787
0.5150426548301965	-7.589276808208631	-15.256096480700123	-3.0892816804148566	16863.23025399245
-2.1708946681442143	-1.7338568053388457	-4.941474061679145	-6.093643330452636	16839.224362915327
1.8569597813429937	10.776058303766312	0.5652452121256033	7.689711452931604	16853.15499544014
-0.9047641790813756	-11.433446920781975	-19.40326178356642	0	0
0.2540798819567769	-4.047550914419915	-5.324421112955491	0	0
-0.08561326836350958	0.6137849324573708	-1.3110964142670412	0	0
0.2039804464290853	6.6137987079271525	5.154005847095007	0	0
-0.21494819864614811	-0.40640002320135693	9.379556093951606	0	0
0.08207408275373496	0.4440756932806025	-18.804732212225545	0	0
0.2405803750434714	-5.80540942048421	1.0963799401311007	0	0
0.07563523349328705	-1.1294544495458325	-18.146381398661703	0	0
0.11350463604583894	-0.22543951546632002	7.867892952027034	0	0
-0.6315248924052383	2.7682758565016456	-2.880001013776834	0	0
-0.39655428893306066	-1.3890684356560854	16.391002567145378	0	0
1.6179996032687427	-3.546990286707299	-16.416509518159685	0	0
-0.7414991231402368	3.41785203224412	-5.3093857671754705	0	0
-0.07775515592562954	7.140564386550643	-7.3967976028715725	0	0
-0.6864853735818883	2.4844739792061503	-0.8262640151905032	0	0
1.0164564050781095	4.712547617988761	-10.953333659563015	0	0
-0.28159071111738143	-9.781736212955018	-11.06161641808879	0	0
-0.3666854993347286	-4.458188039505714	20.508968592236812	0	0
0.6968223264523701	1.5042497616557284	-5.855165369651331	0	0
-1.197606770715538	-10.523281271596062	37.972862304679	0	0
1.2321206357695331	0.4407877397706983	-17.296201837532024	0	0
-1.2104795920175988	1.302714801609497	7.008919042880564	0	0
1.2962950147864873	-9.148950920703882	-4.597500784414024	0	0
-0.3658388125952854	6.481640813337258	26.510721159505493	0	0
-0.8021595782055471	0.7414288485667342	-11.982218116891048	0	0
0.6679700768997279	-0.03680060508288108	-5.027805635118398	0	0
0.2226774613155058	-7.465125618845597	11.272877325554248	0	0
-0.8308459379189657	3.3094637514407097	18.864792898130574	0	0
1.0190833277666087	-0.8549948781378589	-9.441907592546187	0	0
-1.0464233107684677	0.6087506612213147	5.797120281846816	0	0
0.14904777309684647	-2.568351367931868	-24.05968181527561	0	0
1.1377428291289675	8.576839116360354	-1.5225646630547942	0	0
-2.2306833323313313	-7.118630053311996	0	0	0
2.078132591051478	13.700107624949865	0	0	0
-0.05785642397483315	-3.0007616521602216	0	0	0
-1.538387430030454	-0.5326397592537049	0	0	0
1.1932854537555002	-4.648868589134558	0	0	0
-0.18035721997081566	1.023099840823896	0	0	0
-1.0065979629149524	7.31760034421216	0	0	0
1.004710957431456	-5.057032296350556	0	0	0
-0.7612866541529186	0.12411802858455445	0	0	0
1.8807532516530259	-5.274885654024175	0	0	0
-2.457287364867014	-6.863778450694873	0	0	0
2.1935846632936276	0.2402147171738349	0	0	0
-1.726765957575111	1.7933794054280483	0	0	0
1.3750298116736417	1.0209502030471143	0	0	0
-0.42683342630988363	-12.647980070662335	0	0	0
-1.8586529883176865	2.3505367886477657	0	0	0
3.0696026275451302	2.980719875305091	0	0	0
-2.441654988458666	2.9903421941059563	0	0	0
1.471879030612925	3.2282263136323834	0	0	0
-0.2194282451263021	-1.7710533759942564	0	0	0
-0.5154187236369907	0.9954197428802374	0	0	0
0.1613590686615609	-5.08504428212423	0	0	0
0.9661139718882907	12.570658303343443	0	0	0
-2.3350797900351097	-1.9292134405379855	0	0	0
3.0820501306034487	-2.0024783370824863	0	0	0
-2.397716785138435	-4.714503834812319	0	0	0
0.6796938578114506	5.711308499377431	0	0	0
0.7555817154949835	-1.991319846518664	0	0	0
-1.3857372455671353	0.8496099240268649	0	0	0
1.9930873248088545	-0.5238788658362736	0	0	0
-2.098683073890726	-11.861022564846351	0	0	0
0.8830917309646438	10.815618983670035	0	0	0
0.43318722769725326	-2.8626061527349336	0	0	0
-0.33584055079140285	1.6278547352961823	0	0	0
0.15812810500880659	0.22768509789283797	0	0	0
-1.3963664994118261	-6.386207621558796	0	0	0
1.5096580326114193	6.482055160508878	0	0	0
-0.47168331764677873	-2.8803966699802714	0	0	0
-0.6730488655307525	-3.259008728205565	0	0	0
1.1188469995203718	2.7552700478572945	0	0	0
-0.42080088045721453	-2.577225595774692	0	0	0
0.10457078118437124	10.51590160089782	0	0	0
-0.7221297016250432	-2.802893384638814	0	0	0
1.9670456276547554	-1.2181876139161787	0	0	0
-2.859149376721824	5.787124799604271	0	0	0
2.6950871737204736	-4.379326839507435	0	0	0
-1.714030137476243	3.6304626206270143	0	0	0
1.0443191922415096	2.97672043479335	0	0	0
-1.5057328378246027	-6.927102206834256	0	0	0
2.232992778333525	2.9401673445230188	0	0	0
-1.2579390579533865	1.8367959992153757	0	0	0
-0.3881519286319559	-2.6071160729889584	0	0	0
0.9157243885825324	-1.3515583000839442	0	0	0
-1.5830423455837561	4.811702723808331	0	0	0
1.0987548633330064	-1.6444242673052614	0	0	0
0.19068660261032022	2.497236370727677	0	0	0
-1.6559814467139375	-0.3752863485340967	0	0	0
3.29007874086588	-7.050740879315946	0	0	0
-3.2214478726460953	10.326629090564929	0	0	0
2.354338776058647	-9.861181864445257	0	0	0
-2.2296938512594977	9.187422257198122	0	0	0
1.0453644505849624	-10.231104860443779	0	0	0
-0.3035201845664659	9.574821284979599	0	0	0
0.35440585354112386	0	0	0	0
-0.9372567029120091	0	0	0	0
1.3301817205694775	0	0	0	0
-0.35111143219530305	0	0	0	0
-1.3665707586126388	0	0	0	0
0.49647566619837846	0	0	0	0
2.224329528904775	0	0	0	0
-2.909691497143392	0	0	0	0
1.318988204752138	0	0	0	0
-0.23148161393157096	0	0	0	0
-0.23853015253983045	0	0	0	0
0.8261438469660476	0	0	0	0
-2.219643945243412	0	0	0	0
2.907637192093233	0	0	0	0
-0.9409967854299666	0	0	0	0
-1.9998449506828209	0	0	0	0
1.8740172621724156	0	0	0	0
-0.3346268424778813	0	0	0	0
-0.5963880913548678	0	0	0	0
0.2645488411686685	0	0	0	0
0.06551371319844179	0	0	0	0
0.5904081583505345	0	0	0	0
-1.3824803884263304	0	0	0	0
1.3007689119182828	0	0	0	0
-0.22752807151635324	0	0	0	0
-1.2179429012732257	0	0	0	0
2.121839598511542	0	0	0	0
-1.9452591198097835	0	0	0	0
1.6104198816794622	0	0	0	0
-1.2685625220187688	0	0	0	0
0.37017854890208923	0	0	0	0
0.8567939585060387	0	0	0	0
-1.5321089982923226	0	0	0	0
0.764184704064462	0	0	0	0
1.226610077425029	0	0	0	0
-2.1418578537652735	0	0	0	0
0.32672308191066435	0	0	0	0
1.4636569801730914	0	0	0	0
-2.086062316751807	0	0	0	0
1.7857963451422094	0	0	0	0
-1.8811072247333342	0	0	0	0
2.187544729219553	0	0	0	0
-0.7532304523039031	0	0	0	0
-1.3794899081316956	0	0	0	0
1.865102731092172	0	0	0	0
-1.1988369839052524	0	0	0	0
0.1393660045161056	0	0	0	0
-0.21866727113717133	0	0	0	0
0.3245558234593844	0	0	0	0
0.7884745100479122	0	0	0	0
-2.3447556850116555	0	0	0	0
2.500891999697636	0	0	0	0
-0.8847902592145545	0	0	0	0
-0.3473893926587124	0	0	0	0
-0.20822571230310416	0	0	0	0
0.3887972510928108	0	0	0	0
-0.6072549609947657	0	0	0	0
1.2268518831015882	0	0	0	0
-1.0430847439170776	0	0	0	0
0.6701365691228816	0	0	0	0
-1.0489960977452384	0	0	0	0
1.6542634902551256	0	0	0	0
-1.012088708927493	0	0	0	0
-0.052709041676273216	0	0	0	0
0.4001256030701583	0	0	0	0
-2.2385256644842	0	0	0	0
3.9015962330502916	0	0	0	0
-3.238603236089581	0	0	0	0
1.0841072986946614	0	0	0	0
0.3735040989593301	0	0	0	0
-0.7208459199134651	0	0	0	0
0.9129880476199759	0	0	0	0
-2.2559030427244267	0	0	0	0
3.6380320141769715	0	0	0	0
-2.3791476245932373	0	0	0	0
-0.9638388357708578	0	0	0	0
1.7084852436308537	0	0	0	0
-0.05938516514467551	0	0	0	0
-1.9516098049748933	0	0	0	0
3.245616335244236	0	0	0	0
-2.1024279601518074	0	0	0	0
-0.4888772087413571	0	0	0	0
1.5804740459497282	0	0	0	0
-1.1931065050787666	0	0	0	0
0.06812677294042402	0	0	0	0
1.257128698912645	0	0	0	0
0.7813725945339982	0	0	0	0
3.8072391926888116	0	0	0	0
-1.68734118144355	0	0	0	0
0.9214779774664308	0	0	0	0
-1.483596598962194	0	0	0	0
1.2592331638801824	0	0	0	0
-0.03333220294678796	0	0	0	0
0.15237271611667325	0	0	0	0
-1.2743860445307647	0	0	0	0
1.7986674684988841	0	0	0	0
-1.6338643581957086	0	0	0	0
1.4603247347654928	0	0	0	0
-1.7895001565064348	0	0	0	0
1.9853662020931537	0	0	0	0
-2.028328734426971	0	0	0	0
1.096147371536361	0	0	0	0
-0.24226477101720434	0	0	0	0
0.40275972206996613	0	0	0	0
0.16132199098014155	0	0	0	0
-1.1609559898464283	0	0	0	0
0.6916175821306254	0	0	0	0
-0.3617253007806909	0	0	0	0
0.7533166591857849	0	0	0	0
-1.2389463279535065	0	0	0	0
1.3050623692298942	0	0	0	0
-0.26163367022440553	0	0	0	0
-1.382184129446678	0	0	0	0
2.0758532197951567	0	0	0	0
-1.4036350727432136	0	0	0	0
1.0932628069245354	0	0	0	0
-0.9597496003608157	0	0	0	0
0.7894008702080413	0	0	0	0
-0.9660162847548435	0	0	0	0
-0.02253688065677295	0	0	0	0
2.5597820363167827	0	0	0	0
-2.67374654714844	0	0	0	0
0.7182490075106287	0	0	0	0
0.3143883055442416	0	0	0	0
0.10879415641864654	0	0	0	0
0.8025849487318766	0	0	0	0
