-0.04530112780352624	-2.368948915680555	0.25297168072654586	0.377519398542816	16705.040561517286
0.7949536093247005	-7.793321750495842	0.8656638241153161	1.0791995168203812	16704.388196660824
-1.0326873963699157	-1.7204738331938572	-2.324684386992459	-4.251656274450397	16704.148141065853
1.8457295924023995	3.0037625464181517	-5.008983191208287	-7.833168683092055	16704.987036882096
-1.6528475720102733	-5.447788710316097	-19.66005334142858	6.495063719390274	16703.517488058886
0.6903496827700408	-0.05097893382099983	3.9890309506847785	8.542574149316025	16708.172238568197
-0.44645329564395553	6.987578058707598	8.654160498616363	-2.0182973726048914	16667.64520565779
1.3785519674569855	-4.943765172906126	7.228839253521613	11.053863584287498	16804.34639628299
-2.4123433569657564	-1.9694854087385139	-3.242615885771727	-24.811850425445968	16899.44224646487
2.062412116436583	9.775948305513666	4.469320599099291	5.794256250062034	16870.43015823769
-0.7181743104770746	-7.451687929528688	-7.124534328292711	4.137065469074642	16910.7243650477
0.10585813051704918	-3.504796344606447	0.15661930160054283	-1.721619255800789	16864.908477049743
-0.4197803012969743	1.2838331651923411	-9.37267794667018	-3.1401968547294246	16864.114740698205
0.8956902060721035	-6.348668784485184	6.763183093764809	4.2791373571263875	16938.464457120765
-1.3893083214275208	3.7499457061773427	2.234541701326478	7.980591320052952	16979.96270018226
1.2125136767354263	-3.2227106698175874	-1.2654788249044486	0.7911660844614943	16927.402816705937
0.43618832923009165	5.214222468179415	-4.081737431392057	17.67693321416671	16831.622607091875
-1.4208403814186923	2.2296043694715735	1.9566377324792796	5.77915941827068	16765.65611366607
0.9906204499025719	-3.9294274110420275	10.230926187825872	-10.954457533186002	16841.588206454864
0.217442944421947	5.2499021679745965	-4.810040752263987	7.005952208190891	16836.449626033726
-2.199251150922926	-10.126707930709173	-3.197744045152618	22.768945573019096	16837.267849433043
3.824018064469854	-2.0880158371402757	8.263984932480952	13.165005222096724	16929.11099000653
-3.8903490357674	-0.5768672172539624	-4.936084252529071	-6.86911599544095	16959.287675141837
3.278045961212811	2.4292395217053837	-0.31570308962417926	8.90562971847082	16970.86123628096
-3.1725281762530244	3.959854202103749	-6.62546680257428	-1.177866500690243	16923.82882067005
3.01934132441351	-0.3490662751820892	10.08222329876395	-11.286784741614412	16845.940152152445
-2.058801575252126	6.070172588386583	9.048065391697676	-1.777219513363434	16809.071900056613
0.9706676354399804	3.105222558226309	-0.3617878303700195	6.7867115807795955	16764.892234110277
-0.583291050006082	2.8467570699168405	-8.219816450578548	4.649839721695685	16871.716655534052
1.2898272849075525	1.115436202684954	15.342077606766637	-3.342063379689023	16939.118593721094
-2.4837418405184764	3.522260693163574	-24.087860793678246	-5.152869670831734	16990.69720976484
3.1144033234668242	-4.534346079106676	4.6846522523876075	4.974550701681423	16965.799960411387
-2.743744071025489	-4.419395010422889	-6.898092308029604	4.207606801602651	16998.932463667792
2.3331720670473075	3.0408801199097795	-10.591138117380552	10.167632820064838	16994.5230774889
-2.73921067914754	5.826843138103904	-0.09216524149606187	-10.755749115324335	16987.60782966267
2.25361645928232	5.803990276719844	2.4031173668907684	2.340128700985474	17030.62960929817
-0.1601759524338746	-4.324526239228675	3.7336649206286694	6.681975209446293	17107.33585285415
-2.1489242322798745	2.682180101794188	-6.275308171145468	-13.909475411903884	17109.100378206724
2.8807367493420486	2.578011223435695	2.1333698342859293	0	0
-2.0434186963705088	2.3389047595256756	-6.789183720502066	0	0
0.3465960892962272	0.5184605709880827	5.612533102989232	0	0
0.2935869825135313	2.994048245723455	1.8677202564525572	0	0
-0.21951494850186037	-6.664734930394985	17.27274062531025	0	0
0.5463896692981507	0.5115182443139048	9.139366405031964	0	0
-1.6409794348817996	-0.9309896041115806	-12.313701752088534	0	0
1.9009653134404587	-2.8398856157987282	-3.197075254634413	0	0
-1.5867522804759986	-0.7068178321162648	5.5165828945682165	0	0
1.3612548270881888	7.648020450467357	2.8382238131320037	0	0
-1.4212892113091726	-5.670744087188936	21.200178945901555	0	0
2.070870039643836	0.45306446833760816	12.01377874171557	0	0
-1.9950854471827384	-2.5236639912910874	-8.495503482806612	0	0
1.333335850534553	-3.435822105885592	9.79790552609245	0	0
-0.416038352137285	4.824539089179019	-1.314767239646585	0	0
-0.7004708890328644	-2.3161282518900066	4.870582525791477	0	0
1.756225065405232	2.3818861922112404	-9.65643251760271	0	0
-1.9087382527031238	1.1979016495231036	-7.406276355113917	0	0
1.8213979087319245	2.3194947138874724	8.87803887718583	0	0
-1.9944282471264074	8.024585658790684	-7.339660481605364	0	0
2.024371098414086	-0.8517793758636429	-7.264250596467264	0	0
-2.4490267671237618	-3.0292647640495645	6.648215769132705	0	0
2.8405670155617955	-0.3792415112594085	5.230868511213231	0	0
-2.4514733381113842	-9.229929162488098	-8.294858914520873	0	0
1.4106045244599557	-0.49144431056672744	-2.5774641380014316	0	0
-0.843236891557126	-3.453627989720431	-2.380323637754401	0	0
0.7497710936563635	-0.3983955327579096	9.235936779306286	0	0
0.12669951209124264	-0.11018057322812069	-4.533762934470616	0	0
-1.06076078766133	-10.103389231474608	1.4649334760926536	0	0
0.25057559433430754	3.0315530363083525	-0.05607454652187016	0	0
0.7309145464411344	-5.471517399267952	0.7109791130867364	0	0
-1.117719062220722	0.6603236045789558	-8.81693624589137	0	0
0.6739254351160184	-2.8721678719645	0	0	0
0.41761877163674654	-0.5465210007615084	0	0	0
-1.854560468971286	-5.341911437076227	0	0	0
1.4530355290304229	3.904552712864138	0	0	0
-0.3984251518741644	1.2208303817033652	0	0	0
0.2148825340033511	5.382387964150482	0	0	0
-0.6284549645458455	1.325109505169415	0	0	0
1.3769426897957686	-4.648358713060837	0	0	0
-2.540391139189701	-1.7612292312181594	0	0	0
2.535492952591305	-4.1900233334279235	0	0	0
-1.0307993273142557	-0.6899608545005123	0	0	0
-0.2036171037197647	-1.981665238672285	0	0	0
-0.45269592756888954	-5.345887661420875	0	0	0
2.3033559510701096	-2.2930538565444536	0	0	0
-2.8020658853813742	6.151492440535371	0	0	0
2.1226377773560756	-7.809303865305438	0	0	0
-0.987226606777881	-3.4239621891216103	0	0	0
-0.10776342865285926	2.5571132719674097	0	0	0
0.610736816851535	-2.1207267499830564	0	0	0
-0.08013025306871668	-3.611198528672105	0	0	0
-0.7625682851572932	3.169093322316506	0	0	0
1.3040735382888968	-5.621131591145399	0	0	0
-0.8201861585397054	5.875019418656329	0	0	0
0.19076354129971662	0.16876632088926868	0	0	0
-0.14119367804170935	-4.158031086552555	0	0	0
-0.30719918436776794	-0.5612103051343524	0	0	0
1.1857672846495504	6.223718397516414	0	0	0
-1.115671205562606	-3.0725294569524664	0	0	0
1.0920977262623381	9.243438657292458	0	0	0
-1.3777686885755784	4.992420575537842	0	0	0
0.7838143930398971	-4.503095299679728	0	0	0
-0.22650309269984348	8.425046134974941	0	0	0
0.6352059843394571	-4.112279343116569	0	0	0
-1.0828718683002307	-5.6562135215807245	0	0	0
1.305020210706644	4.279906386416023	0	0	0
-1.7258576162020631	-2.6970887461798725	0	0	0
1.5205598124680861	4.086189485364287	0	0	0
-0.3765863667552267	-1.7360721727010642	0	0	0
-0.5519330058652656	-2.158153167039508	0	0	0
1.872817445879022	-4.482168918463714	0	0	0
-3.4774678864236392	-1.1137668550645046	0	0	0
3.175986058306428	-8.057317452907633	0	0	0
-1.5604194181784479	-1.7761330061020786	0	0	0
-0.8241467088112984	-0.8497672323197065	0	0	0
2.6235675788268082	-3.2209312970284287	0	0	0
-2.5077703546312335	1.7191100557790904	0	0	0
1.3202879830000427	-3.9025514633674376	0	0	0
-0.25464358304041923	-3.965775185999995	0	0	0
0.19801147352129078	-2.2995260237671715	0	0	0
0.010357130356702271	-2.005985877606797	0	0	0
-1.6597835371159988	-4.928808472780425	0	0	0
2.080162455249763	5.878619504272535	0	0	0
-0.9124001135614535	0.8688693840356976	0	0	0
0.1671442703012076	-1.3292149137545834	0	0	0
-0.6234532434734561	-5.296306311945173	0	0	0
0.33447252659826177	0.6714402918061779	0	0	0
0.18184288521134562	4.283248924102878	0	0	0
-0.134184115113257	-3.426508599074573	0	0	0
0.12456262008696228	1.2167078918768937	0	0	0
-0.7952888196633339	2.830771210474495	0	0	0
-0.2174648976725706	-4.142789360182249	0	0	0
2.427777588536159	1.6255725665826333	0	0	0
-2.583153274683454	1.1203336202263188	0	0	0
1.2352880278326595	0	0	0	0
-0.6882473798444408	0	0	0	0
0.2286041270501613	0	0	0	0
0.38195487598253663	0	0	0	0
0.2517928548167987	0	0	0	0
-1.9137193906340286	0	0	0	0
3.094835638838994	0	0	0	0
-3.2647914447277415	0	0	0	0
3.6064673514675434	0	0	0	0
-4.266521349855694	0	0	0	0
4.6968828454522935	0	0	0	0
-4.9504101638229585	0	0	0	0
4.355013648789445	0	0	0	0
-3.409582688901878	0	0	0	0
2.69069152332154	0	0	0	0
-2.0446411856006037	0	0	0	0
0.8664560305677185	0	0	0	0
0.9018234243696028	0	0	0	0
-1.6061033511660483	0	0	0	0
1.1589975882840875	0	0	0	0
-1.3512821615822261	0	0	0	0
1.2593361179856757	0	0	0	0
-0.7038828994293098	0	0	0	0
0.521199281413331	0	0	0	0
-0.4595545685969	0	0	0	0
0.7737773782183339	0	0	0	0
-2.2756866055586684	0	0	0	0
4.052087389802033	0	0	0	0
-3.6928548941241104	0	0	0	0
1.539300916269191	0	0	0	0
-1.2771956248269518	0	0	0	0
2.091325102054874	0	0	0	0
-1.2204997299336426	0	0	0	0
0.9956912481197193	0	0	0	0
-2.292555959539726	0	0	0	0
1.9543917443149397	0	0	0	0
-0.5984741485850336	0	0	0	0
-0.2701144057276039	0	0	0	0
0.7680137685203121	0	0	0	0
-1.0298861277263995	0	0	0	0
0.09164998596606466	0	0	0	0
0.6719299288333858	0	0	0	0
0.14665061380433286	0	0	0	0
-1.6248634531334716	0	0	0	0
2.0662840817611823	0	0	0	0
-1.0330999647104235	0	0	0	0
0.018435195174646424	0	0	0	0
-0.2275662404325587	0	0	0	0
0.9258825352674407	0	0	0	0
-1.1763830919156106	0	0	0	0
0.31901826502299	0	0	0	0
1.2717876021038421	0	0	0	0
0.06346531432068048	0	0	0	0
-2.9725322449628706	0	0	0	0
4.004773306222141	0	0	0	0
-3.6381782556852897	0	0	0	0
4.157550337653063	0	0	0	0
-3.97882862311625	0	0	0	0
1.5257678633269691	0	0	0	0
-0.10393328359815257	0	0	0	0
0.8559979012845886	0	0	0	0
-0.8067540377614577	0	0	0	0
-0.9183858935651514	0	0	0	0
2.8348141402909306	0	0	0	0
-3.687782572271786	0	0	0	0
3.0673427813426244	0	0	0	0
-2.007430404871698	0	0	0	0
1.2192910604214973	0	0	0	0
-0.9049140274149039	0	0	0	0
0.4923743820544999	0	0	0	0
0.7572669630597559	0	0	0	0
-2.1259414836980284	0	0	0	0
2.9024862596764294	0	0	0	0
-2.73232162497397	0	0	0	0
2.2426363887609355	0	0	0	0
-2.014990952977115	0	0	0	0
1.1801515048528728	0	0	0	0
0.41631096855299177	0	0	0	0
-0.9692165509854149	0	0	0	0
1.2189868456685105	0	0	0	0
-1.305678049192423	0	0	0	0
0.8219831525495991	0	0	0	0
-0.14835632456482273	0	0	0	0
-0.5846312871691381	0	0	0	0
1.1864389800927455	0	0	0	0
-1.0940936613305539	0	0	0	0
0.3189871924130756	0	0	0	0
-0.47320554547894744	0	0	0	0
1.4592183685407178	0	0	0	0
-1.3960551661256844	0	0	0	0
0.7925184572349337	0	0	0	0
-0.16094312372370467	0	0	0	0
-0.9701852610737518	0	0	0	0
1.8712367113854498	0	0	0	0
-1.1856650598402538	0	0	0	0
0.4615537495930795	0	0	0	0
-1.1592018948337213	0	0	0	0
1.8507155952131455	0	0	0	0
-2.4752966273810273	0	0	0	0
2.840350798120042	0	0	0	0
-2.567309204069609	0	0	0	0
2.332462011958434	0	0	0	0
-2.4006647821332834	0	0	0	0
2.972554623370449	0	0	0	0
-2.578613910210322	0	0	0	0
0.2050586052842931	0	0	0	0
2.3956895275830945	0	0	0	0
-3.1717390720021825	0	0	0	0
2.262524503318133	0	0	0	0
-1.032081906770415	0	0	0	0
0.8541234014914565	0	0	0	0
-1.0875108895867953	0	0	0	0
1.8600571812397817	0	0	0	0
-2.5778182778548953	0	0	0	0
2.926135930611352	0	0	0	0
-3.3008176008963517	0	0	0	0
3.573326779319366	0	0	0	0
-2.8176929051071298	0	0	0	0
1.736239529176565	0	0	0	0
-1.532997955695798	0	0	0	0
1.9759487152012696	0	0	0	0
-2.0745319397098143	0	0	0	0
0.5120600572829943	0	0	0	0
-0.09416613015721254	0	0	0	0
0.0866256674988648	0	0	0	0
1.4186601186370211	0	0	0	0
