-0.030396377591308976	-2.688319673265241	3.9518497322272594	-0.023989121080944642	17070.88864335682
1.01605126356813	-8.214391186721407	12.907402251365966	-0.10526263055477614	17072.742566021323
0.7544537174374284	3.5964490569256995	1.4031972481743793	5.486680273554342	17070.169302280778
-3.3158610478499	-11.388244281871408	-17.29963161756713	10.030219613117936	17070.958557209146
4.055743035459578	-3.0717017882027307	-2.6915835463138365	-2.124662508085251	17074.4841133232
-3.2337018233818853	2.113570543393635	-7.230573770958003	47.36149224119127	17064.911184470035
2.9203973944950548	-10.39897959704139	-2.1908823410206253	-37.90399270527554	17048.22461412519
-2.7004939905478693	19.670198287594104	4.085535974730746	-21.391838744857438	16734.634564105916
3.058679727417335	-3.3647523101173107	6.513064550662023	-22.0624770762374	16666.456079006803
-4.455953075238014	-10.005757747507715	1.1347529661332203	-29.606214175349763	16750.07537247968
4.6255046493819805	7.837309138383674	9.95701251748197	40.910595236906076	16886.174420078078
-3.175409713249657	-10.522099803799883	-8.526248161032797	-50.90073547858101	16736.08075168626
3.7434582749001066	-9.240477546742632	-16.504368912871584	-21.564559584166616	16550.034035402496
-6.929064299015707	5.804699535081568	14.15696572601486	32.834521674391596	16537.238582694932
8.351848482378664	-3.1261267478129398	-3.630484152748494	-5.003487306106834	16672.486714768962
-5.5474195615029345	-1.2858688767444946	20.104314781913644	18.33073873982093	16849.37284916304
1.210448097684342	-6.19278338258205	-3.5795413954768236	9.503730961669305	16853.672911991227
1.0265116475407652	3.6148262514896388	14.804124221278542	6.036133593165289	16887.568877308007
-0.16857469460158825	13.707224791886553	-20.25807211395542	8.43414971011319	17008.43069668809
-2.3560870239762863	-16.226909853966717	-2.582013779923386	-10.489982200066166	17079.74746715208
4.355831095569016	12.15703748424631	8.168108435190845	-14.835348996868447	17094.35021144856
-3.753729695097398	-1.3813275720775806	16.897573967799417	-10.986208753710628	17042.781880493403
1.8290337373770171	4.275199176251306	-6.560204546232143	6.238043825455435	16901.42011127608
-0.37651368768177207	-2.000514441519883	7.693812455094317	-1.9799264613120329	16872.85984201746
0.865036110660192	-9.377619316396235	-7.9047503596424065	6.960546923065422	16928.861028748328
-1.313156011673172	1.9675521584669866	22.106132164847963	8.802822193965227	16915.593873854392
0.39313874191920917	0.600805926899767	-5.170541089613366	-43.454748226695116	16945.06537433114
0.18349304366999775	-7.626444490942987	-12.532152600313452	20.678175367911464	16915.706605252737
0.4465918641495108	-5.137119635151265	12.006778558173806	-27.52438228493871	16877.620849358056
-0.7098196748600643	1.1245261346559658	-2.435845939773884	-19.722018339527537	16918.945740657018
0.2766720477189253	8.9073598823338	-2.1649994126189824	-6.489930775927718	16948.371709189778
0.013336837308962401	-7.03914604064574	-4.963123280126538	10.419964783385595	16954.049780327143
-0.9368611882729425	-6.0822770272945945	7.698645349238433	24.752831872557707	16785.25649067941
1.8195463951546813	-12.214511233462346	-4.694250661191205	-5.973137265343254	16525.041552350023
0.1264081759760387	9.561123251926205	-18.229599385273062	18.414246299271724	16477.316108349223
-1.9889427152819863	3.4983188839396533	2.412253561388198	-9.21368758833755	16546.47671138864
0.27221594456415943	-1.017235464629536	4.018433403226425	-16.132385068725497	16726.20529734072
2.2732466409124896	6.353753140554417	-2.971063099370383	3.461381172382744	16855.035438602332
-2.537136722100115	-5.90635135289488	-9.921757911308632	0	0
1.982942636812723	0.12229031157938408	29.162234105817518	0	0
-2.488108701911912	-1.3612204536173849	-1.7702807891827632	0	0
1.6377053522324587	-5.261249252109948	-7.899057999711758	0	0
-0.1775485495405391	-0.527073078786124	3.030843835684351	0	0
0.6180714707983626	-7.395113746674568	28.324160785033456	0	0
-1.5728845228813029	-4.173739383096191	-17.07052512647121	0	0
2.164714399673308	11.862838301724686	-9.942902508300719	0	0
-3.5519958183655262	-0.904699275745358	-9.119831258282176	0	0
3.679193638328023	-4.8394181813601165	11.965543250664396	0	0
-2.1123989894479607	6.836964394022139	2.888964193409393	0	0
0.512888098361266	10.303092822070454	-17.412959218625105	0	0
0.7386302306449863	-13.416138091035968	8.859844040091858	0	0
-2.6002452462202115	1.7840370268490844	22.84794132250387	0	0
4.009427897813168	12.080594130458962	7.305550199558709	0	0
-2.393434911446562	-0.6992579486207262	7.000749349530594	0	0
-0.17446794175835123	7.421866220830097	-10.340106019521258	0	0
1.3126707216984315	-7.553401689069624	2.781371749448965	0	0
-2.5275800036687244	4.414187227140594	-19.979106445886273	0	0
4.03354467472451	6.802679356642528	20.268642147499804	0	0
-3.707974542811705	1.7298726517447065	-17.240248492449993	0	0
0.7028239591898142	-1.247742617912877	1.627415338037551	0	0
1.9212003916443834	16.146182852258377	0.161883599436635	0	0
-3.169107254889987	-6.42273648959484	17.500065321928005	0	0
4.547564712187707	-13.440291819029845	12.4811795205093	0	0
-4.272658944945718	8.043123231936406	-11.800219428907397	0	0
1.345740586221254	6.875118506832337	-21.900991654084066	0	0
0.5191231923673669	-3.6531426022903375	-3.797221215100791	0	0
0.20798255533306076	-6.35665510674896	-1.387139572521079	0	0
-0.965417309521797	6.673977308792843	1.37701154684585	0	0
1.701417309262247	-18.654029672083183	10.32280275847883	0	0
-2.4631256698007817	6.877815576972118	24.596083547552126	0	0
1.3105123455539527	14.234003260975228	0	0	0
-0.01719930591849561	-5.996933228827757	0	0	0
0.5331716621077476	-1.0909829174080343	0	0	0
-1.1837163193659634	9.659894376781864	0	0	0
0.8284951316252673	1.3605663267572012	0	0	0
-0.1924565704552137	1.5862420346846875	0	0	0
0.43608626409363893	-4.927389155143878	0	0	0
-0.1950893574600272	2.899910196232568	0	0	0
-0.5500980835287095	-6.019423265313769	0	0	0
-0.8115888450161393	-2.5399853803775727	0	0	0
2.34079187146461	9.574190538068692	0	0	0
-2.0355315954626363	-3.741528708151037	0	0	0
2.4846498914954793	-4.468698076827529	0	0	0
-3.7695535591307703	-9.535175584895207	0	0	0
3.635645765746027	19.9934837140355	0	0	0
-2.232079866991434	-2.721264179049399	0	0	0
0.3469107875793753	2.7717562763870234	0	0	0
1.246559403763655	-7.459753314792167	0	0	0
-1.7660944920428818	-3.385049398712752	0	0	0
0.8054025309520441	-6.419218107864722	0	0	0
0.012448721270459373	-1.5361188647834254	0	0	0
0.13887563550646576	7.684838194736841	0	0	0
-0.4997225998163586	11.55046115976905	0	0	0
2.108323171076357	0.6594063749620318	0	0	0
-3.529610290471311	6.854106558609573	0	0	0
2.594785444806355	-1.9049638816878414	0	0	0
0.6117177987184022	3.4542505521263465	0	0	0
-2.833417304217541	-4.030520018600335	0	0	0
2.308973239185299	-12.140885550386706	0	0	0
-0.5040717297984472	-0.1429666588762828	0	0	0
-0.7391096497571752	-4.820684561500578	0	0	0
-0.10757920831035506	-3.684271853240837	0	0	0
2.1036197816018074	0.009603560045334802	0	0	0
-3.112591845472366	-1.805566281604655	0	0	0
2.77103641231173	4.138650445672802	0	0	0
-1.9371963498514404	5.939849437139664	0	0	0
2.1783037567325607	-0.02660520628339924	0	0	0
-3.720141999392254	-3.727164502371288	0	0	0
3.3448729107076858	-4.960335505683183	0	0	0
-0.9415601260287971	-2.106613010700073	0	0	0
-0.4015490358752629	-2.1943163086675455	0	0	0
0.8888111076660437	8.2421673480819	0	0	0
-1.1586877401513718	-8.985672358822093	0	0	0
0.8813513428586717	-3.5506522988008413	0	0	0
-0.33593546434192234	5.301622316211962	0	0	0
1.2076244436010128	-5.591474827764017	0	0	0
-3.025732687769789	4.299174954454685	0	0	0
3.085284518377314	4.617957057424277	0	0	0
-0.753389705624322	6.852956453194075	0	0	0
-1.3180237601734959	13.07294271510392	0	0	0
2.4288280104387425	2.3874902776947664	0	0	0
-1.1807576124184465	-0.9589214583097174	0	0	0
-1.8603707526224937	-1.9748731307084597	0	0	0
3.5927770719135594	-12.841272798688053	0	0	0
-2.088752558096992	14.631412969601719	0	0	0
-0.996396425964015	2.561978660227126	0	0	0
4.01169618249952	1.7155313161918073	0	0	0
-5.146406909469881	12.692068223881492	0	0	0
4.140683718400631	-11.839126516661082	0	0	0
-2.50590666604392	-3.311468015309181	0	0	0
0.9987333932189415	8.048387633868742	0	0	0
0.21112119525469097	3.9806289089305693	0	0	0
0.6870286500135592	-12.586709975413662	0	0	0
-1.9858315606135335	0	0	0	0
0.6198408721621576	0	0	0	0
2.997990719519315	0	0	0	0
-5.614180372958465	0	0	0	0
5.896739807000927	0	0	0	0
-3.405404117618602	0	0	0	0
0.44809563730398594	0	0	0	0
0.6522235336804911	0	0	0	0
-0.4103874198197275	0	0	0	0
-0.29294656220865534	0	0	0	0
0.8887797218446494	0	0	0	0
-0.31873592499433556	0	0	0	0
-1.941045853895531	0	0	0	0
3.5560525518230364	0	0	0	0
-3.3966918978411087	0	0	0	0
3.376119407710867	0	0	0	0
-2.40225755748461	0	0	0	0
-0.5410081555314861	0	0	0	0
0.6379376450010739	0	0	0	0
1.1975965997836866	0	0	0	0
-0.5402244060110775	0	0	0	0
-1.0756469954935994	0	0	0	0
1.9264019243021195	0	0	0	0
-2.420656789585877	0	0	0	0
1.4739224445766084	0	0	0	0
1.0450216578299774	0	0	0	0
-2.6463518766495824	0	0	0	0
2.332183752773979	0	0	0	0
-1.6454231770885173	0	0	0	0
1.6200380356866333	0	0	0	0
-1.799272684132255	0	0	0	0
0.3372440117692008	0	0	0	0
2.581283070376635	0	0	0	0
-3.5353020124782475	0	0	0	0
2.049993994263488	0	0	0	0
-2.492396372883782	0	0	0	0
4.017335814839527	0	0	0	0
-3.665399023590922	0	0	0	0
2.557543211563498	0	0	0	0
-1.5492345616405672	0	0	0	0
-0.2046189122050066	0	0	0	0
0.5348498976690763	0	0	0	0
1.601443178315094	0	0	0	0
-4.310810640582538	0	0	0	0
5.719127594746631	0	0	0	0
-6.021876077370521	0	0	0	0
5.75996791155297	0	0	0	0
-4.688830762077018	0	0	0	0
4.095667040759082	0	0	0	0
-3.410866101067576	0	0	0	0
1.7091171469429085	0	0	0	0
-0.4978418984314601	0	0	0	0
0.11594492261649236	0	0	0	0
1.21687929064678	0	0	0	0
-1.767604358709896	0	0	0	0
0.35383785549814917	0	0	0	0
0.22999988507842772	0	0	0	0
0.9582386098632227	0	0	0	0
-2.2418739306091524	0	0	0	0
2.8387544051976974	0	0	0	0
-2.3505019318562006	0	0	0	0
0.31645178731580614	0	0	0	0
2.4414290657224598	0	0	0	0
-3.456813649849124	0	0	0	0
4.0027116191809995	0	0	0	0
-5.280285199271823	0	0	0	0
4.364440951727559	0	0	0	0
-2.2589857690542416	0	0	0	0
2.1463969212253886	0	0	0	0
-2.4659350788581023	0	0	0	0
0.601421997044369	0	0	0	0
1.4012507600788666	0	0	0	0
-0.6789351318857584	0	0	0	0
-0.32363316455254676	0	0	0	0
-0.1353768039163512	0	0	0	0
1.0106719795589854	0	0	0	0
-2.090414599359896	0	0	0	0
3.4614778905353774	0	0	0	0
-3.706155686535304	0	0	0	0
2.963624946732857	0	0	0	0
-1.918403708347185	0	0	0	0
0.96354536959727	0	0	0	0
0.13517799816421672	0	0	0	0
-1.2310362749167325	0	0	0	0
0.41779286508207036	0	0	0	0
0.20896557610203104	0	0	0	0
0.7270346566499271	0	0	0	0
-0.3347923007859137	0	0	0	0
-0.690032038797284	0	0	0	0
0.4723639407818112	0	0	0	0
0.2981802877632731	0	0	0	0
-0.9906443200621595	0	0	0	0
0.8494655529072261	0	0	0	0
-0.08140065829243781	0	0	0	0
-0.3602984847794275	0	0	0	0
-0.06295897107513326	0	0	0	0
0.3342529447669449	0	0	0	0
0.039026793990501574	0	0	0	0
-0.5114778691085959	0	0	0	0
0.8656541710170771	0	0	0	0
-0.40049638648225283	0	0	0	0
-0.45743345582874184	0	0	0	0
-0.46603634819208395	0	0	0	0
2.5841823616162998	0	0	0	0
-4.335343920592464	0	0	0	0
5.684859642828933	0	0	0	0
-7.604683995867923	0	0	0	0
8.248282984976079	0	0	0	0
-6.878357536022698	0	0	0	0
5.118459919122223	0	0	0	0
-3.4281636203083963	0	0	0	0
-0.31046612106698035	0	0	0	0
4.014658867338113	0	0	0	0
-4.698594434414375	0	0	0	0
4.199122850636968	0	0	0	0
-3.355390180220134	0	0	0	0
0.39452226954480807	0	0	0	0
1.6809982635980418	0	0	0	0
-2.024606144243421	0	0	0	0
3.4167100022692694	0	0	0	0
-5.5440604269973335	0	0	0	0
5.031057095548739	0	0	0	0
-2.0232048511621983	0	0	0	0
-0.07571089935237296	0	0	0	0
0.8620706519405203	0	0	0	0
-3.105768906749077	0	0	0	0
