1.802580626859445	-12.855761693426615	21.193357730564102	-1.0351442878881016	16785.18908966496
-1.4277246301188953	-36.56861608762577	69.59362509265333	-4.422092376153373	16793.281511353798
-9.263281030196296	41.603778128562006	9.418495214656687	3.0877898631253657	16777.11906840588
6.180362070071418	-13.322227662545295	-17.729894372061253	18.895179165635497	16787.231675925977
-3.4368992419264117	8.043354835187444	7.555683605499837	10.13261536977511	16793.481411534238
3.4845738733245426	14.239685832005819	-21.74696425706651	3.3028694794079456	16768.15001652958
-2.806063107586496	-15.583415578562416	-2.581058546191869	-11.98475141532559	16719.274516146877
2.0991438774976103	-1.3645961067933214	6.184488352339912	-7.345686559609277	16646.81087835276
-0.3440757402744907	-17.007638555624645	2.2596284184998012	14.745676138709214	16635.436520816846
-0.7241302354840329	9.831427000881817	-12.840920907319116	22.29792355904695	16721.999330685267
-0.43726119379554973	-0.8109086673487695	-0.6095568036049599	-13.411137579537026	16778.22444044117
1.9507208063347719	-7.100648717468239	-30.272691955770284	-2.306768027230774	16917.490435989686
-0.5155097101339337	2.9101275682400427	14.418205583776157	24.568841649811176	16968.07159996682
-2.154765407845481	9.994542354108908	-7.430976887934634	-6.297892731973576	16952.81917911231
2.372669258533037	-8.912040022046732	10.41835462567984	-10.435441703160237	16927.853722128108
1.1019698959676774	15.070055365187898	39.97698311002941	20.1212991264739	16876.547678923147
-4.23928096417503	4.327256872642032	-1.9625786322979906	8.797135200056474	16764.124047872356
3.976052874367518	3.766583927456516	4.643010348711485	-28.363279053038852	16807.41082736968
-2.016945642548521	30.1774283555527	-10.477203049452683	-16.860018929432925	16697.695013626217
0.2471508754031504	-7.092048272407972	-11.584779753516216	-0.5005303802447116	16702.132411651266
1.5301729840615153	-21.208681331262866	-27.424167544536033	1.200908657277239	16686.823110873745
-2.4833319214934093	-19.067660103677014	-17.045736842540705	-4.4179142254389205	16657.502708008014
2.557011738291088	15.755133588734338	9.147251223523199	8.408964055846965	16678.38955189372
-3.157872906805025	-16.237627994569735	-16.220887812654382	1.9170509322013913	16566.628382216324
4.8667173456289845	-27.505255787457337	15.372396006642148	-14.418095480635245	16645.126153216865
-4.884823457903757	22.61457994802906	15.59087399213091	1.3517823045775543	16657.498830734807
2.1086329158435504	-6.067559677422302	26.086745322349415	-2.375670370586775	16670.434421736067
2.040730475841464	20.190515801337583	3.8902606069712675	-41.969604102719956	16719.091417088544
-4.29673312879703	-9.905909587693188	-38.73990046532755	-36.716988680634344	16789.004475910486
2.959382635515958	-8.021030758504544	20.83878667226523	-32.44133283824624	16886.112745190676
1.001229763924968	-20.608870301442657	-6.60475007724753	-23.623417348234284	16880.173780534224
-4.67018159101989	7.973096498818791	-23.595002291683997	30.67952535935133	16904.745944941955
6.611961825230303	4.9165408577773135	-27.009901591674904	29.108160113570506	16842.82310323073
-9.213622727450272	-23.5311790073156	-0.0831832776953263	40.88407654777701	16868.226057594875
12.504814197965217	-7.640899412153551	4.8439621535681	126.76492973376949	16484.017026048496
-13.318909741974991	7.509527363824205	-12.947377153067848	-46.92710182495108	16397.5655053957
11.71431216628941	21.72273304050345	9.00933782350198	-138.93969660347676	16579.318600958126
-10.66962171772262	-8.440979643197835	0.5323066684122466	20.57221143418343	17127.481485698085
9.335671147786442	-13.74833591930934	2.0552472676186113	0	0
-5.9539019779557805	4.945085001218402	-4.257845081526199	0	0
1.4754266186898874	-15.932555035998632	6.892991370206545	0	0
0.7310420156809485	31.783993669275	2.7963618491442617	0	0
0.3862967686845593	7.290742869892902	25.91989657165034	0	0
-2.7859438575822963	-13.418194902713921	-13.67495175179451	0	0
2.36009890927658	6.045578348335049	8.811284280586932	0	0
1.978607762734022	11.616093714213093	-7.9997975089842726	0	0
-7.797193699628551	-21.388613629565903	12.590814789082685	0	0
11.275423072295794	-3.7383188186356335	-3.40393033092046	0	0
-7.428993855193404	-8.96961315500753	-4.678861430658557	0	0
-0.07354005802717012	9.609344846645051	-13.258028310793378	0	0
3.98366194450238	-25.146809719523638	9.338767951187165	0	0
-6.89376411451201	-2.1768956936927566	-2.634987640518233	0	0
9.960993366374531	18.89305250378459	-11.682755369546427	0	0
-7.5108721053899785	-16.936693271328792	-17.699069914214647	0	0
1.7864519554957639	19.584443706179734	7.770752129750505	0	0
0.9893035528386704	-23.318237530906202	-8.69985694861802	0	0
-2.1996714155149775	-6.303214873038762	-14.534495249352446	0	0
5.113615415692372	-1.622572695571769	6.693800933826765	0	0
-10.83023527448534	-7.548888130595152	7.717636724098995	0	0
15.385455418142904	-8.496723224145107	0.4442547188532018	0	0
-15.24221897905835	-4.476585373475743	57.84570016862304	0	0
10.905759659923234	-2.0983455679169793	8.010751194489302	0	0
-3.7275576516782394	10.185207807091594	26.860622815739646	0	0
-2.852208894434888	12.74340145078763	30.861516506189034	0	0
5.154180810470173	-20.57712486674977	-2.7420933448191676	0	0
-3.5336846357093776	-12.78872066186073	-21.429651234494216	0	0
0.30564280978293823	-9.683899450818124	-10.81980733947465	0	0
4.273491996391094	-6.376263660229178	14.829698917650234	0	0
-9.033655669003295	10.00993687658709	17.92446231032774	0	0
10.489908142453523	6.814989263660415	-3.4018802180143837	0	0
-7.41942336396837	-19.026900954323672	0	0	0
3.8680418538934234	7.52848282177964	0	0	0
-1.3376093790128323	5.46650456165316	0	0	0
-1.0514740109658618	15.554523023405523	0	0	0
1.6496403364856462	7.546588087039375	0	0	0
1.461609997533749	7.25342995621795	0	0	0
-3.4946366442639842	6.7067755977164225	0	0	0
3.1345675458595608	-2.888315817548694	0	0	0
-5.1954890883242655	-18.417965251065432	0	0	0
9.222749311102689	-19.452652793727623	0	0	0
-8.526037451526335	-9.355877219466002	0	0	0
2.557608288791755	-10.418695641819745	0	0	0
3.105678922021035	21.53394003581134	0	0	0
-4.750453664395543	3.9754760669414395	0	0	0
2.9129797726299174	-1.014421661725116	0	0	0
-1.43160561197908	-5.9496893740206716	0	0	0
1.1952231931965187	11.219321955285693	0	0	0
-2.1757132185941614	-3.6452810496420724	0	0	0
4.271319833320206	-13.011620872576351	0	0	0
-5.287029829349677	11.257530272438771	0	0	0
3.613430399490049	0.03169878376515811	0	0	0
-2.473325433761701	-0.32603342177443295	0	0	0
2.5812429760853064	1.709418630114783	0	0	0
-1.7937303345858027	-6.916082728329236	0	0	0
-0.741650804969268	-4.81615753945696	0	0	0
-0.09415602531343126	-8.072008507803787	0	0	0
4.699371659878068	-12.876673495587518	0	0	0
-6.4940905048336575	-26.303152754855347	0	0	0
4.5033916843740585	9.904114062083451	0	0	0
-3.538702151711277	-3.6291733144234826	0	0	0
3.044510427568433	9.69060546792835	0	0	0
-3.0000207278689075	-5.588099569324655	0	0	0
5.009400396964175	9.066146829605913	0	0	0
-5.950074792467845	0.014796953389193845	0	0	0
2.083642013139766	-1.449800952689074	0	0	0
0.8142370816069402	10.01067895219942	0	0	0
0.8640187366343	-2.268573525916196	0	0	0
-2.630232417569246	-10.7620378028817	0	0	0
0.7936313391328653	9.658593245120322	0	0	0
3.1529613736611424	-10.33092048792762	0	0	0
-7.004665661766822	6.59797815987632	0	0	0
8.621787027131752	9.894263674338212	0	0	0
-7.376324970771236	-11.83556225103154	0	0	0
3.8680978233228984	-9.728454891169129	0	0	0
0.3065292510612565	21.672087628702492	0	0	0
-2.3076128453893574	-0.2684880843873003	0	0	0
1.9883538129410496	11.720476995829003	0	0	0
-1.847778299041444	20.98685004318812	0	0	0
1.999175729273425	-4.882499516046138	0	0	0
-0.17640856325616738	33.051180590709066	0	0	0
-1.6620830463956153	-0.020337622224054996	0	0	0
-0.6867463593201109	-18.775512582843803	0	0	0
5.060364331913995	2.4790634663342956	0	0	0
-6.906086361892811	-1.0511271372880628	0	0	0
8.753890464184849	5.651442189640051	0	0	0
-10.959650571642584	-14.007782175902854	0	0	0
10.68389680743472	12.116818969279485	0	0	0
-7.982902399951882	0.14154384095975558	0	0	0
5.709578291444643	-10.718788590678443	0	0	0
-3.647501578976126	-46.33458318948288	0	0	0
1.533737921679439	59.73365636618905	0	0	0
1.0723455717233676	-6.739657181072744	0	0	0
-3.6024898208041307	2.752493980197748	0	0	0
3.9068613432682113	0	0	0	0
-1.8347106402306252	0	0	0	0
-1.530366496668286	0	0	0	0
5.687200515457114	0	0	0	0
-8.865687279223792	0	0	0	0
8.641041488904037	0	0	0	0
-7.102622475440576	0	0	0	0
6.84722786903491	0	0	0	0
-6.925252758670304	0	0	0	0
6.42521255677746	0	0	0	0
-5.754341073333023	0	0	0	0
6.137974571020024	0	0	0	0
-6.799146956065286	0	0	0	0
6.901789661452042	0	0	0	0
-6.3561392707797495	0	0	0	0
5.454090193954144	0	0	0	0
-4.897150755703663	0	0	0	0
5.802587403395208	0	0	0	0
-8.434754108505011	0	0	0	0
12.093720707317694	0	0	0	0
-13.730272993738502	0	0	0	0
12.041771974899426	0	0	0	0
-7.813682618214813	0	0	0	0
2.316978786036607	0	0	0	0
2.300074940737524	0	0	0	0
-4.496826293957881	0	0	0	0
5.214918432482342	0	0	0	0
-6.06651349291721	0	0	0	0
7.689830424018574	0	0	0	0
-7.428399788520906	0	0	0	0
4.366210073739566	0	0	0	0
-2.74149316517245	0	0	0	0
4.426707462877836	0	0	0	0
-5.919272267296911	0	0	0	0
6.814830730578322	0	0	0	0
-7.707323382101514	0	0	0	0
7.197818356678447	0	0	0	0
-4.4303227023692315	0	0	0	0
0.9889479953982061	0	0	0	0
1.642018620387283	0	0	0	0
-1.8419420548549041	0	0	0	0
-0.4456256338272908	0	0	0	0
1.9558217879932016	0	0	0	0
-0.1637387623904516	0	0	0	0
-2.246945567873624	0	0	0	0
3.6231358208809894	0	0	0	0
-3.4064785592341096	0	0	0	0
1.8936099614328228	0	0	0	0
-0.15288458179676923	0	0	0	0
-0.701535604506347	0	0	0	0
1.3031967359782612	0	0	0	0
-2.79464072069014	0	0	0	0
4.599586253825272	0	0	0	0
-5.469495970100709	0	0	0	0
6.389922014661458	0	0	0	0
-6.288526386286662	0	0	0	0
4.332729044779136	0	0	0	0
-1.8928819984638707	0	0	0	0
2.0587631296237774	0	0	0	0
-5.057681421298767	0	0	0	0
7.505083023238697	0	0	0	0
-6.552645246796871	0	0	0	0
4.995544456416056	0	0	0	0
-5.339453899785347	0	0	0	0
6.126878510325973	0	0	0	0
-4.713412615235818	0	0	0	0
1.3807408916447628	0	0	0	0
0.33862454399653075	0	0	0	0
-0.07918515390488068	0	0	0	0
-0.050725557580982183	0	0	0	0
1.0669484035404295	0	0	0	0
-1.9432620208324636	0	0	0	0
0.7408166884201819	0	0	0	0
-0.15506732304476856	0	0	0	0
0.7043693953021162	0	0	0	0
0.3133132160827117	0	0	0	0
-2.65025594333634	0	0	0	0
5.8372869898308934	0	0	0	0
-6.1342788917501565	0	0	0	0
2.884509996176824	0	0	0	0
-0.09995788574534004	0	0	0	0
-0.9874252006411766	0	0	0	0
1.2807149286977122	0	0	0	0
-2.2653377158083785	0	0	0	0
3.1818600267927337	0	0	0	0
-2.350123532996875	0	0	0	0
1.278356455685433	0	0	0	0
1.4189491880959935	0	0	0	0
-6.659294897611012	0	0	0	0
10.330379949514068	0	0	0	0
-10.04843203615021	0	0	0	0
6.017410575618783	0	0	0	0
0.8448996119578567	0	0	0	0
-4.271614962249487	0	0	0	0
3.3706475799349462	0	0	0	0
-1.4697562618281879	0	0	0	0
-0.06020028792087828	0	0	0	0
0.5320470019075003	0	0	0	0
-1.4798464984289765	0	0	0	0
2.1024197493346435	0	0	0	0
3.787062939325736	0	0	0	0
-14.274384269962091	0	0	0	0
15.793890799214289	0	0	0	0
-8.683114568145712	0	0	0	0
2.3849653650112472	0	0	0	0
1.628654506371177	0	0	0	0
-4.323040857814583	0	0	0	0
3.5834977018700584	0	0	0	0
-1.6808370978439484	0	0	0	0
1.7769958883555503	0	0	0	0
-6.463092407410208	0	0	0	0
10.657379334465709	0	0	0	0
-8.733457545456496	0	0	0	0
5.494156376784034	0	0	0	0
-4.429056627886972	0	0	0	0
2.176464933228246	0	0	0	0
1.1032751648257246	0	0	0	0
-1.2738586688249427	0	0	0	0
-3.0426623438549996	0	0	0	0
8.09186934537	0	0	0	0
-12.47309460375125	0	0	0	0
16.931008938682837	0	0	0	0
-7.711585225170907	0	0	0	0
0.043545357799622764	0	0	0	0
4.249427192146079	0	0	0	0
-16.385375549850714	0	0	0	0
