1.5376927836701313	-12.50181900128834	19.39241504628825	-0.7955785842524108	16736.10513060044
-0.9440466354981893	-36.01828671486794	63.651063495348865	-3.6359170392829583	16742.964380883193
-8.751028365900595	36.379060720758986	6.806312039367654	0.7099026913718376	16728.398976222314
5.188036826005117	-11.201438160631525	-19.718271182269675	31.158615782201835	16738.623202089206
-2.063164426435115	4.486897181288057	-1.2567915458747478	5.849286607762352	16737.880073736436
1.8494831759691337	18.149587399068068	-13.507614432892495	-6.979771065047942	16738.785022868295
-2.257377928804985	-22.847353707818527	4.863166625971715	12.002033190196855	16684.513378360065
2.9019391299562898	-4.0089729105092005	7.1925662064184195	-15.756539885784122	16655.865995301974
-0.9700822829369855	-16.987502808914826	-9.639745698172334	20.27827919217944	16718.43307728263
-2.6513717023251786	7.761186547758186	-6.1817297824125035	13.800159032510777	16817.749186670884
3.155607853027057	9.787833215879772	-7.854340480848322	1.1109077148955322	16966.820197193345
-1.638626445267228	-9.917261711305635	-35.10772222045573	12.181632211486914	17120.53461654547
1.755922083353731	8.38706329741327	10.190001829689464	11.398666248193564	17061.813513251396
-2.5926633796296272	14.70605685711719	-6.596071836274945	2.052996112006042	17012.622491164322
1.1061574854073086	-9.989894100509716	5.757106079609599	-11.564018408212135	16986.015439468283
2.6285862241429143	19.257615530839644	16.646813576913928	15.213966972803334	16993.317475486427
-5.755630049861459	-3.545881236289077	-1.6527985149712805	3.2231013076447965	16932.16609627522
4.616824562179602	17.39642567500792	3.5595664894276666	-14.769253744036064	16970.848647411643
-1.054834221703011	26.277243862547493	-2.4028503321086703	-4.598522693060119	16930.61100371239
-2.5641012573665165	-12.275704639157986	-12.628836649334659	-2.5816189959019624	16940.792245530876
3.9980794477035175	-15.635418728664149	-11.513493788994936	5.421928472553645	16925.5925132941
-2.968772971858513	-12.526953923593062	-9.553654146104194	11.606358124427544	16920.29345635875
1.1217270223444586	13.258969677150958	9.115148385136507	-8.278128371209732	16897.22776110713
-1.7056162312772543	-16.763637118417677	-11.395610414426258	13.49991134592338	16838.80513744546
3.7607121585411107	-23.045252862957945	18.60116133308786	-2.2585375473422147	16815.622868702525
-4.428071848205775	17.455197492593477	5.591184495168335	-3.4705680185407317	16839.188166882785
2.119411285159323	-5.149700955721919	7.197425002866154	4.964274501088283	16847.922284157816
1.5845588098518775	18.106470105588933	12.178586542060202	-17.936132814115666	16891.177383635964
-2.7004508336711908	-12.824140192666846	-25.171977338214234	-17.387251123947564	16916.575106200624
0.3814451506212606	-3.5070469991757705	19.725669093319027	-35.49939089027835	16963.668293459963
2.3503141624618777	-29.431043099282064	3.541148622302785	-10.71182525298373	16975.5890241044
-3.895286341505283	7.551469107574306	-25.017960464851157	18.070285080602417	16946.576093122938
5.410018557603607	2.9837011468480483	-9.11414247749255	33.722423702600764	16844.318216839532
-9.182228093904001	-13.98171911730661	-2.9770789689368087	20.451396248665546	16846.766375662708
12.682748253823533	-5.775833678508647	1.589370901490355	94.66668595010175	16587.136271717492
-12.41539742396344	-2.735198592300712	-2.7805341401505075	-34.84283779157788	16547.967768644936
9.086712563070812	9.52836420638787	1.6006880961867012	-100.52442820752222	16691.333682971792
-7.212332936239541	-10.694080579848887	-8.27252080692871	19.43097006131785	17097.440683691068
6.304275435451437	-12.848600609404514	-3.2278004843528407	0	0
-3.2022683525871756	9.414288904730512	-3.060088211391644	0	0
-0.7691863422290552	-7.477987881789865	13.261438126684524	0	0
1.5917657648530508	25.422459482947538	5.758407563090799	0	0
0.23890750131174343	4.931893370795741	16.968039922926422	0	0
-2.2434307446888297	-10.055708758299048	-7.123468391217642	0	0
1.3092967578340478	1.7985823019072456	1.8900070412417307	0	0
2.668751518619068	11.527508781804393	1.1280761484963904	0	0
-7.464096812899811	-14.616480275203621	8.831199203743466	0	0
10.309756691644658	-6.029780363529767	-15.96170262427978	0	0
-6.841570645842403	-4.458408775277988	-5.361662459936056	0	0
0.37287201504582157	4.81754419563412	-14.649393520405198	0	0
2.274434750747055	-30.041011088869368	3.0263084402905776	0	0
-3.830965819926192	-2.608589683314534	-1.3133564802604667	0	0
5.226493666917733	15.421357325233664	-8.01719068937416	0	0
-3.815658771328053	-11.907017129952074	-6.178270669676081	0	0
0.9577602576961866	13.67087385987147	5.8506730873697705	0	0
0.7407397278873304	-16.388970049292027	-12.602910736073795	0	0
-0.5038114157452469	-4.919686774486983	-11.254381032534553	0	0
1.7663159911652428	-0.6652396394065363	11.41595913760429	0	0
-7.825191788948835	-6.07475251446737	12.182123589125894	0	0
13.826625878872456	-9.091333630325181	-7.449648677640198	0	0
-14.269632815934408	-9.404014111447978	49.725564109690424	0	0
9.493633905483229	4.326587782678899	18.029268639661083	0	0
-1.9512816517964637	0.21268523147529805	18.65364666611822	0	0
-4.268542860620364	12.275751768168696	15.184317501600049	0	0
6.440439388613029	-11.567601806586467	-1.0561526732399642	0	0
-5.502785528502052	-5.401234560166024	-17.75722568130152	0	0
2.7661413243551323	-5.2752039981304435	-7.481144921019904	0	0
1.2353701318566692	-12.962523217363469	10.740225182958426	0	0
-5.578520932908532	11.456971630058064	15.089009031402298	0	0
8.02458645683162	7.161468199922467	-1.284196571012231	0	0
-6.811016528487841	-17.833821229993738	0	0	0
4.763701732336642	1.6920849020088369	0	0	0
-3.4210031337072024	15.00104524515497	0	0	0
2.256584527590846	6.2287096615761826	0	0	0
-2.649037576674587	10.654860426938832	0	0	0
4.818493473754536	8.503625173833655	0	0	0
-5.145092682689395	0.5062512458844424	0	0	0
4.705032860356354	8.151703812894183	0	0	0
-6.238367807239847	-15.238374619289978	0	0	0
8.373473930831992	-15.118488924896212	0	0	0
-6.9969295020717865	-1.2397921010470156	0	0	0
2.555809573438431	-16.00791071818893	0	0	0
1.456772010031628	13.45422915859416	0	0	0
-2.5768921811478975	8.440575923998544	0	0	0
1.5602096971841206	-4.439033331731153	0	0	0
-0.4345678299048785	-2.7414882845895576	0	0	0
-0.4550024130714476	5.683852889744138	0	0	0
0.8309874926461589	-6.556912894600458	0	0	0
0.2046015429471666	-8.817526708011613	0	0	0
-1.2602222077635048	12.90247633272584	0	0	0
0.8466650821203814	1.3058228866243553	0	0	0
-1.734919164154519	4.152328796577734	0	0	0
2.7510758256008074	-3.5176453145573134	0	0	0
-2.417570613697336	-2.4071975744812306	0	0	0
1.1031445843381746	-4.179518927492545	0	0	0
-2.392117051826105	-4.258386773079707	0	0	0
6.515426502123603	-14.704971112776924	0	0	0
-8.950650524598267	-21.624347484708352	0	0	0
7.266258696306949	10.327445953206976	0	0	0
-4.419416403566679	-4.87980695285475	0	0	0
2.390230752155034	6.032500877980603	0	0	0
-1.7298817528587733	-5.013552116663433	0	0	0
3.218141968596079	3.0086361850376235	0	0	0
-4.387346660462228	-0.39985986426131603	0	0	0
1.7606658354120128	9.501363005619801	0	0	0
1.501890624202069	5.595600579853169	0	0	0
-2.3135395394982865	5.058335831423889	0	0	0
2.124813768943355	-9.650118058111374	0	0	0
-4.256685958773822	13.494239445649626	0	0	0
7.467032604991402	-13.401667931965868	0	0	0
-9.973359670316427	3.88725400475645	0	0	0
9.827259803121649	10.846187830096952	0	0	0
-6.760192808943906	-5.874647535106831	0	0	0
2.8302923544427045	-7.565155394111237	0	0	0
0.876682548062135	16.35059035809398	0	0	0
-4.085932005897561	-11.324179191754382	0	0	0
4.776861978486622	9.742240034494102	0	0	0
-4.732257134023328	23.062035057156784	0	0	0
3.313482800312336	-18.8390199986274	0	0	0
-0.20729947608026578	29.058891182770516	0	0	0
-1.494589384858699	-6.763854536300244	0	0	0
-0.17209811954638354	-10.575628400270887	0	0	0
2.041868345001106	3.713140477243421	0	0	0
-2.370489817732846	14.488604045474737	0	0	0
3.622008462000821	-5.3340366973290685	0	0	0
-6.056687975373819	-2.0879720324967366	0	0	0
6.677477933082216	8.636122751195103	0	0	0
-5.1071917787031325	4.876038167879621	0	0	0
3.41907953129288	-8.072397700915026	0	0	0
-1.9747492778363025	-35.89030955299173	0	0	0
0.8944975417601455	46.48757972672857	0	0	0
0.8877925994106164	-7.296053499255841	0	0	0
-3.690012149512924	-1.809352459500964	0	0	0
5.406481484819047	0	0	0	0
-3.7789088177700165	0	0	0	0
-0.7638906480687666	0	0	0	0
6.4409507389637355	0	0	0	0
-10.363021942517115	0	0	0	0
10.18909335945763	0	0	0	0
-7.301813636168518	0	0	0	0
4.064039963667	0	0	0	0
-3.3310101727256693	0	0	0	0
3.939423752169972	0	0	0	0
-4.065162488490763	0	0	0	0
3.199167818762284	0	0	0	0
-3.091551444681677	0	0	0	0
3.967755621958659	0	0	0	0
-4.964070141537327	0	0	0	0
5.715322315206407	0	0	0	0
-6.499706402650062	0	0	0	0
6.898491776254964	0	0	0	0
-8.531284885127292	0	0	0	0
12.274208948240783	0	0	0	0
-14.477897464107556	0	0	0	0
12.871354868808247	0	0	0	0
-9.153649102516795	0	0	0	0
4.102554400900097	0	0	0	0
0.622830762065341	0	0	0	0
-2.894369632774236	0	0	0	0
2.9957341380567826	0	0	0	0
-3.924924136681213	0	0	0	0
6.752546058658325	0	0	0	0
-8.164948852196183	0	0	0	0
6.767168906893033	0	0	0	0
-5.110668290457674	0	0	0	0
4.575563368311386	0	0	0	0
-4.50887585514608	0	0	0	0
4.398578593970129	0	0	0	0
-4.808940332450618	0	0	0	0
4.385822395796673	0	0	0	0
-2.6751724270073964	0	0	0	0
1.3022849595794312	0	0	0	0
-0.355572528368711	0	0	0	0
1.142338618189278	0	0	0	0
-3.2410079810756542	0	0	0	0
3.4467989699998682	0	0	0	0
-1.218363937581607	0	0	0	0
-0.838155140332951	0	0	0	0
1.4957653821602932	0	0	0	0
-1.064507797469929	0	0	0	0
0.959132428262528	0	0	0	0
-1.2064813829301357	0	0	0	0
1.3217476035581015	0	0	0	0
0.47187989708922373	0	0	0	0
-2.864657705414757	0	0	0	0
4.104007499928223	0	0	0	0
-4.44238835941092	0	0	0	0
5.413147748188493	0	0	0	0
-5.302110521872855	0	0	0	0
3.142835713867605	0	0	0	0
-0.5572736451691611	0	0	0	0
1.012348159741535	0	0	0	0
-4.0058843887776305	0	0	0	0
5.690003567061922	0	0	0	0
-5.021662857129847	0	0	0	0
4.29308923096054	0	0	0	0
-5.395105861307812	0	0	0	0
6.905047494461172	0	0	0	0
-5.926776236494106	0	0	0	0
3.002862174867168	0	0	0	0
-0.4074205462906306	0	0	0	0
-1.460807815874631	0	0	0	0
2.561795425109729	0	0	0	0
-1.8904857978094327	0	0	0	0
0.05586714219545996	0	0	0	0
0.5598848755289296	0	0	0	0
-0.37142498002133806	0	0	0	0
-0.19064153920719207	0	0	0	0
1.1731923222921168	0	0	0	0
-2.7306637698181504	0	0	0	0
5.47755611292385	0	0	0	0
-6.780760824665755	0	0	0	0
4.616277293600554	0	0	0	0
-2.395315723130416	0	0	0	0
2.244055346790681	0	0	0	0
-2.061757805823227	0	0	0	0
-0.20643750742598144	0	0	0	0
3.2094519857783084	0	0	0	0
-4.026026030024568	0	0	0	0
3.756274185280347	0	0	0	0
-1.3172992534626715	0	0	0	0
-3.499710631969215	0	0	0	0
7.129077232900606	0	0	0	0
-8.097660545713076	0	0	0	0
6.263897433321624	0	0	0	0
-1.1758203701663987	0	0	0	0
-1.2391524991724197	0	0	0	0
0.6513128318087738	0	0	0	0
-0.6564085120825851	0	0	0	0
1.6324023155792915	0	0	0	0
-2.958817037976992	0	0	0	0
2.591730078190494	0	0	0	0
-0.5370089895655923	0	0	0	0
3.615714313748157	0	0	0	0
-12.210873181578734	0	0	0	0
14.124955309577828	0	0	0	0
-7.269969889576373	0	0	0	0
2.0675071084841505	0	0	0	0
0.233419080243209	0	0	0	0
-1.5055783620255383	0	0	0	0
0.8772644798366329	0	0	0	0
0.6114029143627207	0	0	0	0
-0.8593156738676981	0	0	0	0
-3.3988829435003893	0	0	0	0
9.334455194242203	0	0	0	0
-10.468258951468286	0	0	0	0
7.390055180939463	0	0	0	0
-4.047444561616409	0	0	0	0
1.0263808025832972	0	0	0	0
0.7888724266267317	0	0	0	0
-0.32308002965491056	0	0	0	0
-2.518121845728537	0	0	0	0
5.748552861212836	0	0	0	0
-9.132387581741398	0	0	0	0
12.747267699061446	0	0	0	0
-5.997772498447432	0	0	0	0
0.10217607876608525	0	0	0	0
3.3186660161201544	0	0	0	0
-12.273575070852324	0	0	0	0
