-0.19628951826660312	1.4250523316770156	-0.757298300543539	-0.10841785449591157	16871.79766099511
0.32004593563380723	4.344354726309966	-2.564971539127697	-0.20311988951303306	16871.795110664178
2.4602663131895994	-1.8559399162467471	0.8648425693079389	1.707859027761927	16872.213007734492
-3.2605975643233904	-2.7798322147738403	2.7887014071358607	-8.534033456957928	16871.19411041958
2.7903818464274863	7.118904657113859	4.8379560694638855	23.92744242840938	16876.20444736453
-2.2751389440227285	-1.5410511485232163	8.494074619363715	-16.82237409960679	16854.010203312446
1.7999055103436916	6.78276225929244	-13.14966233982122	21.37264548040112	16860.742046131738
-1.1969461054818709	-3.1871371226649217	-9.016524132965728	-20.051439564824136	16810.833056177456
-0.17323112625354753	7.8166049319909305	-3.3064918118423066	12.336983398059758	16805.888035710286
2.0144443801050684	-0.665204272459242	-0.7575305214741519	-9.72561265650306	16833.054135237282
-1.984338214430295	-0.789926055260068	8.422586272159478	18.296355507279117	16867.652933845922
0.4410059186444286	5.611806444566547	-1.8322536841994435	-8.818941446172403	16864.159237627016
0.11980154233615536	-1.6325346190769352	-1.90012948989353	14.368459360394695	16878.0765814902
0.5700712092990798	-1.7982359782948976	5.506126416636732	-3.477973960298158	16837.74465864049
-0.35240080906179827	1.797625915242655	3.707693304227689	2.2029638468673056	16858.798320070335
-0.7223110577889429	-2.8651324648646295	7.102573756532905	-0.0366796451749849	16841.668629039807
1.0523128874487924	0.861185265806462	7.275787612016401	9.089770931791747	16881.13165130994
-0.7385855546112765	-0.5937802726801706	-1.4027611493992111	15.214253101603475	16897.30400182901
-0.38515393311186585	4.946700618753773	-10.119356891517	10.727731113835361	16837.156860352512
1.7184019551127392	-7.557837607385821	-3.419132400482596	-10.30410144312036	16809.85627781074
-2.173890258674355	4.858487148880883	-5.4194810707204795	-1.0254916894271844	16765.279339213135
0.6298700668889765	-3.4375638028098763	13.123814919541474	5.282855300697449	16840.474893737217
0.7549040405487375	5.606552980258137	-1.5530699664244736	-2.1004745664701403	16881.946527981483
-0.5015570627184118	-1.0710037695447312	-7.350192293913906	-6.9734291499035095	16903.04186888061
-0.5193094331903012	9.018456239202159	17.30788405078222	6.448238386464624	16906.28415810943
0.5096322478600541	1.0212092768798087	-1.4026704025830128	-5.04943096663186	16938.86272421129
-0.151968616375612	10.402939835538774	4.509520167513003	-2.139412019255687	16950.8306789665
0.3219102456693008	5.340194924254561	-1.6150955341028634	0.11106840826626296	16947.33734573213
-0.7331311863064585	-6.812284405658076	-2.600762335597281	-6.268435592089773	16965.359301389668
0.6390593010792998	-0.10129339163790263	12.291432714515523	3.9525840044602205	16963.96947932376
-0.04478287713666873	-19.22142337147791	-1.745519428750086	14.864312586418578	16945.84065806007
-0.1544148562077936	9.221091659429895	-8.706994721909112	-3.453944763340516	16939.836824031954
-0.5574677992305297	4.599682449511967	10.084796661858107	3.216923252002104	16942.986738755146
1.4651419350944792	-3.3557239052364096	-10.843138363093743	11.558375822271898	17103.77430312997
-0.9332455429133901	-5.02332199831654	9.145860314530879	-5.73752164894573	16906.731169004583
-0.9187899238153037	8.844187764006193	0.49486136406983405	1.4645663370715596	16851.31124549179
2.08028489295954	7.25928347383384	-0.3159016799212111	-0.1933491446640403	16833.324098316167
-2.181844893805291	2.6383320645692905	-10.46074635931484	-5.648256350630859	16823.05988585954
2.6899892606285007	0.43694475714193715	-2.517042477383839	0	0
-3.1337995131248704	2.353922203459689	6.425557610639743	0	0
2.488289747254676	2.499461565929977	-3.8039487521942306	0	0
-1.7964638565869748	10.48987598907506	-6.508126969563747	0	0
1.6860717774375047	2.5388337881332177	14.03906630219005	0	0
-1.004919527698675	3.580048620411546	-3.576391752253201	0	0
-1.2394690371494974	-0.554597892306937	-5.9097487557796455	0	0
3.4788540473021854	7.162496968130711	-1.9810741213681382	0	0
-3.8223143913421396	-2.3336610189509344	7.210858253387187	0	0
2.242741535114746	0.7885556025449674	-5.645619147197891	0	0
-0.32346444315233214	-1.3462777788804843	-13.968737880875352	0	0
-0.1839135945334931	-7.4128967117728735	9.894739922514304	0	0
0.11767689033008111	2.5602168074662757	8.044366989013568	0	0
-1.0214824818813497	0.7465384755963385	2.4721668644867947	0	0
1.8707591331402043	4.05039588056362	8.148474206186478	0	0
-1.5364449959139037	10.328098016599057	-6.695984902702818	0	0
0.0005632127361252515	-9.662271397401653	-1.8788382157089956	0	0
-0.4443637186398064	11.8890056284013	11.863031659879454	0	0
2.3496091493798517	-2.1274845169810703	-3.2232727329185735	0	0
-2.563823825373767	12.32407503280568	3.9761642486994617	0	0
0.18126035342868363	5.16906664327081	25.8646321140006	0	0
1.8763777594375597	0.38224426666536004	-15.460154449678342	0	0
-1.7067188378873297	0.5675848661698168	4.307621907602822	0	0
-0.3788910746747831	-1.7552880719640598	-0.613547026648547	0	0
2.107658930400511	-0.36099376914253867	15.424250712300676	0	0
-1.945695716294118	-0.7882264863924817	14.573558486412196	0	0
0.08121165579046163	-2.6492543779694984	-6.01967254789389	0	0
1.933020193675226	2.3736651433733513	-10.444738460020488	0	0
-3.96323284556415	3.50476377385705	4.425673892252021	0	0
5.541990929868788	4.463185469431643	-2.047548907401321	0	0
-5.518510314989101	1.9989073857931885	12.85814929469143	0	0
3.63261460951432	-8.027839592056566	-3.7165325977953927	0	0
-1.3710270170275152	-3.108412683257491	0	0	0
0.8735553530341775	-1.4329166993129405	0	0	0
-0.5600081599664222	3.196010478943627	0	0	0
0.24762532950570915	-12.55588777256692	0	0	0
-0.4875954003327081	0.8323329381688893	0	0	0
1.3862150989171411	-11.391621604008336	0	0	0
-2.1106537392354525	4.5387594227221655	0	0	0
3.0659129558788933	-7.034551012781996	0	0	0
-4.068672613536748	7.451883281089351	0	0	0
3.8558990475952797	1.0492439532149547	0	0	0
-2.4051709565284156	-0.4382759617429528	0	0	0
1.7763333559411691	-0.6296576565565246	0	0	0
-1.4814498523563913	1.5229107021159223	0	0	0
0.9861626306273976	-0.6791876828803893	0	0	0
-0.6260024334554402	0.7377174190564588	0	0	0
-0.19374004845507642	1.9707237254461063	0	0	0
0.19221559881752626	0.7703561672937198	0	0	0
-0.21738421522325524	0.12944205702534362	0	0	0
0.9743541177665875	-10.417271481401556	0	0	0
-1.9130727702914143	-5.751827391429025	0	0	0
1.4765662326750544	0.3125289376900824	0	0	0
-1.4053183553188688	3.436000187081639	0	0	0
1.3084909797040467	-1.6814073538616725	0	0	0
-1.0663899758207833	3.5630414042926972	0	0	0
1.1506674218107023	4.120727871102076	0	0	0
-1.3022166076455264	0.6923417511650811	0	0	0
0.9817679422964289	-4.1702823612186535	0	0	0
0.22803952232921176	0.12264565697668672	0	0	0
-1.1824547654094104	-1.7384183864969103	0	0	0
1.0638833401444785	2.5281255319928917	0	0	0
-0.8115544163273825	1.82855581657752	0	0	0
1.4124012237594386	0.3732171285886139	0	0	0
-2.069775830026707	1.9376227394050929	0	0	0
1.7597232899212614	-9.093106272148106	0	0	0
-0.24812880345218957	4.869383929556506	0	0	0
-0.7686044922099029	5.996931842343621	0	0	0
-0.820240883425619	-2.0824039501923366	0	0	0
3.3150618968314305	-0.3113874482075687	0	0	0
-3.813508241932972	-1.2937764935648346	0	0	0
3.7954757665601804	0.010196105479060691	0	0	0
-4.687775619628233	-2.7635693012814926	0	0	0
4.525519370759909	0.9977715911481155	0	0	0
-2.7398641707820772	7.045679643003524	0	0	0
0.29401123315863487	3.248645391140954	0	0	0
1.779704801869876	-2.156604649197895	0	0	0
-2.314960891729278	0.9097546487679224	0	0	0
1.2583351719580236	-2.338574877938292	0	0	0
0.09037808178985784	0.5670746321281825	0	0	0
-1.7082413129195686	-6.8037318257945145	0	0	0
3.7838911493033933	11.962353433909307	0	0	0
-5.205161505175958	-8.03992872754035	0	0	0
5.231078855488576	9.900345549078594	0	0	0
-4.601835678813579	-7.291590176339241	0	0	0
2.449475890208113	-1.3027499809940721	0	0	0
-0.12432538107696445	1.3801460099512113	0	0	0
-1.2022042192392135	-5.211469216584028	0	0	0
1.5310544064114424	11.136766040029862	0	0	0
-0.623324550812697	-13.391511847236785	0	0	0
-0.7035910510848069	-5.799053673312322	0	0	0
1.0057588988115498	1.15300880177125	0	0	0
-1.1710720795707346	0.4947305526699992	0	0	0
0.5425210296157204	9.822893483761462	0	0	0
0.582785785268257	6.809668905507756	0	0	0
-0.9691258679585886	0	0	0	0
1.6089051208108742	0	0	0	0
-2.4151377492178057	0	0	0	0
2.171106011518056	0	0	0	0
-1.2356792539081383	0	0	0	0
0.8461703299251297	0	0	0	0
-0.26039489797875603	0	0	0	0
-0.35418778942344886	0	0	0	0
-0.5919069719996131	0	0	0	0
2.7845656269022356	0	0	0	0
-3.7816448562655083	0	0	0	0
2.513017935252016	0	0	0	0
-1.3558763960622642	0	0	0	0
1.0094566393126172	0	0	0	0
-0.49212164907134337	0	0	0	0
-0.780040102888556	0	0	0	0
1.5678205559053353	0	0	0	0
-0.48611643303137697	0	0	0	0
-1.1893708305299668	0	0	0	0
1.1138053805394748	0	0	0	0
0.8683080873973239	0	0	0	0
-1.9631732682600713	0	0	0	0
2.09388637994946	0	0	0	0
-1.9088685955453002	0	0	0	0
1.5765853092104436	0	0	0	0
-1.0347958377969846	0	0	0	0
0.8245094880388919	0	0	0	0
-0.4961268940220762	0	0	0	0
-0.10772258671288881	0	0	0	0
1.0723154344746462	0	0	0	0
-2.3915354951009746	0	0	0	0
2.775141192232624	0	0	0	0
-1.4205230452013708	0	0	0	0
-0.24546171216233148	0	0	0	0
1.528713095373078	0	0	0	0
-2.369569389923086	0	0	0	0
1.973980033593591	0	0	0	0
-0.8538586272233388	0	0	0	0
-0.1860731760266603	0	0	0	0
1.7883868105813292	0	0	0	0
-3.0873912233368515	0	0	0	0
2.7068105542556964	0	0	0	0
-0.6109578232002164	0	0	0	0
-1.1856803877999482	0	0	0	0
2.2907184010715653	0	0	0	0
-2.5540445722197376	0	0	0	0
1.4794975504908976	0	0	0	0
-0.1526393033337996	0	0	0	0
0.07093662765277742	0	0	0	0
-0.5883024501659335	0	0	0	0
1.2989992076919847	0	0	0	0
-1.5316224828232734	0	0	0	0
-0.17261769023501472	0	0	0	0
2.5191046352576834	0	0	0	0
-2.3817946744413234	0	0	0	0
1.7669255789185954	0	0	0	0
-1.0653182447749145	0	0	0	0
-0.24815407621014174	0	0	0	0
1.0608322066758191	0	0	0	0
-1.5045870956002219	0	0	0	0
2.7407941888384073	0	0	0	0
-3.6855170642613615	0	0	0	0
3.415887323730992	0	0	0	0
-2.2367371564585596	0	0	0	0
1.7876779265177447	0	0	0	0
-2.2940256745631302	0	0	0	0
2.7693418200839304	0	0	0	0
-2.5638021263003594	0	0	0	0
2.6639725776874954	0	0	0	0
-1.7367391977913016	0	0	0	0
0.2845977756369251	0	0	0	0
-0.6558226248837968	0	0	0	0
2.109995102085456	0	0	0	0
-2.9006953174632955	0	0	0	0
2.756797429503365	0	0	0	0
-1.9791766987745731	0	0	0	0
0.8741704842612776	0	0	0	0
-0.29367496374976554	0	0	0	0
-0.21167921029128678	0	0	0	0
1.429591137487492	0	0	0	0
-2.083967654607214	0	0	0	0
2.7845398637887655	0	0	0	0
-3.1787736127797572	0	0	0	0
3.269346153417338	0	0	0	0
-2.4876995762355776	0	0	0	0
1.209106694136075	0	0	0	0
-0.4285847544659944	0	0	0	0
0.07017601260750439	0	0	0	0
0.03456561509729994	0	0	0	0
0.5231247794692564	0	0	0	0
-1.4730881829015416	0	0	0	0
3.104075388381716	0	0	0	0
-2.187743618899262	0	0	0	0
0.16800795763533927	0	0	0	0
0.3313486435193269	0	0	0	0
0.0005981551790412709	0	0	0	0
0.6091523391183671	0	0	0	0
-1.220954759010283	0	0	0	0
2.1353055642147822	0	0	0	0
-2.1850238186540523	0	0	0	0
2.4477870627483824	0	0	0	0
-3.758465289012264	0	0	0	0
3.590083587978903	0	0	0	0
-0.6772147500784627	0	0	0	0
-2.2924101280283224	0	0	0	0
3.2869667817257664	0	0	0	0
-3.06845684828388	0	0	0	0
4.136513105532011	0	0	0	0
-5.381242323327065	0	0	0	0
5.268094891338052	0	0	0	0
-4.854180703429051	0	0	0	0
4.966080942104121	0	0	0	0
-3.860065872611642	0	0	0	0
2.6831013678789475	0	0	0	0
-2.4569129704064707	0	0	0	0
1.4748527239377367	0	0	0	0
-0.2129286303487632	0	0	0	0
1.5845026551276007	0	0	0	0
-3.9864640190626943	0	0	0	0
4.513405267190535	0	0	0	0
-3.7800593545564425	0	0	0	0
2.6038164096592027	0	0	0	0
-0.6849554335034469	0	0	0	0
-0.2369027516622424	0	0	0	0
0.40948847382662024	0	0	0	0
-1.9068436926042196	0	0	0	0
