0.15428619487084916	0.1720363048697493	-0.47042085243600695	-0.21267197734674426	16373.695554022914
-0.3841782663694815	0.7931410573661068	-1.1741267942267797	-0.23097114871931979	16374.959591117396
0.3184587073618417	4.867868029260308	5.960262692873556	8.008366710413469	16374.604217475518
-1.8244834714214875	2.2514456417923796	0.20736707483388273	-9.041332678342613	16372.738037849123
2.6163041811567496	2.9296961109459474	5.095576861844009	9.09712431661005	16383.122587263208
-2.3746165433038584	-3.0418097674537137	-2.25502194167818	26.007570398721427	16345.458817943365
1.809716024183885	6.667310491651904	-20.80409560756864	8.097211707959033	16359.498289128507
-1.0424908658385164	-2.599809432083447	10.93733270605739	-29.553449230850276	16367.399135084897
-0.21561184317840087	4.501555107135303	13.052995113288375	11.045298185625583	16466.92792982354
1.8532619744476335	-6.082301141256977	-4.424718037904896	13.679992355200113	16474.867827703463
-1.9620225647211598	-0.8434571478037682	-2.948034984643016	-9.440594694660277	16494.668265250548
1.3481303740717507	4.395080091914032	-10.385769368946839	-14.790743523248636	16502.84797774706
-1.56749678928918	7.448534009552546	8.788623547001947	14.321519283902433	16562.517422793888
2.317317949045723	3.8537560434737017	7.153955260438778	0.7012734848983371	16591.137466721128
-2.2219048302322904	-6.340349968155209	-8.79727302199123	-1.11864897452962	16594.242355954524
2.5983191462172	1.8133161865769907	-0.007245964232950541	-3.002301735466844	16640.5973233634
-2.75791254010889	-4.592991125192462	12.07394424333934	12.489423582092769	16675.54886944148
1.0657485514696745	-19.399993693145923	3.563957558447484	10.472393122601389	16675.792647609676
1.2162827863879144	-3.0536110710215993	-0.715146361374309	13.173063398568743	16664.840879314666
-1.9762006924631592	-2.2511955034600604	1.7150831362529715	5.4837928223836485	16665.806855418417
2.506315989525767	-6.884320332920296	-12.933238406555304	-5.778429164354819	16624.95136721656
-2.4066378382340545	-3.5556849975315785	1.249077984909789	4.543971764541084	16622.566641517253
1.9863474405255914	2.3574804471922732	1.961196113004931	1.352517336652113	16690.180782109564
-1.9131359930648628	-3.029764933354656	-4.867220643597108	-6.627808947798556	16682.591236960685
1.89395724411132	2.1181782617801588	-7.969503842725786	11.597688870156531	16685.439214425634
-0.7755943975899129	-3.7550319250727426	-2.098136577231813	12.818760538182275	16749.49733898376
-1.126884061837579	-1.9115264418031472	4.842570770278286	19.602103233832835	16758.943773246443
1.3013780516888076	-0.7467440303378723	13.600175639958238	-10.691148680380536	16783.096101158204
-0.5246320287583046	-2.9223820417277437	21.004669059350874	8.854167179326737	16815.89448608973
0.3638386574598158	-6.5351323517903595	2.20837333958265	7.793564444062653	16849.310971924217
0.2721718174565808	-15.661549750914197	7.06195912428646	6.648895982636503	16884.002427826857
-0.20644018759702476	6.266031494500616	9.352336254762065	17.760660376322207	16962.222664869478
-1.190556308848393	-5.726742335744213	8.349038792181062	17.669379004166643	17047.88221048863
2.22117818980729	-3.3242102261969677	-0.11492174214703255	-4.146597386221373	17142.063415229015
-1.3365821432593634	-1.2135960290843926	-22.12035245067716	5.728752554558724	17118.58107904679
0.17060176541048833	2.810525256414657	-8.972148423038249	-2.0513918459401452	17131.367045378225
0.7629663294196476	2.83560035390348	-22.375948640384095	-4.497330817877611	17147.09769749425
-2.1260375183751847	3.3874095062238183	-0.34199905939217956	2.230503185979842	17162.876057115693
2.6931046299640116	-3.270317794163631	-2.684402240668419	0	0
-2.0172158563743707	-2.3254394918676695	3.8109272875513938	0	0
1.417601226171918	-0.7349915618404737	-9.558714748817096	0	0
-0.9465292789470183	-5.562812048637213	21.690750001693914	0	0
0.18102035014474893	-0.5529762061390997	-5.755827454956801	0	0
0.46200392077082597	-4.825470257899767	-8.597330515228052	0	0
-1.009086113978391	1.731794841616626	6.066131748593534	0	0
1.5691501582189034	0.37039147204607303	-14.667285124850011	0	0
-1.2713338559568044	12.020426382218197	14.988342006758572	0	0
0.6893433435011289	7.995220549765399	-16.37468517327237	0	0
-1.0111183867520595	-4.436891670554395	14.139803951276377	0	0
2.494921981760143	8.183254564857094	-11.117886168911099	0	0
-3.7918093845991265	-0.7785510258397963	15.63958141094551	0	0
4.241646072760673	-8.028424354903791	29.43955892343388	0	0
-3.6141458221073464	9.901016426921508	-10.10101267330981	0	0
2.4374089538902197	9.093108217585097	-15.7861383923333	0	0
-0.18649677421039712	21.931516930672124	11.493687596301314	0	0
-2.5053167625251618	-3.2458791054031906	9.764753830682665	0	0
5.293760077575456	-1.850213842583777	9.478055270232119	0	0
-6.103011187140112	4.691586923373279	-5.904122214203184	0	0
4.111273969839907	-8.578543217933557	-6.233147658307516	0	0
-1.914167260247467	-4.790218896225554	-8.013757906380974	0	0
1.340177583367776	20.210521989166466	-6.606147568916342	0	0
-0.6342181367991486	-13.836491809684553	-15.790399687113052	0	0
0.11696236198734766	3.9875067214262003	2.4892961632643704	0	0
0.22674859168287753	-0.4522140341895735	-5.347712546871264	0	0
-0.32735388153089673	6.283636167974201	-6.831315020444066	0	0
0.7624240842944658	4.593721704413774	18.248667022979078	0	0
-1.4612526166961075	-14.349921162960584	-6.2227080325386055	0	0
1.4742018648131037	-5.477742786509232	1.9654075911238778	0	0
-0.1047425467847134	3.290603764327713	-16.49936732808598	0	0
-2.428902231909589	4.659080811155199	14.539225363731248	0	0
4.2943519631145435	-1.3816045077556822	0	0	0
-4.51209671439819	3.592092827486219	0	0	0
3.637938528876049	-5.88832508828898	0	0	0
-2.909397268950478	3.1284475987737608	0	0	0
1.8933203994556038	-11.095397181049961	0	0	0
-0.9333417391431453	-9.303946424422833	0	0	0
0.5383749511382518	10.272598433394357	0	0	0
-1.1379655129879112	-5.273122844532203	0	0	0
2.3040308597626478	0.1920915464881361	0	0	0
-2.872659051874159	-10.52193659117502	0	0	0
2.126357840916981	-0.20748217470904962	0	0	0
-0.8543776534899763	-12.837589403899294	0	0	0
0.2897729501068227	-5.709598034116588	0	0	0
-0.5997419697611619	2.048331862693793	0	0	0
0.8945084724388792	-6.011155315587992	0	0	0
-1.3403455580760806	5.759387377923304	0	0	0
2.129457579866994	-4.763468908818666	0	0	0
-1.7649989217417144	10.247733477082527	0	0	0
0.2487874344517138	-20.26383184777105	0	0	0
-0.04789852058946309	10.461939554410385	0	0	0
1.1364673899894342	-3.872461671496886	0	0	0
-2.0936988084355903	-6.9452736378601045	0	0	0
3.0121842905761795	-1.5248626091490252	0	0	0
-3.2821245483099943	-4.357864494623975	0	0	0
2.4253559809842073	-1.1672326326158071	0	0	0
-0.6683926591317118	-9.047390206861841	0	0	0
0.16900651488185048	0.9026948713228293	0	0	0
-1.9007885154180713	8.63786918070847	0	0	0
3.545890873067414	-13.765281525696118	0	0	0
-5.020366636786434	-2.972152779743759	0	0	0
5.5205628694105755	2.2316655374244334	0	0	0
-3.344318550726257	-6.376604876984963	0	0	0
1.15464614447653	0.5140631206585056	0	0	0
-1.9633628295598484	-0.9683973871975198	0	0	0
3.023989272773548	5.634569427733766	0	0	0
-1.8403726498879038	1.8157625004433484	0	0	0
1.0153937294282187	13.539377382656703	0	0	0
-1.7836637176177774	-7.315883030697783	0	0	0
1.2322572754432883	2.7042816795547537	0	0	0
1.720513330883783	-8.07776159277109	0	0	0
-3.846621046838969	10.629608698024605	0	0	0
3.051431315038805	-13.685723612774808	0	0	0
-1.263748289214675	9.706149143818827	0	0	0
0.47151848238200955	-5.690034789670882	0	0	0
-1.4219705818673916	2.437885921079598	0	0	0
3.609847454213437	6.078636854533343	0	0	0
-6.052168367042526	9.44940779985184	0	0	0
7.271057527965475	3.4952036034915324	0	0	0
-4.465612112227525	-2.842999320177043	0	0	0
0.5560643477433587	9.973024179258871	0	0	0
-0.5717511776010156	-2.905236832417799	0	0	0
4.408452739270743	11.191385536013598	0	0	0
-8.080143230980717	-14.967375511971255	0	0	0
8.08972909261474	0.8281255540484125	0	0	0
-5.790970158873961	0.3187554811072175	0	0	0
4.431636961305443	1.74111451607682	0	0	0
-2.9608188506133857	-11.195378374148376	0	0	0
1.272882514330263	0.9035251095126	0	0	0
-0.3924236592535948	-10.451166432027748	0	0	0
-1.0576774438346987	0.5614121036806665	0	0	0
1.5518901339758102	2.5476184296478124	0	0	0
0.45896904915468895	9.208362411041051	0	0	0
-1.528292002315247	-0.1174162490267463	0	0	0
0.07703593651108065	0	0	0	0
2.1787672711170742	0	0	0	0
-2.118412077284461	0	0	0	0
0.5985789997826672	0	0	0	0
-1.122055977778949	0	0	0	0
1.911362212382734	0	0	0	0
-0.853436983071596	0	0	0	0
0.3141677928440032	0	0	0	0
-1.6260627863425938	0	0	0	0
2.2477433599338994	0	0	0	0
-1.6111247386348424	0	0	0	0
1.75170472078878	0	0	0	0
-3.253774827114718	0	0	0	0
3.5124733827852097	0	0	0	0
-1.5216039283112792	0	0	0	0
-1.4295753270580676	0	0	0	0
3.4113796485727903	0	0	0	0
-2.220169728797295	0	0	0	0
0.17506908710389268	0	0	0	0
0.6542503141705254	0	0	0	0
-0.8862435427064312	0	0	0	0
1.2443771933372858	0	0	0	0
-1.4128773774788357	0	0	0	0
1.0067133407783118	0	0	0	0
0.6908285003432795	0	0	0	0
-1.758548433367487	0	0	0	0
0.034607015786129125	0	0	0	0
1.0461405810131623	0	0	0	0
-0.081268973191996	0	0	0	0
-0.39770147920623344	0	0	0	0
0.2219252892664514	0	0	0	0
0.4627533562734243	0	0	0	0
-1.8634986277012615	0	0	0	0
1.7618091925595891	0	0	0	0
-0.25681312363781217	0	0	0	0
-0.25298472243475345	0	0	0	0
0.7974081520899361	0	0	0	0
-2.2203656701931465	0	0	0	0
3.1160843562762395	0	0	0	0
-1.6270771740980479	0	0	0	0
-1.485700339928421	0	0	0	0
2.1620622362113906	0	0	0	0
-0.9342571664842723	0	0	0	0
2.339072651242951	0	0	0	0
-5.037417822113227	0	0	0	0
5.5486575242510625	0	0	0	0
-4.3574553960507245	0	0	0	0
1.85277058780715	0	0	0	0
-0.07628203484332374	0	0	0	0
0.045460740032993385	0	0	0	0
-0.3894541752231291	0	0	0	0
1.179918091427112	0	0	0	0
-1.6973247731845404	0	0	0	0
1.5711634171486892	0	0	0	0
-1.0825452925984962	0	0	0	0
-0.5419454785553626	0	0	0	0
2.8914654500942305	0	0	0	0
-3.283571126687413	0	0	0	0
1.2823449071883175	0	0	0	0
1.6825901018259728	0	0	0	0
-3.871164976984417	0	0	0	0
2.9284632783395566	0	0	0	0
-1.4955101229481045	0	0	0	0
1.7587501686322113	0	0	0	0
-1.0340779680849508	0	0	0	0
1.0766869308345122	0	0	0	0
-3.9715778483026156	0	0	0	0
6.123761168879611	0	0	0	0
-5.4686115055416735	0	0	0	0
4.48570915640407	0	0	0	0
-2.2205663427707023	0	0	0	0
-0.8024772278778585	0	0	0	0
2.029642908839527	0	0	0	0
-2.0735021205284596	0	0	0	0
2.9928574102508634	0	0	0	0
-3.7583008617177214	0	0	0	0
4.001498254583787	0	0	0	0
-2.581357404534124	0	0	0	0
0.057996932381719546	0	0	0	0
0.18074219078752662	0	0	0	0
2.052709693906941	0	0	0	0
-3.288549538625844	0	0	0	0
2.2686770136933276	0	0	0	0
-0.36284599616078594	0	0	0	0
-1.3018683592951987	0	0	0	0
4.531993425173958	0	0	0	0
-7.70330377178643	0	0	0	0
6.166379643461944	0	0	0	0
-1.995275351544187	0	0	0	0
1.3257057087800206	0	0	0	0
-2.121763149327357	0	0	0	0
2.8547449841860058	0	0	0	0
-3.5172360361901696	0	0	0	0
3.570519334050303	0	0	0	0
-1.9075504844427869	0	0	0	0
-0.44932565945360636	0	0	0	0
2.068219981549369	0	0	0	0
-2.5204657716754895	0	0	0	0
2.6783271068801895	0	0	0	0
-2.024133254435526	0	0	0	0
0.3777937791965371	0	0	0	0
0.048394380529884984	0	0	0	0
0.5404065645714553	0	0	0	0
-0.7146939204308538	0	0	0	0
0.7961171150475295	0	0	0	0
-2.5369664072726366	0	0	0	0
6.118091491565131	0	0	0	0
-7.389668976567485	0	0	0	0
5.673419625054898	0	0	0	0
-4.800811267546905	0	0	0	0
5.072864361431691	0	0	0	0
-5.157886246372847	0	0	0	0
4.717995772212618	0	0	0	0
-3.5711435041814568	0	0	0	0
2.276881779520245	0	0	0	0
-0.014550637655133869	0	0	0	0
-3.215686339443174	0	0	0	0
3.989696677430217	0	0	0	0
-2.84630584249021	0	0	0	0
2.122352993798586	0	0	0	0
-1.682277542861442	0	0	0	0
0.3381146991386217	0	0	0	0
0.052035642283364325	0	0	0	0
-0.21414575664325497	0	0	0	0
0.5753590435420222	0	0	0	0
-0.48892652470662057	0	0	0	0
