0.17321872023237006	-1.111492895580696	2.1563102460592063	-0.18060907375328838	17220.064800083586
-0.12432863690040818	-3.040227365994042	7.07049497300936	-0.6031178159837509	17220.659886877445
-0.14893056363314372	4.879087390217165	2.194285406726536	-1.7997935816752602	17218.444028886828
0.14061961413749202	-1.229865421671846	4.627937133196724	17.083748201623024	17221.15662535904
-0.7555502744752829	7.784728125038868	-13.049316812672146	7.971492191896772	17215.142830636847
0.8376829659513376	-4.156593193286369	2.702552673831363	23.98799734555209	17237.136780497494
0.00869947557488615	-3.039058000182905	10.102830066333922	-139.59288756084254	17355.781692171986
-0.6851862183257822	0.16703808065578585	-14.076261903526273	61.08731991788821	17473.7780879555
0.1802403484388293	2.888084648640003	-44.273395502655035	-75.91902921660869	17110.03898491133
0.2507560683429091	-8.952551722885943	-133.61240592033386	18.548412407767373	16767.95808536753
-0.9106572672846909	-7.6602121812469335	70.10736999086163	-77.31933628322469	16650.779245240232
1.3633298383698502	0.7849171404949686	-3.83619298762693	-51.141348218256695	16511.83919151951
-0.6199011444640945	10.131651706481207	-12.998927294736077	-7.688211159608642	16691.40398881167
-1.0973765578014039	6.929644371362329	15.387305849255128	15.21176690147955	17114.695672435864
2.812706573002302	-3.64766719753311	-17.794327035870396	37.28061029180452	17289.65372006993
-4.174605242816384	6.490575785160118	3.241076526133469	-21.41367570406686	17045.983963415132
4.754214682003244	42.98811865354337	49.78571210932607	8.182862048392948	17129.885417326983
-3.1572801111411053	-6.726203879753001	-39.4288148061126	4.527647421621481	17236.690170785176
0.6224257115692495	-9.214174265268582	1.6497632271025537	-2.6411274640186946	17150.39568487386
-0.021059007729022028	-8.624464934544982	-25.293668606659935	1.2809833622944495	16994.223563088704
-0.2355294713701923	5.142897324722604	-21.959786715270383	-18.560290405955115	16967.528840976247
1.2561122244782155	-29.640116580667318	-12.068433379583794	-0.811080814670035	17022.232149496802
-0.9033755789207234	2.184041303055139	8.393958972160476	13.868048596644499	17028.44232925857
0.507724685421671	9.156451857628944	-25.305640723165368	-35.085645507541784	17034.88307922073
-1.164852749639003	-18.464527751275554	27.30606957076398	-59.42516981724266	17070.89815459093
-1.7059676817634113	13.451931211221002	8.812590966799874	22.010211492869416	17001.590844314807
3.2968665182335215	-1.5212118751700459	-5.613300824452054	13.90837490457659	17358.2602579186
7.196445133233084	-5.936491177756167	-8.883046246038262	10.620161712319401	17306.36462318994
-21.918803518545303	-10.407499440956492	-1.4163515161212104	-10.570850551962252	17234.497233284026
19.412779267116584	24.493428522545713	28.706718831369727	35.28694599804598	17220.244590057835
-5.14305503742829	-1.3837727573340644	-12.468658612518752	-13.117188523781635	17144.333294424003
-1.3418540236848315	-8.560219375462616	-1.231843069284679	-4.364776240258266	17110.69932350041
2.0041969149541927	-11.879665462644994	16.33968335631377	-39.33555216371107	17058.750036347607
-2.043443828876363	1.9419101320266137	-5.398961124003165	49.52455317096219	17189.617807050596
-0.17676671393932253	10.484702059983569	0.23901586896425897	22.142034527033218	17171.83123740088
2.5877157706141034	-29.16923186103721	10.057256162284474	-9.248607603566342	17101.24159226937
-3.9918256393312674	8.661955545985741	39.92750500126765	-35.86707548909396	17141.798355063795
4.982029527522705	-0.8665218444982514	-2.680113880935849	-19.45550908634354	17248.786960411067
-3.9193942648570754	23.575686587371123	-19.412982797194346	0	0
2.0322404063204544	-19.13577187097279	-14.744742765641362	0	0
-3.2188331729411246	3.915968941647762	13.547615730780578	0	0
5.884776377778664	17.524468110895697	9.26768404564227	0	0
-5.775055060013493	-4.461827175804771	-4.319031738916763	0	0
2.0590985691799943	-16.621219324781393	-3.4412551525580426	0	0
1.9237678310146862	17.96303876797998	98.9121745462196	0	0
-0.42687290771480235	16.636568546962593	-54.42775550773999	0	0
-6.777243678210553	0.08217724755712652	25.551342518165953	0	0
12.885977401960346	-4.353776544227301	8.924081173092986	0	0
-13.275288658772993	-8.079591480301985	4.35307157641428	0	0
9.183809792209225	-2.9892902831911243	-13.540993007748199	0	0
-4.562558928350029	-0.7024301624183806	1.441768834888606	0	0
1.7763648203661404	6.227735459250852	-10.717738814451252	0	0
-0.4667990650928502	5.534794852455448	-12.512088958613816	0	0
-0.5515653551399353	-3.2701665586851334	8.681088512258853	0	0
0.9515066759969244	2.3108575604273653	-21.088868664481723	0	0
-0.48522692539962975	8.534137677531803	0.8627146787810887	0	0
1.4919895907911993	-4.4307906665534915	-5.725283080116242	0	0
-1.2238666649345902	3.8799000599325666	-17.741832847453693	0	0
-1.2373561069992434	-5.599508331949494	23.667908259584237	0	0
2.480215341569128	-3.467973229677483	6.979600113139085	0	0
-1.999774677346494	18.391699410757397	10.706432162110389	0	0
1.7240334349532418	11.530563758538165	20.280292317262237	0	0
-2.808370445272388	15.487005499587852	35.88603814941257	0	0
6.100151571775079	-2.7403510193454252	-53.58542171116166	0	0
-9.035683644388314	0.8011991082432246	7.115537231513912	0	0
7.9482542025320555	-9.163659738481051	49.700230375948735	0	0
-1.900634989522331	-10.480011910176394	-20.210432249397073	0	0
-1.0422448340296455	3.7015913930482043	9.854396736068267	0	0
-1.3043906507402454	-3.9204798369945166	-56.11511217246887	0	0
3.838801996799404	-6.178107299121137	30.15787870380771	0	0
-4.219408636070696	-0.23918129672313881	0	0	0
3.73952273670465	-0.7743093933863534	0	0	0
-3.6290018111418405	2.066453012955904	0	0	0
1.4573843439653231	7.095630969600293	0	0	0
3.6495469892728636	22.111999570683196	0	0	0
-3.9917629820808287	-9.023211439232043	0	0	0
-2.029267154554354	-8.997827946868938	0	0	0
9.470393278387881	1.695460899972538	0	0	0
-14.620439354751333	-0.5697001931131496	0	0	0
16.971521615340542	4.4995722059205505	0	0	0
-16.001869916081667	-3.341330950288885	0	0	0
12.061185356460363	5.616705490834846	0	0	0
-7.554095078871825	-7.757434804836372	0	0	0
6.715662884978407	9.676177641062466	0	0	0
-9.00891323733002	-5.092999203446922	0	0	0
10.354576154981736	-35.83454152287118	0	0	0
-8.444368746868065	17.419930872781876	0	0	0
5.131519511032835	-16.553378762989787	0	0	0
-1.6043056293266957	-4.032752823978832	0	0	0
-1.832868197293621	1.4141455481148881	0	0	0
2.1443124655029564	-13.424307095084487	0	0	0
-1.291922276367238	-8.904940997262003	0	0	0
1.6903265059885726	-8.098651032301134	0	0	0
-0.1559442574989376	18.640523218988605	0	0	0
-2.618768798341307	0.12374526515057482	0	0	0
1.9943449178871475	-1.0745485993812025	0	0	0
-0.465729264005013	-2.7703549424100657	0	0	0
-0.3106784066168373	-10.20304982189981	0	0	0
0.7944525905382491	8.900157368688923	0	0	0
-2.326987870134026	6.329114808011951	0	0	0
4.273640214610737	0.5407117498987759	0	0	0
-6.495490921299336	-4.1598807768326225	0	0	0
8.134723276942786	-12.832351718251317	0	0	0
-6.722607820002445	-2.5461257473453713	0	0	0
2.212209665123595	6.636362027014286	0	0	0
1.3844828065915422	0.5240111936656717	0	0	0
-2.5340871084699117	-0.8403568640379149	0	0	0
1.1895088945873837	4.740710417605939	0	0	0
1.359947703736438	-4.1859015622120666	0	0	0
-1.3573388075245987	-2.0267004214071918	0	0	0
-0.981607886912002	-1.3784019659242261	0	0	0
2.4190135856765593	5.762112835246896	0	0	0
-2.3742091093813045	-5.001453044493772	0	0	0
1.5732588790129043	7.6371502015153965	0	0	0
-0.9678545252082316	-8.107831266600208	0	0	0
1.9379531950987428	7.345978368222426	0	0	0
-3.3172758106472244	3.4378949968011483	0	0	0
3.2030579767203378	11.738899304218165	0	0	0
-2.7624003869720894	-0.43246294745873115	0	0	0
3.034450595684106	9.280913482666406	0	0	0
-3.955977112073235	5.5611678837364735	0	0	0
5.711053666053864	10.157189556508683	0	0	0
-5.748716828247282	-8.973649374446566	0	0	0
2.05564980101866	0.0816328576174783	0	0	0
1.8112436869398962	1.7260935443634366	0	0	0
-2.9379702585362253	-4.059489299328362	0	0	0
3.4216772782892306	-4.090203176459596	0	0	0
-3.8436981230894816	10.335216483545473	0	0	0
3.0113706466627903	-3.462585292231381	0	0	0
-0.5583381738700837	-2.536457185136811	0	0	0
-2.0352129696358574	2.5320648938526276	0	0	0
3.055649930536184	0.9347567502449721	0	0	0
-2.478258272967331	-8.496952676538825	0	0	0
0.49962394985338676	0	0	0	0
1.7463000225208916	0	0	0	0
-4.327337979960788	0	0	0	0
6.14976362918339	0	0	0	0
-4.978684765576347	0	0	0	0
3.066332743300805	0	0	0	0
-4.094507836369495	0	0	0	0
5.108224527766531	0	0	0	0
-3.0458712120250837	0	0	0	0
0.38094559896828883	0	0	0	0
0.9117773216856762	0	0	0	0
-0.5469037137319859	0	0	0	0
-1.5743258296101672	0	0	0	0
4.97313716222304	0	0	0	0
-4.543109392943244	0	0	0	0
0.8345223222549407	0	0	0	0
1.8487569139859872	0	0	0	0
-4.115892345200535	0	0	0	0
4.999565447166333	0	0	0	0
-3.560613890132373	0	0	0	0
2.080151265634335	0	0	0	0
-1.2337161713980151	0	0	0	0
-0.5077778583231805	0	0	0	0
1.7516694836100797	0	0	0	0
-0.9367961484374092	0	0	0	0
-0.48755338762298805	0	0	0	0
1.119080496604468	0	0	0	0
-1.0491911560614753	0	0	0	0
1.5098990098952498	0	0	0	0
-3.0697420300518985	0	0	0	0
4.96007509195487	0	0	0	0
-5.5527166046901115	0	0	0	0
3.099674871447121	0	0	0	0
-1.0829116260479736	0	0	0	0
1.2596787600969108	0	0	0	0
-3.960709083006158	0	0	0	0
11.026312832080414	0	0	0	0
-12.924236846383785	0	0	0	0
5.531832471980763	0	0	0	0
-0.00967017490951605	0	0	0	0
-0.2076506647750591	0	0	0	0
-1.5865158689621524	0	0	0	0
1.7671662811144344	0	0	0	0
0.577073011909583	0	0	0	0
-0.9949595624184298	0	0	0	0
-0.483391905852514	0	0	0	0
0.934949288816938	0	0	0	0
-1.1836095340550017	0	0	0	0
3.766627949132207	0	0	0	0
-7.206859115656762	0	0	0	0
7.8217631769320946	0	0	0	0
-5.309170149739664	0	0	0	0
2.465257882852228	0	0	0	0
-0.6993563197206996	0	0	0	0
0.4270185950525871	0	0	0	0
-1.851524874414828	0	0	0	0
1.78315201732228	0	0	0	0
-0.41572956677298833	0	0	0	0
0.807034845120512	0	0	0	0
-2.3799380583659655	0	0	0	0
2.757409829396366	0	0	0	0
-1.2831599430005909	0	0	0	0
-0.054224461136442414	0	0	0	0
0.9047243520326447	0	0	0	0
-1.6125344660721552	0	0	0	0
1.209777791848495	0	0	0	0
0.30179943945286425	0	0	0	0
-0.5649049486678805	0	0	0	0
-0.8373274118683582	0	0	0	0
0.9845915770670004	0	0	0	0
0.6161638335918909	0	0	0	0
-1.4274261049273562	0	0	0	0
1.6266385941385124	0	0	0	0
-0.7062293196452245	0	0	0	0
-1.2086624662433962	0	0	0	0
1.981486465034429	0	0	0	0
-1.9486674791373133	0	0	0	0
1.5945499627862247	0	0	0	0
0.70378061333966	0	0	0	0
-3.1775080348331812	0	0	0	0
3.37967358711024	0	0	0	0
-1.4704825237511656	0	0	0	0
-0.11903145942236648	0	0	0	0
1.3040504423607615	0	0	0	0
-3.2120409646716155	0	0	0	0
4.387822754093122	0	0	0	0
-4.039920472081484	0	0	0	0
4.20018373882391	0	0	0	0
-6.0402050762333275	0	0	0	0
6.746325941487491	0	0	0	0
-5.078468981760928	0	0	0	0
4.478160828099739	0	0	0	0
-3.067894537275741	0	0	0	0
-1.7893571302645057	0	0	0	0
5.647726659836344	0	0	0	0
-6.581500242407259	0	0	0	0
6.413504810539955	0	0	0	0
-6.145000237407515	0	0	0	0
3.872016147658094	0	0	0	0
-0.5592796361220209	0	0	0	0
0.7499192171844911	0	0	0	0
-2.7014683656028566	0	0	0	0
2.0061523087542312	0	0	0	0
1.0956110763269535	0	0	0	0
-4.3605814454587986	0	0	0	0
6.796315823404235	0	0	0	0
-12.151704534730015	0	0	0	0
16.330384995853045	0	0	0	0
-13.054785970473482	0	0	0	0
6.827718467281947	0	0	0	0
-3.11973806285409	0	0	0	0
0.5668856921607315	0	0	0	0
-1.987613929368159	0	0	0	0
4.430021187622934	0	0	0	0
-1.1701685720553598	0	0	0	0
-3.370835529702184	0	0	0	0
3.0251133647221096	0	0	0	0
-2.629174656606054	0	0	0	0
0.313394819473956	0	0	0	0
4.175811660490311	0	0	0	0
-3.8940395774737055	0	0	0	0
0.2559121598712437	0	0	0	0
0.5600625754674553	0	0	0	0
0.2083654735429903	0	0	0	0
-0.38937444194795034	0	0	0	0
0.35374636249803615	0	0	0	0
