0.05607107322381211	0.9557646251314509	-3.4623484717549218	0.21298277879398597	16409.05731693373
-0.5341955726574028	2.6060638123139057	-11.18950621801632	0.8309981020537407	16408.42494831903
-1.8648865056277941	-3.2752137099833263	-0.27935059077566393	0.535609508380162	16410.520162474542
3.375680377301272	10.249231699619521	4.995627665265346	-17.327416756769367	16408.33988836623
-2.5024783034089566	0.5919737214226046	9.103937275567858	-2.4064606055066946	16412.83325201351
0.8461969026127889	-11.251171801251445	-0.47270439005025366	-31.128502064659173	16394.451977631317
0.37475621870834175	4.7496902661943	6.36133265776914	-2.00864079091906	16356.858850896235
-1.354088760945963	-6.908518742441714	-7.490772967783457	-47.39056375541756	16415.596369270785
0.7152852021992828	0.9752759467837748	-1.5356645593758742	31.77858147740629	16566.846136142485
1.7390531074343727	2.4244740736594608	4.395835759291032	37.172308804299206	16397.84038419812
-1.8837183796159636	1.5791726775044381	3.2703745574610394	1.6887101679840129	16213.763017667228
-0.5501610401998036	3.1642190046946794	1.223992972077255	18.802664931187195	16353.048487947552
1.2476251698096448	-2.6760407001116064	-5.749278289480387	-24.578180244246965	16704.797440215727
-0.3873823855489533	3.736001609339695	11.922709968642494	9.593251109989978	17108.96926057394
-0.14466702132734355	1.7070974735981679	-7.329646947572272	-9.979082701460555	17162.438722687584
0.013835479721933552	1.5460620036731	5.280568926521127	13.0803553929929	17006.01302202919
-0.305301261339352	-1.48157673816862	3.602742014350355	-1.1815440509343063	16852.794279752918
0.712258255703361	3.9416458765587805	5.776819128775543	13.50566347499992	16780.45639993268
-1.1930891437971596	-1.5745683534656507	-5.259163616723782	-15.152027254693067	16920.50636972797
1.773052647682384	3.394540039093414	10.21765800158525	-5.542954553744281	17071.853272135886
-1.6546325658009096	-5.200468951315614	-11.024348154174092	14.160974931403317	16920.902358985124
0.3033602853624515	1.609395626538479	1.2680419890971564	-26.708674777058718	16900.659835619477
0.0997706638928122	0.3088012232497235	2.66509031307163	54.29623162520991	16750.14674722319
0.6598888288313347	-0.1369668520234555	-4.08601135102883	-10.469859269899501	16575.6172296977
-0.6529964178751726	1.0505099168424934	6.844487716071015	33.15632109102154	16494.89006635782
-0.10689916283189405	-5.7068524994225385	-4.329192536083511	-68.01522044029959	16726.33494122757
0.4993530550470169	5.962103730860768	-4.4175676557401715	46.69623347621719	17132.062048433974
-0.04225016905308365	-11.100007158353797	6.857163509861152	-61.50170745802396	17162.222317801068
-0.11957259802166931	4.986749578093459	-9.01604611722017	49.508888165436645	17197.186202004097
-0.06516470099314375	-5.068635835507273	-2.806979833362732	-22.791887689265423	17023.103150587187
-0.8391451809779511	-0.38851670110130243	-4.96603793680579	-17.09916819287379	16923.642537409396
0.28462056872560737	-3.856061232953323	16.576568478536444	-40.395292723229474	17155.35746606059
1.621842747898576	-0.8222213580092586	-11.322702860372985	70.627462643495	17021.739691563052
-1.7390161640653048	-2.9712044962004853	1.6112013141668058	-23.665912033914765	16757.800132576733
0.963398560900167	-1.1039519009534047	5.089151900340312	-19.12481115709265	16947.04018555699
-1.539529429035987	-0.09813449593813317	-7.137346512461832	14.7071229605462	17271.122623462386
1.9338978410038905	-5.336143413482937	2.7305670534374684	18.608465937794932	17118.005118716916
-1.4294740329780353	4.2531130490052576	10.128505837958102	-17.58567982394996	16959.06706149286
-0.1362808133307709	-6.960636303561728	7.890645978352907	0	0
1.4418420585526022	4.586306292792926	-7.335314823504149	0	0
-2.599718054972115	-2.533724662453409	-11.021044177613177	0	0
2.6062684317188243	2.488436796939723	4.598099466009458	0	0
-1.057654952091717	5.763869756659361	3.7213922866832974	0	0
0.040338736682130616	-3.3378606801302766	12.784617479931526	0	0
0.1887781192951934	4.518313248500412	-2.7765994041425586	0	0
-1.2594591982695604	-7.243679026997356	-5.452947568008881	0	0
2.2639865030923403	-12.388577846505825	4.168100844529022	0	0
-1.8503096038328835	-0.6401680235570524	-5.651806234593877	0	0
0.27838480993186465	0.7147643813531062	33.97799487943183	0	0
0.960625431873595	-0.3494321699207532	2.102666403055707	0	0
-1.205760452732953	1.2538767318678268	4.833950166229812	0	0
1.463693192930478	10.33979388988714	-4.429666576959093	0	0
-2.401762205034707	0.27394814811626134	-15.700490187572115	0	0
3.4882743233513196	2.366709827574425	-15.008885392254356	0	0
-3.2362009214548664	5.99328237213512	15.143720717747684	0	0
1.574804721285254	0.15449897820240466	-4.699667123575907	0	0
0.0074796774420846646	-3.705402088126071	-2.6930005093023794	0	0
-0.2272423686924654	2.424302515367927	-3.7458113690435084	0	0
-0.36199321236264126	2.452372185245956	-10.071310158692796	0	0
-0.3302495818550497	1.700776022091155	10.34086802759829	0	0
0.8301341800696704	4.565352964664669	3.066772882244024	0	0
0.9158536961610295	-7.470006142391753	-3.3569364816753193	0	0
-2.007600511681723	1.4535473964321852	-6.24738819294312	0	0
1.5064919674090973	2.201224927014678	4.11975793710053	0	0
-1.4467867734313131	-5.117604072714698	-1.631587810501216	0	0
1.8847921986469416	7.264740807722923	6.221377663635934	0	0
-1.5780638417428747	-1.3117674556525074	3.243054520955468	0	0
1.0995944640440385	3.482632068728293	-3.274447842328783	0	0
-0.9877532184777991	2.5735403322104986	-4.72225500506093	0	0
1.3573028602855572	3.9666376169844497	1.4355397435646182	0	0
-1.9482959672880682	-12.170486572182512	0	0	0
2.39167360019416	5.047468693258253	0	0	0
-1.6445440133191553	-2.431592209251505	0	0	0
-0.35732432558427263	-4.367471525662481	0	0	0
1.4040758599998782	4.723974963025832	0	0	0
-0.6633132992084114	-3.1939016125512367	0	0	0
1.0356751475193846	-2.5809236088781446	0	0	0
-2.3256166007640076	3.8737942858453067	0	0	0
2.1537747098458127	-9.745835823599322	0	0	0
-1.0742492512043214	3.5810750851871873	0	0	0
0.942299013633658	-6.747814694310627	0	0	0
-1.7320740014593383	-5.28934125448712	0	0	0
2.4642975147191066	-0.903841422253727	0	0	0
-3.285271403399868	4.024216876545921	0	0	0
3.1189717946631745	1.9588169422239758	0	0	0
-2.2540721116640228	-1.4347222444884693	0	0	0
1.8432924004956561	4.941313136740298	0	0	0
-2.596845222250103	-0.47161261035905255	0	0	0
2.718980511141069	3.623779023558612	0	0	0
-1.247344622739483	0.483451315725425	0	0	0
-0.9942740363291307	-2.0958672828351865	0	0	0
1.9026815415584792	-1.1517367615604002	0	0	0
-2.7825157936901377	3.460159662613677	0	0	0
2.968935509753976	-9.145625887432217	0	0	0
-1.64800584954083	4.927176973916886	0	0	0
0.02769581767847029	5.658969265886043	0	0	0
0.76745625650954	-5.224429050390945	0	0	0
-2.1441206043632164	7.637396468639054	0	0	0
2.9404977027764687	1.0953243911432224	0	0	0
-2.684827806864	-0.38726010080470985	0	0	0
3.0695843711754236	-1.4676512984340206	0	0	0
-4.048116957124904	-4.8529648312481015	0	0	0
3.871250517721464	4.9828690812756165	0	0	0
-2.0790131093567936	-3.936897020699192	0	0	0
0.7323965077108099	-3.7669131419656665	0	0	0
-0.9583284835966452	0.9389846331637486	0	0	0
1.381235633357143	-10.080668178521599	0	0	0
-1.5198999718127766	-1.3959893937134993	0	0	0
1.6967319933370248	2.17102513444501	0	0	0
-2.136685240509763	-7.314172504488354	0	0	0
1.5264886465599545	-2.1419725120542807	0	0	0
-0.7028900498830879	3.7335232294858116	0	0	0
0.13127616587591007	2.6073509884190997	0	0	0
0.37799819372776255	-0.5791543448494636	0	0	0
-0.7385818010770606	3.518402515561405	0	0	0
0.34380850124691875	-0.24681424923423378	0	0	0
0.06302255144588997	-6.152591507415892	0	0	0
0.2813300673588799	6.683806701359401	0	0	0
0.6190766030953796	-0.16863877615234912	0	0	0
-2.324019123727929	-5.321054871778053	0	0	0
1.6552208934308368	6.097371070714367	0	0	0
-0.027265133335056646	0.9901627752923758	0	0	0
-0.787633797208791	3.6042426337311895	0	0	0
0.5861987894821752	4.439846230114199	0	0	0
-0.03326043075572471	4.9892719284798375	0	0	0
-0.41794444247140916	-4.050925588270175	0	0	0
0.2674708098198906	9.990077430256719	0	0	0
0.8165369067308603	-4.844317366356194	0	0	0
-0.29873152677205894	1.3014230739552062	0	0	0
-1.3410923394076093	-3.8582118146307067	0	0	0
2.116644610293477	5.26924708934061	0	0	0
-1.2037489877624523	-1.1337094509509882	0	0	0
0.9189357952224171	1.4188939391424356	0	0	0
-1.884675378671929	0	0	0	0
1.9980399842093277	0	0	0	0
-2.2096549960264937	0	0	0	0
3.9458610576660007	0	0	0	0
-4.235257946766772	0	0	0	0
2.1894677300098664	0	0	0	0
-0.7824102251206497	0	0	0	0
1.3504991068398624	0	0	0	0
-1.4606314205115893	0	0	0	0
1.2446660338726119	0	0	0	0
-1.5101554024490866	0	0	0	0
0.5673428281019071	0	0	0	0
1.2681480196235313	0	0	0	0
-1.3083672595673974	0	0	0	0
-0.6154547189643225	0	0	0	0
1.4503417957221387	0	0	0	0
-1.1640577041331852	0	0	0	0
0.3055872014931893	0	0	0	0
0.9501593267158697	0	0	0	0
-1.5689146062281765	0	0	0	0
0.3306988291923574	0	0	0	0
0.6536894932099102	0	0	0	0
0.16838236597481426	0	0	0	0
0.6164520654563077	0	0	0	0
-3.0403582556862006	0	0	0	0
4.0704612748102065	0	0	0	0
-2.66017977261869	0	0	0	0
1.3028388278010965	0	0	0	0
-0.22659024472584832	0	0	0	0
-1.1445158021152508	0	0	0	0
0.7524250561127346	0	0	0	0
1.2212601077841612	0	0	0	0
-0.9814156458074024	0	0	0	0
-0.31185432647178857	0	0	0	0
-0.011424846253760279	0	0	0	0
0.48417015864061597	0	0	0	0
-0.48716594453974693	0	0	0	0
1.641465975259564	0	0	0	0
-3.5514806750604038	0	0	0	0
3.3982631711472138	0	0	0	0
-2.513367043736146	0	0	0	0
2.4562644195464998	0	0	0	0
-2.107071027674813	0	0	0	0
0.8639239270791492	0	0	0	0
-0.15515690543193728	0	0	0	0
-0.24301250951215536	0	0	0	0
0.7357714196651415	0	0	0	0
-1.1978141043149577	0	0	0	0
-0.3375359977714112	0	0	0	0
2.200804741441047	0	0	0	0
-3.5460739158007186	0	0	0	0
3.62889674966182	0	0	0	0
-0.6356146741270123	0	0	0	0
-2.4186180789821776	0	0	0	0
1.3413845529242607	0	0	0	0
1.7655938420816497	0	0	0	0
-2.436491814805052	0	0	0	0
0.15911629792848458	0	0	0	0
1.4585817706205333	0	0	0	0
-0.8451303239666217	0	0	0	0
0.48689618185319006	0	0	0	0
-0.2990777295382969	0	0	0	0
-0.9535452954443073	0	0	0	0
1.3223819950081577	0	0	0	0
-0.2304500913676577	0	0	0	0
-0.8299389553351162	0	0	0	0
1.4199697801210007	0	0	0	0
-2.823309870081765	0	0	0	0
3.0278011942057432	0	0	0	0
-0.9117713615514518	0	0	0	0
0.9869993897513822	0	0	0	0
-3.174126659755146	0	0	0	0
2.778819461244325	0	0	0	0
-1.8931623548354608	0	0	0	0
2.7587000453706665	0	0	0	0
-3.2855697508074186	0	0	0	0
2.2872565852733615	0	0	0	0
-2.4370986036284137	0	0	0	0
2.977794970552381	0	0	0	0
-2.5180910954418394	0	0	0	0
1.3391761990898061	0	0	0	0
-0.316356662823722	0	0	0	0
-0.5241610377142507	0	0	0	0
1.1274556298008207	0	0	0	0
-0.6071185160167119	0	0	0	0
-0.3219230973578959	0	0	0	0
0.37116524084855484	0	0	0	0
0.5776431141363716	0	0	0	0
-0.7880780685111262	0	0	0	0
0.8382786617600573	0	0	0	0
-0.4604817648675663	0	0	0	0
-1.0126268767274027	0	0	0	0
1.3195103873658809	0	0	0	0
0.10309666298342535	0	0	0	0
-1.1977308999667073	0	0	0	0
1.3715779825457872	0	0	0	0
-0.800870757247111	0	0	0	0
-0.504421860190746	0	0	0	0
1.1899045898878597	0	0	0	0
-0.6846136255654613	0	0	0	0
-0.107050151912361	0	0	0	0
1.411425186533819	0	0	0	0
-1.5097696964546614	0	0	0	0
0.6977137578393311	0	0	0	0
-0.9117739861855512	0	0	0	0
1.3953499360976878	0	0	0	0
-0.5125051371900042	0	0	0	0
-0.34790257795986435	0	0	0	0
0.1290645180720773	0	0	0	0
-0.19785389380660945	0	0	0	0
-0.006957233445305633	0	0	0	0
0.7565917804090248	0	0	0	0
-0.5690219812253119	0	0	0	0
0.4710683992580229	0	0	0	0
-1.1849940871182767	0	0	0	0
1.2683185842694584	0	0	0	0
-0.5951148614062518	0	0	0	0
1.3690734410259822	0	0	0	0
-2.9615792388248394	0	0	0	0
2.6514641156837087	0	0	0	0
-0.6612725110213944	0	0	0	0
-0.17863695319321238	0	0	0	0
0.04615328679539488	0	0	0	0
0.1590916195492369	0	0	0	0
0.26613266391021284	0	0	0	0
-0.21570831961738435	0	0	0	0
