0.5012269804206468	-4.413510319537139	9.276688955377793	-0.28962180478863786	16685.96246267255
-0.5447015756724198	-12.550870721238262	29.62986020486612	-2.4821752988570864	16686.10558988653
-4.357582026608007	9.957083522324268	-9.329596442374722	-20.030975818269752	16680.039597024574
4.7926728886551615	2.9444997759150624	4.7459770799478065	7.264654500169144	16688.2934585355
-4.4642640277083245	9.046082656690444	-2.2907488022985945	8.01789959592459	16671.982031244715
4.113538145118767	3.264087345519542	7.4291944664239224	-4.93041076203356	16728.34196277943
-3.0009493281910977	-4.8668807004519365	10.936966225969883	10.398924739069386	16776.238475050577
1.822557901677051	5.166482015642941	2.076933035019863	-13.53349036584531	16797.3365037386
0.2017715394852715	-7.3511247769426475	-2.8935257374816246	-6.246136492805363	16847.752176166585
-2.186162784271069	9.440526857418575	-20.832114412461195	-8.226391307226194	16920.524372377622
3.315390624608874	-4.451037437372143	7.2492451313332396	-6.298914002203247	16996.19547641577
-3.6849504607478636	4.254855839157486	-8.023279672358768	-15.040833941216974	17085.01300845124
5.513359728146732	10.178193938474195	4.587510747412665	66.87571232205616	17069.842130220863
-6.227876089569293	-9.137615450057659	-0.7146346953743716	59.68865538221945	17010.882923193298
4.634698971482827	-2.2872720067370267	-7.958925889829729	6.85177076307032	16944.75315926085
-3.422589288915084	13.624939012606205	-7.450532401060386	2.647717417207332	16944.9300742877
4.283039687105244	4.238551269374788	0.8843016356936602	6.953365806152448	17051.286874078985
-4.4157341705177515	1.3932528880296928	12.075159631335069	7.975810723441583	17052.27570906671
2.754293920632449	-12.492047923991635	1.4585929937551043	-31.78536839271105	17019.541137495737
-1.4205234861202243	-1.059481450918426	-3.710448181522679	36.53688208110219	17003.135554379278
0.574722855159699	-3.7648227426193372	11.010338618747753	5.640595486898974	16980.818118523483
0.3382421617162805	-9.204497559096566	-2.3953255129625433	-18.408478555560265	16989.835221286336
0.09568036776659739	6.482467727270347	56.13303084846265	47.4872491739078	17004.982304086567
-1.9452603598018356	-3.2776180589896455	43.24850393907023	-22.87599007449549	16957.15242734551
2.309637099883794	5.742472639251062	-12.173021970650339	1.435351720946187	16953.86331008061
-0.7010904535565672	-13.873020056460625	-7.024551178192354	-7.763681590834466	16924.723147424516
-0.5686493497366598	-2.215746834491	5.909773003961476	7.373118062821916	16902.310469825323
1.209658489089371	11.618734680209307	-4.663742492435702	-17.445779158688524	16940.810737484706
-0.8281255935694958	9.494798475220783	13.83295649996559	-100.90969736945728	16946.406902425097
-2.239789891588316	-7.506361709482526	-20.610112517718235	11.696968058152422	16966.47134805305
5.356464666164591	0.13859002995991432	-5.03214244617925	-20.143206582402414	16919.229176308963
-5.312220934154567	0.8385945543184192	0.980295553815381	49.36234914400417	16806.713193987816
4.322867073905755	1.3904055084626634	-3.110517616647982	-57.781602862342794	16715.60691663722
-3.911364358559858	2.2307561446261275	-9.53965547560152	15.31710526958203	16747.859836327
2.488372918230546	13.222656500548325	6.167225741427799	35.580141149525616	16300.431548786095
-0.11955435974561368	-3.319266050781337	8.442328650618109	-19.232125745821136	15928.923553792112
-0.7674159568513232	-0.3444590275626638	-2.1995709587543217	-35.66018542066733	16016.53225366594
-0.021870005137117232	-13.704044471292761	24.50318005537285	31.669688377220808	16218.544349172967
0.24186371881800994	5.016831882798428	-3.540103501790057	0	0
1.0281347561911787	1.9357551986500638	3.69997107434844	0	0
-2.7209793192630585	-7.131248991776836	4.369792835387969	0	0
3.9248815219799056	-6.5019716087801385	-2.5189959389841903	0	0
-3.013291611056239	13.565333063331522	0.7137727563851541	0	0
0.7719803057486914	-77.16979694289077	-10.974228448810265	0	0
1.0636819886783258	-8.95058659504776	8.637684872693228	0	0
-2.365827859618207	-6.363617821775307	-11.177897627362498	0	0
4.807256102384542	13.893300859670148	3.5099129185273057	0	0
-7.013979147549428	-9.25232098913007	-15.88395394649811	0	0
5.8764064006030665	5.038659826648754	7.755779785676509	0	0
-2.090583479200731	-15.585385247804155	9.126978141298508	0	0
-1.2261805705728293	6.205453564897354	5.1626146533776875	0	0
3.177845542788269	14.058387750755294	-4.335117950042644	0	0
-2.9993949627772096	-3.7529358916658495	7.433754690270675	0	0
-0.1703387117069397	5.40955857596245	38.490094557620495	0	0
3.9425158709289647	3.278189677119947	32.809210828821364	0	0
-4.631722865525454	-1.3682477812151248	-6.826993415055	0	0
2.7974554963808274	-7.237508656077992	3.155736040036089	0	0
-0.9963715928672414	3.599801484367539	26.603089323242585	0	0
0.6334763944710318	-6.843691598163545	-5.450088005784082	0	0
-0.8257730897495037	-2.440036344847016	27.335431516040558	0	0
1.1937667961002134	-0.3140629093527991	-11.678371899426494	0	0
-1.7159031301256675	6.6672024160993715	-9.668079559335524	0	0
2.159522175986922	-3.5937865004388385	37.31575604496713	0	0
-2.1526179691148286	8.193922727767813	-2.1840190643720376	0	0
0.8314537101973656	1.0260446267271988	4.400862236241707	0	0
1.3176972882432665	-4.890869037518556	-28.478894534304757	0	0
-3.301059131173311	-4.61174530142268	4.40581035415245	0	0
3.6601269134072822	-9.543874499944742	-0.22140006218241126	0	0
-2.5576386592869795	-0.2813003515479906	27.97381721862436	0	0
1.6494321568635186	-9.762302919113353	-11.847610271846904	0	0
0.07246376857219872	2.4174491680840475	0	0	0
-2.17175243645989	9.273784327108032	0	0	0
1.6858305647624476	15.294157099729567	0	0	0
2.397286813687323	-15.06291026884918	0	0	0
-5.06429632283988	-15.204483991267914	0	0	0
4.137037119352065	5.1158671832624165	0	0	0
-2.0787133414127297	-9.919364270660367	0	0	0
0.3640073692039323	-3.585490766500925	0	0	0
1.054258286886089	-3.526825613454122	0	0	0
-0.604815137416594	2.986334034576217	0	0	0
-1.7904104908096201	-6.675937018991938	0	0	0
1.3339806849375861	-2.471749532108241	0	0	0
7.48829393235124	8.601354736295242	0	0	0
-23.205357114393536	-13.68494015993771	0	0	0
32.9289715152717	6.098009127778042	0	0	0
-25.67903997395296	-7.94739961965427	0	0	0
13.889619038412071	-0.6767988993294622	0	0	0
-7.2555963895567075	8.659681068304117	0	0	0
1.6579747453915488	-6.722490682129433	0	0	0
2.915466458212755	6.639573218430968	0	0	0
-2.823404176513776	10.749161580191078	0	0	0
0.8534446513493279	1.8451148613839052	0	0	0
0.3611945413214528	0.11734254354179541	0	0	0
0.011335558407559176	-10.5573882957261	0	0	0
0.5479528521339816	-2.9927406528034624	0	0	0
-1.0889214961419498	2.2472485534827484	0	0	0
-0.48815340882214997	7.337313941893001	0	0	0
3.4566113238084952	-5.350685209238975	0	0	0
-5.413031077706378	8.759968604953514	0	0	0
4.981295106052698	-0.6653478663074424	0	0	0
-3.4438589995024245	15.633969692657978	0	0	0
2.453097466598443	-0.43931216913982496	0	0	0
-1.956664022890621	-7.04608617286145	0	0	0
1.6426832266786775	-2.167062143738015	0	0	0
-1.0212851242067842	-14.218285626795385	0	0	0
0.42443909662023316	-78.47667536460715	0	0	0
0.4658691385500475	17.945865012254643	0	0	0
-1.2033129000430023	-10.646341969335985	0	0	0
1.6386914280138782	0.20455018562842753	0	0	0
-2.349792655433774	4.810401899166067	0	0	0
2.247412987747012	1.844743777331999	0	0	0
0.633881123857357	-1.7024261554122262	0	0	0
-2.387488970143295	-3.4028300878058957	0	0	0
1.155935937874986	-12.792587728084037	0	0	0
-1.019874756476149	11.728893410963785	0	0	0
2.464441813096535	0.654833981717708	0	0	0
-3.022403936680149	-8.877803281875423	0	0	0
2.5353969284403703	9.49899133403067	0	0	0
-1.959825148144695	-6.821488947419979	0	0	0
0.4281674753177427	1.3530337572008264	0	0	0
1.9218304238354875	-4.849054242108039	0	0	0
-3.146126182797744	-0.5604233881585401	0	0	0
2.7322205866814926	-7.749341791753167	0	0	0
-1.797316671737427	-12.280590781624483	0	0	0
1.0119905936913653	-6.040231556297897	0	0	0
-1.2213082302719727	-1.0504432785937041	0	0	0
1.6435422459584643	2.7058061191542393	0	0	0
-0.975362222785563	9.018827701524643	0	0	0
-0.48370730801826056	-16.81795639636678	0	0	0
1.5920687075948905	1.2953836333060877	0	0	0
-1.0381529550179351	2.7467148833538673	0	0	0
0.43191520884643353	12.706743241291349	0	0	0
-0.6456107357474536	-12.565450732049214	0	0	0
0.4754612486802259	0	0	0	0
0.43901755322032443	0	0	0	0
-1.3231607471663622	0	0	0	0
1.0831818936043334	0	0	0	0
-0.3396470132724829	0	0	0	0
-0.34636763371625534	0	0	0	0
0.20460620205037827	0	0	0	0
0.9320179296999456	0	0	0	0
-0.5095231122214514	0	0	0	0
0.31422786580803574	0	0	0	0
-2.402291479777034	0	0	0	0
4.024279752411637	0	0	0	0
-2.2180320668487425	0	0	0	0
-0.8192289599180356	0	0	0	0
2.0285270326096594	0	0	0	0
-1.4677929235762406	0	0	0	0
1.552642600617098	0	0	0	0
-3.0328445148087937	0	0	0	0
4.284133518115091	0	0	0	0
-4.862572140372919	0	0	0	0
6.291895262835304	0	0	0	0
-6.687110621566646	0	0	0	0
5.6331008906500415	0	0	0	0
-3.5280288945001104	0	0	0	0
0.3135650009612121	0	0	0	0
2.419881642386642	0	0	0	0
-1.9131677817601016	0	0	0	0
0.6614051506646916	0	0	0	0
-0.8136694856663311	0	0	0	0
2.7082002801775786	0	0	0	0
-3.7425831080978753	0	0	0	0
2.450687388754126	0	0	0	0
-1.5746876607893796	0	0	0	0
2.19833416041471	0	0	0	0
-2.895775893426098	0	0	0	0
2.422368994676745	0	0	0	0
0.07654526571460707	0	0	0	0
-3.229908109878032	0	0	0	0
3.785070771213462	0	0	0	0
-1.4958141233555864	0	0	0	0
-0.8247647259180013	0	0	0	0
1.7189256897957534	0	0	0	0
-1.0708500202703988	0	0	0	0
0.4672287522949006	0	0	0	0
-0.880840571681567	0	0	0	0
2.5262654604214916	0	0	0	0
-3.713368438795264	0	0	0	0
3.0428053501157137	0	0	0	0
-2.735929582168204	0	0	0	0
3.3732667610836558	0	0	0	0
-1.5193986559505106	0	0	0	0
-2.042323627087775	0	0	0	0
4.687957275839985	0	0	0	0
-5.777319683544903	0	0	0	0
5.872387174692008	0	0	0	0
-5.312788805530239	0	0	0	0
4.510310929119797	0	0	0	0
-4.005740386183426	0	0	0	0
3.6131271280221853	0	0	0	0
-3.7332666667569185	0	0	0	0
5.102808542897115	0	0	0	0
-5.588962897025716	0	0	0	0
4.290147500670997	0	0	0	0
-3.3044548844213963	0	0	0	0
3.258027273426073	0	0	0	0
-2.23704831323095	0	0	0	0
-0.7821611698881412	0	0	0	0
2.8357115753387347	0	0	0	0
-2.8692795905392714	0	0	0	0
1.7920901798414377	0	0	0	0
-1.2127961405136531	0	0	0	0
0.6751987348642388	0	0	0	0
0.5305399382673457	0	0	0	0
3.1619154938092677	0	0	0	0
-10.684252060737819	0	0	0	0
13.074873948775398	0	0	0	0
-6.983345147891676	0	0	0	0
3.741155609781522	0	0	0	0
-6.210504424234635	0	0	0	0
6.850513219983128	0	0	0	0
-5.017153060957867	0	0	0	0
4.525905151263679	0	0	0	0
-4.010870522927618	0	0	0	0
3.494808413809963	0	0	0	0
-2.2629649449645797	0	0	0	0
0.05148565303922936	0	0	0	0
0.5971457476070299	0	0	0	0
1.3633010884422276	0	0	0	0
-1.8363794593555127	0	0	0	0
1.0206238709555322	0	0	0	0
-1.7743769923670598	0	0	0	0
1.426425464788096	0	0	0	0
1.4787034437660296	0	0	0	0
-1.5309051263787552	0	0	0	0
-2.1515394103258814	0	0	0	0
5.523033573157953	0	0	0	0
-5.198073938185139	0	0	0	0
3.5632490120710187	0	0	0	0
-3.2212967189456023	0	0	0	0
3.7912312026951227	0	0	0	0
-3.6536154201906896	0	0	0	0
1.621314619662499	0	0	0	0
1.5646366938817735	0	0	0	0
-3.5390024197831664	0	0	0	0
2.688470185944155	0	0	0	0
-0.2816457899950109	0	0	0	0
-1.9837677672545198	0	0	0	0
4.712571513148255	0	0	0	0
-5.66927246020753	0	0	0	0
3.9193905815629293	0	0	0	0
-3.4648411642961463	0	0	0	0
4.217226665339787	0	0	0	0
-3.9813235209217765	0	0	0	0
2.484769851743316	0	0	0	0
-2.034060842950929	0	0	0	0
1.70317344766962	0	0	0	0
1.0045155340433354	0	0	0	0
-3.2290611425127835	0	0	0	0
3.028703427120128	0	0	0	0
-0.3016821642089482	0	0	0	0
-3.3517128815243495	0	0	0	0
4.642758610727469	0	0	0	0
-2.303142537390123	0	0	0	0
-0.5702947456437073	0	0	0	0
1.471877823052651	0	0	0	0
-3.404581437293949	0	0	0	0
