0.630952517700166	-2.120111566905578	8.888695370791226	-0.911847094210998	16801.633011814272
-1.4380570633758012	-4.737387630049348	28.586809878762637	-4.146911560732363	16801.46472122176
-1.6195040384414483	16.594940915025084	-5.418435317848534	-18.424966707035807	16795.47336590718
1.6970248394621947	9.820380881439235	12.364955532164046	26.34134351331751	16804.25513609639
-0.12014475580728856	11.161989222090568	-15.702624805497067	28.96349894438457	16784.16308046155
-0.4391081596652029	7.262794971809953	11.057112176222518	-6.42128171060439	16853.10522940431
-0.509171223038706	-1.0732063295752283	10.917436292240808	4.32910704868128	16880.944422069446
0.5759728933055825	-4.864945405139508	6.663024126098193	-7.4064970243650805	16873.208467419736
1.562469473785157	11.965233582414228	-18.636553860964895	-8.335164735530014	16843.987391532763
-5.369734265462135	17.207399076097303	-21.528179399066545	22.487341124008424	16949.416372427466
8.383340876026189	-6.712252495928006	3.030234355551542	-21.188743702719577	16937.589446491616
-8.877069636756026	9.478213983950816	5.258706116330046	15.281139032529822	17033.90448830929
6.649402529651574	1.3665544118074706	-1.2353042877406182	96.70748619777062	17030.001734452526
-2.2595877711414545	-21.98651616434224	0.6910910929805993	64.18849087278602	16945.694638237655
-0.49924273148536	-6.979864780250175	-8.727845678731796	6.792648881821179	16874.027776550523
-0.6292143374970891	21.13331249244476	-8.068120471833225	16.86215144212359	16837.099303560037
3.9421167186709525	-3.5771681065335343	-8.461637827007763	15.742249461769845	16945.126003600242
-5.541594341114639	5.239439729063243	-7.185312980322962	-4.153824246840443	16974.913930796625
5.344763951161013	-9.753063775257395	-15.199213307745879	-35.28902693122839	16948.13650695399
-7.090429483347187	-2.605847695958957	15.792073562939365	26.3768650298786	16950.959971087057
10.249195236304686	-0.6741882756598372	15.369194055821168	-31.058158790233733	16923.55634455385
-12.934150344826477	-4.462742071615459	-4.054060231721948	-5.538138426005133	16937.895977496843
15.322113332970957	4.084236767636668	56.93932734647905	14.80128238373689	16982.254669858066
-15.515524325212311	-15.319991852580536	47.39171777765233	-32.5632880513959	16824.07615494526
11.842513375772107	9.213694980700836	-20.046914523779364	-5.983962625911033	16856.235469493113
-6.5852102786076046	-9.840483379337464	24.386251442411393	-16.7522597658037	16861.93551749321
1.065381357247432	-0.5454414921045014	0.9967071574374557	2.5908310430403816	16816.917750068573
4.28835204198802	-2.7769608844233176	-0.46755126329337315	-23.663672568444213	16859.99313635804
-5.243298923206851	29.364088123513433	4.763558990343682	-146.49860734630198	16857.378922263044
0.4462200053356611	15.22599896452597	-36.769039197970855	33.27707716128444	16931.907336788525
2.8520772165599126	-16.93665832451395	-5.271855734802799	-53.10230987176142	16850.494492112004
0.052231158329945515	20.162165782194634	23.747957238143456	62.76097521674804	16729.268402342623
-4.57582760193867	-35.65638032087843	-12.9357563724475	-78.15645341064915	16660.93779109042
7.013880406147351	30.73646703858902	-3.910983076746419	30.763849347475244	16737.133520909432
-8.739994247374405	20.982865011689277	9.983944197646608	35.49216804713606	16215.200973703835
8.810904942278228	10.721888654626824	28.98319980174813	-22.143629651370787	15717.40985622637
-5.734182567219861	16.692688876995675	-2.949758990518532	-37.88514478022114	15849.3704565659
1.8880003259887275	-13.326172073064285	12.323942529210882	26.623735803690053	16084.29340820172
-0.14408624766018363	12.707184027836561	-1.1982307222633182	0	0
-0.42424787388575425	-3.756522732611195	-8.778792016028063	0	0
-1.150162655320031	-10.435541198677363	20.185251501395456	0	0
5.1474132651204485	11.487552076292168	-13.867283707412795	0	0
-6.53575933341093	19.8258908539255	-5.9467922924522725	0	0
5.752199275996297	-116.22643923264948	-1.4324883974130387	0	0
-5.372815153132585	-1.1880695910589765	-3.9127178072471054	0	0
3.733655024428103	-16.819372430176266	-2.923189798681662	0	0
1.9792177124867152	15.058821047135702	29.88658659345407	0	0
-8.236677875421016	-17.490299919053882	-18.252519634633856	0	0
10.561129262936234	15.40666865460598	18.712649304692974	0	0
-9.784112605647302	-24.40708359288699	22.124928420804665	0	0
8.571306208122031	14.245144868309247	-14.28851335208229	0	0
-5.167368884850944	23.50466086864312	12.031393158410737	0	0
0.3103788749897731	16.977847946912505	-3.6777606667359777	0	0
1.284826508102654	10.54926048788699	49.57004430963943	0	0
-0.4137117972738835	8.639689496978065	53.27163661722109	0	0
-0.10823574726488516	-15.765527063816066	-24.41450494074084	0	0
1.0246236209194137	9.967640331835234	8.622837685362612	0	0
-2.2339602326718904	0.32746151679014446	-4.308127199084623	0	0
1.0303449117524437	-2.582999662586076	2.337962297556089	0	0
-1.1695384339724981	7.630798272138314	39.77988708679436	0	0
5.974642576359457	-2.066401407251142	-9.57292584063211	0	0
-11.646157747133685	-6.040500664247311	-0.07928306403141505	0	0
12.191585738718317	4.811379335041359	39.66118382998644	0	0
-6.331108113232638	5.6202681598870186	-3.4321411515636697	0	0
-0.7303379054941672	-6.920987342856819	5.421582961886941	0	0
3.351666267098416	0.7710721347119147	-28.777069684769742	0	0
-6.445536965009573	-21.129366373876962	2.5221809718760824	0	0
10.484471397841489	4.2635484956840415	1.8004021120910636	0	0
-8.720607382823076	-19.892981553578252	26.746621856003557	0	0
4.757447598605651	-17.116888925158086	-11.843804906095627	0	0
-1.699189057316957	0.2890221408294593	0	0	0
-2.7030043762239657	15.171966726933952	0	0	0
1.5886099542335472	8.447359147249031	0	0	0
5.912989333348882	-3.1847525235087915	0	0	0
-9.433242137409259	2.4201685197905576	0	0	0
6.632630583647817	19.004832532237167	0	0	0
-3.0208904842796613	-15.658935566711847	0	0	0
1.4728171599861355	-3.4694469118602456	0	0	0
-1.1772563925410395	3.2778373410039876	0	0	0
3.479411339409296	-9.969422208301985	0	0	0
-6.367457996584477	-6.9305308374042625	0	0	0
1.8309584960331833	-6.609686594059461	0	0	0
13.970572453657617	10.619548933853494	0	0	0
-33.30704485696024	-5.523491584953703	0	0	0
42.212039485746324	0.8398561837466545	0	0	0
-31.760831443664514	-4.9936752172460785	0	0	0
18.099892841193153	-4.285736079453336	0	0	0
-12.807467223694317	6.399292770178505	0	0	0
7.822295835177414	-11.437772090011187	0	0	0
-2.7763109065179066	9.332703292958698	0	0	0
1.7048437265063825	5.267118797364176	0	0	0
-2.4150005267707897	-9.45402123378507	0	0	0
1.84043609527275	18.774509476430694	0	0	0
1.8680351431136302	-17.16140113229479	0	0	0
-2.9961399566258677	-1.9921905059538503	0	0	0
-0.9388658612355201	-4.981455923290035	0	0	0
1.1378664543690746	-7.157264027647528	0	0	0
3.139840854262239	-11.15179179446151	0	0	0
-5.261307786887272	10.920143000594805	0	0	0
4.263746686899097	-4.235318419762535	0	0	0
-4.2290684213697105	24.816557577467165	0	0	0
5.076054421585148	1.5095144803299831	0	0	0
-3.333711334640128	-0.07658546405290423	0	0	0
0.6233183057549994	0.810591654479488	0	0	0
1.164691196494708	-8.028319952666322	0	0	0
-3.435554658316768	-114.44511839940667	0	0	0
6.1298995055059535	26.872545473774835	0	0	0
-4.876288900755576	-22.871297724060206	0	0	0
0.432305112152072	-2.1244201541611716	0	0	0
1.4930823457015947	0.7851537611600676	0	0	0
-0.6874619034059251	7.79128027443425	0	0	0
3.34563085974834	5.0536389236488475	0	0	0
-5.904491805605737	-2.3390183063079917	0	0	0
5.155740072237776	-26.504805236104175	0	0	0
-5.633328913682682	15.25957662669262	0	0	0
6.2005295351847	-11.920245185876666	0	0	0
-3.4446062626605283	-8.634824481808877	0	0	0
1.602274931338485	-11.513111337643977	0	0	0
-1.8496366659941046	3.1104830131157257	0	0	0
-0.4144375578979833	6.175450904186604	0	0	0
1.7231645572578032	-6.61262285422891	0	0	0
0.8086242363845386	-11.260585076187489	0	0	0
-2.785556595397722	14.199523486408602	0	0	0
3.1218338814620736	9.231290721139423	0	0	0
-3.8731346348321267	-1.7916884080687012	0	0	0
3.7299237025209706	-17.935752752819923	0	0	0
-2.9253877695157797	-3.177503855637738	0	0	0
2.3425239975235996	-2.72706695313218	0	0	0
-1.7078147102383383	-32.23991064471829	0	0	0
1.6103722644120921	-13.435976138474835	0	0	0
-2.8920422320161023	27.234202976611947	0	0	0
3.6758596206856353	24.012004798459976	0	0	0
-1.904678875378579	-2.6394109035031192	0	0	0
-0.5376787128734719	0	0	0	0
0.5094534257934242	0	0	0	0
0.8374010915915377	0	0	0	0
-1.970351744007175	0	0	0	0
3.060857905216821	0	0	0	0
-4.786213606312032	0	0	0	0
4.914423170986645	0	0	0	0
-1.8259908604340964	0	0	0	0
-0.13565228472641877	0	0	0	0
-0.6203756534000178	0	0	0	0
0.09090415803105856	0	0	0	0
0.9631663310716974	0	0	0	0
0.9074239478627888	0	0	0	0
-2.9842881014686853	0	0	0	0
1.706948568260124	0	0	0	0
1.0361897494152998	0	0	0	0
-2.5423948186263345	0	0	0	0
1.4745933466613366	0	0	0	0
2.240455354882016	0	0	0	0
-7.370962279938588	0	0	0	0
11.657317183402938	0	0	0	0
-12.027988752449915	0	0	0	0
9.442599726252048	0	0	0	0
-6.811640734355862	0	0	0	0
2.6304484898938654	0	0	0	0
1.3412127090532735	0	0	0	0
-0.15338498771581044	0	0	0	0
-3.2309779553353124	0	0	0	0
3.275558377646618	0	0	0	0
-1.1470037703908602	0	0	0	0
-0.7022930798225389	0	0	0	0
1.9772296543165453	0	0	0	0
-2.581279280796508	0	0	0	0
2.3535185120220206	0	0	0	0
-2.287022355227144	0	0	0	0
2.8432674290373257	0	0	0	0
-1.5351142721459325	0	0	0	0
-1.432798828383639	0	0	0	0
1.1759921488575955	0	0	0	0
2.0908221994707006	0	0	0	0
-4.991862993521863	0	0	0	0
5.195115177207846	0	0	0	0
-4.125604761019311	0	0	0	0
2.2864107475640196	0	0	0	0
0.11388020768122686	0	0	0	0
0.3233911478099216	0	0	0	0
-2.3655025378931	0	0	0	0
1.1281830512867188	0	0	0	0
0.07399855389103038	0	0	0	0
2.5458849753529833	0	0	0	0
-3.508821824995742	0	0	0	0
0.933729176233129	0	0	0	0
2.2725692861806053	0	0	0	0
-3.7603342301346245	0	0	0	0
3.365234408588435	0	0	0	0
-1.8369711844510377	0	0	0	0
2.6516908633568335	0	0	0	0
-6.629264659042612	0	0	0	0
8.941137519277298	0	0	0	0
-9.508064331984933	0	0	0	0
10.326298492481257	0	0	0	0
-10.116114600443254	0	0	0	0
9.019194302479576	0	0	0	0
-8.8143260733409	0	0	0	0
9.967585522628248	0	0	0	0
-7.740451014058493	0	0	0	0
1.4422087834700008	0	0	0	0
2.031834669420874	0	0	0	0
-1.4067897462346792	0	0	0	0
1.172876230867459	0	0	0	0
-0.7320161139319694	0	0	0	0
-0.8174395116457731	0	0	0	0
1.3923380281299202	0	0	0	0
5.465029620765428	0	0	0	0
-16.512450547839208	0	0	0	0
18.578700864221396	0	0	0	0
-8.821199289982808	0	0	0	0
3.8138539461551986	0	0	0	0
-6.465702485073521	0	0	0	0
5.899152851937913	0	0	0	0
-2.5778340755237537	0	0	0	0
1.621804801883627	0	0	0	0
-0.5091295706698844	0	0	0	0
0.3932281339156347	0	0	0	0
0.150898290029005	0	0	0	0
-1.6589472622798311	0	0	0	0
0.2023350143852909	0	0	0	0
3.4813880266853943	0	0	0	0
-6.273429222366261	0	0	0	0
6.512342377590741	0	0	0	0
-5.0542912777295115	0	0	0	0
0.38333551332657123	0	0	0	0
4.35622727151749	0	0	0	0
-1.5844813765024952	0	0	0	0
-6.416680826327777	0	0	0	0
11.478760830834496	0	0	0	0
-10.994918506910217	0	0	0	0
9.949649115263412	0	0	0	0
-11.15297647216056	0	0	0	0
9.862585068831393	0	0	0	0
-5.877419591502402	0	0	0	0
1.9240859991957109	0	0	0	0
2.1724965455045933	0	0	0	0
-4.751108936182398	0	0	0	0
3.874964367790163	0	0	0	0
-1.0959985120052167	0	0	0	0
-2.713383257725333	0	0	0	0
6.616627044104668	0	0	0	0
-7.54355693232386	0	0	0	0
6.566824599766875	0	0	0	0
-8.265326926953904	0	0	0	0
12.498407825802921	0	0	0	0
-14.201471602988207	0	0	0	0
12.900667365991325	0	0	0	0
-11.388201741722959	0	0	0	0
7.574438595248928	0	0	0	0
-0.21647818692940746	0	0	0	0
-4.020054226547359	0	0	0	0
2.0572512391349562	0	0	0	0
2.628630645073976	0	0	0	0
-8.014558707462129	0	0	0	0
10.358852432002571	0	0	0	0
-4.571034063046888	0	0	0	0
-0.7827531366834819	0	0	0	0
3.7429049384098434	0	0	0	0
-10.053045935834689	0	0	0	0
