0.04347577494507959	0.7777607900137937	-2.0848054371290914	0.024327020070828098	16867.09449349668
-0.12342559666281971	2.2759821800010087	-6.6077282590766515	0.39461843645044326	16866.906526386156
0.05611043662087667	-0.5035789858528972	1.4049920365493307	4.338410139989165	16868.391665909832
0.17634662017943725	5.382639847913097	-3.625220761451331	1.896777254291436	16866.608231255927
0.35146476627650713	-3.294751101398134	-0.2919279799773591	0.7528913255210767	16869.287156271566
-0.8689285896843231	-0.2616667845821681	1.3857731313164834	-3.198465122106583	16860.075308658706
0.6429641748340273	-0.8973961135186173	3.233045311326464	-0.6442915932544224	16859.87332254031
-0.932024090844358	0.38251555274971594	-2.232272164473102	1.2080376865875593	16867.301503681734
1.1025308215891343	1.1039012520801137	-0.11015693507033575	-1.4019392400929434	16864.92050556777
-0.8039957648873681	-0.16832733066473793	-0.5763497351104974	0.49862900538539634	16870.045862011346
0.4067135681684917	0.3181163794470905	-0.2510048869946502	1.237106266846979	16866.38424422729
-0.1652517849296231	0.7132487076334826	-0.3451985167261853	3.5188852966902857	16865.91004888265
-0.7042939902247198	-0.9960121669125215	0.8020678939363393	-4.366217971876722	16867.282193459887
1.1369858325425852	-2.5858016621549353	2.037790123965408	2.591170067865889	16870.87230116443
-0.044250653256838746	-0.1619774811355228	-0.046869253236806685	-3.871587180394741	16866.22469269852
-0.9726575509643993	-2.490539017904304	0.7491869343646158	-2.086027203438519	16867.699350038438
0.7383271534833824	1.0557077200192637	0.7235904055681033	0.07842826919517165	16868.70417040265
-0.4391011456632583	1.5990402654436409	-0.8369872728352874	-2.635919498143309	16869.373577989165
0.10211750700177902	1.2547674249212406	3.9026043341647636	-3.2332946545587333	16869.357091354796
0.3119243144865109	-1.3095892658817547	1.316839048549454	3.53701256923884	16868.899273479037
-0.6205909579612907	-0.1813332614812424	2.9934244037673636	-0.18361594697175576	16870.128336645743
0.09041194221681081	-0.33845275805202846	-1.4022077379675295	-6.0004066330558885	16862.60478266081
0.3903267970168329	0.1556037199819329	1.168490213607413	-0.6135794971302744	16866.045752433027
0.07530078377801175	0.5255382727796984	-0.7939788166790578	-0.07509053475332905	16862.97027992234
0.053298038883454524	0.023392933526196202	-0.8297392103109189	-4.240684879124331	16865.293627631025
-0.7690662464286859	-1.9088910836807003	-0.7789820654908368	-2.455724596479996	16869.428798699882
0.8323593803603018	0.25367758787457007	2.619253020005061	-1.4642770508743723	16872.832269444676
-0.5336064049937903	-1.9705548527829038	-2.707867861205301	-0.6589008231948981	16871.22433682022
0.6201928568003936	-0.08449683141085984	0.7060348083866756	2.18422517008392	16872.11639841504
-0.2993653862316279	-0.1149092851926099	-4.750248907336797	0.2105705058875884	16868.679198429218
-0.44426988986319316	0.06858003564627069	2.599440817488599	-1.021575710256755	16870.581129609127
0.4077448648702884	0.7797037815827252	0.6330507445054536	-0.14773464648375523	16871.518812773764
0.2567384026046682	0.34016215707882935	-0.9116373891560983	-0.49973326710767196	16874.956634042926
-0.1592502875520836	0.21831350115305526	2.2358424238891104	-0.7225420121007318	16869.720811710235
0.09833314675353932	-2.986701334414505	-1.601887602218639	-0.34207899591432067	16868.344647592792
-0.568702626203347	1.1916250143070428	-3.0919953272693874	0.040500713777475994	16868.192177064255
0.22523663408859562	4.288158232049433	0.8307772366380988	0.6135371831947936	16871.098684243825
0.7570292947683015	0.19118089032519237	-1.554547455415701	0.5976358975289457	16870.289013282683
-0.6047775654248468	-0.07667845117281757	-3.172792410995058	0	0
-0.2064288821717426	1.683108451690181	-0.17314375882745026	0	0
0.11768857897099139	-3.21967217420066	0.7280221231427788	0	0
0.23679061040260052	-0.6250928567884557	2.852288702194244	0	0
-0.3060058172465645	1.5543904581804924	1.3985178405665408	0	0
0.6310872851253535	-0.3080360495779999	-1.014666185279225	0	0
-1.2585481799018368	5.433513252494919	2.042892903706857	0	0
1.147728872230168	-0.8780302579977146	1.1279254245798853	0	0
-0.5713866562473697	-0.019230612970822847	-3.668073489861115	0	0
0.9341974930837722	-0.14838420223381377	2.0816028237575352	0	0
-1.4519408860516165	0.5371819525837296	0.8297774025836588	0	0
1.1323900577289976	0.5056054592840482	1.0990843717803216	0	0
-1.2810345309130184	3.1173666547659167	-0.3017670431362802	0	0
1.712346323554911	1.3612733943852575	0.5447180547320869	0	0
-1.7661362305282253	5.068973881658216	-0.9848067404503382	0	0
1.7347422429791663	-1.0463516055129816	-0.24329412659446348	0	0
-2.03553544197203	0.11496836214298867	-2.5653790588042114	0	0
1.6972700825592781	1.0370175521180371	-1.6419603362242299	0	0
-0.2896423888241344	0.37365189569597135	-4.667766238262772	0	0
-0.5294559986698459	3.6127056823345	-3.067699064900296	0	0
0.2824627651074181	-2.5350630021644136	0.3173574128780672	0	0
-0.5863835494354603	-3.4483507248240173	0.06133562323265096	0	0
0.8312185644184709	2.16755846999272	-2.1703623711921693	0	0
-0.026793026803154874	0.27557932370820737	-2.043205376657326	0	0
-0.311130177015535	0.31475417144669393	0.09732885209166398	0	0
-0.2733406971149819	-0.0680708525213447	0.9778313808850214	0	0
0.751515131302348	-0.709515103855118	-0.013432385538877156	0	0
-0.6999342933258959	-2.2072791264186336	0.47764389782666683	0	0
0.995226261078102	-3.074630335261446	-0.624691085288319	0	0
-1.3125892450528625	0.9937607796911578	0.6562117612336351	0	0
0.895711486971571	-1.0164145348501705	-0.6604282361380882	0	0
-0.37495392750740564	-4.46214868647489	-0.16412090007530367	0	0
0.9297857858970389	0.5319724545807247	0	0	0
-1.3796922851940963	-1.3757015951308205	0	0	0
1.284112513517492	-1.2859176364983753	0	0	0
-1.1164786711510502	-0.2995423748121766	0	0	0
0.9006594781405184	1.5695310046370352	0	0	0
-0.33004098400130033	-0.6648905627505499	0	0	0
0.6849876576532239	0.7050064609765911	0	0	0
-1.9461222739841162	-3.296398120895155	0	0	0
1.9982110351124192	-0.5102171330671013	0	0	0
-1.3218976902826682	0.6981341207291578	0	0	0
1.1044092892675792	1.798884954505752	0	0	0
-0.9130269870129695	0.9712085431744413	0	0	0
0.22279679474170422	1.3013221394937133	0	0	0
0.1322760469773243	1.210158572309446	0	0	0
0.17868657517945508	1.409411645297311	0	0	0
-0.19399971125378812	4.46959555856413	0	0	0
0.40633722906211034	-1.0263849627175077	0	0	0
-1.4018095724209445	3.0538050811511397	0	0	0
1.5967929562370955	-1.5496022721081246	0	0	0
-0.20944438045884084	3.8741420241392674	0	0	0
-0.6441794759114572	-4.546586655295393	0	0	0
0.8958378823099693	2.7236619402529456	0	0	0
-1.3537921867009288	-1.8983463923905148	0	0	0
1.754647415690627	1.2867364799179768	0	0	0
-1.0007121026715424	0.6888870933421032	0	0	0
0.5266607660772351	-1.2860143818985108	0	0	0
-1.1504955209189802	-3.4603937096700648	0	0	0
1.371624568433468	-0.47348652452334505	0	0	0
-0.8081841023050984	-0.33934597867373384	0	0	0
0.3737341790483697	-1.899433450236124	0	0	0
-0.7229768902748219	2.146974347240665	0	0	0
-0.24219175442038932	-1.471065342765847	0	0	0
1.0945047907927403	-2.2166010608291415	0	0	0
-1.2251380981329163	0.7267450557185242	0	0	0
1.09455314448077	1.7263052802576695	0	0	0
-0.9414853053431358	1.2524718607473488	0	0	0
-0.12514232853014562	0.13486908058429492	0	0	0
1.0544890980257478	-3.424438122348903	0	0	0
-0.9036427821416027	-1.4894155934372293	0	0	0
0.37208653592357166	1.1124029478750685	0	0	0
-0.536640046391085	-2.62528898085867	0	0	0
0.5990389766258986	-1.3670394461953137	0	0	0
0.27227489135415794	0.8289506476775088	0	0	0
-0.615466404895983	2.453089126124432	0	0	0
0.2334934597164775	2.8718743904265764	0	0	0
-0.3745447408330378	2.252338301370976	0	0	0
-0.1652395704503533	-2.9839787619816462	0	0	0
1.340851934926036	-2.893059814138738	0	0	0
-1.2990625289757887	-0.6839590589222624	0	0	0
0.6116616314781709	2.2236778395952186	0	0	0
-0.9114659421297588	-0.9392188978169926	0	0	0
1.5320881477116686	1.9047868128870036	0	0	0
-1.2656381277481756	2.1970743474077494	0	0	0
0.7241503078758029	-1.119767419909543	0	0	0
-0.7862866012928222	-0.47280013494841455	0	0	0
-0.014944422283669212	0.870392682471504	0	0	0
1.0053632539763555	0.8250427041470303	0	0	0
-0.7469829698019765	-0.03143141098319546	0	0	0
0.5457418316481935	1.7544928524175205	0	0	0
-0.6180193275372545	-4.148407373339481	0	0	0
0.19217923245557955	4.9465575392593735	0	0	0
0.5485559119304213	-3.354705719651868	0	0	0
-0.7058469648792354	0.7594225747078909	0	0	0
-0.11204682177708492	0	0	0	0
0.24556206636501088	0	0	0	0
0.4064865385751375	0	0	0	0
-0.4099691896973283	0	0	0	0
0.5361739815581714	0	0	0	0
-0.6653795476030453	0	0	0	0
0.0007932526171643417	0	0	0	0
0.9275881420961198	0	0	0	0
-0.6609223405117035	0	0	0	0
0.38326093192844723	0	0	0	0
-0.2956546924455523	0	0	0	0
-0.11521210127401105	0	0	0	0
1.1392326206763883	0	0	0	0
-0.6137887231613917	0	0	0	0
0.21961676620276194	0	0	0	0
-0.9103964302414056	0	0	0	0
0.9992487986946941	0	0	0	0
-0.01921928196808409	0	0	0	0
-0.5466957320799466	0	0	0	0
0.14898545728023294	0	0	0	0
0.23597062738443242	0	0	0	0
-0.45646507467148467	0	0	0	0
1.0840065478523684	0	0	0	0
-0.9509958962441587	0	0	0	0
-0.4546243114640873	0	0	0	0
1.4326269534598666	0	0	0	0
-1.7110977749700496	0	0	0	0
2.175156337883415	0	0	0	0
-1.8122466460944366	0	0	0	0
0.6529501813415521	0	0	0	0
-0.33095781250739975	0	0	0	0
0.8662230050756463	0	0	0	0
-0.6791370945223463	0	0	0	0
-0.2756696927258986	0	0	0	0
-0.05378303030856557	0	0	0	0
0.9114119478537503	0	0	0	0
-1.0234017246057547	0	0	0	0
0.34556432038741036	0	0	0	0
-0.20923373968478387	0	0	0	0
0.18798365914462778	0	0	0	0
-0.10573085141398764	0	0	0	0
0.6338978588429001	0	0	0	0
-1.3033508655758226	0	0	0	0
1.3063188157795835	0	0	0	0
-1.5328166971788661	0	0	0	0
1.2776602588626886	0	0	0	0
0.13132987218263992	0	0	0	0
-1.203540341741494	0	0	0	0
0.5943477993144128	0	0	0	0
-0.12691121679787187	0	0	0	0
0.4740141831518656	0	0	0	0
-0.36258131891347745	0	0	0	0
-0.32235448308824033	0	0	0	0
0.2577066562921857	0	0	0	0
0.11033380525325498	0	0	0	0
0.6090275181065365	0	0	0	0
-1.0426966612022355	0	0	0	0
0.48709086131286483	0	0	0	0
-0.18531537230396822	0	0	0	0
0.40244895255449364	0	0	0	0
0.23788345703209046	0	0	0	0
-1.2039182190161029	0	0	0	0
1.3905461507340675	0	0	0	0
-1.6083541816254865	0	0	0	0
2.2350823073383737	0	0	0	0
-1.4689183622226736	0	0	0	0
-0.2971267227031902	0	0	0	0
0.9451188654180029	0	0	0	0
-0.41858529291030777	0	0	0	0
-0.05653968856584157	0	0	0	0
0.8998397881292775	0	0	0	0
-1.9753093414235465	0	0	0	0
1.6644292794407605	0	0	0	0
-0.5332477845355186	0	0	0	0
0.3858105835443979	0	0	0	0
-0.7242360954055158	0	0	0	0
-0.12631234905887112	0	0	0	0
1.2633575054338593	0	0	0	0
-1.1918518339891264	0	0	0	0
1.184211439169026	0	0	0	0
-1.1001224666809222	0	0	0	0
0.08462453953127635	0	0	0	0
0.8177024408280431	0	0	0	0
-0.4478632687327604	0	0	0	0
-0.4819018908405468	0	0	0	0
0.20218515703473372	0	0	0	0
0.3214031564599509	0	0	0	0
-0.6638387152174303	0	0	0	0
0.8441547492866306	0	0	0	0
-0.4880410794362007	0	0	0	0
-1.5569291732480721	0	0	0	0
1.5494181415786983	0	0	0	0
-1.6202330516572658	0	0	0	0
2.3267321081004297	0	0	0	0
-2.694000775711622	0	0	0	0
2.309144431437275	0	0	0	0
-2.3937985015964927	0	0	0	0
2.29747184008167	0	0	0	0
-1.1961817499622782	0	0	0	0
0.36602061393664087	0	0	0	0
-0.590287382855955	0	0	0	0
0.5639369536749896	0	0	0	0
0.4815752084702467	0	0	0	0
-0.4750165011527656	0	0	0	0
-0.3430698633268676	0	0	0	0
0.2801012630477544	0	0	0	0
-0.24223109930264997	0	0	0	0
0.8661771237835012	0	0	0	0
-1.1184873357962886	0	0	0	0
0.9318216161984552	0	0	0	0
-1.0545453540222525	0	0	0	0
1.2543121301591995	0	0	0	0
-0.39083335526525786	0	0	0	0
-0.5100511289353733	0	0	0	0
0.2788292437187607	0	0	0	0
-0.47362343664575235	0	0	0	0
1.0106504356363786	0	0	0	0
-0.8869536199428438	0	0	0	0
0.511197660964541	0	0	0	0
-0.9937880166739532	0	0	0	0
0.9140735826043169	0	0	0	0
0.4709188676315037	0	0	0	0
-0.3658600608963596	0	0	0	0
0.140196994846157	0	0	0	0
0.24293652032584845	0	0	0	0
-1.0288431989243847	0	0	0	0
