0.1062371166117515	1.5045580955962095	3.1211935370234727	-0.4353135155179899	16768.02475975376
-1.0950421865082234	5.442281931366125	9.611992648980419	-1.9179822987646418	16767.241101034255
-0.6616986831809513	1.3132312260837367	-5.379096677408228	-7.496137063064154	16766.00488728594
1.9942207420742335	-5.550536934313122	-0.03232854687480824	0.1342541603079468	16768.19839730076
-3.2278492307041446	3.9622434055425373	-5.970420344434487	-7.572397015526661	16762.29703233449
3.4184006373591984	-1.4288545191194046	7.173100685166375	-15.865184545796637	16784.910992004105
-2.018347014686725	4.146810054501614	0.03922612094363842	-9.277769688573244	16816.299826457984
0.4890528000520078	8.827308817074005	-18.237435052870026	-4.509234356851664	16826.865664961897
0.3301140636444444	-6.474486665507129	11.245456226178547	0.5942393118961462	16817.8211476567
-0.5335435862876068	-4.812377432470676	-12.44732525467765	13.582668613816764	16818.634683767476
1.3197627005794033	-11.284734388185214	9.713124778852873	3.241884756294837	16797.026589629888
-2.3788836554723076	-5.249855057334166	-11.559873453131559	-10.605119709297682	16838.116821544158
4.4622059586480205	0.5955434882505628	-1.1308608746694233	-10.091490780859772	16804.860453549518
-5.455652153700527	2.191965720894167	9.045725598767334	-115.59434511511803	16750.664786569745
4.0849828999945	10.907551177614913	-0.6763535192973507	14.439238000627569	16824.72516124218
-2.2092096727281714	-6.224925228735039	9.994706431306426	-10.608089092247184	16907.82998890789
1.4163465334769185	-0.662144927907157	-8.268256186818718	21.22397205188561	17147.197724595688
-1.1953590957346591	4.630032609057309	-1.0467480649318333	-27.002820770321676	17232.083253977242
1.7119989189506413	6.291393062803607	-14.94778297462716	51.53884255914116	17269.804397811793
-1.30477708788802	-10.43669399277087	2.144030037549072	-9.9332903016859	17220.795886586195
0.48433221746105204	7.9995748349212334	8.563597206568247	-26.996424478052916	17190.897355018245
-0.9195602900986657	-0.23500883691468033	17.461623963363934	20.66856804496834	17075.00179037243
2.240733860645392	8.351136507408064	-17.216926941205628	-17.461177784003738	16923.765674162987
-2.2974503051177706	-2.2786602233805056	21.421413868264978	52.65847493697839	16734.39863405601
1.9630829460782024	-5.973373706437421	44.86012418377338	-35.74843067446703	16799.203160484518
-1.8343263478598644	0.10262904840960374	-64.4418542397921	55.8220622228349	16904.466338759215
3.1303609510463133	-6.091017850209404	-2.4555557320171744	-20.467425004054007	16995.37915063555
-4.106405147858013	5.35602897290476	6.817213528701458	18.440334279106125	16825.666486689537
3.4200059891532035	4.974591231185393	-12.012223062762217	23.820526354137698	16977.2613699705
-1.7551875280240452	-3.1290084271116996	-3.079201966592123	-4.96141988534805	17029.66325042447
0.06163276901349235	-10.466818138816954	-4.097787968773801	-32.34829634126952	16932.722794946087
1.432078412496871	-2.0408818616366915	-2.9862049358923173	34.78722313091694	16953.05735510417
-1.596218031961854	7.107855554837023	-16.8096423540359	-32.2106890465828	16873.747553450397
0.3248223833645625	-1.90042596275579	14.037140697961732	-4.200721189951395	16739.687085922575
2.1088200373624275	1.8489157079809218	5.165302570455594	10.194966312126297	16813.34245100236
-3.735283032080872	13.957210732575923	6.541054613466983	-3.3713210603553563	16760.478380700104
2.5526742407553797	-1.8072150406051861	1.8284925432610635	-6.186070597600491	16728.88905502738
-0.6412604225046863	1.9737890256564796	-4.204835663836263	13.499067742034711	16743.404627036536
0.006212855184784871	-7.92959052079226	9.588915440615494	0	0
0.6681831409419701	9.457075688091997	9.84794234254771	0	0
-2.009919664124638	-0.7636973140013765	27.604729285084318	0	0
2.6332254219760785	-11.204409080391024	-2.2843043274711334	0	0
-1.7376113060822647	0.2144615315513576	-38.45801512920809	0	0
-0.251735481082612	12.499605749487245	29.61814886602322	0	0
1.8839606103849036	-31.540907112545483	2.9493902179306986	0	0
-1.9056642077513715	8.161895024931574	-19.36667895231095	0	0
0.8683399460512646	51.44141505762643	-32.95840773020949	0	0
-0.29842036369422686	-23.948791987736207	20.65285326712926	0	0
0.42786404631414854	34.286477935398665	27.956315500308378	0	0
0.1946652999308185	-15.183196313631186	-16.810332373517454	0	0
-1.965155217454722	5.3134130058848825	3.937775623208509	0	0
3.5807808218736454	-6.163844724148234	14.195878537500477	0	0
-3.809931369027879	-6.140221818548099	4.625675411010249	0	0
3.2322945780623087	0.6888368501828239	-0.9397547130604949	0	0
-1.8061847449524322	5.902951051708456	18.18770813388383	0	0
-0.21820847833919288	-5.450110274819664	-9.501682497864365	0	0
1.8602795645331653	5.86641956181289	26.142293369309527	0	0
-2.537663337388018	-7.184447649126724	-18.010314128655764	0	0
2.2815987794289967	-6.4834605410887605	5.631521408360598	0	0
-1.2104186816706175	0.980617819642319	11.119653241439622	0	0
0.38722880318037767	-8.816532417614255	20.125391270853314	0	0
-0.40882484166735367	4.7011968837914395	-12.61312229722924	0	0
1.8700275277228258	-4.864973062110138	-19.127659122827183	0	0
-2.7776666192633144	-3.05216716688453	18.77783777406482	0	0
3.092463999337177	9.250137705938329	-0.5286554256941258	0	0
-3.208963363563875	-11.013143738093618	10.27353116136426	0	0
2.508968923463506	2.2729755101010483	-4.662533550069668	0	0
-0.8358914831021238	-10.12491771562209	2.150044615518979	0	0
0.1626291909334583	13.257226566777504	-10.107987025955183	0	0
-1.1198294079057973	3.5866256284380427	-2.411712130484318	0	0
1.808114833986167	3.281854532765422	0	0	0
-1.816089509657992	-4.6382520944678305	0	0	0
2.7165487028122186	-6.791805694471904	0	0	0
-2.456343860981363	6.082316806608752	0	0	0
0.954092191958388	-7.2311099183449485	0	0	0
-0.49944796608333064	3.6126092988037897	0	0	0
2.4459428760915074	-2.085230511653407	0	0	0
-4.015631362369206	2.6440409153001028	0	0	0
4.971652615459099	-9.759443506143114	0	0	0
-5.614239582342499	-1.162542611625291	0	0	0
4.34452011205768	1.0274948494277538	0	0	0
-1.193201840664777	9.601566437134032	0	0	0
-1.347533204562005	-12.437644632570702	0	0	0
2.9393584170914906	12.609652633181987	0	0	0
-1.092541991825648	-1.121153741818901	0	0	0
-1.0255650774189604	7.26003986531628	0	0	0
-1.8330870238438095	-0.04083388035986246	0	0	0
4.502531087895086	3.345236432696339	0	0	0
-4.998339930784326	4.123414922435451	0	0	0
6.324577906729459	-4.768991926466853	0	0	0
-1.0237292432357918	-8.846705707734152	0	0	0
-6.945699198203023	5.418268349205611	0	0	0
7.118470633402843	-2.6466564753984656	0	0	0
-6.729873141697141	16.251375059227556	0	0	0
10.336944870396728	-12.448931527581998	0	0	0
-10.696995516840197	-4.625054245823478	0	0	0
5.243398085311789	1.6258309904289874	0	0	0
-0.322401158266274	-7.524350109618489	0	0	0
-1.8105820298354942	0.8749513962356374	0	0	0
2.269167683324234	-11.037309645582361	0	0	0
-2.041070103003186	4.340421993711324	0	0	0
1.6259048762422026	-3.406006954524109	0	0	0
-0.6961150101545641	-0.9476128323037116	0	0	0
-0.06582856206551213	-3.1519279233810735	0	0	0
0.25322068890516647	8.147034208461633	0	0	0
-0.9487178119155644	-8.759922707357703	0	0	0
2.15242424663181	5.968064211409114	0	0	0
-1.3938153379264335	-3.200717539797985	0	0	0
-1.490945153806777	2.9960821483034294	0	0	0
4.093871135012911	8.154067616688927	0	0	0
-4.691592821349914	4.50579141915469	0	0	0
4.221299225315427	0.041703139105443654	0	0	0
-2.719355056943691	4.266332517410433	0	0	0
0.6549713508473616	-11.71376971301084	0	0	0
0.8614865971120693	-7.282125697753685	0	0	0
-1.3057664535285127	12.181396137607251	0	0	0
1.2686025399096437	-3.135864899238534	0	0	0
-1.3893017048384522	1.507372602375085	0	0	0
0.6508020753502848	-3.0949120789236915	0	0	0
0.18486208461109754	19.944468308793326	0	0	0
0.020652252595795062	-6.409822422472708	0	0	0
-1.8423025211322326	2.84647280388873	0	0	0
2.635269205160782	-0.027121847086085893	0	0	0
-0.12201368026407522	-8.004859300501103	0	0	0
-2.940482937184413	-4.013014674769757	0	0	0
4.478718612824764	15.546110406228436	0	0	0
-3.3852603544759816	-4.286451007329092	0	0	0
1.667125919342638	5.577609576620155	0	0	0
-2.505557963803362	-0.5270921959514467	0	0	0
5.3346126870622115	-5.294891935874382	0	0	0
-7.34229241328768	7.007908560714419	0	0	0
6.976195193575755	-3.4951792000179083	0	0	0
-6.835509645417325	-3.612708237226528	0	0	0
7.85465997190623	0	0	0	0
-7.174374208964352	0	0	0	0
4.45486622072746	0	0	0	0
-2.2589445706715665	0	0	0	0
1.2050482591997564	0	0	0	0
-0.3758968100952629	0	0	0	0
-0.48857548611398727	0	0	0	0
0.4403061266628612	0	0	0	0
-0.5742977632735418	0	0	0	0
0.3308140967633548	0	0	0	0
-1.135825698786192	0	0	0	0
3.342431709104183	0	0	0	0
-4.19207749998769	0	0	0	0
2.386960938717607	0	0	0	0
-1.2437894694470373	0	0	0	0
2.064946005107828	0	0	0	0
-3.2112477031433855	0	0	0	0
3.8833797531583514	0	0	0	0
-5.712550385327894	0	0	0	0
7.34596339783586	0	0	0	0
-5.7714788607025795	0	0	0	0
2.436467642216364	0	0	0	0
-1.2024022674457768	0	0	0	0
1.8417986432696978	0	0	0	0
-1.2887373102741648	0	0	0	0
0.12087541459521844	0	0	0	0
-0.12922693698163812	0	0	0	0
1.4664337882192484	0	0	0	0
-4.3696410342315275	0	0	0	0
4.824421225373875	0	0	0	0
-1.4016278935117228	0	0	0	0
-0.6832416871609226	0	0	0	0
0.7700587883601671	0	0	0	0
-1.3518241368421542	0	0	0	0
1.2603947706076895	0	0	0	0
0.2923053936644706	0	0	0	0
-1.4726671344092637	0	0	0	0
2.0249445705403843	0	0	0	0
-2.8063401248275994	0	0	0	0
3.5291576547584427	0	0	0	0
-4.708331495176722	0	0	0	0
6.095114746119023	0	0	0	0
-5.232168512389173	0	0	0	0
3.133596193361491	0	0	0	0
-3.125990800872792	0	0	0	0
2.4746406769858496	0	0	0	0
0.8558635754043351	0	0	0	0
-2.9308810074204388	0	0	0	0
2.230601701981783	0	0	0	0
-1.2081715974701694	0	0	0	0
-1.3402207737679603	0	0	0	0
5.385798078151311	0	0	0	0
-5.85403463860581	0	0	0	0
2.706338084227653	0	0	0	0
-0.44685905943187265	0	0	0	0
-1.12450354417566	0	0	0	0
1.975511020663859	0	0	0	0
-2.2606785109439826	0	0	0	0
2.78966794059685	0	0	0	0
-4.167595615424403	0	0	0	0
4.756923578441551	0	0	0	0
-3.6042493303838583	0	0	0	0
1.7661142929002338	0	0	0	0
-0.51422972041739	0	0	0	0
1.2335098357907626	0	0	0	0
-2.460305926918508	0	0	0	0
2.3326699222407044	0	0	0	0
-2.461994186429145	0	0	0	0
3.3834193635336973	0	0	0	0
-3.008699106926983	0	0	0	0
1.3256700561631192	0	0	0	0
-0.4947018182039855	0	0	0	0
0.9890694752965814	0	0	0	0
-0.47721755457751414	0	0	0	0
-0.761897930534758	0	0	0	0
1.1031670911385518	0	0	0	0
-0.31361509295557966	0	0	0	0
0.0959353124111928	0	0	0	0
-1.1800392162613775	0	0	0	0
1.3382561403719677	0	0	0	0
0.2245837090674172	0	0	0	0
-1.9602721914784453	0	0	0	0
2.4870953749908935	0	0	0	0
-1.7438052044817738	0	0	0	0
1.8445603982966077	0	0	0	0
-1.5951901261446082	0	0	0	0
0.35927535689211965	0	0	0	0
0.636497618866386	0	0	0	0
-2.083145924461668	0	0	0	0
3.8883294328608002	0	0	0	0
-5.1205754210695105	0	0	0	0
4.1986923660874	0	0	0	0
-0.9607757685632237	0	0	0	0
-2.8639528462756516	0	0	0	0
4.904246778430441	0	0	0	0
-3.5938456881459615	0	0	0	0
1.4582990397441193	0	0	0	0
-1.1629136071339374	0	0	0	0
0.48199542150963026	0	0	0	0
0.049711429888532166	0	0	0	0
1.742381553369448	0	0	0	0
-5.233447748088437	0	0	0	0
6.109762323775804	0	0	0	0
-3.8530368690190286	0	0	0	0
1.2184906833560234	0	0	0	0
-0.3901672029202885	0	0	0	0
1.5967137159701537	0	0	0	0
-3.1460047067218397	0	0	0	0
2.3738711811955753	0	0	0	0
-0.9875283234228576	0	0	0	0
1.567505132240349	0	0	0	0
-1.7347946500439448	0	0	0	0
1.9191584336562357	0	0	0	0
-2.5363939005622242	0	0	0	0
1.5727025132693484	0	0	0	0
0.45800783298440706	0	0	0	0
-0.8014519178128978	0	0	0	0
-1.2228125272173713	0	0	0	0
3.4912981143639	0	0	0	0
-3.3475630765114843	0	0	0	0
2.0875234961643443	0	0	0	0
-0.15512312760915137	0	0	0	0
-0.04947482209799148	0	0	0	0
0.053434489702915755	0	0	0	0
0.2740321910802237	0	0	0	0
-0.8446139908513146	0	0	0	0
