-0.023254516622600363	-0.40541326623964125	-0.38819670226124003	0.16907249057153706	16915.69054053018
0.12685364381663788	-1.4586056495995265	-1.2900325572404086	0.5097800171489553	16915.781331219066
-0.7905425772877948	-1.8238480730164426	-0.540122152096572	0.2117451523305931	16916.0173914389
1.1752509289521242	-0.39623943078141366	-0.7971764250208935	1.0861393803142079	16915.873991469158
-1.4430199062472155	1.3769668705496159	5.458952994224191	-1.1858291527867664	16915.60362884403
0.9633436636443662	1.2301520819922516	-1.3245387396002428	-0.9699122669303932	16916.260568039426
-0.25086173232148923	-0.8721182390616207	-3.785328231915173	2.23131421368295	16917.636612822113
-0.20841047278128855	2.5209152464804134	-1.3082179098276612	1.2944960542139086	16914.43346441983
0.4892647196553739	-0.33837353164312134	-1.3667559851721052	0.9048742850088018	16913.613265365508
0.03880274917064952	5.35807861904982	0.8237034087762964	4.666425078717197	16913.628119154797
-0.9080256367846644	2.728050294861312	3.5959741885478422	1.1670014357533631	16915.63165547657
1.0564958108224118	-4.3253141933941635	-1.7424365408262048	-2.185352294713951	16913.3623377979
-0.49020955047664216	-2.5353510406398954	2.8290738569290568	1.6305702210296857	16908.209325397864
0.0776123095596688	0.23445285593419385	0.5245834500586	0.9207235724470308	16911.652958203184
0.19106834375185855	-4.019426663935924	3.9444611014891393	-3.581924684324008	16914.542444994622
-0.12870246821915998	2.737614269921366	2.918854429612722	-2.610376353115214	16914.75015490931
0.7087514259879839	1.0960110686558977	-2.3505801169022504	-3.742003823344703	16911.79542245851
-1.9941562429801394	2.8718270571583844	1.7675195115278228	0.3248958803035151	16914.04064513996
3.0024058329407097	-0.864975632302162	-0.2043291634017521	0.6689664038940037	16910.402217261835
-3.0446518837625405	1.1537856208701598	-0.6539426359592682	0.8731992143962799	16912.343025546583
1.8901185301170642	-1.285288098831309	0.10960249027937152	-0.818716648985415	16911.108964016246
-0.6432551792637753	-0.4002457088300275	5.746676068085151	0.627416273155859	16916.01406797531
-0.32344543638091494	1.4303850147293815	-0.33033072860389723	2.17705068420301	16911.44154346139
1.0729146980431068	-4.205434610932841	-1.3362678253868552	1.3843340418641361	16912.554386327938
-0.8167367334799565	-1.476707567673344	1.2911450660692338	-2.672166345639127	16913.700243214833
0.4063383212413143	-1.1605124053211213	1.363347687092201	1.082163115425729	16919.324917238166
-0.48629805098717327	-4.095855656750473	-4.44573856409356	-0.5447472009549301	16914.935038338393
0.5002046693010911	1.2567751964252807	-1.6591152936350682	-1.5742273743864246	16912.640385153703
-0.09787229866144287	-0.21382208004065717	-1.0562189333031995	2.030468315716192	16913.989727342687
-0.6868860257125249	0.17128298436352907	-2.1510110708602213	0.42722470686025815	16919.100860642982
1.4628741256510054	0.06334320437184005	-2.932743200713304	-0.04917632219266466	16917.674976484628
-1.9511189038318406	-0.4103238322194329	1.771528829594402	-4.412095990028163	16915.600759445406
2.3037684647600187	0.13182799344349405	-0.7852854922420107	2.1226204210384765	16917.020457275263
-2.2754276683579064	-2.3260902352234893	-0.9543667905793853	2.757964115649429	16915.989457658812
1.5617526992004045	-0.6172411318587478	0.648704901440567	-0.650503181020639	16913.515881656374
-1.3026401264611422	-0.8312100052513571	-3.622201117808757	0.31632236464464825	16917.452645392143
1.4307245961987505	0.4738772363318233	-2.930101618443402	-0.47361509204620234	16915.513979219282
-1.3647255027323268	-1.4399527132877807	1.480986423367753	-3.2906799764626697	16913.6546213262
1.2445724684006692	1.3925023770837939	-2.9553779529028787	0	0
-0.2537210458977057	-0.16245691102547255	-0.0864974225573718	0	0
-0.5119811445587601	0.6385626059069338	0.1216707230936862	0	0
0.9300461385564134	0.44489004870666093	-4.794555294752939	0	0
-0.6918158355376249	4.897821044860642	-9.091807153513216	0	0
-0.08152960232987283	-0.9060127404662737	0.44981526151224216	0	0
0.3674832049889787	2.4056834320269402	3.1136461312304817	0	0
-0.20234742397897776	3.1899710492706177	0.5993332644519569	0	0
-0.19243596181816258	-1.540008584778782	0.3795063299471906	0	0
0.30412629071483366	1.4415315259509	2.758226770455309	0	0
0.03673787654940952	0.2627312478677837	3.6754785636262	0	0
0.0602788355159376	2.498988798940495	-1.9526076749910573	0	0
-0.3949939236644866	2.0892781634982924	-0.3095459109305949	0	0
0.15004851725803547	-3.71973337200626	-0.5554521315399796	0	0
0.38890942270199247	-1.9839724843491524	1.087086613995254	0	0
-0.3680606034449667	0.3232997523519714	2.0194531394367203	0	0
-0.24017912060165258	-2.308809701922989	0.9387089559683091	0	0
0.3509376815851937	0.18738545109008697	2.429759448487019	0	0
-0.34482687283462354	-1.9256866449893977	0.3914927627361635	0	0
0.011221801005724785	0.07409107664167891	0.9130631779483025	0	0
0.18471501416079406	-3.51399779018827	-1.5196321348667112	0	0
-0.052362703669039945	0.28575119812575167	-1.9721836465018328	0	0
-0.43515313532369504	-1.3245332157346965	-1.1077050322372628	0	0
0.7882281044053414	1.1007106022569602	0.492032432354776	0	0
-0.6913704358507857	2.2418049201363317	4.5252361446937925	0	0
0.2687045232570071	-1.027984047686438	0.5172285389085829	0	0
-0.13392263679535432	-1.708572181795759	1.1690062646726744	0	0
0.23066204311204075	4.049649848585517	1.9132329815377744	0	0
-0.13813842811359933	-0.564857572125355	-0.20077478047798536	0	0
0.2557662845635491	2.083201615195634	-0.23494783588580503	0	0
-0.09449356783144935	-0.8320226680767675	-2.3680677713826697	0	0
0.06498940560171462	-0.1345999769388726	-0.4843985949519407	0	0
0.33624878789481016	0.27111503472200127	0	0	0
-0.4607177798036304	0.22838762816988378	0	0	0
0.5301106818397727	-0.30185974052425735	0	0	0
-0.6700000334574199	-0.6925585868540409	0	0	0
0.7007209616681536	-0.132234161552077	0	0	0
-1.153780288018666	1.0807707135185893	0	0	0
1.5689023987194375	-0.8074024667841542	0	0	0
-1.3704893154291895	2.777847161149502	0	0	0
0.9978438853234834	-0.7326659939078226	0	0	0
-1.0574982203600811	1.9891962996524555	0	0	0
0.5660770297221163	3.766032940331378	0	0	0
-0.15764641144377123	-0.5959753875679183	0	0	0
-0.20531200897990942	4.395013079275273	0	0	0
0.040788295591198676	-0.13414660538012413	0	0	0
-0.378524951488437	-0.3142416883291119	0	0	0
0.7071324610236971	0.49341187134678677	0	0	0
-0.4504496083787046	1.7228302445461665	0	0	0
-0.49220909733912066	1.353775009251052	0	0	0
1.5243443654480657	-0.1364157659165599	0	0	0
-2.0422185491398324	-1.524219454411785	0	0	0
1.5524494632168029	1.5245163189696882	0	0	0
-0.680794322435041	-1.9553011719637468	0	0	0
-0.1046322148257488	1.9603830817546992	0	0	0
0.5672733761096964	-0.35105514109651637	0	0	0
-0.8266288352147413	0.3958235212218284	0	0	0
0.8239303271877176	-1.2437662842649857	0	0	0
-0.2487935283275391	-0.09788868453683364	0	0	0
-0.9254420108053907	1.3421066727723172	0	0	0
2.309739222493846	-5.566271417195935	0	0	0
-2.5450921754395424	0.23315390471847763	0	0	0
1.648591760917249	-2.297063000960506	0	0	0
-0.4689756246858323	-3.9133042414829546	0	0	0
-0.613964710116214	2.8810042128146236	0	0	0
1.461048170519362	-5.0913098823299805	0	0	0
-1.4873185617276334	0.9689842980955561	0	0	0
1.185245313708819	2.7098712308260033	0	0	0
-1.0092887929844352	-1.929149272168985	0	0	0
1.182884222641981	2.668439615714213	0	0	0
-1.187356217385144	-2.573495842902915	0	0	0
1.141583837123612	-2.274335422610619	0	0	0
-1.0918358057559843	-4.09537672822205	0	0	0
1.2923560333373203	0.5858834851692691	0	0	0
-1.0401097438591904	-0.21305439783125735	0	0	0
0.3165813290140349	-0.8932535439588918	0	0	0
0.33082392039179354	1.9240199422347288	0	0	0
-0.4857941881549408	-0.4230173951565561	0	0	0
0.5286536697439885	0.2646999493528668	0	0	0
-0.5355958384974073	-1.5524113726935624	0	0	0
0.21951757351878598	-2.3738518969431226	0	0	0
0.3272558426780279	-0.7482047662715487	0	0	0
-0.6919079674857258	-2.6873945819572427	0	0	0
0.6958778691023113	0.3220235842569181	0	0	0
-0.35030210699883924	-4.446638625163416	0	0	0
0.022365603871989492	-0.7962180288816327	0	0	0
-0.16551739025481993	-5.488664426253692	0	0	0
0.22899268727326216	0.41463112130888646	0	0	0
-0.9916363812164519	-0.39576207081920245	0	0	0
1.4387538406803912	-0.772603557409802	0	0	0
-1.1194899544893957	-0.4056193245627213	0	0	0
0.6124314618154472	4.669151458844212	0	0	0
-0.6835361853622075	-6.128890554006077	0	0	0
1.0331840778726118	2.7843459366617793	0	0	0
-1.3795541263987374	-0.041744074514383556	0	0	0
1.557825276796592	0	0	0	0
-1.5370886712557592	0	0	0	0
2.0725217155986684	0	0	0	0
-2.43102708573754	0	0	0	0
1.9611481073117218	0	0	0	0
-1.4452988599618095	0	0	0	0
1.0634294235276585	0	0	0	0
-0.6513356466475102	0	0	0	0
0.40486294497944186	0	0	0	0
0.13222612575835058	0	0	0	0
-0.44000836287450795	0	0	0	0
0.5927266074489026	0	0	0	0
-0.725863715986975	0	0	0	0
0.949375564058144	0	0	0	0
-0.5341046104179199	0	0	0	0
0.06166822910103775	0	0	0	0
0.3600485838525884	0	0	0	0
-0.9561819092255917	0	0	0	0
1.2769925162644	0	0	0	0
-1.1703937743931903	0	0	0	0
0.6774109897595935	0	0	0	0
-0.6949061919520148	0	0	0	0
0.7474246787828065	0	0	0	0
-0.3430245186259384	0	0	0	0
-0.5676540396300922	0	0	0	0
1.247010197165018	0	0	0	0
-0.22139331385606908	0	0	0	0
-1.8724693811032722	0	0	0	0
3.2374121595343155	0	0	0	0
-2.5739413377173292	0	0	0	0
2.120892476575534	0	0	0	0
-1.5393908263850307	0	0	0	0
0.7754751016400689	0	0	0	0
0.17867627495377292	0	0	0	0
-0.47035658886381526	0	0	0	0
0.7577680980983246	0	0	0	0
-0.08866107135104073	0	0	0	0
-1.0160643924547514	0	0	0	0
1.4406947530176595	0	0	0	0
-1.5291065715566035	0	0	0	0
1.2003802873933864	0	0	0	0
-0.48333643883906063	0	0	0	0
-0.1637188709510511	0	0	0	0
0.4036374712044122	0	0	0	0
-0.6517410524704559	0	0	0	0
1.0556602208089743	0	0	0	0
-1.0980676628502195	0	0	0	0
0.85882872524801	0	0	0	0
-0.4473339171571169	0	0	0	0
0.3622196773822637	0	0	0	0
-1.141890881759707	0	0	0	0
1.4877971541719859	0	0	0	0
-1.0177890047941744	0	0	0	0
0.39006749607211333	0	0	0	0
-0.03487914122753466	0	0	0	0
-0.1865420099003572	0	0	0	0
0.7580130416189306	0	0	0	0
-1.2895841943903648	0	0	0	0
0.8541828581052826	0	0	0	0
0.2679303135126361	0	0	0	0
-1.3381731120447284	0	0	0	0
1.7154663660845983	0	0	0	0
-1.1409274614582117	0	0	0	0
0.7917638929053581	0	0	0	0
-0.8977435722266591	0	0	0	0
0.7415738666051084	0	0	0	0
0.047920389851064726	0	0	0	0
-1.1988031580806933	0	0	0	0
2.173186822912136	0	0	0	0
-1.8628202760125134	0	0	0	0
1.2693533682110498	0	0	0	0
-1.3718163123888374	0	0	0	0
1.9696660494953093	0	0	0	0
-2.3334250471095856	0	0	0	0
1.9751470825833977	0	0	0	0
-1.4045733167643917	0	0	0	0
1.1213979522157373	0	0	0	0
-1.4230588589666198	0	0	0	0
1.161695821387248	0	0	0	0
-0.11116769517511216	0	0	0	0
-0.8000450521179374	0	0	0	0
0.8905661367129483	0	0	0	0
-0.6064088114809181	0	0	0	0
0.7088500395020247	0	0	0	0
-0.2973183750351822	0	0	0	0
-0.18658700811470652	0	0	0	0
0.5494038096220066	0	0	0	0
-0.8481772990743934	0	0	0	0
1.0269440871298627	0	0	0	0
-1.1120156457804953	0	0	0	0
1.3346236915296714	0	0	0	0
-1.6526468312867664	0	0	0	0
1.787671309879741	0	0	0	0
-1.6822658991187893	0	0	0	0
1.212607746436312	0	0	0	0
-0.8603166706227228	0	0	0	0
0.50045577760649	0	0	0	0
0.10448685646730382	0	0	0	0
-0.3722180028224429	0	0	0	0
0.3630780943089391	0	0	0	0
-0.8995809331590721	0	0	0	0
1.0040942865945155	0	0	0	0
-0.6831022796207193	0	0	0	0
0.35249943866161715	0	0	0	0
0.1729971550447118	0	0	0	0
-1.0857145068666867	0	0	0	0
1.4233026321069602	0	0	0	0
-1.2363283630763888	0	0	0	0
0.6771260038121341	0	0	0	0
-0.5415372001682428	0	0	0	0
-0.05350920038586793	0	0	0	0
1.0404927732679425	0	0	0	0
-0.9884123953710784	0	0	0	0
0.21881446084109513	0	0	0	0
0.3921042449062284	0	0	0	0
-0.2893559449138934	0	0	0	0
-0.5294332632564149	0	0	0	0
0.7287303459994732	0	0	0	0
-0.7023126557977264	0	0	0	0
0.21500775453058196	0	0	0	0
0.7253348515648739	0	0	0	0
-1.2774487758048565	0	0	0	0
0.5558321931912573	0	0	0	0
-0.0986329049462853	0	0	0	0
-0.25267453761210135	0	0	0	0
1.2670482005313985	0	0	0	0
