-0.3010545503342712	-1.9416907861955934	-4.353433281927607	0.8565115440892015	16772.498907710535
1.5513823584802608	-7.455559876661702	-14.018060129926837	3.0967962727473264	16771.165946711903
-0.8392439801382849	-9.319078671244156	-0.5210329011376729	-1.9960890961288982	16773.25003313949
1.9192157352601669	8.249846688577719	-0.5841314536164788	30.079544277097057	16774.18574445197
-1.313692377551071	6.34192475067325	-28.57008517795802	-28.607240483309553	16759.35004495675
-1.039340242580728	1.6780773742713038	3.985580654425064	-1.1292894968162273	16817.175419641906
3.4719446141219947	0.8001504239647375	-18.69698211862824	-2.6952782684541603	16789.31468442757
-4.135553787458321	-7.885444641481435	13.476431120643909	-3.762029532162998	16739.34261922428
2.9210921992390624	-8.734604651501144	-16.057538029998554	-25.18703512824669	16890.84366792717
-2.9756682205152103	4.150833738230901	-8.141012902221476	-10.612691914815954	16879.079089814702
3.0054017783920415	-2.0976207018876636	8.108777273472711	18.75247986655934	16786.3591899049
-0.6881225864280651	4.863395951788355	9.032310023289455	24.395351914608923	16797.150191581895
-1.9561628809032072	-14.412511417224465	1.277583490287867	2.252205110488191	16759.554692060257
2.7839334307319348	-3.2469532613738608	-6.007386956287121	-23.531870806831293	16886.26578892656
-2.650043421808114	2.578727779246705	9.096847909180099	30.62137757793353	16996.12148246867
2.0224326516749187	11.750582111290178	-8.939783625591446	8.156604168972507	16957.608339184022
-0.15659089504498525	-1.2408142427543325	-11.789364135236141	8.888696344959769	16889.749788482033
-2.8091046107715982	0.6717238909051275	0.007909026605091185	26.03250513062693	16889.11576913253
4.141650681380398	-1.9213631713606887	-9.540193964669754	-21.629875627521173	16834.450543252427
-3.0796409333797072	-5.1530886184730065	6.629006898110504	15.465971150656728	16921.581972861746
2.471428692007123	-1.9581413615872663	0.2834660734850729	-11.737073525882792	17020.712883350774
-2.3782609512286683	-5.615627922813296	-2.0063197789606164	8.663734820645871	16993.01214235152
1.6673725184198034	-0.3097560066799474	6.66396517970766	-19.50332218981859	16981.554980788136
-0.18828732683171978	7.159346061571362	-14.42419424801821	41.13006664398469	16920.077308675405
-1.0421716901748468	-2.4005540782466355	6.119286728217247	10.19383389529473	16882.057310979344
2.3883407575293063	-1.470125716368159	4.3636491829726936	1.169661566464228	16961.023917282295
-3.766841921541584	-3.417621793445413	1.2185093950116794	4.758161894815046	17094.509853111427
5.612389627826516	6.550368806453292	7.436491638044956	-2.3787105751356137	17055.424904154243
-5.584828760561649	-0.6764345027560594	7.397549774404624	-55.77750912310249	17035.289544969542
1.8296570735373976	-6.319953909408859	-2.4377876970282415	4.346502323142033	16929.620913655137
2.204554246995606	2.7386011277014717	7.790128666722154	-4.598432803514896	17040.423316835313
-3.6281917845060647	-21.514725983727956	5.408924233061725	-15.567112494553413	16902.188060197816
3.3209666120994044	2.9378243061642877	1.2479846429656334	-1.1320665504865417	16934.90084690566
-1.7973672730536308	-7.877597747006007	-7.049889895190319	-6.693086235447069	16932.338971187004
-0.5782252855058161	1.88899537160529	5.741263869968776	-9.713205321777352	16903.617806191927
1.5095675809856814	2.9773030818684774	9.289510084375621	4.411497921108932	16892.137311603947
-1.1735734685738848	-5.230461936318733	11.897908247529443	11.121023500646828	16831.951755773716
0.5667550212729822	-2.7477008157355343	3.4534047223438904	2.149542608697004	16759.41004504758
0.8672012243656084	1.6286998152964856	-14.22025802086749	0	0
-3.259135353198218	-4.965972695800147	7.206661655752626	0	0
4.486635981653919	5.381880023972762	-9.480889580683183	0	0
-3.327132539033755	-6.69225341258592	-19.07039611928441	0	0
1.1281887182168902	2.3421169314797083	8.307639382936387	0	0
0.39726272272474716	-9.890335031266282	-29.4271809377005	0	0
-0.5295090180708968	1.608768192053219	7.581217237577306	0	0
0.005788932682527559	5.269841248468701	-10.429668438541015	0	0
0.29197096221343344	-9.377485444731626	-14.412603815285337	0	0
-0.16631180618153252	-2.488560850524763	9.92039469126415	0	0
-0.00207159985612293	-13.742908848748606	3.5065589917577284	0	0
0.8700061019318923	6.443752215049763	0.1508318281500607	0	0
-2.7247731874420467	-5.319477640971314	-0.5888396269199774	0	0
4.245509862819418	0.06274094973032618	-8.23191122364274	0	0
-4.6863529280654745	7.1401862069131	2.197179393260882	0	0
3.180957380965282	1.1636624224616057	14.470166378417218	0	0
-1.3578178025510752	5.445068695279069	-0.48995461388381045	0	0
1.1848602647938478	-18.151372366720295	2.246031192157872	0	0
-2.2440135988102767	18.714020732763494	3.2498550811202875	0	0
2.2839592521597254	6.428866914551044	-8.336585939859475	0	0
-0.6768015430668726	-3.7274970427133454	-15.031350634894025	0	0
0.7798576546370981	-6.999479651621456	-4.35259799937154	0	0
-3.6706423356922215	5.100602835457622	1.1522865385689585	0	0
6.2929732748405485	-3.107350025130259	-6.576524123741066	0	0
-5.429335711709356	-7.3181846832350885	-18.79881566818672	0	0
3.8020561038786553	7.594846205148194	3.424736075578892	0	0
-3.0223357508620907	-4.99960811065219	-2.3282947904877602	0	0
2.2200563720471465	3.0612377258378345	28.74431359136358	0	0
-1.7399448278151866	11.256187107420494	-9.745129011332025	0	0
0.82217071221325	-3.9449369112323183	4.240128744434529	0	0
0.5820722259368267	1.6433612005377185	-28.980951197261874	0	0
-1.6532917457051042	-2.2383034146515897	9.156848724136665	0	0
2.118736254162556	10.601230409577049	0	0	0
-1.1339486490878343	5.803772894277053	0	0	0
-0.45520310209710857	-6.255593517286201	0	0	0
2.050954220596225	5.59082900840842	0	0	0
-3.0386544408284877	-11.682177825249418	0	0	0
3.4220427697492823	-3.733813921858456	0	0	0
-3.7951118540808793	10.318274059963166	0	0	0
3.8165509397161728	-8.058037544835017	0	0	0
-2.1640067191984187	7.180592286542847	0	0	0
0.10546555017096182	-6.112764214086496	0	0	0
0.34824652554207347	-26.266061596355023	0	0	0
0.25396302194712916	16.58937584734158	0	0	0
-0.1910652415366556	-11.01098720146387	0	0	0
0.2719139603972991	2.4347307488843057	0	0	0
-1.7795016328722681	-4.0299842639698795	0	0	0
2.8108848178853876	-1.3426627702254166	0	0	0
-2.6808128117220207	-16.373755522938843	0	0	0
1.2666562364898724	1.1738154663314333	0	0	0
1.27978818790708	0.9355215791029963	0	0	0
-2.9429788428184835	-18.33578173990243	0	0	0
2.194045331791685	19.382942412438645	0	0	0
-0.804166144559268	-9.2375650793024	0	0	0
0.09224560812819504	-1.4766668701755066	0	0	0
0.7735210576994547	-1.747369136947981	0	0	0
-2.717898032714146	8.755978183105213	0	0	0
4.7633108970811335	-4.704543484484219	0	0	0
-4.224602684734862	0.5418597665016733	0	0	0
2.8283321893526363	5.163422961401302	0	0	0
-2.080783947165912	-2.889194974034133	0	0	0
2.0026233679866436	5.7243281860089255	0	0	0
-2.208674760222337	-11.451441758778486	0	0	0
3.144292857333518	3.668672417872429	0	0	0
-3.1928775589957965	3.691600020825163	0	0	0
2.074195022348576	-1.387815330073579	0	0	0
-0.8005223320593444	9.493321796163507	0	0	0
-0.4863895566334122	-25.887741250589684	0	0	0
2.766809601199931	6.443738851079203	0	0	0
-4.5091380104958745	-13.389458420208555	0	0	0
2.3866348022958945	-2.69519846674325	0	0	0
2.005738397237387	-0.43960591752870215	0	0	0
-3.5501634305934573	8.352377452772082	0	0	0
1.7819351547345619	4.507355344019466	0	0	0
0.4194446176999449	8.23702647586493	0	0	0
-1.4920501158758697	2.6905900919864294	0	0	0
0.9966901216995225	1.9657747951964453	0	0	0
0.018293293847285952	6.521787547982903	0	0	0
-0.7894380505666234	-2.4143724175562866	0	0	0
1.2955482653694759	8.955209662959774	0	0	0
-0.5677675606609967	-16.833932216363962	0	0	0
-1.6729570273740748	3.0059614899430542	0	0	0
2.165022510518746	2.1160828595163323	0	0	0
-0.4596269569220368	0.3287462361111082	0	0	0
-2.4432244702260064	0.8668072013068198	0	0	0
4.277473201921133	-5.524593409557099	0	0	0
-3.604077554217888	8.33622622990761	0	0	0
2.1302701588608315	-7.395772402780786	0	0	0
-2.4654619295794973	-9.739879764089991	0	0	0
4.510081963619633	1.1430824996335645	0	0	0
-6.414429030409515	7.8876615583514536	0	0	0
6.289445622325189	-14.19004973667571	0	0	0
-3.5437579183379313	16.552256902792166	0	0	0
-0.06962281317784402	-13.510370077932528	0	0	0
2.2342617861808165	5.1627061490448725	0	0	0
-2.192407466306591	0	0	0	0
1.673460745333891	0	0	0	0
-1.5599851093829713	0	0	0	0
0.533789195346948	0	0	0	0
2.163946308014296	0	0	0	0
-4.4383691554735165	0	0	0	0
3.5390179454547877	0	0	0	0
-1.7733101511838	0	0	0	0
1.2665392057648006	0	0	0	0
-1.795609329360417	0	0	0	0
0.6992939643075076	0	0	0	0
1.7651652989532067	0	0	0	0
-3.4578321506922904	0	0	0	0
4.563660612082394	0	0	0	0
-0.20386596938616464	0	0	0	0
-2.7666080703322677	0	0	0	0
3.920770279941138	0	0	0	0
-1.7617701311070562	0	0	0	0
-0.6067307153522847	0	0	0	0
1.0167676251696207	0	0	0	0
-0.15642573442465135	0	0	0	0
-0.2744189116425133	0	0	0	0
0.7895428864603957	0	0	0	0
-1.3751344245669443	0	0	0	0
2.3420682347376953	0	0	0	0
-5.433801001410899	0	0	0	0
9.04373070893977	0	0	0	0
-8.047790473906389	0	0	0	0
4.608382459144302	0	0	0	0
-3.4521268574671637	0	0	0	0
4.527092174433918	0	0	0	0
-4.665102824189809	0	0	0	0
1.6093672630006282	0	0	0	0
1.8902993407811337	0	0	0	0
-1.9803712241197218	0	0	0	0
0.6744233077942354	0	0	0	0
-0.24613569542079716	0	0	0	0
-1.6229867006867167	0	0	0	0
3.43730014640213	0	0	0	0
-2.7011657519101604	0	0	0	0
-0.17179204777693968	0	0	0	0
3.9705703153330845	0	0	0	0
-4.318783114182004	0	0	0	0
0.11211314642647352	0	0	0	0
1.4789203607074626	0	0	0	0
1.2460345820693988	0	0	0	0
-4.714507325170999	0	0	0	0
5.486047226463086	0	0	0	0
-3.870159643062543	0	0	0	0
2.1395571878477995	0	0	0	0
-1.8183030760754875	0	0	0	0
1.656263749845401	0	0	0	0
-1.541331938415233	0	0	0	0
2.0944621088887416	0	0	0	0
-3.7746020052993075	0	0	0	0
4.534132537802101	0	0	0	0
-3.9765300754347237	0	0	0	0
3.5254942964404137	0	0	0	0
-3.6097592800589027	0	0	0	0
4.339077845516869	0	0	0	0
-4.723826045753135	0	0	0	0
3.977439803232741	0	0	0	0
-3.0381390783274185	0	0	0	0
3.4208712589939054	0	0	0	0
-3.9154669540235503	0	0	0	0
3.3809042642955305	0	0	0	0
-0.9254685684846748	0	0	0	0
-1.035100250181408	0	0	0	0
1.3621376984796214	0	0	0	0
-1.4504322155848968	0	0	0	0
2.2502610835516705	0	0	0	0
-2.9739003793410532	0	0	0	0
2.0389221139355413	0	0	0	0
1.3297009236085273	0	0	0	0
-5.511288956719085	0	0	0	0
5.643325211030017	0	0	0	0
-1.2531605135769155	0	0	0	0
-1.138547424525946	0	0	0	0
1.1139762698572895	0	0	0	0
-2.185419052168861	0	0	0	0
3.4717567571908035	0	0	0	0
-3.485145741111374	0	0	0	0
2.1110012327177046	0	0	0	0
-0.6313523611424614	0	0	0	0
0.14431199973599718	0	0	0	0
0.11996410239555644	0	0	0	0
-0.44649241912797777	0	0	0	0
-0.1601238542883081	0	0	0	0
0.47767087574153066	0	0	0	0
-0.23473106054723303	0	0	0	0
0.9553299000786808	0	0	0	0
-2.194960330244669	0	0	0	0
2.3004605053054874	0	0	0	0
-1.8641558746115834	0	0	0	0
2.536910935312285	0	0	0	0
-2.9147986432480266	0	0	0	0
2.049529807960603	0	0	0	0
-1.600258625631838	0	0	0	0
0.9022345187969307	0	0	0	0
2.0952360878586163	0	0	0	0
-5.245339792596312	0	0	0	0
5.215949215866381	0	0	0	0
-2.9393333120542238	0	0	0	0
1.4390726041690272	0	0	0	0
-1.7507160369257946	0	0	0	0
2.4451951538652494	0	0	0	0
-1.7936667704761362	0	0	0	0
0.36062335796759015	0	0	0	0
-0.4277779607256491	0	0	0	0
1.2334111464131752	0	0	0	0
-0.2932632007705891	0	0	0	0
-1.1369375967691155	0	0	0	0
-0.42927770302902957	0	0	0	0
3.734092985089241	0	0	0	0
-6.725601781056916	0	0	0	0
6.910302819883675	0	0	0	0
-4.552479025390447	0	0	0	0
1.1187013495718574	0	0	0	0
1.3897509840610383	0	0	0	0
-2.3324096343073464	0	0	0	0
2.2657687406259654	0	0	0	0
-0.32305379232057163	0	0	0	0
0.3491029912368475	0	0	0	0
0.5213715854835925	0	0	0	0
-0.10141924225974464	0	0	0	0
-1.4307050886056345	0	0	0	0
