0.5645609908388352	-4.358019430985955	1.4979682447354037	0.1996199102147358	16954.086676776817
0.19315418795505224	-13.478027530004674	5.361102755775747	0.6419339547935579	16954.64956615536
-4.624581670829237	7.443787844466499	1.617048994269524	0.3400301446790053	16952.98922684019
3.90036080728526	13.985911610175279	-7.705847921424578	1.2607772770600718	16954.12478902651
-0.5509525645614772	-5.3091999451629235	-11.316119305174794	-2.7066380956038927	16954.38670892391
-2.560701929169717	3.564145169017088	20.738134589177434	6.285798676336185	16954.478409954234
5.466773922955333	-4.758949955489378	6.277809626161073	-0.25841020009899296	16962.852817272178
-5.63767535065751	4.835875852034299	-15.353251370147703	0.05571005767802717	16950.585879833932
2.407510946199686	0.3583160204927509	0.5425786214450881	3.4696360618898723	16947.640935588195
0.33766958459848695	-1.5415768092797393	4.316353455767398	-1.4329832030258274	16948.457225700324
-2.1668854903489745	-10.64959237354062	5.933447091012454	5.096548825453382	16942.863453741058
5.497348122116215	-0.711156451170865	8.828262717010901	-2.1441723088658335	16948.13206393133
-6.884029135156695	11.287175415127507	3.81942475308486	8.198102175904168	16946.7334789385
2.879125455520686	3.4186602632256964	-12.001874613374355	1.0441977269249634	16948.691933291364
4.41812002717684	14.33575502091167	1.8419162940920302	-1.129281518170913	16956.028668330302
-9.676287725762805	11.163380366120279	5.512702943525639	1.9419391044228433	16923.576538499135
13.155520511255425	0.5418986060398439	-6.765803864997906	-5.666106221135109	16918.190757404947
-12.869658293262098	4.018761110122533	-4.140263920764028	-3.611426622279808	16915.985854824292
6.730707644326536	-10.861798169063512	-4.19381999804591	-1.898336162767393	16921.46703941972
-1.817007072688554	-2.3186848061922376	-13.033126113440275	6.898103160209558	16921.121333857915
1.2538163025892217	16.14107329334979	9.519318453702908	3.350740501452705	16936.050516700212
-1.2903710799057322	1.5176118361241464	-4.217758130063572	4.8376337566497085	16914.886128548078
0.16192989322967577	26.55151761312964	6.507724529517034	-7.106212501179499	16922.582139445487
0.6227521795069322	-9.576048285418103	5.412093914641176	10.044241540349972	16929.03694781522
-0.17691406289081613	6.717691544458383	-0.9376338983867925	-5.6532994122298135	16948.740501343535
-0.7151527435601039	-2.629606203115017	-1.7494209740357292	-0.45720810235117426	16954.19137985478
2.4784553417541133	8.874751369505809	-14.256093558633879	-0.6824708793994887	16956.656679428837
-5.298096800482824	19.218022511454933	-2.7439597303125396	2.486074459615537	16952.076710836696
5.443465788420191	5.247169627574401	2.4915271202712717	-2.6057524051687295	16983.593723469545
-1.8727922017318832	-1.1290050064925126	9.929973165953484	5.4257174659962715	17011.501779913848
-1.2064600137061277	14.887939418339627	23.56280852624154	-1.235021173376765	17041.712125245027
2.204652505204521	4.677895141843834	8.760786589417606	9.418238702368342	17069.12163895782
-2.912988244514125	12.229829395871526	4.801559474992729	4.538591779914441	17097.816947161387
3.6607112520846883	-11.401575923405723	8.357229649924307	0.9852693573141664	17107.49752538662
-4.709326185377016	8.900423434985719	1.608620129140732	2.5708625357584367	17121.231932493676
6.4763791998102604	4.598431397311806	-4.875720715680643	-0.9162134445783465	17122.040813584503
-8.734858945410785	-14.978745782605941	9.032593613696491	-2.6289882872341934	17125.873893071708
9.696735079894843	-3.5158399954020894	10.05869607887773	-1.465958627531478	17137.455603637954
-8.133458951627375	-12.083113314782352	10.275249380092589	0	0
8.004874296041812	21.090097432187974	0.8025619027387307	0	0
-10.078371753402486	1.0673308983290113	1.5100413530414585	0	0
10.824160997248697	8.905902856808396	8.545952365965448	0	0
-8.252969256752998	2.6572213802499576	6.679263962750866	0	0
4.670388484801421	11.931535951554764	7.813586895233939	0	0
-2.8579992313769367	1.6094217564679596	11.659329028732728	0	0
3.1938765963799582	-7.815390130055981	1.810847606476031	0	0
-4.409517368779468	-11.415450441829677	0.2482292995547084	0	0
5.8371997624574306	-4.463823076168147	4.715329356540067	0	0
-5.8907109271119396	-1.7862150330951962	5.9503841443093535	0	0
4.066940375584565	-8.352751207139576	-4.466611833052184	0	0
-1.5412322437783317	-12.400396353723046	-7.5083979410267006	0	0
-3.266439066127653	-2.103801240114443	-12.006975840082447	0	0
8.623135742890035	-15.9897778972663	-11.829727572175315	0	0
-10.040162289482701	4.054413997679866	-3.019814377268162	0	0
8.670621701867141	-9.590462338971761	-12.090701814913203	0	0
-6.361596705708429	11.538096096425974	-18.798498621585523	0	0
2.1897674393238873	-6.512204254341064	-5.337171855815029	0	0
2.2950473850902995	9.975187992785465	-13.77172618418679	0	0
-3.708214985265961	-0.4263700203070755	2.1087262383313004	0	0
3.453209039785399	3.4700839838597375	7.737380009844458	0	0
-5.209511144087024	-6.589798146998575	11.907504158713905	0	0
5.431118479467912	-0.4120516504477223	2.786614665733026	0	0
-1.902554334922371	10.221047513912083	-7.497962454042337	0	0
-0.5339464766465198	3.8538965670105227	-27.83250584373917	0	0
-0.12398203473119906	0.22233185841139402	-10.571826241402732	0	0
0.2915159968005412	4.626148701432157	-0.834513355591298	0	0
1.0363398438936073	15.132462130891163	3.3952332184289844	0	0
-1.8488569413636853	20.360894258571832	-4.347875212529232	0	0
2.9876542211275776	-9.099475965658328	5.61554030858359	0	0
-5.349479366011401	0.46329068496820724	18.403207686694813	0	0
6.136302724298055	-3.1701169291505096	0	0	0
-5.011720403913152	2.097572463977322	0	0	0
6.108753715639061	-7.376594517184856	0	0	0
-7.624222129734839	-10.80218954928327	0	0	0
4.939256559636249	-3.1325925606077547	0	0	0
-2.0371034058994084	8.36088225777877	0	0	0
3.106538903937995	2.0052543220381835	0	0	0
-5.045821124294903	4.374890629706378	0	0	0
4.973516734442043	-2.390947469027637	0	0	0
-4.251441785564531	-3.442053578966707	0	0	0
4.555396285013657	3.7324283289715083	0	0	0
-4.0501985182699585	1.660084787118194	0	0	0
3.229700653131893	-8.741633191607328	0	0	0
-4.62989169596451	-6.548134372500606	0	0	0
6.386910529806833	2.870352731618084	0	0	0
-6.221065192354466	3.3670151130086126	0	0	0
6.185367351481013	-3.4219596358193556	0	0	0
-6.807640588042453	-1.0133181231672168	0	0	0
5.889159358594611	4.507724306672394	0	0	0
-4.634449929936245	8.525938423333585	0	0	0
3.9611454109296247	5.136844435034504	0	0	0
-2.753194364899599	8.582843765443108	0	0	0
1.0119011501324238	22.195555652547178	0	0	0
-1.4473753686497943	-14.726384593115007	0	0	0
2.731076658731368	8.542848676195284	0	0	0
-1.9300406882729106	-0.7961625086829685	0	0	0
1.1464452600941755	17.250391620529456	0	0	0
-2.691294996507672	-11.001064955729817	0	0	0
3.4752860567980832	4.60027680392988	0	0	0
-3.1000592913767733	1.2757033917757141	0	0	0
4.0219759538919035	8.866557287483154	0	0	0
-5.660313965772083	-6.4573967273408925	0	0	0
3.823623272561427	-0.005148306653829593	0	0	0
-0.7251917504764549	-1.1147848051120306	0	0	0
0.33118544283754403	-3.012210235728034	0	0	0
1.0361750427529586	5.1883112997265215	0	0	0
-5.23422944911804	25.351079324631947	0	0	0
7.835694021384093	-20.34055130755197	0	0	0
-7.3546389212080285	-13.375145050446257	0	0	0
7.063455244928228	-15.878256991190582	0	0	0
-7.690890861599435	-16.49036253080267	0	0	0
6.819137416441329	-14.862924571109886	0	0	0
-4.7131136286553215	-8.979389378936219	0	0	0
3.8575089053875544	11.26088127221027	0	0	0
-2.4172551619661604	-9.022125971253601	0	0	0
-1.421137277912777	0.04236984516621334	0	0	0
4.889578885637917	3.520349300081648	0	0	0
-4.5212421332583475	-3.7769077850529555	0	0	0
3.41542460446513	-7.552769355846991	0	0	0
-3.3191697610276023	-24.63665581582964	0	0	0
3.323731825185547	-5.274726584427043	0	0	0
-5.201210639732096	-10.598652541060517	0	0	0
7.939552332070136	-6.177283267176158	0	0	0
-10.026366224587491	3.514021597416516	0	0	0
11.779787908984005	-4.365688138279239	0	0	0
-11.822057784338242	6.626595796502855	0	0	0
8.758323255158345	-12.039449561538035	0	0	0
-5.082176286352755	17.49418387745682	0	0	0
2.5686541400710468	7.8626784110949615	0	0	0
-0.759494810779124	35.040035058039685	0	0	0
-1.0796155863447368	-48.956047654953124	0	0	0
0.3813772658127377	1.7388831895768249	0	0	0
2.591870641244327	-12.628246340940919	0	0	0
-3.464224372616279	0	0	0	0
1.4721940143455043	0	0	0	0
0.9991699739884723	0	0	0	0
-1.566833391285499	0	0	0	0
1.777553034734055	0	0	0	0
-1.5198832963108728	0	0	0	0
-0.8663579911281261	0	0	0	0
2.8669091059378218	0	0	0	0
-2.0511800973249237	0	0	0	0
1.0949924449461435	0	0	0	0
-1.170562820386067	0	0	0	0
1.1316895968099203	0	0	0	0
-0.9212972649814972	0	0	0	0
2.21209770973136	0	0	0	0
-3.806835451790306	0	0	0	0
5.1466359043765735	0	0	0	0
-6.550410198268445	0	0	0	0
6.680173398400285	0	0	0	0
-5.669634028155478	0	0	0	0
5.574562932317647	0	0	0	0
-6.105973934289693	0	0	0	0
4.792575932416909	0	0	0	0
-2.1933130825377845	0	0	0	0
-0.0682306486292319	0	0	0	0
2.542123108723608	0	0	0	0
-5.3864971252280185	0	0	0	0
5.396627850946956	0	0	0	0
-3.2398253443345695	0	0	0	0
3.6356315824010608	0	0	0	0
-5.270735759420404	0	0	0	0
4.736844093362684	0	0	0	0
-3.564565475886795	0	0	0	0
3.7903004755226988	0	0	0	0
-3.6339366616775237	0	0	0	0
0.816623874004236	0	0	0	0
1.6217165087472196	0	0	0	0
-2.454219718731288	0	0	0	0
3.6257408575467025	0	0	0	0
-4.99870906792092	0	0	0	0
4.538959541848804	0	0	0	0
-2.4566955040867313	0	0	0	0
0.8498100399978696	0	0	0	0
0.2044799053306292	0	0	0	0
-0.3013113009195436	0	0	0	0
-1.8416450887390567	0	0	0	0
3.3172312636140546	0	0	0	0
-1.9394924460880816	0	0	0	0
-0.0904595469171312	0	0	0	0
0.1358004973143636	0	0	0	0
1.1935966940948148	0	0	0	0
-2.456620267366837	0	0	0	0
1.255072619295312	0	0	0	0
2.433828446488185	0	0	0	0
-4.49535183567977	0	0	0	0
2.416275314659593	0	0	0	0
-0.005311055248640173	0	0	0	0
-1.1570472645582015	0	0	0	0
2.8994133174271113	0	0	0	0
-5.433561999379364	0	0	0	0
5.563001301403759	0	0	0	0
-4.417166655528369	0	0	0	0
5.40608230173077	0	0	0	0
-6.959424870522199	0	0	0	0
6.007937882258155	0	0	0	0
-5.984073829078461	0	0	0	0
8.964260471590954	0	0	0	0
-10.214788293977328	0	0	0	0
7.9528568224093235	0	0	0	0
-6.541381314928863	0	0	0	0
5.709967644919821	0	0	0	0
-2.723002481162453	0	0	0	0
-0.10356091202222473	0	0	0	0
0.5718368428020497	0	0	0	0
-0.3467522474773759	0	0	0	0
2.4151037803403312	0	0	0	0
-4.48558624727098	0	0	0	0
3.127619447777583	0	0	0	0
-0.24823829466565428	0	0	0	0
-0.382924725433341	0	0	0	0
-1.0167927166364024	0	0	0	0
1.2031410266953273	0	0	0	0
0.0105637360664943	0	0	0	0
-1.922026680046656	0	0	0	0
3.6481045816664093	0	0	0	0
-3.803727849599973	0	0	0	0
3.320186389937703	0	0	0	0
-2.058642792807582	0	0	0	0
0.5804816908460211	0	0	0	0
0.8889759298985069	0	0	0	0
-0.7429559083770414	0	0	0	0
0.2141992733394531	0	0	0	0
1.1704596769839384	0	0	0	0
-3.5900115274823747	0	0	0	0
5.070871834073024	0	0	0	0
-4.325305094550025	0	0	0	0
3.4292076442609556	0	0	0	0
-4.318459721387917	0	0	0	0
6.339497738945667	0	0	0	0
-7.0741304129345295	0	0	0	0
5.557016586507153	0	0	0	0
-2.538908632316044	0	0	0	0
-1.3067998247244645	0	0	0	0
4.741609164565062	0	0	0	0
-7.316511478239342	0	0	0	0
9.532465743900453	0	0	0	0
-10.825426524701783	0	0	0	0
10.541683692033999	0	0	0	0
-9.035684976733386	0	0	0	0
7.932292628826062	0	0	0	0
-7.115234514194093	0	0	0	0
4.650648519977729	0	0	0	0
-1.026004778412009	0	0	0	0
-2.673687165554554	0	0	0	0
4.592331228567602	0	0	0	0
-3.169782389430921	0	0	0	0
0.30718499190241744	0	0	0	0
1.746409723609574	0	0	0	0
-4.492036666520839	0	0	0	0
7.659289645050485	0	0	0	0
-8.139942282907057	0	0	0	0
6.1898447334242235	0	0	0	0
-5.33329276344724	0	0	0	0
2.9867610103362168	0	0	0	0
-0.066676317678386	0	0	0	0
-3.6168675829992907	0	0	0	0
7.378429291457515	0	0	0	0
