-0.15124994908468636	1.2101719897121654	-2.84742296077863	0.12884354304486578	16477.573493635602
0.08700952173487764	3.3609079030640174	-9.095936896230057	0.7849420378860259	16476.92586039268
0.6506083526724211	-3.5145810814462237	2.3662166587706395	1.7530078840736536	16478.67572520706
-1.1061406277606167	-1.4115764579132488	5.454136490680639	-1.6817991622006048	16477.287573232858
1.2426755598448054	-5.611394495786641	-7.146886202531135	4.099036758026955	16478.09301792482
-0.4335924410366374	-0.07327948903034809	-0.6326981620214838	-1.3311107609083166	16474.659059887545
-0.491812535773839	-4.318297230291549	-5.153401785920437	9.894734971706995	16462.47192428873
0.8785568732576721	1.4142221757607558	0.8388839075164327	2.1952789323246833	16427.096285455642
-0.6073919645317432	-5.532028362922773	4.649553731795251	-6.246832040193311	16395.757400524533
-0.09178177394525733	-2.0507762702346426	-9.73714597325933	2.9092791258191113	16367.814333567942
0.0002036622330336968	8.40132979356298	2.799945236028819	-11.226062840654095	16345.15983340007
0.8197728786812064	-3.936467801663852	-3.268321447974145	5.618848430365944	16316.352314255804
-1.0804827251528337	-1.0024126232580102	-3.295130055315795	16.044748465978785	16300.512452832663
0.16971251286112476	1.2605436291863015	-4.624979957560782	-26.404003881612894	16324.736225213492
0.33729647444738475	-2.004814259595456	4.952448511299025	33.470057159046746	16395.332931598205
0.6144837883535388	2.818399969413335	2.2713427199963974	-9.532829243123487	16458.764418444985
-1.907400325370368	0.6983648518916112	-0.01481440862315253	-59.74220896984998	16486.64457214997
1.7691913658098315	3.9021189152365636	3.707578056896722	-12.857650759371182	16547.16752278917
-0.359269172042346	-4.642633810895873	9.307851497609548	-24.305696306310352	16454.41665419217
-1.0373715877065237	-0.4812138292359407	-7.710942709026227	-0.5440434664719618	16719.45888608887
1.45614600038612	-1.6867297738815452	2.7090321287658554	9.416649972310765	16809.84135221126
-0.807071076648441	-0.11633369277213035	7.863664030631355	-13.038695870432392	16671.5350586313
-0.3448356739586984	-3.0248030965933523	-5.895699241578839	10.501315948145617	16674.39780510348
1.1327289425406875	-1.50781048648075	0.9458631548303345	16.7187576261953	16610.43524513022
-1.2072141358192425	-0.12447376197209792	-4.60950787030103	-2.9241149695295974	16635.774425739637
1.6510284682759462	-0.26800655749812563	7.554518577149054	8.868121415357692	16619.946975828985
-2.0759962498176208	-0.348395669925047	-4.727385160848058	3.706691080940317	16623.91071436963
1.8410633438796467	-0.14401410209107013	3.763595436190414	-30.03985963041889	16605.947952532915
-1.1434778594423207	-1.0637691227298163	-1.5453678590286444	13.886106670996611	16674.04275466643
0.48548488619444186	-4.737843411404853	-0.8355020644443414	16.220287994374544	16662.687804437952
0.686120590210038	-3.151488442789656	-40.14962831143207	-11.86933579028873	16593.271294154474
-1.0021924252239671	-3.59085164624841	6.711530205835587	-11.571793324000623	16637.83604526724
1.5957351863851557	1.881550924062438	3.1873143584662103	11.189777387983113	16792.489747024676
-2.29288171919589	-4.3425699962256346	-2.999862519734222	-3.6848791429875263	16923.208146065343
2.0727200435475694	2.2991480835507403	6.258819475127467	7.108874037840323	17063.261728212383
-1.1665876121240188	-3.631559785524402	11.829904292174305	-4.683065910160934	17212.25850229502
0.6849240990914964	0.2716592839128893	-4.088462600702869	-4.896670723993935	17406.834617333225
-0.8533393269100245	3.4665719980122205	-6.453665648349144	2.106324142126965	17494.056891330547
1.2547888984257938	-5.261223616762479	-3.0224193477554735	0	0
-1.063717727824013	-1.5011752217896088	-3.1692878210159705	0	0
0.6666477880971726	-3.065447633074122	6.942393089751036	0	0
-1.0019224694391724	0.2289958406691781	19.195616269208443	0	0
0.9929773289163535	-3.3759608950973004	-9.574105328886176	0	0
0.05451640982852979	-3.3538443966105334	-4.706917466207372	0	0
-0.6624275098554193	-3.77613595029095	2.42224594601565	0	0
0.28387736398364183	-2.424447601339864	-3.896945256723768	0	0
0.5505127731122812	-2.661329311989981	0.6141226860525961	0	0
-0.9780745621041902	-5.0663840611376685	5.877564978393906	0	0
1.3338620532149434	6.533069409582055	7.815938392627558	0	0
-1.0302051955265412	-4.640007149263134	-4.337647213272717	0	0
0.3929937766064242	4.945442674852629	-2.4159000681448646	0	0
-0.2142096057265661	4.122942485958795	-8.086282575230314	0	0
0.3104225232157205	-1.8395277362609619	2.598222778812854	0	0
-0.18215457461097628	-1.6283621060623403	0.8649805206297856	0	0
0.10694050307542824	-1.693492473578452	0.1472414735220866	0	0
-0.4945893490613926	0.1769221376008545	-0.07741904043896852	0	0
0.3083495047261522	1.0152007312601867	3.7183049778806065	0	0
0.5196424811599982	3.1104064190108005	-1.068920982688212	0	0
-0.8853868703828596	-4.129220210754696	-1.4008100913470116	0	0
1.043200670728453	-3.0327735163484206	5.368893622459808	0	0
-0.9428814418929932	-2.3451296873752696	-2.1038246473537754	0	0
0.9328229771816794	6.861563893552599	-3.338988775864209	0	0
-0.14491979216315798	-2.3584313298158506	-1.7206098912738952	0	0
-0.9154798262660293	-3.582596753133579	-12.178545116764639	0	0
1.342449505508256	-0.46033179633586485	-1.2446543642459034	0	0
-0.5857461487224569	10.818385692082721	8.2703942617741	0	0
0.18900190391972416	-5.522467811767179	-6.090888413938302	0	0
-0.20151325108175655	1.7466073261818948	4.352313476742964	0	0
-0.5068178809388257	-4.480943821593158	-9.400969510135013	0	0
1.1274186700932702	4.949891048543627	9.145915939935051	0	0
-1.5824536684847672	-3.7138999300630147	0	0	0
1.566227580081005	-2.507248618245683	0	0	0
-0.7024156503574304	-1.1485593609145397	0	0	0
-0.037125192037038346	-4.678379461153334	0	0	0
-0.4893656949266827	-3.323495566367292	0	0	0
1.0810947520912677	-5.253796674057405	0	0	0
-1.110729680476993	-4.033628632979912	0	0	0
1.655402535886104	-5.19879383333425	0	0	0
-2.4762431908676135	-2.8959489324204384	0	0	0
2.5384882272746907	8.71849461454066	0	0	0
-2.0114866160996385	-0.7434677787455897	0	0	0
1.5347421729039468	-3.560055902838336	0	0	0
-0.9937415812846453	-0.674675872380206	0	0	0
0.46629242256586423	-1.9318772179438923	0	0	0
-0.45756648493598107	2.63357897704433	0	0	0
0.510070573892861	-0.06022646441562074	0	0	0
-0.8624871294559355	-5.912051408618126	0	0	0
1.5114797915160665	3.544144119284965	0	0	0
-2.2942412931283442	2.5728486576510647	0	0	0
2.6401635592117145	-1.3174414581671527	0	0	0
-2.559298276791182	1.4162893393484737	0	0	0
2.9420228183050128	-4.791217021994122	0	0	0
-3.6694773786553725	-0.1341686562060076	0	0	0
3.5870978508506255	1.1250444782203033	0	0	0
-2.066144036397631	-1.799765430921127	0	0	0
0.32854513277219155	2.5425396503583926	0	0	0
-0.09964466819673135	-4.747615681546598	0	0	0
0.26629648006139917	-1.804326653973547	0	0	0
-0.5495588837691514	-0.6038461954955778	0	0	0
0.25706756756500226	-5.381896386801394	0	0	0
0.6275171441341882	4.783745703762293	0	0	0
-0.8876447931710558	-0.9071913674020848	0	0	0
0.5465745766699044	11.555221953714202	0	0	0
-0.5196277209763807	1.5725497802943806	0	0	0
0.45651133454045123	-2.8975955377149347	0	0	0
-0.2808224409551485	3.0111124457701735	0	0	0
-0.2515615824464845	-0.0113383909246636	0	0	0
0.3651219760947697	-0.01894295993854911	0	0	0
-0.03827213486819403	5.475603597678628	0	0	0
-0.42245551950512805	-6.980579815882692	0	0	0
0.9477829685968047	6.355228251368551	0	0	0
-1.5685148065722885	8.396534584715205	0	0	0
2.0169093744183257	-2.033149606460377	0	0	0
-4.742281830791001	4.138049051166085	0	0	0
7.9605491182982675	2.093402580091997	0	0	0
-5.373243412754945	2.685071325797516	0	0	0
0.6123580884512236	-2.403636446335021	0	0	0
0.7815378315635471	-1.7381445526788113	0	0	0
-1.6884778483553973	-3.919383210833523	0	0	0
2.087353750215449	0.9963769082688003	0	0	0
-0.4150137214846339	1.231237431615945	0	0	0
-1.1803873563439211	1.7607144099237004	0	0	0
2.2793668920055197	5.157631179938704	0	0	0
-2.7665164921676606	-1.338286489809576	0	0	0
2.067413717487611	5.536452445946708	0	0	0
-0.4559852390420218	2.8572709694122835	0	0	0
-1.708739138218391	1.81036749784694	0	0	0
2.7246336401672338	-0.3440558673923846	0	0	0
-1.03604243729189	3.2560791436455787	0	0	0
-0.9697031584992359	-0.10615116759268517	0	0	0
1.1574934973861417	-1.2033711350597969	0	0	0
-1.4074928047712376	-2.822764924785332	0	0	0
2.636447416004124	0.9035054762617563	0	0	0
-2.88183797186624	0	0	0	0
1.7232629758892841	0	0	0	0
-1.389336564441166	0	0	0	0
1.6510738513765588	0	0	0	0
-1.6678291491498243	0	0	0	0
1.4347711405960553	0	0	0	0
-0.9951720787531357	0	0	0	0
0.3135767414675783	0	0	0	0
-0.22209696444401317	0	0	0	0
0.7934669115979531	0	0	0	0
-0.00624429615324118	0	0	0	0
-1.036526903573396	0	0	0	0
1.2212900270150797	0	0	0	0
-0.6538520119175928	0	0	0	0
0.6173304126495935	0	0	0	0
-0.6925160896658653	0	0	0	0
0.32310863353367836	0	0	0	0
0.0973972918660806	0	0	0	0
0.27307810532305155	0	0	0	0
-1.036733845735192	0	0	0	0
2.520492533936377	0	0	0	0
-4.139704577027047	0	0	0	0
4.132843268146928	0	0	0	0
-1.968195407130473	0	0	0	0
0.5025155839864297	0	0	0	0
-0.7798128720758299	0	0	0	0
0.19915218944153423	0	0	0	0
0.2711153558366277	0	0	0	0
0.35027790288183525	0	0	0	0
-0.6610844091243138	0	0	0	0
0.47102432367987745	0	0	0	0
-1.1903254485058028	0	0	0	0
1.4618389587809517	0	0	0	0
-0.3645254930668429	0	0	0	0
-0.6048465745721359	0	0	0	0
1.5460534826801435	0	0	0	0
-2.07303319140955	0	0	0	0
0.7939035212346042	0	0	0	0
0.8158903495731877	0	0	0	0
-1.6189270350686797	0	0	0	0
1.1861150804028	0	0	0	0
0.18010907690076294	0	0	0	0
-0.3787720211282064	0	0	0	0
-0.4522254469417746	0	0	0	0
0.8712507808383805	0	0	0	0
-0.6388637516269711	0	0	0	0
0.26395313024928413	0	0	0	0
0.4062692438346005	0	0	0	0
-0.5841213519704169	0	0	0	0
0.45838864070287855	0	0	0	0
-1.645092501375153	0	0	0	0
2.8329591444651	0	0	0	0
-2.3999636894419183	0	0	0	0
0.7719291409324569	0	0	0	0
0.14494339389659672	0	0	0	0
-0.05045354745524122	0	0	0	0
-0.03371271020213129	0	0	0	0
-0.3345663218034147	0	0	0	0
0.5346404605258428	0	0	0	0
-0.9607926464697769	0	0	0	0
0.6283186379890182	0	0	0	0
0.0735288558910554	0	0	0	0
0.4482403964900996	0	0	0	0
-2.2813479127725316	0	0	0	0
2.852310654050342	0	0	0	0
-2.0599762434245292	0	0	0	0
1.3439436133957727	0	0	0	0
-2.1851735929567084	0	0	0	0
2.969252321269259	0	0	0	0
-2.9523141766757064	0	0	0	0
2.0033019727431736	0	0	0	0
-1.6230361670548206	0	0	0	0
1.407703564745745	0	0	0	0
-1.7785054261170075	0	0	0	0
2.1686008133300305	0	0	0	0
-1.8021926472418315	0	0	0	0
1.02511927886993	0	0	0	0
-1.134815463776171	0	0	0	0
1.3242074296858135	0	0	0	0
-1.5400521375721183	0	0	0	0
1.4584418714954879	0	0	0	0
-0.4453882376406213	0	0	0	0
-0.5166281095948193	0	0	0	0
-0.11465660322615179	0	0	0	0
1.6294457374132492	0	0	0	0
-2.2371309129923205	0	0	0	0
1.0013409590140796	0	0	0	0
1.0352464224560975	0	0	0	0
-1.5834314449849458	0	0	0	0
0.7341051055067283	0	0	0	0
0.8099411194838666	0	0	0	0
-1.6466822447423723	0	0	0	0
1.2216474470219651	0	0	0	0
0.06471294953886542	0	0	0	0
-0.9630901628557424	0	0	0	0
1.5734744697645908	0	0	0	0
-1.7250951734391364	0	0	0	0
0.7553973648972558	0	0	0	0
0.13173084047210892	0	0	0	0
-0.4993455411222527	0	0	0	0
0.6653069933201863	0	0	0	0
-0.9858909807137408	0	0	0	0
1.649434099736581	0	0	0	0
-2.1647496979197456	0	0	0	0
2.119641283642487	0	0	0	0
-1.9481830355778342	0	0	0	0
2.1972364111109357	0	0	0	0
-2.529740247390592	0	0	0	0
2.464963851279883	0	0	0	0
-1.7820542650817615	0	0	0	0
1.5365369154301334	0	0	0	0
-1.6776444639048975	0	0	0	0
1.5909994959189433	0	0	0	0
-0.8009642647846889	0	0	0	0
0.5174572147574708	0	0	0	0
-0.8825522380188673	0	0	0	0
0.5214366876492136	0	0	0	0
0.3779232125417238	0	0	0	0
-0.4627250761717363	0	0	0	0
-0.10091070098191324	0	0	0	0
0.8046915800150813	0	0	0	0
-0.8803316732838553	0	0	0	0
0.35510870338774225	0	0	0	0
0.10785567641465121	0	0	0	0
-0.2851706550645332	0	0	0	0
0.6675838565169059	0	0	0	0
