-0.19222013475385324	2.258710403157579	-7.922101910357654	0.4467815159182038	16989.24107168003
-0.23477738211865073	6.014157433547929	-25.167825564030608	2.6226708688572558	16989.707433120155
-0.28950059377034876	-7.087699254382983	7.045112115940086	19.517066070522972	16995.1391517661
0.5218705443057914	4.34181495095077	-10.598807185297517	-20.98202912087028	16986.572213435596
0.5051895363528942	-10.782104977529329	22.627140951182852	16.866356956258514	17008.86370768021
-2.552767444893192	6.558717457198227	-7.828344594041354	-21.410537062395377	16925.051414722293
2.8703733912880622	3.8874641869434683	-3.7982418502064945	20.587843441170804	16840.59803429116
-1.0419000405167367	-0.8928741811944576	-23.16828909799706	18.754749101170546	16730.786166821923
0.11157975744425386	-3.9766111082464235	5.821821336696203	12.079894534839681	16758.171704640474
0.058189325380304524	10.694501375284169	-13.134391939747815	-33.08547663312149	16985.999409692413
-0.06899329682362776	0.7570789279275942	1.6240570778637249	-25.852521488595855	16934.4517519591
-0.6164064081168377	0.45562251739657	-3.2058778267232952	-13.129643803027761	16773.521204656743
1.485047761434572	-10.578433084628003	-9.506767968635444	-5.796686453031896	16657.46153577338
-1.1351457275768695	11.769672980719513	7.4508635837619295	-22.54204575506131	16674.5471340926
-0.6343332400621762	-7.30777237457545	7.745692727298049	16.620820633130123	16966.250905268054
2.2040074394066522	4.6739105125002425	-5.796373503923391	-15.876930691020661	16986.274461695903
-1.8290933113619943	8.029983019222641	-14.670424222034441	-35.41870587517798	16954.860315685666
0.4332225391485096	-14.979279737481818	2.9657950569385036	13.92545518017522	16923.735164573616
-0.026074278671977424	6.197074152447485	-24.522084523108873	-13.522587733404038	16818.853514838265
0.6477756852115135	-12.363408023704203	19.090458347260352	-17.486500884295694	16777.267827808813
-1.2761313605677884	16.52482581885522	-26.062950540023024	-5.322403850720704	17010.101810448054
1.3742098958397477	5.891106128561368	15.34129530840498	29.088309113591592	16998.072500160026
-2.72251889613225	-7.959829015946141	-27.467958252425262	-9.193182885053062	16795.89351868137
4.659251989380195	-7.879164776336026	6.305927762548976	12.60640046046099	16745.773754985556
-3.95502793951605	8.525147938877176	-22.204707463846574	-13.898018780529384	16633.58874580494
1.3577989500143488	4.059981603459882	21.635959656542468	5.176285026639476	16700.836749557977
0.39255108121282234	-4.152339295035091	-18.798381611158504	-41.198595381322676	16924.887212498055
0.02179913488625118	1.7326428050573313	4.457071916870831	-11.201603754697317	16929.18058941068
-1.2515814035971715	8.108218523472878	2.3948958611938878	-5.550756593571336	16831.45762106955
0.10827042892803718	-18.87737001282479	-10.086635470222774	21.8512502342992	16737.486725067043
3.0160007789472445	1.5803864643654109	60.24516495814335	-16.93553652505885	16647.426545683953
-3.3197469745029764	-0.3445099866714756	-37.79619605568951	-15.44161611075171	16886.66086193895
0.2315841305872013	-14.465517888209952	16.201867351533934	32.76221999986733	16927.196639462563
1.7577957220225855	17.51201616385314	-9.245422225049353	-37.79866665232075	16850.53581479877
-1.0750485577747142	-11.909797443235853	8.563433269482132	62.52996968818502	16815.497155698573
-0.0313435000040414	16.642490936337374	-7.894128092554965	-23.544263531040087	16810.639391032157
-1.3370964806636536	-6.094457442687535	1.3855858399386847	-46.35811975389856	16940.990471384885
2.65308046219657	-0.22749578537438708	-14.803364604286216	48.1801896776804	17169.45357350637
-2.1373679532890506	10.503281531371286	9.284683966285783	0	0
0.5255637078622186	2.3324896855379507	-18.994386535823097	0	0
0.9732257590041087	-3.601898308401452	20.358510041564926	0	0
-2.546854458118375	15.29042511586212	-30.888735535492472	0	0
2.4095499251893315	-9.631648240533671	9.228239159930382	0	0
-0.9750128842119707	7.746294754166016	-18.314427337135925	0	0
-0.10996138505101527	-0.41756947745854944	15.640308579999555	0	0
1.1627350116296284	-1.0814216543654567	-8.690600536796637	0	0
-1.0997869031747527	-8.152927655267781	-29.167812477033067	0	0
-0.6605572452963102	0.8715909398929043	14.644908203739789	0	0
2.229377391519975	-0.7868457649634095	-17.94983682654488	0	0
-1.7224677739083205	2.181615287146201	3.0263296491155955	0	0
0.12400266619909672	-9.877397966296492	-11.744763130775212	0	0
0.6772642119553396	10.896294432168268	2.784384353481201	0	0
-1.1809620868380506	-5.582688228040276	-21.851645973984816	0	0
0.9687708181153525	3.1718134905092796	6.038597001557733	0	0
1.3181929522980624	-2.99978497656096	6.985023736079583	0	0
-3.089944822497877	0.9425574269334547	7.60993013130259	0	0
1.1598467366727192	-3.181842644066542	-6.753651759734339	0	0
1.0680970781480852	4.772310237123591	-1.2510164362661413	0	0
-1.1001378145445884	3.7340781014442115	6.849005754910465	0	0
1.3129398998991988	-21.144763611514506	-2.035798024550658	0	0
-1.4128550721469821	16.949861277355488	-0.6380093813938714	0	0
0.7764635084602105	-11.706519090217412	14.876905414250146	0	0
-2.027843743642947	1.4141933102153388	7.947922349737283	0	0
3.4501475169241758	-2.203034634911731	29.25424599479517	0	0
-0.9595573503841237	-5.443375096914487	-16.11161344856872	0	0
-3.5406773659269817	-1.4453405647569326	30.05412996125476	0	0
4.903447798106306	-7.602892939310841	-18.711787363156105	0	0
-2.272860388436243	-9.557505722983933	10.606322388410831	0	0
2.2404999280991333	-7.464523710611971	-26.17947995427768	0	0
-4.315457907224648	2.129762180222947	18.955962710309564	0	0
4.1401680451942156	1.1510646891829026	0	0	0
-2.24701721374835	8.322644079281616	0	0	0
-0.15288931118951155	0.3640224574049853	0	0	0
1.3780310937724565	3.8313190582925287	0	0	0
-1.0986949911511772	-3.264382252277912	0	0	0
0.7042836281069143	-1.9064344992468278	0	0	0
-0.6498963282077597	11.814141154763263	0	0	0
1.584142095331515	-5.189982533137972	0	0	0
-3.646901912212904	-5.413636045223093	0	0	0
4.383252504282879	3.3388558854817205	0	0	0
-2.683131335655503	2.770063886597079	0	0	0
0.10202716892555941	-18.986361538538745	0	0	0
1.2100473830257954	6.774656538933947	0	0	0
0.8129658033470122	-3.917896227862421	0	0	0
-2.4370748850271298	9.278098630743635	0	0	0
1.0052589379901704	1.3725738498965399	0	0	0
1.0946248608766211	-4.670024750663906	0	0	0
-1.665385318511305	-8.151572974900574	0	0	0
1.9185874259939624	0.1330263682198023	0	0	0
-3.3301027052795646	-0.6827297557756182	0	0	0
3.9589132325578404	4.151334248202382	0	0	0
-1.9296441587606452	12.543343391014822	0	0	0
0.5172726778380152	6.5790870268815596	0	0	0
-0.3411581509923636	-4.334440952991365	0	0	0
-0.35100813368520534	10.960749321515209	0	0	0
-0.0835577902177036	6.932714757174487	0	0	0
1.7190443129218806	-6.86318021290122	0	0	0
-2.8589461828838267	7.767693515160602	0	0	0
2.1195942267729464	0.9543668568927259	0	0	0
-1.0760457176857372	4.192818472350744	0	0	0
2.3118185204438646	-6.145096773393135	0	0	0
-3.989461799664028	1.8902280181244322	0	0	0
3.256055041278323	-10.295218824162035	0	0	0
-1.6987792313879666	3.472485167350328	0	0	0
0.23641082344322228	-4.598460782066233	0	0	0
1.3253649403596839	3.9847076136594595	0	0	0
-2.366938247402345	-6.459748402537883	0	0	0
3.1258150546071874	0.7678735567237212	0	0	0
-3.3392844692496837	7.912962738078043	0	0	0
1.7250961040402117	-2.647342727191578	0	0	0
0.26138665651519943	5.9260314324759875	0	0	0
-2.658900446854375	-9.646838760337069	0	0	0
5.337446838761771	9.403082400812792	0	0	0
-5.226898786611727	0.9930589743411744	0	0	0
4.973287866239019	0.7001443564481349	0	0	0
-6.361569032917352	-0.09755417419234647	0	0	0
4.538989746981272	-0.980646350293128	0	0	0
-1.7707293188945314	3.522607524938529	0	0	0
2.634447139229046	3.387093991468511	0	0	0
-3.948407478204963	-0.19168022221489167	0	0	0
3.5070091634238167	3.987812867520148	0	0	0
-2.463647891107726	2.74254811754075	0	0	0
1.1712036936477972	-1.932384040923239	0	0	0
-0.9442875454435935	11.969261995582677	0	0	0
1.194207200132304	-18.947795036979194	0	0	0
-0.8335934515438908	-3.705229144184962	0	0	0
-0.020730553996138212	-3.5113546208492252	0	0	0
0.06768156065722764	14.027642746373047	0	0	0
0.9173952700961294	3.7462747833690813	0	0	0
-1.1724797623205134	-5.198304557806033	0	0	0
0.7777183000161898	4.248497180778855	0	0	0
-0.7154344986892056	-10.021960143195884	0	0	0
-0.6112403300634881	-9.039317657255694	0	0	0
2.163236493283094	0	0	0	0
-3.390943188313244	0	0	0	0
3.4044692472574454	0	0	0	0
-3.1264347111948467	0	0	0	0
2.317436256862962	0	0	0	0
-1.917003654127953	0	0	0	0
2.7219495149317297	0	0	0	0
-3.2249945526609594	0	0	0	0
1.1276072165914215	0	0	0	0
0.851019267873312	0	0	0	0
-1.257566713438699	0	0	0	0
1.4068639491376587	0	0	0	0
-1.798006998535385	0	0	0	0
1.482732195744525	0	0	0	0
0.7753235830155418	0	0	0	0
-2.5249390262980356	0	0	0	0
1.778183742026556	0	0	0	0
0.3404634763838956	0	0	0	0
-2.327484097163989	0	0	0	0
3.2454014061371694	0	0	0	0
-2.0883180438122153	0	0	0	0
0.06091164889320311	0	0	0	0
0.2634764020546001	0	0	0	0
-0.30847892275565414	0	0	0	0
-0.2484450425524969	0	0	0	0
2.239412899504316	0	0	0	0
-1.9080071725227512	0	0	0	0
-1.1981756475786867	0	0	0	0
3.257331958618181	0	0	0	0
-2.048695870948599	0	0	0	0
0.6205665594705749	0	0	0	0
-1.2491481122347707	0	0	0	0
0.987408275248228	0	0	0	0
1.1054594312503454	0	0	0	0
-2.429310563377932	0	0	0	0
3.140029367869964	0	0	0	0
-3.342678867093589	0	0	0	0
2.9518896709687255	0	0	0	0
-1.909056733858698	0	0	0	0
1.0266399449985002	0	0	0	0
-0.10146204224410837	0	0	0	0
-0.19582565129464768	0	0	0	0
1.17915368878716	0	0	0	0
-1.8458910538105613	0	0	0	0
0.823517408400555	0	0	0	0
0.06171422638956159	0	0	0	0
0.8999798761274391	0	0	0	0
-1.3796254759924977	0	0	0	0
1.012339665884241	0	0	0	0
-0.5948862486171578	0	0	0	0
0.5833496187790033	0	0	0	0
-1.9625452360616293	0	0	0	0
2.7015080269600418	0	0	0	0
-1.140259148799288	0	0	0	0
-1.0734095480189154	0	0	0	0
2.1308661275745138	0	0	0	0
-2.480425293151427	0	0	0	0
1.3357845004275077	0	0	0	0
0.6286306780601549	0	0	0	0
-1.499883768058318	0	0	0	0
0.8005603797017571	0	0	0	0
0.17182074844162543	0	0	0	0
0.5510731548071632	0	0	0	0
-1.0285986981901516	0	0	0	0
-0.7131042493991444	0	0	0	0
1.3088533206022674	0	0	0	0
-0.6986970024777008	0	0	0	0
1.1678389861593175	0	0	0	0
-2.439482154425967	0	0	0	0
1.9944085576305213	0	0	0	0
-0.250289643692426	0	0	0	0
0.08843423965178943	0	0	0	0
-1.9446767718965035	0	0	0	0
2.4474979075907513	0	0	0	0
-2.385954419492961	0	0	0	0
3.2119894529249606	0	0	0	0
-3.050075824838679	0	0	0	0
2.037235974876012	0	0	0	0
-1.644899100899643	0	0	0	0
1.0997521893364137	0	0	0	0
-0.3208773537363072	0	0	0	0
0.682908837610249	0	0	0	0
-1.5086204811517874	0	0	0	0
0.8053626034420702	0	0	0	0
-0.0317033689960553	0	0	0	0
1.7100207213788536	0	0	0	0
-2.3734049125174366	0	0	0	0
1.2990231154130356	0	0	0	0
-0.14917545542071764	0	0	0	0
-0.1479234240919709	0	0	0	0
-0.2734009753123843	0	0	0	0
1.2625756934126287	0	0	0	0
-2.0505961072876033	0	0	0	0
2.4910392881072454	0	0	0	0
-3.3409389965899123	0	0	0	0
4.555765289744471	0	0	0	0
-4.705731042078554	0	0	0	0
4.3363068129421904	0	0	0	0
-4.439022882431438	0	0	0	0
4.317778498535887	0	0	0	0
-3.4253719077853333	0	0	0	0
2.4283011604251357	0	0	0	0
-2.4144751255863923	0	0	0	0
1.8358549010982799	0	0	0	0
-0.39854997234309053	0	0	0	0
-0.03183793353260711	0	0	0	0
-1.2624212193918183	0	0	0	0
2.6045799816356805	0	0	0	0
-2.5202091698357236	0	0	0	0
1.5942976966896012	0	0	0	0
-2.92951132709036	0	0	0	0
7.16231059711582	0	0	0	0
-8.322075289985541	0	0	0	0
4.993459895727263	0	0	0	0
-1.3734635654084855	0	0	0	0
-0.6598325548585962	0	0	0	0
2.1489263294054837	0	0	0	0
-3.4931065334467135	0	0	0	0
3.6310625024377927	0	0	0	0
-0.8985441624301984	0	0	0	0
-1.825041227070777	0	0	0	0
2.9869499962754773	0	0	0	0
-0.3839569140272232	0	0	0	0
0.3949329898258398	0	0	0	0
-1.0515051234034374	0	0	0	0
-1.8895638871649396	0	0	0	0
