-0.43328290997617813	3.0891764357656157	-6.522232819690288	0.3421818896884474	16978.148332172514
0.13631602759056705	8.621161878795334	-21.149623435232	1.9500803451585966	16977.31898719384
1.5495043875919023	-10.396853596872766	1.5319054557726304	10.894559547178673	16982.12158205971
-0.9669799431966837	1.5382958594619183	-11.317791762114155	-13.747050395705628	16976.172565674493
0.24767758586431654	-1.0018990785548425	-5.2121352325669505	2.1753463923419503	16987.895722371206
-0.4980110865275549	-1.9903814536543507	-11.430030491990294	6.489711231319177	16946.478928355344
0.5632894594352109	5.493171364550939	2.1708242689135773	-16.326634607887115	16957.38110058418
0.6026547482559224	-14.997728804366538	2.016514642170023	11.350094124332273	16927.97625031854
-1.787639781256786	3.058425809522049	-1.2229195422344077	36.91715192241864	16913.726968168994
1.1414301510074694	0.9503303817644451	10.952001803772177	-14.619517537262269	16899.88711263313
1.2417290052538448	-8.64609052255583	-15.237478882061836	21.90814465658714	16905.855752597527
-2.317260995490507	-0.19212552148083972	-3.2986182446735484	10.182490344829148	16777.115574243
0.9152715647640548	-4.067648030117006	-2.437345360855005	12.592910436244196	16739.237395946195
0.022878641101002017	16.170741160365942	1.046187929047008	-6.845243295768697	16745.430103367093
0.6610247838227536	-3.551171255201517	-1.4370774974650544	3.4189011215466536	16777.941418344228
-1.2128783590642556	2.2305752433285377	-14.809318774608798	-6.308212812855061	16812.794016425723
1.978633865667483	1.33289104079239	-5.017181217932887	-6.371915428982874	16846.621380673092
-2.394952437369028	0.7525108605240831	8.171367887962717	8.340198449480326	16910.772889604217
1.9058235120969371	3.959273467407151	-1.4908134497607648	-12.725107583856541	16983.92566412819
-0.7926071668714627	-1.3206792993332073	-1.2796896830907372	3.0203229919333836	16904.268298203853
-0.5297963670092543	-6.7102598351464735	-0.47786033885968493	-15.361661026485663	16844.722228474748
2.822618692130078	-2.505409840777723	-15.512855632378688	-5.66716384655173	16838.263336270225
-5.888524302641052	-10.137808222928108	-4.109196216296439	6.985970587593499	16826.367167303946
7.775338322838692	0.17503204918244109	0.02485754279989294	-32.25635537113932	16828.590997360738
-6.509356277882986	-0.6333975762728485	7.306115553807459	-23.882839336214374	16868.562730658185
3.0381272788634277	-2.0857505048239275	-9.391451962170152	19.994098571798844	16865.85114544375
-0.9001605214191599	12.739644797555329	8.429858869794273	-11.433832021671364	16802.83239911197
0.3659938950156203	-18.30356069538052	10.670064410779261	-4.011968680995935	16741.924289836537
0.04138150988017486	13.849533296940074	1.5283969335288816	6.735291183478267	16755.15460658926
0.10280466749055961	-1.6940054815394987	15.772307910131545	0.8722419758455118	16793.30090135897
-1.2068702194753271	2.9851772776475443	11.472586330817137	-21.22604989706828	16820.293241696167
2.0776799166040547	6.4438489365969005	9.034096724703076	-14.338727180308268	16801.51437135904
-2.818323973463599	-3.3194744734928037	-11.068067955266997	7.230592729285547	16829.96653439066
2.9542930502952487	10.42103733119329	-15.270494435068514	2.456799687947452	16839.185078311864
-1.6989793834981413	7.649205073291391	4.6238573641675345	11.490805015982318	16839.812202027304
0.5375864720803847	0.28095634409427106	5.415434592587658	-5.189805899036941	16872.730736634127
0.2292889257887012	8.734879334039498	11.403976010185573	-11.765616354196624	16954.618231798184
-0.9563244046072299	1.9145975236190296	-1.1623736639417928	0.8898231822229832	17023.55710677329
1.1681352990909986	-9.553311398964034	-12.212378773077063	0	0
-0.8906853146185796	0.6610399653722467	6.540223907728162	0	0
1.9104584088887009	9.230333784006376	-21.055441723666263	0	0
-3.3297554690025137	0.5955416021282076	-1.592015123817859	0	0
2.826358336628502	-2.103896129627799	32.565158860022606	0	0
-0.7588527310971784	-4.212386330798495	-16.007344590697087	0	0
-1.320536571180412	-8.526911117454368	-8.641820518860811	0	0
1.693031359159022	1.9098432833737817	5.941363817030918	0	0
-0.15119995455181368	1.6854213186880145	-7.512892983083617	0	0
-0.6110733768497241	-10.006248514589892	-8.161661051509952	0	0
-0.06598487304095357	1.5200805139111466	6.400439145761197	0	0
-0.31838181366578766	-5.747738104351818	5.905451634573552	0	0
2.738595660256088	1.5632622776158271	10.449031080397802	0	0
-4.712072637700608	-3.609562546234997	-6.960576572628611	0	0
2.744949004379883	-12.626618921903813	7.3995913471628825	0	0
0.22779246082576776	-9.564757324256469	-2.081488735395652	0	0
-0.6071758441967958	12.13160130056336	-10.865888030984891	0	0
0.6799861732509811	14.084155399543903	0.11483810438537034	0	0
-1.1620045940856585	1.4693523545360918	-0.13800218612902881	0	0
0.5294314394431652	-7.15007690676503	6.934280280942474	0	0
0.16516354827614066	-7.252076947826453	2.6523687368919013	0	0
-0.6375842332257733	4.153774105504127	-1.7238207276482598	0	0
1.5680311174698218	-10.39784751449887	-27.08512162074335	0	0
-1.600703673772756	-5.493007900171641	3.126441978114613	0	0
-0.038696103914432456	5.42194133676751	5.488657533746675	0	0
1.7649052606898508	-6.996241015104609	1.643608880261084	0	0
-2.516515490466304	-0.25330629145429384	-14.178045078439112	0	0
2.9676913060493746	-3.4194576016376317	2.154408928015684	0	0
-2.655024097076833	-3.5296719485486037	-2.750278819274456	0	0
2.5055247835156607	-7.102621771679793	2.1077329620335234	0	0
-2.8517573507948057	6.923289907804765	1.7240351653784103	0	0
3.706040435331886	-6.905411656629447	14.064518599693514	0	0
-3.478343922723404	14.382064996003834	0	0	0
2.161229878741615	-4.697848132429797	0	0	0
-0.45105796541369614	5.5951946471829785	0	0	0
-0.6858812944278512	-15.23481350353292	0	0	0
0.6607587218434006	2.3043307321337068	0	0	0
1.5993237505417852	1.7150903961311315	0	0	0
-3.7058627246575284	13.425122034384302	0	0	0
3.24635118270119	4.3587445158613605	0	0	0
-0.6582339972838511	2.2728120373733702	0	0	0
-0.8839408821254082	1.9408739570311369	0	0	0
1.4053112299286141	-3.707063313637967	0	0	0
-2.818040850676013	16.61420018259603	0	0	0
4.167687252773966	-13.681814210845019	0	0	0
-4.224187519410002	-4.56811749318927	0	0	0
3.9420529155373956	11.498930575138537	0	0	0
-2.876758894802734	-11.419327864459149	0	0	0
0.3998257716817406	1.5322305934671547	0	0	0
1.3867130404673773	-7.076797724967584	0	0	0
-1.5519587366076522	-13.003639205576519	0	0	0
-0.1457700300544147	-1.1594689274166683	0	0	0
3.0665750761181485	9.189873608925325	0	0	0
-5.400339941014877	-2.1338029396612583	0	0	0
4.854751140012446	-7.575077302191914	0	0	0
-2.8022485837697744	-0.5854552987877781	0	0	0
1.6494900357970295	-13.550461520937347	0	0	0
-2.1198428027211733	8.895673138142506	0	0	0
3.2682677566198777	-1.4857493608205132	0	0	0
-3.965150497263515	7.57951414854778	0	0	0
4.221618179267125	15.014604186294662	0	0	0
-4.432920298312766	-9.868944568695461	0	0	0
4.452244303938549	7.867116334411222	0	0	0
-3.281913729172132	3.181675272440984	0	0	0
2.2247930469347637	7.049461674069896	0	0	0
-1.4686535904869302	2.6210001640880165	0	0	0
-0.46523863386823194	15.55870168866354	0	0	0
2.9534006772717163	1.711336340811748	0	0	0
-4.5916237893124645	-7.317902568202555	0	0	0
3.7223992930911507	0.7532201443954065	0	0	0
-1.2582356904126968	4.835275888017044	0	0	0
-0.4128143969338893	-8.22789657071803	0	0	0
0.5999761726915551	-10.140897073918495	0	0	0
-1.4520155282051732	-2.142517600731395	0	0	0
1.6473975782149992	-2.1513823725724706	0	0	0
0.575886752716535	-8.315898170507673	0	0	0
-3.600839387328385	4.2654701084807485	0	0	0
3.5782279535163894	1.793906961821179	0	0	0
-0.9051721336074365	-6.700455840178805	0	0	0
0.20677006123505492	8.481733756470902	0	0	0
-1.8638841696528274	-14.134076185627805	0	0	0
4.152232863642887	7.194213061205986	0	0	0
-7.017595171892459	5.60834360158141	0	0	0
8.570959561267053	7.237165941586937	0	0	0
-7.380770868364728	-1.5610214361488133	0	0	0
5.730376539268207	3.649422811007618	0	0	0
-4.963013071047449	6.890984468420136	0	0	0
3.07056552918511	1.738850078209012	0	0	0
-0.6783310186223588	4.333901815810279	0	0	0
0.1973106471614443	2.165747566156142	0	0	0
-0.7525136666563768	-1.8562361058009529	0	0	0
0.48863623893846864	-4.930853986638525	0	0	0
0.24415603061658686	6.904637200551811	0	0	0
-0.1061557438566254	-1.568264998466212	0	0	0
-1.2995305269240731	-2.1198856681475675	0	0	0
2.84648968149277	0	0	0	0
-2.8085089623939297	0	0	0	0
1.8942464193620552	0	0	0	0
-2.195947781576919	0	0	0	0
3.8978552160522995	0	0	0	0
-4.005591673832562	0	0	0	0
1.6141565651451089	0	0	0	0
0.48325445040919845	0	0	0	0
-1.212008892306926	0	0	0	0
2.787609249983305	0	0	0	0
-3.388031047388317	0	0	0	0
1.1454817741985082	0	0	0	0
1.3295326397216556	0	0	0	0
-1.960533143693965	0	0	0	0
1.4835499584689273	0	0	0	0
-1.9933522259823704	0	0	0	0
2.859856605424099	0	0	0	0
-2.9066043175756775	0	0	0	0
2.172438229823605	0	0	0	0
-1.3011725469470576	0	0	0	0
-0.36139894508526993	0	0	0	0
2.1719029005247066	0	0	0	0
-1.9085917567115303	0	0	0	0
0.5714452498707701	0	0	0	0
-0.31825103339063077	0	0	0	0
-1.1594704153141677	0	0	0	0
2.266635580638763	0	0	0	0
0.024691957054905345	0	0	0	0
-1.4677609069457134	0	0	0	0
0.09529664997240417	0	0	0	0
0.988720809862599	0	0	0	0
-2.511608868947114	0	0	0	0
3.4332959103109317	0	0	0	0
-2.429107927079258	0	0	0	0
2.133841620559295	0	0	0	0
-3.3910264974554707	0	0	0	0
4.563072405921034	0	0	0	0
-4.250609522594843	0	0	0	0
3.605428136297924	0	0	0	0
-3.513652285692743	0	0	0	0
3.402215053486273	0	0	0	0
-3.809380000196448	0	0	0	0
3.703315409959359	0	0	0	0
-2.9764681082482767	0	0	0	0
1.9283375364514512	0	0	0	0
-0.036888023386396185	0	0	0	0
-1.4854435254317124	0	0	0	0
1.6143867450850067	0	0	0	0
-2.096399610680919	0	0	0	0
2.639329185554459	0	0	0	0
-2.5891692492549794	0	0	0	0
3.241377392191808	0	0	0	0
-3.9028043783996083	0	0	0	0
2.542172365025884	0	0	0	0
-0.6271278111764857	0	0	0	0
0.8000074185313366	0	0	0	0
-1.0917353411283273	0	0	0	0
-0.4931741017719986	0	0	0	0
2.3068677486969307	0	0	0	0
-3.43746318437325	0	0	0	0
3.3846621119596847	0	0	0	0
-0.5124284071686773	0	0	0	0
-3.2278786057686446	0	0	0	0
4.872457827513749	0	0	0	0
-3.7143974372484223	0	0	0	0
2.435407233941625	0	0	0	0
-1.6368076340983038	0	0	0	0
0.7356301463426931	0	0	0	0
0.47046826306292644	0	0	0	0
-0.9642647524832029	0	0	0	0
0.8245062107208767	0	0	0	0
-1.5474137170040052	0	0	0	0
2.3623164916559674	0	0	0	0
-1.5578032613395365	0	0	0	0
-0.07945832586869983	0	0	0	0
0.8806548234821463	0	0	0	0
-1.1436379938026988	0	0	0	0
0.5620789069122765	0	0	0	0
2.078366771931819	0	0	0	0
-4.827773121210484	0	0	0	0
6.174591864115122	0	0	0	0
-6.052023766019488	0	0	0	0
5.561302974484683	0	0	0	0
-5.328257582341969	0	0	0	0
4.730800975285334	0	0	0	0
-4.909290853085366	0	0	0	0
5.046046257473343	0	0	0	0
-4.684758604718773	0	0	0	0
3.825022053268718	0	0	0	0
-2.9519635309355863	0	0	0	0
1.6914429241765419	0	0	0	0
-1.16220427510531	0	0	0	0
2.2787999882911762	0	0	0	0
-3.0378534308847804	0	0	0	0
1.9943357290304888	0	0	0	0
-0.9506566552657816	0	0	0	0
0.4632088323817243	0	0	0	0
-0.4474491555084015	0	0	0	0
-0.27672490589714727	0	0	0	0
3.136290295341823	0	0	0	0
-6.8098729261278095	0	0	0	0
7.68174953240306	0	0	0	0
-4.388401798733113	0	0	0	0
1.180374836618924	0	0	0	0
-1.726070365371939	0	0	0	0
2.8058130515640656	0	0	0	0
-2.3971833896953143	0	0	0	0
2.328225678906115	0	0	0	0
-2.0663875400329488	0	0	0	0
1.1568647787822641	0	0	0	0
-0.6355783785727596	0	0	0	0
0.6048944988827856	0	0	0	0
-0.6549444895611245	0	0	0	0
0.8686096997870223	0	0	0	0
-0.7074961247640061	0	0	0	0
0.02773635010545661	0	0	0	0
-0.09189775945961287	0	0	0	0
0.5493688432604245	0	0	0	0
-0.5583791082192491	0	0	0	0
0.3370776700423477	0	0	0	0
-0.7889112573581869	0	0	0	0
0.9324592439613184	0	0	0	0
-0.7090001910535904	0	0	0	0
0.0013583461082120607	0	0	0	0
0.6162684194814005	0	0	0	0
-0.9717799143389882	0	0	0	0
