-0.21022693122404945	-0.11762300432454253	-4.379654628991943	0.6985278229350911	16819.209482014543
0.26274788887825196	-1.44367427250193	-14.385086536971684	2.0998703869425697	16817.189704022185
-2.5789155634500034	-10.14232409857349	-6.230131087428688	-5.329255385663771	16820.571067509194
5.031951193205948	12.37510294605795	-1.8512438107408684	6.9136453831991815	16819.96106235044
-4.424849953813201	-5.603969890874019	-3.2424452411581086	-9.799029531563804	16810.856151518477
1.7115843109291689	-5.9975488253499805	-7.209713649002751	15.427547243900719	16845.303007006063
-0.5450446797731416	3.815330413123455	2.6324458136484594	-21.866720460930296	16852.363108136313
1.1612768831860265	-7.843918220068616	-0.03038207288942374	2.3175054337058754	16890.51425829261
-2.4382971430065368	-6.397362489342932	-11.129964733346029	13.21879150149978	16895.408613583
2.996180798653171	8.968034682230005	8.355106908820702	-16.91070741342051	16894.003987570133
-2.0400272004787396	-10.932871164239828	-14.696006585171034	-1.7945910867208426	16894.23287011042
0.02583755224599571	2.6908501656230825	-8.979203713143988	14.474107598292662	16878.31351989183
0.7250003240836378	-8.174650753983997	-13.649453943961205	4.130446522904819	16846.022897387287
-0.5778304634093843	5.891353867244433	-2.24425327157266	-11.562207174165408	16876.605969756045
-0.12683495911441867	-12.986557630426631	11.797165340523591	4.542249604994311	16911.61643488944
0.7748271696636451	11.338969781178363	7.2905373277539525	-5.290764435709789	16897.301104788534
-0.11776137756209692	-5.956984377932116	-7.542685384309507	-0.2207781447301045	16905.02886152469
-0.974523745236894	8.517664765391707	10.852365433833498	19.329282616131962	16940.507797724247
0.14721144829556465	13.703696351427062	11.147395623275514	-6.046456824155385	16969.508977191574
1.6042327490640176	1.4262855362327187	-2.1320383421553117	16.270243653245714	16886.755469769912
-2.87655973416296	-10.205494407489297	-0.3597911395690261	-0.2919297420329343	16878.10504644716
2.7897833747628695	-0.3851391356257423	2.3444507787330195	12.210732315974113	16940.791750906195
-2.478980935399335	0.053545896256920855	25.297304133900283	12.041338172913626	16945.31766679365
2.2374345703604703	-9.134662841380106	14.131204103104096	-17.483001597829855	16873.828277667097
0.048126441099228146	-4.02152667008184	-3.6426324967524124	1.6286212791079606	16882.91021150363
-3.3661753239705376	-1.4127646469119028	2.415514906853886	8.130295353427115	16877.506630474352
4.29773658981626	4.08362719436294	2.9679164173459895	1.3064855967914326	16881.90728725616
-2.8576853417395967	-4.969540004898377	-11.773510057087364	15.865317950956367	16872.282033854968
3.2107898164703172	5.583023885113249	-0.6373271231451696	-1.430668239130739	16805.017771768293
-4.024286999834082	-18.375268388984836	-7.405186103764876	-14.939463844288198	16808.9451342818
1.8116444434865357	8.500769559814358	7.474893010901255	-7.895331142538936	16825.89179094832
0.9784703925497453	-6.731656105329385	20.38432043888936	-20.03198866239596	16802.232508835365
-1.8257347108866497	10.335690029105706	2.015568323165951	16.77362637374074	16899.10665767998
0.26680219026366103	-4.679971495161993	1.9151977200207995	14.781820654781882	16857.337684898026
2.6842345138526085	3.8658974034707825	-12.916207788962822	9.357853897325	16853.113100748425
-4.1888841042925264	-3.2278742341234263	26.924380472645694	-4.395630956158598	16843.644366794884
3.8794355988567375	3.178213287347397	9.505722568915118	-13.40919219191494	16894.584325114218
-2.9939508330291673	6.762975210729316	-12.8812891139725	-14.689620055299855	16960.59373731014
0.8188119381560455	-15.681239503179533	-6.830392627859496	0	0
1.6442653724343046	4.210360184814583	-3.623734466613243	0	0
-3.014707068816861	-4.542033233714108	-18.686678846815596	0	0
1.8838385105767443	5.461976655281049	9.237183972945829	0	0
0.182966548983444	36.09309604702699	9.554603873862789	0	0
0.7895213575153619	-15.231103894854904	-20.50056278917708	0	0
-4.013215899435835	2.0363134704334627	-11.56260916448764	0	0
5.101393830449894	1.3091591677317567	11.993681765774369	0	0
-3.554698386819851	5.121083199526751	1.2950559025600512	0	0
1.578216231019269	-7.516110900277958	-14.945040196339633	0	0
-0.3048664702593058	4.786364559265124	5.061031317222216	0	0
0.27270792155720613	-9.354965646747495	8.175001834751953	0	0
-0.5954991687114273	12.009112584308745	5.526159233031009	0	0
0.6292614483779317	-12.687858836097327	15.125080764741483	0	0
-0.9948542529766371	-16.386565907795706	3.4309881361104573	0	0
0.8670377994924792	-2.435889771592592	-1.9186423475503318	0	0
-0.04755863525591053	-5.371710804881317	-8.907160656325345	0	0
-0.6512383642123751	13.907113216297965	10.722382942046622	0	0
-0.721307456706981	2.98286405674844	-13.450067788310676	0	0
2.943496561326974	-13.384318022821574	-5.392352243220671	0	0
-2.8387911310582936	-14.713400721916365	-5.480810448249329	0	0
1.5463015683597803	0.4371273374470377	-0.48934317239846337	0	0
-0.9880482045227126	-2.175803194262727	-21.056001882387946	0	0
1.0863169716299836	-1.187709431913845	-11.420109670081587	0	0
0.055016651368418934	4.3397038183364955	-9.032986128459797	0	0
-3.1140076583108396	-7.269398601009328	-3.3186985344911477	0	0
4.3807818658957345	15.824282296445702	2.4520473305442607	0	0
-2.03315436437056	-9.615735464948685	-10.005568157277096	0	0
0.19758312745697992	7.784774536776986	0.915055565739678	0	0
-0.8232997770170769	-2.7309410911306244	1.593870977734781	0	0
1.0553128759368846	11.03584507190454	7.693806143045663	0	0
-0.025754593033695983	1.9439987677196129	-1.756369858525062	0	0
-0.2048654198709059	10.09801120294145	0	0	0
-1.6797042238330704	-2.6461107220539617	0	0	0
4.550067266223095	7.693316520510912	0	0	0
-6.764961997706379	-8.252684894481831	0	0	0
6.193393424099156	-3.377396067721051	0	0	0
-3.0337682467112472	-0.10272010430038137	0	0	0
1.25902793191392	2.78329920805961	0	0	0
-1.3395148525985832	4.486540847179583	0	0	0
1.5335278392203833	-2.138911795402379	0	0	0
-2.121770158575103	14.079858806618802	0	0	0
3.1743256998336804	-3.025629134117203	0	0	0
-5.488445422760613	1.6690613455111318	0	0	0
10.540706616474296	-0.9432542011720102	0	0	0
-16.303645792640935	0.055577818003236246	0	0	0
16.668607629250225	11.793966827014849	0	0	0
-9.757655819925233	-7.7956688371156275	0	0	0
2.0141324879760916	3.809363960675377	0	0	0
0.8660371174652965	4.153816354783871	0	0	0
-0.6451858888152984	-5.968740976743945	0	0	0
0.5659339964330456	3.1889600035704433	0	0	0
0.4220948968621343	15.54184581566247	0	0	0
-1.8254425618493926	10.272476487502999	0	0	0
0.8297720700371798	-2.9570013721937514	0	0	0
0.9171527302816003	2.5181181286991574	0	0	0
-1.1633268740564588	-10.451002283471276	0	0	0
0.5341627840189815	3.877002867043153	0	0	0
-1.7216442494491844	3.305992354593428	0	0	0
3.421523600149463	3.538521179494694	0	0	0
-2.2378210102259146	3.585959860716372	0	0	0
-0.6406701308191174	3.0687544443983725	0	0	0
1.481194843938333	-4.898121026248923	0	0	0
-1.3894034667935244	-6.595415930485849	0	0	0
1.0329273906995198	1.1479278551766257	0	0	0
-0.15029118926402418	-6.49356748983039	0	0	0
0.15980288703198653	2.2346609326630187	0	0	0
-1.220017947122706	-1.9070530717855974	0	0	0
0.24293263742008264	-4.469437373416596	0	0	0
2.501222107129145	-5.288366909761955	0	0	0
-2.8111304182695633	1.262814415314736	0	0	0
-0.7278476687786011	-9.685107027680566	0	0	0
5.2624439489676575	-8.264123122509751	0	0	0
-7.808147435973083	2.575214188718917	0	0	0
8.56650216383899	-4.2580224725104685	0	0	0
-6.619978806866413	6.3062199212701415	0	0	0
2.8423892377619	3.0959573177490682	0	0	0
-1.1443551174663256	4.13390708140637	0	0	0
2.2618482980811265	-4.023018732135114	0	0	0
-1.895581851925158	-2.3489048370942456	0	0	0
1.1621893077011478	-4.06183320685534	0	0	0
-1.5766025098152383	-0.5942235433225349	0	0	0
0.9447247082664632	-2.193902954000606	0	0	0
1.8234663492131915	-1.4813399938080636	0	0	0
-3.917587767884079	-5.146294891444519	0	0	0
4.752079684136831	-8.102065260378986	0	0	0
-6.2089526276117795	8.706422503362951	0	0	0
7.3000605851238305	-8.359898544496737	0	0	0
-4.720689964119586	7.8177981361221	0	0	0
2.043504247492244	-3.6522575284973016	0	0	0
-2.584145789987005	4.873826809995016	0	0	0
3.320960471631352	-5.655211567860263	0	0	0
-2.212944239521434	5.282512313525011	0	0	0
1.5935679778335796	-5.014506580133997	0	0	0
-2.050391891485056	3.521655621493906	0	0	0
3.2619469444264695	0	0	0	0
-3.3389725565048067	0	0	0	0
0.8341551956256268	0	0	0	0
1.7533316165246617	0	0	0	0
-1.2330702590648954	0	0	0	0
-0.6192603776839221	0	0	0	0
1.3224341986769588	0	0	0	0
-2.0388178316997596	0	0	0	0
3.0249009566225737	0	0	0	0
-1.5517683336802506	0	0	0	0
-0.06747084601548181	0	0	0	0
0.44080670974460645	0	0	0	0
-0.43619869628304997	0	0	0	0
0.29654729347929276	0	0	0	0
0.13409531309690692	0	0	0	0
-1.6181533901162908	0	0	0	0
3.087754950875464	0	0	0	0
-3.606947036853917	0	0	0	0
3.780683322396442	0	0	0	0
-3.2213317230371743	0	0	0	0
0.857360219165848	0	0	0	0
0.8784431228172096	0	0	0	0
-0.4897741812792873	0	0	0	0
0.8549552566558347	0	0	0	0
-2.823668223964212	0	0	0	0
3.5463562070815016	0	0	0	0
-1.9345634737850403	0	0	0	0
0.7166975048104973	0	0	0	0
0.313628493090512	0	0	0	0
-0.9588692183764849	0	0	0	0
0.5160959144888366	0	0	0	0
-0.3126883947780925	0	0	0	0
-1.1473496619270804	0	0	0	0
3.564927951993731	0	0	0	0
-4.2431672216150105	0	0	0	0
3.36322029003437	0	0	0	0
-2.218106849184558	0	0	0	0
1.1280387779826384	0	0	0	0
0.02385422138467419	0	0	0	0
-0.6483074362039574	0	0	0	0
0.6219026946849127	0	0	0	0
-1.0281204093677871	0	0	0	0
1.366416069647876	0	0	0	0
-2.363664933046792	0	0	0	0
4.390213042310954	0	0	0	0
-4.769402809729463	0	0	0	0
3.0914690117314763	0	0	0	0
-1.3813080135111306	0	0	0	0
-0.3856093060780239	0	0	0	0
1.038355733076294	0	0	0	0
0.32617352520426124	0	0	0	0
-1.0315729161172982	0	0	0	0
0.16151727537037885	0	0	0	0
0.19004651204416234	0	0	0	0
0.5263951074385247	0	0	0	0
-0.27023063962656124	0	0	0	0
-0.10983039111290083	0	0	0	0
-1.0649163259649015	0	0	0	0
2.5113935818030555	0	0	0	0
-3.3096856060610236	0	0	0	0
4.2699707508311775	0	0	0	0
-4.164302302108588	0	0	0	0
1.3070971518060759	0	0	0	0
2.993173471141205	0	0	0	0
-4.636185913569939	0	0	0	0
3.416565396721772	0	0	0	0
-2.388174991630237	0	0	0	0
0.8371569676529376	0	0	0	0
1.807868844892539	0	0	0	0
-2.561596213431528	0	0	0	0
0.7484952411785173	0	0	0	0
0.653983168724217	0	0	0	0
-1.2479183135571574	0	0	0	0
2.873218277906453	0	0	0	0
-4.032902465973372	0	0	0	0
4.280800890378757	0	0	0	0
-4.776229580347646	0	0	0	0
5.740844633284226	0	0	0	0
-4.737491008560077	0	0	0	0
2.4473522702107573	0	0	0	0
-0.23908749209204672	0	0	0	0
-1.1485295933666535	0	0	0	0
2.1049128254377933	0	0	0	0
-2.6879251349680686	0	0	0	0
3.454277373808438	0	0	0	0
-4.861221819846357	0	0	0	0
6.743160208000226	0	0	0	0
-6.928394366625859	0	0	0	0
4.838351915349648	0	0	0	0
-3.5319278863153727	0	0	0	0
3.077172043542568	0	0	0	0
-2.132092438076441	0	0	0	0
0.8862274461495403	0	0	0	0
-0.04979196541038533	0	0	0	0
0.029935436314424635	0	0	0	0
-0.4250210923525728	0	0	0	0
1.1649568677000417	0	0	0	0
-1.7666882715940275	0	0	0	0
1.5558547737697666	0	0	0	0
-1.0341566572813647	0	0	0	0
-1.0964124551865027	0	0	0	0
3.196405859796492	0	0	0	0
-2.0192355668582707	0	0	0	0
-0.42400803292963474	0	0	0	0
-0.19593387597245027	0	0	0	0
1.9631053381386891	0	0	0	0
-0.6517033364368956	0	0	0	0
-1.29473025313591	0	0	0	0
1.0814012579152887	0	0	0	0
-0.7706285265156154	0	0	0	0
2.0824131876042813	0	0	0	0
-3.487450711710835	0	0	0	0
2.7676714532641924	0	0	0	0
-0.15886937498492415	0	0	0	0
-1.3836423455367637	0	0	0	0
0.9331918209058045	0	0	0	0
0.24771779920147452	0	0	0	0
-0.5000770194495985	0	0	0	0
-0.6823567605030476	0	0	0	0
0.8008360487815835	0	0	0	0
-0.272354873224792	0	0	0	0
0.695105169587265	0	0	0	0
-0.5865556110981345	0	0	0	0
0.056216720064938386	0	0	0	0
0.2678952674322801	0	0	0	0
-0.8511107109239049	0	0	0	0
