0.21716030262829378	2.611153569707028	-1.5576939637512197	-0.39951822449347674	16883.78369586164
-1.3527398795836163	8.624274880091832	-4.960493768698228	-0.927746716591443	16883.747504142124
0.03229687611716514	3.0960488909503496	2.6483920301856188	4.706762163981722	16884.82127322464
0.8978059187192073	5.51727218512071	1.8052490912134687	4.299301280851395	16883.276733513514
-1.1233917027880196	1.531757929572926	1.0401220015574637	18.682827484462834	16886.671566762398
1.2686687627853246	-6.388740469490465	-2.2281738784259915	-9.498880275221836	16872.458504276663
-1.1983071509742231	-4.1797098125182615	0.3603819578354006	0.03650115447513258	16863.942732163214
0.6075931187368724	-8.183783417441667	2.366678083552628	6.48730136225177	16859.571419878972
-1.0294201041946067	-0.8274224893913527	-1.3679375438405543	5.5546043280155	16880.768214207157
1.5229197115188597	7.5014187562438295	-4.183446589378434	-9.802722547262263	16921.138406094353
-1.2052744045977235	3.3840291905368503	-11.831219024684017	-1.7177044661373202	16955.974267879425
0.3240497767663868	-2.3891454925982174	0.9190808782861808	12.534006803834544	16939.5887951674
-0.02245378582417601	0.30640675671299533	-2.811872913081004	-10.839235900598311	16890.904249183197
1.220366823196514	-3.621926101321904	-5.622913252529102	-16.931243379289498	16879.059823881584
-2.6035639557453365	-0.8798977936615557	11.53893507063799	6.123972819790993	16888.21989918284
3.404635091650306	-2.70710192661781	2.8942868260450894	1.9253430364476714	16910.26221044159
-3.2287956620753633	0.3194752577255713	-7.469391791401719	-9.565787193150655	16886.61448331616
1.3826037437636884	-3.0976796195299627	9.173260179311725	-5.792943018789927	16911.389649449942
0.7848692210308386	0.22472048300229375	-10.48998819496714	-0.39724535208465284	16906.31429663125
-1.7675108592757311	6.662150091166062	0.6153845723663949	4.08167251388376	16884.816418723643
2.128915510085129	-0.36196938662074984	-0.9892090846628889	-0.7427586579707821	16892.599847792088
-1.597063982101183	-7.048266310275984	5.884701836002719	17.503341432424193	16873.04784410244
1.1463759081347362	1.106403395208929	7.75237476972876	33.104859495895	16863.653746019183
-0.43157827433491036	0.8138626194486065	-7.6101521089794915	-11.238066531209455	16867.752838126093
-0.7909315822667153	-2.2851978238994093	9.598298306243947	9.173671984837071	16832.421495763145
1.7700739337445341	4.844669443900486	0.13418432915388223	-3.6008357133232636	16858.083164198877
-2.7701195725231287	2.1833040033379945	3.187653633009134	5.183303647422562	16853.824356776262
3.3760582068543172	-8.240400253506067	-16.47172200360353	-6.737833802142575	16822.501982768168
-4.0418109947536465	0.3197817169893469	10.826323133000827	-13.244240574968856	16842.977049066765
4.431194473426046	-4.0148881600814335	1.959250433120033	-9.1285688146572	16858.465215788197
-4.024779869359421	2.498832343105903	-4.084097216435438	10.44559118488118	16840.262744115385
3.414678690146495	-8.152830944584643	-2.0350793310297064	-5.217274607886466	16833.409063522056
-2.8122055467781593	-2.7659735312577993	3.281211037448898	2.527869551370017	16838.459807434338
2.0485456395926533	-18.0371625690565	-10.008667740964967	-2.204184153410324	16817.31742850658
-1.852063544994337	11.790399163437677	15.680711349949348	1.9728489392844608	16801.947448247625
3.079971711107376	-2.717673730007391	2.774837120522534	-1.169878249940595	16784.619677772287
-3.7531362865351596	-0.1862271035154066	-1.0336291128192556	-0.8236244126063639	16795.97993672942
2.760170019368047	-9.28620756447367	-8.656078942725856	1.9920046757385137	16808.970131689493
-1.4533306388873797	-0.65598073633263	6.028119275465883	0	0
1.1110497861732043	-5.928827886596295	4.836109402022402	0	0
-1.9805141808089388	1.221379167600631	6.675435563953016	0	0
2.873601957067386	0.6804372097919824	4.434654979343236	0	0
-2.2367787470545863	4.5732759748691905	-9.541652754783357	0	0
1.4285832294759686	-2.102226027314387	5.734620030244926	0	0
-1.0801997957030949	-0.3061802293133695	-3.0752520860536237	0	0
0.6777538338339113	1.0987491327636434	-8.438842686571817	0	0
-1.1297878515382394	5.075941538892508	4.241955149130106	0	0
2.4761834549387416	0.1098296774379861	-7.977149545039609	0	0
-3.0573042000948547	3.5400456264287357	3.745842245770831	0	0
2.691587421603863	-0.1459005140759686	0.5953477787912362	0	0
-1.92760150174513	-2.300609714729852	11.793721757574659	0	0
0.4120030060427098	-0.9809515907654429	1.4420371033822619	0	0
0.11424215126048409	2.2163133726735182	-9.986413133069249	0	0
0.4382415444045833	-2.4319497567906154	0.735601312696545	0	0
-0.7634605269191894	-1.1469833947710413	5.500522518357286	0	0
0.3007552904478814	3.1036989755200253	0.36328535294732944	0	0
-0.490870049356559	-1.870666171393104	-11.325079574456595	0	0
0.4772936432990491	4.913944269878044	14.616462598447796	0	0
0.502822512792072	1.496193194608388	-12.721629250408043	0	0
-2.143833320429273	-5.320424362019388	-9.789474912120639	0	0
3.7404841795329915	-7.240932933424489	2.741607729262242	0	0
-4.694139510379934	-0.6760113417131492	-1.8494667393085678	0	0
5.330456191821618	1.1054926481509995	0.386469853096159	0	0
-4.404935121024181	3.2463041813919986	11.63383072669734	0	0
-0.432209616672381	-1.1857413837932569	-13.99575898186069	0	0
5.48049046836924	4.8848364532004	-11.719647150696815	0	0
-6.841694735903054	-5.379348729312042	3.5090236135408475	0	0
5.49110554007045	0.9439231301172768	-1.0908789017499174	0	0
-3.8747200977326344	2.961979000370505	16.66265507946507	0	0
2.1700723357467737	-10.805828000277756	4.995107607099371	0	0
-0.3231984373272496	8.05725452680106	0	0	0
-0.08546754014404456	-1.5840136576930988	0	0	0
-1.9395242210295294	-0.9108995747800961	0	0	0
3.935545274164106	-0.7910204522622806	0	0	0
-4.561289491733454	1.3756135892196397	0	0	0
3.9953981936945695	-1.8462439680379106	0	0	0
-3.0061714584685646	-4.057374455359636	0	0	0
2.3755822519768373	5.0839219839799625	0	0	0
-2.3290338392845413	-6.6947015248949455	0	0	0
1.7288510281554252	7.211422041367811	0	0	0
-1.4821214815167494	-3.0974298817697488	0	0	0
1.4767748500657731	4.641308181698243	0	0	0
-1.0265520002200859	0.4997740040324459	0	0	0
-0.041881729249226396	0.9673046489146273	0	0	0
0.2631809676329837	0.2894865910136488	0	0	0
0.5250413842629982	-1.23926533143257	0	0	0
-1.7281468536837608	1.1319734024263184	0	0	0
2.1778211063436075	3.130512803432424	0	0	0
-1.8043700386890364	-7.88260592216546	0	0	0
1.778849076116387	11.01364538998967	0	0	0
-1.8097957621291627	5.290447086798494	0	0	0
1.735358998849911	-0.08805060951470267	0	0	0
-2.6075366710407337	-1.3168844345115929	0	0	0
3.6373558288936323	0.7689375054498129	0	0	0
-3.2874102338188322	-2.543242846699684	0	0	0
1.5300533505738372	4.902398964693468	0	0	0
0.30918935053979624	-2.389109876885051	0	0	0
-0.5970374063215971	5.3558651063260285	0	0	0
0.6877698697604089	5.942707155750703	0	0	0
-0.19421468218645543	-6.818320381815887	0	0	0
-0.22549513446513458	11.635225143797001	0	0	0
-0.9218921227228023	-8.272723627212358	0	0	0
2.631078031368098	4.002035710769796	0	0	0
-2.3608431870889035	2.509943398818251	0	0	0
1.479065389063173	-1.1418894319557253	0	0	0
-0.7436248666923504	-4.610299403399871	0	0	0
0.12692541376753042	0.4637758214371033	0	0	0
-0.9204537845422749	-1.7331843640653588	0	0	0
2.644010052316794	7.656391205317391	0	0	0
-3.449083690196254	-6.631571416162657	0	0	0
3.29804190203091	1.1424872914418387	0	0	0
-2.963402195611245	2.3546680341967132	0	0	0
3.412827359087693	-2.9501341570348387	0	0	0
-4.038505623046163	-0.23150500266471852	0	0	0
4.079039564605878	8.967777805819253	0	0	0
-3.2169776579266625	-4.925298709833832	0	0	0
1.551823193906685	-3.78185563427985	0	0	0
0.0583112665254788	-4.116111993717482	0	0	0
-1.6869177566589144	4.152266407628211	0	0	0
2.868390131536266	5.284406089535132	0	0	0
-3.632614615664089	2.7041635068727388	0	0	0
4.4651893101970614	5.935437561338077	0	0	0
-5.0461913456219705	5.884987948374004	0	0	0
5.051914103513795	7.979387229759489	0	0	0
-4.603396889471739	-1.0200175055313707	0	0	0
3.1186413233397516	-7.593177584398397	0	0	0
-1.7454412809140791	5.416662349207051	0	0	0
0.8421067705311174	-6.614316596651115	0	0	0
0.12907620630562633	5.490559245489621	0	0	0
-0.8314495388879521	-0.42470529779314603	0	0	0
0.2166911148784081	-0.9489537410512412	0	0	0
0.45247400195840015	-3.760632375002608	0	0	0
0.15314235087592465	6.772320692209874	0	0	0
-0.8022098898733745	0	0	0	0
2.051533206847388	0	0	0	0
-3.090403314202277	0	0	0	0
1.4786915352158587	0	0	0	0
1.0514135187129199	0	0	0	0
-1.8699345353779648	0	0	0	0
1.4509944217845927	0	0	0	0
-0.592641886699603	0	0	0	0
0.22982132787961973	0	0	0	0
-0.29561270216205315	0	0	0	0
0.7658834870418616	0	0	0	0
-1.571405857010383	0	0	0	0
2.1889103519775404	0	0	0	0
-2.7271784351484953	0	0	0	0
2.2757623302506786	0	0	0	0
-1.5159427094632747	0	0	0	0
1.5945752863821667	0	0	0	0
-1.6649024963237622	0	0	0	0
0.6883439388294548	0	0	0	0
0.9159845207112483	0	0	0	0
-2.065826399407513	0	0	0	0
1.0837904532063973	0	0	0	0
-0.7585566610782735	0	0	0	0
1.7772894265336632	0	0	0	0
-1.6686763263226325	0	0	0	0
0.47690180995176945	0	0	0	0
1.0519749891375767	0	0	0	0
-1.8044527131237729	0	0	0	0
0.2556201107547835	0	0	0	0
1.1295332782711753	0	0	0	0
-1.0713699045963168	0	0	0	0
0.6569754486871062	0	0	0	0
0.006691228552206496	0	0	0	0
-1.289728373201811	0	0	0	0
1.956373657732989	0	0	0	0
-2.1989685749506904	0	0	0	0
2.0953821662831658	0	0	0	0
-1.0394930460996932	0	0	0	0
-0.974374426201841	0	0	0	0
2.8257943933127265	0	0	0	0
-3.5694405345449454	0	0	0	0
1.4940360579864205	0	0	0	0
1.9396142653147521	0	0	0	0
-3.6133831040960303	0	0	0	0
2.3836874791188833	0	0	0	0
-0.4362514494411158	0	0	0	0
-1.1754883273229737	0	0	0	0
1.0842888662185075	0	0	0	0
-0.34695888023451715	0	0	0	0
-0.4558900393934806	0	0	0	0
1.742417639452249	0	0	0	0
-2.667722353796208	0	0	0	0
2.8154667950307797	0	0	0	0
-3.4503436145859894	0	0	0	0
3.9160320240151876	0	0	0	0
-2.9845451259305094	0	0	0	0
1.626810906650796	0	0	0	0
-0.9018590933634982	0	0	0	0
0.5405778133124528	0	0	0	0
0.3826443852377537	0	0	0	0
-1.177341330084758	0	0	0	0
1.9037248493395822	0	0	0	0
-3.140452587122205	0	0	0	0
2.719880684609194	0	0	0	0
-1.1910766956648615	0	0	0	0
1.5257154059339157	0	0	0	0
-3.5532121898039932	0	0	0	0
3.8747716579966607	0	0	0	0
-3.004535142857435	0	0	0	0
2.364814953361453	0	0	0	0
-1.5816586114445457	0	0	0	0
0.7786838902029203	0	0	0	0
-1.094899383150306	0	0	0	0
1.8415493895764072	0	0	0	0
-2.0784424691829386	0	0	0	0
1.2693973753047914	0	0	0	0
-0.0027828579831847833	0	0	0	0
-0.28249912258293364	0	0	0	0
0.03517767983122866	0	0	0	0
-0.0826278238226692	0	0	0	0
0.19573548899481352	0	0	0	0
0.5496646163160719	0	0	0	0
-1.446674250850208	0	0	0	0
1.4223428222282664	0	0	0	0
-1.4689792013417602	0	0	0	0
1.4578515981756937	0	0	0	0
-1.0799712982847538	0	0	0	0
0.8231349783246671	0	0	0	0
-0.22604762397003952	0	0	0	0
-1.0665367586079384	0	0	0	0
2.0768130822215767	0	0	0	0
-3.2502987253152895	0	0	0	0
3.8771892296826707	0	0	0	0
-2.7523335208992776	0	0	0	0
1.4785616001128403	0	0	0	0
-1.1290716551413524	0	0	0	0
0.7636236956605913	0	0	0	0
-0.6770318484869122	0	0	0	0
2.130778961693821	0	0	0	0
-4.102835292695744	0	0	0	0
5.254751344721214	0	0	0	0
-5.055097580357639	0	0	0	0
4.730459573911752	0	0	0	0
-4.415313080275936	0	0	0	0
3.846136566160446	0	0	0	0
-2.6037229000968196	0	0	0	0
1.0878791398853238	0	0	0	0
0.4589286164125639	0	0	0	0
-1.9519788266911107	0	0	0	0
2.05194861402763	0	0	0	0
-1.8996977663780612	0	0	0	0
2.3223280393889	0	0	0	0
-2.3326235812436096	0	0	0	0
1.790360667195273	0	0	0	0
-1.0069636560269544	0	0	0	0
-0.6933035875283267	0	0	0	0
1.860851786747297	0	0	0	0
-1.3062718432103182	0	0	0	0
1.1522894763251301	0	0	0	0
-2.2573526681932776	0	0	0	0
2.4502055817522645	0	0	0	0
-1.3189858320144623	0	0	0	0
0.07160957251456779	0	0	0	0
-0.03401708641923307	0	0	0	0
0.07051273664679059	0	0	0	0
0.6901783750998831	0	0	0	0
