0.24673439811738973	-1.0851946514505215	3.8943203426889	-0.3932528916897695	17146.033683938607
-0.15002805674407682	-2.549836971932777	12.867087589735092	-0.9589713047760142	17149.55932675943
0.9142084943866351	8.609420297430944	8.008313690720612	12.017584866722757	17146.02268981479
-2.264550530105609	-14.719414001828483	-5.740914855421153	-16.886217458883863	17144.8278801391
0.47816251000529064	10.693786173818324	16.80514374871555	-10.2518889560736	17162.3094441145
2.9207325117620613	-6.038907065681386	-14.561685374290946	1.523771501434254	17099.65649589695
-4.16962157366887	14.809179643276394	-3.8834341224426367	9.148011920091193	17307.22191520469
3.6887874062572124	-9.26639005131959	17.92617684304497	-22.467735673252974	17272.526409190945
-4.4920859603128065	8.682641634058726	-27.664081406751777	-30.874868353806647	17241.380095040528
5.743950361509469	-0.8564116493395204	11.639798763389464	18.133617572330763	17152.385998138318
-3.5667321836789156	-2.786582356048754	3.2918502690162654	12.64803513786444	17058.523137649165
-0.5509942332686535	-8.617083108955498	8.099718669708537	-21.613556314743178	17006.885184282168
2.0113078078673254	0.5159071034458833	-15.228253577768854	9.507159456938552	17006.30956037633
-2.326432315464878	-14.652095948871334	12.221250910158375	-13.67676429574827	16996.499588080726
3.2376301891090407	17.872729315033666	2.6705003207933373	6.402269485933417	16945.713546651165
-3.6214427033777596	4.202114295406318	3.7371818358165143	-17.625763539953482	17029.68290190222
2.9726624077926758	5.5169960595367655	9.69309980745436	14.00413328723836	17054.239600184483
-2.052380264445162	-5.927329264714444	-17.754232782240805	-1.5866220163593	16941.62982962146
1.3972742517878274	2.8929510711941617	7.534670529611674	5.386647495481583	16897.117483958336
-1.6439882581500171	-2.8570226702634187	-1.2261277755388988	23.60487392321791	16916.818681804565
2.033355633603648	6.061022441830289	18.43349846011091	40.671007286414635	16930.803510691294
-2.2014196543361066	-6.0493824485129295	1.043936097348606	-16.10298272177114	16925.487357945818
2.5477930408602916	0.029920937424705585	-12.594758350352905	49.821795739363466	16939.738522215637
-1.5114507958441479	6.673939204881776	-31.74325828457026	-8.012081188198025	16916.101402610217
-2.2611693963620425	-5.74939017638804	-9.492350958281776	-3.072360948925464	16959.190137207595
5.307661221691674	17.249965979046365	-7.811837362502686	6.026617820197245	16991.066914523795
-4.779802476706564	-7.657611114449722	-4.346105163507133	1.6191172958543945	16998.278400396648
3.2169714789616535	7.525448881276475	7.470744278138255	36.23338818943158	16966.613711471065
-1.6758771204515384	-15.771361632137214	8.380677718267094	-31.01510445539857	16941.285383806666
-0.285925629709773	3.233224266532673	3.931323843602783	-22.229534636628756	16989.142101199614
2.1378992852647514	-3.743174145225659	-12.324245211628025	-27.12503192442597	16866.171307485434
-3.1751666370941294	8.532649311128516	-13.559603100158029	79.55013506743913	16779.02337987232
2.0129484431012585	5.563657538672004	2.2365616222364935	-19.972146706605045	16759.581211930494
0.8764018874286492	-3.8361702847058865	-17.65128702416358	1.3752531380422681	16889.32677724809
-2.992352564419683	-0.9541089648555072	15.006419417760668	3.270632273063711	17073.33121470832
2.9345862691935025	0.024396448043631835	-6.454077996472549	1.3553527894997615	17054.556141158137
-2.997218583490856	0.3220143293434603	0.983487649542468	-1.866777669528247	16940.184967048433
3.987139812242802	2.7208693100915866	-21.698801476212594	2.7822610988463197	16904.39763993585
-3.6538948956205033	-6.237829606145354	8.133097799743197	0	0
2.4251575759691875	4.1388004156353375	-15.860679165726864	0	0
-2.4570264291792654	-5.233236152743686	-16.336644883743276	0	0
2.79339277135135	6.289825737152256	20.84322480935731	0	0
-2.551732475462984	-5.8011454668854086	-8.591453977033225	0	0
2.233382457782085	-0.6879880428981977	-1.2006325777932005	0	0
-0.8955644133800362	-3.3008435969034906	6.863051879430998	0	0
-0.018155644284917116	16.172939433222645	-3.6252910846843776	0	0
-1.4898673356079897	-0.6492198654132153	-5.3351814866958875	0	0
2.6085312585126488	-1.9294357075009785	-9.598662898102404	0	0
-0.4681995233520766	0.6278189680287198	-4.954655134014757	0	0
-1.402725684209301	9.089516361286698	-28.69910782265754	0	0
0.9545321049107471	5.71957027765481	2.4839098871857175	0	0
-0.5481084905427736	3.6594050496462316	-3.0259478358646277	0	0
2.531326242473945	-7.956550068205004	8.22174010150998	0	0
-4.841220056357855	-1.0661345355027976	-21.6329084041391	0	0
4.108597460733996	-1.2830382039596628	3.118680899626682	0	0
-2.2604223209998295	5.826062907711133	2.121019319118375	0	0
1.8926737485924008	-2.715220746683748	-9.838884988516654	0	0
-1.1426962714372024	-10.367132081673105	6.6061445911255845	0	0
-0.7123327584615993	18.038625619233287	2.8909181725319257	0	0
2.0387579573979835	-2.7149330756178784	63.17345694936833	0	0
-3.203313578391544	5.8179367920570755	-36.540781008605066	0	0
3.3729220852434523	-6.529109755778606	-1.5198763749731228	0	0
-2.1927317170257083	3.778767702040703	9.34342986677818	0	0
2.316240224888425	8.916445030521459	11.120449215578105	0	0
-2.942959452678636	-11.29685537651055	9.305377177248616	0	0
2.5138544296437644	9.906547416165886	-3.553553362624811	0	0
-1.6831683771380028	5.468842621508763	0.7411748663845543	0	0
0.6070808642124845	-5.391312087913157	0.5734546904073881	0	0
-0.34744629143509087	5.130750262262524	0.6216681493007599	0	0
0.6792146381785287	17.52950024903491	-12.81729291004497	0	0
-1.2728368045779206	-14.9329049756913	0	0	0
0.9165929918687041	-5.345391453767284	0	0	0
0.672421034785323	6.035514642436823	0	0	0
-1.1783332251449252	-13.361409512052802	0	0	0
0.1457523972387449	-0.9425529294441688	0	0	0
-0.7226090020379203	5.928146538859949	0	0	0
2.507689871384528	9.171909149205874	0	0	0
-2.746044734668402	-6.4795198356934165	0	0	0
0.9762723350309059	1.813811889045283	0	0	0
0.47873630165616987	-2.4029480295306342	0	0	0
-0.11658716339176323	-9.727211289798753	0	0	0
-1.6467509521697252	-1.7910390664300166	0	0	0
2.808089891626011	-7.0157150083878435	0	0	0
-1.3246629958468148	-7.2284088123368875	0	0	0
-0.5967229268215561	-3.160191109962838	0	0	0
-0.008532877756152857	2.0519792770054153	0	0	0
0.21628621963225925	-14.758940774381578	0	0	0
2.70465397787126	8.732937722107927	0	0	0
-4.456241812260863	-8.99359676626964	0	0	0
2.642067916250042	0.7441990629589554	0	0	0
-0.0933326169353137	-2.4750227583211313	0	0	0
-0.07719673551818573	4.452344507451556	0	0	0
-1.1074430851189803	-9.064728060675584	0	0	0
0.5709745553187631	1.3217399951298106	0	0	0
0.5193081611242008	-3.9966629913316467	0	0	0
-0.6916736231864462	-6.722628245017901	0	0	0
1.5416093407269713	10.465599965845009	0	0	0
-3.5950591235979132	-4.983831792555854	0	0	0
5.06455915710859	-9.961843427618817	0	0	0
-5.292845304946191	11.871594777347504	0	0	0
5.623652027662018	-0.9611337445445685	0	0	0
-5.640940561151453	-6.007292119691073	0	0	0
3.7644914492586636	-2.1258542743032933	0	0	0
-1.7040561658964464	-5.109894946620244	0	0	0
0.7313660129363342	20.587911295308388	0	0	0
1.0121891923113822	2.756341938943315	0	0	0
-2.813175618116496	-1.8563128098068802	0	0	0
2.8183607933942127	13.409047482065127	0	0	0
-1.4229861663692418	0.5384323322164875	0	0	0
-0.24595227755373372	-6.517007132389061	0	0	0
1.293153348616535	3.6012588393056006	0	0	0
-0.871576692843874	5.431749445011199	0	0	0
-2.3429021264172576	-4.286155666679363	0	0	0
5.1536980258741565	-8.038901254844248	0	0	0
-4.227655248488517	0.8107438549444836	0	0	0
2.5148105285793463	-11.121960363938776	0	0	0
-2.0095921540169996	-1.2642486029561084	0	0	0
0.8763148695712246	-7.906187044231238	0	0	0
1.3461004128429437	8.096438069194633	0	0	0
-2.4397802490659117	-9.139225919028874	0	0	0
1.7205728060504342	11.682825569750939	0	0	0
-1.0926978646070253	-12.758448828173343	0	0	0
1.1234793969203878	10.48532040077599	0	0	0
-0.832316801670359	-0.759369163863127	0	0	0
1.0301225167287953	3.003494555589242	0	0	0
-1.8066054073988767	-3.3311162195989255	0	0	0
0.5678964748958748	12.9370423784125	0	0	0
2.027510807416199	-9.770700067588436	0	0	0
-2.3715846878202385	10.113929286744572	0	0	0
0.14440698367693727	-6.998591881651926	0	0	0
1.7675828966879479	5.772626448707115	0	0	0
-2.555391861665072	-8.202635584601914	0	0	0
1.4395431047443878	7.61348522469472	0	0	0
1.2215026018695099	0	0	0	0
-2.9255306819050944	0	0	0	0
1.9087713181267603	0	0	0	0
2.04485524810336	0	0	0	0
-5.8282696269756755	0	0	0	0
6.169348575611636	0	0	0	0
-3.4675668960896715	0	0	0	0
0.2703464852622375	0	0	0	0
0.5497953727960905	0	0	0	0
1.500577293290867	0	0	0	0
-1.7192939703621448	0	0	0	0
-0.3670388111761369	0	0	0	0
2.0694903630102885	0	0	0	0
-2.0811154303096444	0	0	0	0
0.9786657968522903	0	0	0	0
0.776987165746398	0	0	0	0
-3.173058656726802	0	0	0	0
5.724943594816047	0	0	0	0
-5.210421631121996	0	0	0	0
2.507947957804504	0	0	0	0
-1.669828268930253	0	0	0	0
2.0794714944045722	0	0	0	0
-1.7501308871743504	0	0	0	0
1.4985795834272153	0	0	0	0
-0.334002209071258	0	0	0	0
-1.7351610173026017	0	0	0	0
2.356278519899263	0	0	0	0
-1.6694159077470232	0	0	0	0
0.3570130523107835	0	0	0	0
0.23117655815514127	0	0	0	0
-0.5888287577662581	0	0	0	0
0.8202417293306254	0	0	0	0
-0.6234395830770652	0	0	0	0
0.6409514237972687	0	0	0	0
-1.1405420009424532	0	0	0	0
2.471034231147705	0	0	0	0
-2.974290977352915	0	0	0	0
1.1271896894120488	0	0	0	0
0.3544119275082167	0	0	0	0
-0.02652072484499257	0	0	0	0
-0.7707569975998538	0	0	0	0
0.4407093456477895	0	0	0	0
1.8793726981106147	0	0	0	0
-3.579441962991467	0	0	0	0
3.693174384247058	0	0	0	0
-3.432117325921766	0	0	0	0
3.3380398171292143	0	0	0	0
-2.7384404692657327	0	0	0	0
1.5598982453373225	0	0	0	0
-2.0628039963427725	0	0	0	0
3.8164536197976844	0	0	0	0
-3.974405437913674	0	0	0	0
1.6477850747228118	0	0	0	0
0.33749966748762006	0	0	0	0
0.6498252620959235	0	0	0	0
-3.247879576683367	0	0	0	0
2.9444732344510953	0	0	0	0
-0.08992462514933663	0	0	0	0
-1.6312206898582176	0	0	0	0
1.6419638034679167	0	0	0	0
-1.1670009559163432	0	0	0	0
-0.08454347378580707	0	0	0	0
1.9287364199757135	0	0	0	0
-2.2823775178891736	0	0	0	0
1.0699076146602522	0	0	0	0
0.175988061087331	0	0	0	0
-0.14104298684816996	0	0	0	0
-0.267791905027714	0	0	0	0
0.9207775261736089	0	0	0	0
-1.523614905680354	0	0	0	0
2.9299147291955663	0	0	0	0
-5.297649922882108	0	0	0	0
5.831253086693295	0	0	0	0
-2.822406036001155	0	0	0	0
-0.320817528398905	0	0	0	0
2.001934552853065	0	0	0	0
-2.5640711928116175	0	0	0	0
1.4882551684144545	0	0	0	0
0.18385485107634025	0	0	0	0
0.21129759020644912	0	0	0	0
-2.126421147539645	0	0	0	0
3.6412675642124626	0	0	0	0
-4.314284310162563	0	0	0	0
3.4685643497865044	0	0	0	0
-1.6298780726538382	0	0	0	0
-0.04344190027903494	0	0	0	0
1.6390212616477626	0	0	0	0
-2.998265205236841	0	0	0	0
2.9995483891604735	0	0	0	0
-2.8934978885464133	0	0	0	0
2.5851756289245884	0	0	0	0
-3.185471022535573	0	0	0	0
4.021655123440851	0	0	0	0
-3.324211893584092	0	0	0	0
0.12306114172045568	0	0	0	0
2.7555490713713766	0	0	0	0
-0.4055993573566923	0	0	0	0
-2.981208654544112	0	0	0	0
2.23305875613746	0	0	0	0
-1.4968952542422187	0	0	0	0
1.5635608946254038	0	0	0	0
-0.29993723418550644	0	0	0	0
0.3077641914365188	0	0	0	0
-2.3285956080236403	0	0	0	0
3.142997977183235	0	0	0	0
-1.3851860045187294	0	0	0	0
0.5613554069532682	0	0	0	0
-2.6816390718167895	0	0	0	0
5.891407739770365	0	0	0	0
-6.554885463907979	0	0	0	0
4.075549468613907	0	0	0	0
-1.507571600768415	0	0	0	0
1.826503171567353	0	0	0	0
-2.3957107310369565	0	0	0	0
1.48194431804216	0	0	0	0
-0.8486889198069747	0	0	0	0
0.9429757791756828	0	0	0	0
0.9607486150251745	0	0	0	0
-4.310372851070099	0	0	0	0
4.786606000276208	0	0	0	0
-2.993236873074423	0	0	0	0
2.4419219601872513	0	0	0	0
-0.5451081892871628	0	0	0	0
0.42320151391389516	0	0	0	0
-0.5022294585850844	0	0	0	0
-1.8033766467634607	0	0	0	0
