0.08264856550694333	-1.8146854580074105	6.006656127409386	-0.2707993311437349	16277.332127927648
0.3391487418085646	-4.984338733987769	19.041257971796227	-2.244305198237555	16276.873096947436
0.3132467258596279	4.867531577414752	-10.31345008323288	-15.556862461719234	16274.070550138867
-1.351578447138209	4.473337494685239	0.5247381289721602	17.53148434858413	16279.572245039277
2.3664814044516476	-6.7944416713387525	11.368714702567658	2.9848270575396043	16263.158523080678
-2.874937590173758	4.734717860674721	-21.174152595858118	-45.92919804040275	16319.161856553126
1.5239678017786744	6.8920980703852734	1.8828377140104067	9.682373572840618	16467.69992315002
0.6565447155206598	1.3254295239625336	-11.32424098533906	-26.002428489191217	16545.309152231344
-1.7635761463774884	7.144856116152319	6.1174696525547745	28.11010375260055	16627.030293870626
1.7848385315603466	1.9132659040961428	-0.8101135382225806	23.392456514328828	16799.940265381672
-0.9278953109020236	-8.282025553686765	15.429277979988356	-3.1543528416052027	16747.06849233728
-0.2278847385770888	-2.5465362248676797	-8.41426950523217	27.633020952753924	16755.89565011411
0.16165550776359794	-7.921538545321795	3.4178021214359546	-2.4043203266944886	16923.81055017689
0.07796505967862544	0.7078665705247502	15.9839980009627	11.906350181041574	17002.451345780082
0.3762159192250678	-2.690434805538537	22.870735777209163	-27.589340876901034	16894.71654842013
-0.4261598144478853	-5.77622617938821	7.100300306955816	14.88658531660306	16822.39141407283
0.9426326094543143	0.9241429792440172	0.4303349587775216	-25.612258531533456	16889.24517105915
-2.232036725031463	1.312905631950592	-20.920413044277808	-0.8034861366003128	16956.255691490525
2.751497279439114	3.839682143435205	-2.8150244354917504	-5.941341097453645	16988.919528363116
-1.5737651613319983	-5.3998767258162985	27.644032044660392	-6.116137892445849	17109.909394652484
0.4157653714795444	8.258041856091836	-21.365256907464072	1.3498928392047844	16991.066628398934
-0.0985615414235923	2.2334705384297138	-6.743012462490398	-34.29536287264759	16901.153364622453
-0.8396038986027676	1.2779117001058538	12.589987947844875	-0.22326574153295553	17008.21666135071
2.091725368713071	-1.8052450324567317	-2.80450918217322	-9.067374478410201	17039.069868872193
-1.9393906173807736	-3.310593419915513	17.027968948622444	27.04712265287739	17133.7635861902
0.8169701087583832	5.137240493458911	-3.6027921431712997	13.334110477927396	17145.95862533704
0.6791031734051742	2.373654054460033	2.6739497946485073	-10.26584600123661	17069.662995732688
-1.4306679964239066	-0.30557730822066276	3.07072354371212	-9.732007377921406	17124.858521341783
0.7094371626038054	-7.967791026463054	-7.473958093414296	-6.632730154750561	17204.39917316722
0.22627075819686837	-1.492342199996763	-10.550591185534316	10.675412871667248	17144.60521211876
-0.6786748528324438	7.943142395866616	33.12846537218219	22.536622609343766	17098.30943155787
0.4283830443411034	-1.5936859949254298	-18.875212300651043	10.620985837668428	17170.062842114865
0.4415408134759886	7.8754760645799635	-16.41885490275071	-6.011511718949322	17183.05024340845
-0.16716502339361483	5.316871994795214	29.24646761323058	3.203427587926626	17182.63709869344
0.09215411828505182	-4.440562287703358	-12.1879249659969	-7.261387375106409	17206.861068212493
-0.2989910484537006	-4.533312432171748	2.8819665630794162	4.559294695084503	17213.31916976837
-0.8023285890282565	9.949501028936062	15.621300220896543	5.111068136404299	17124.497969955795
1.859380361384389	-22.58166088910027	-38.94515032542614	-4.975524573217086	17059.787980992332
-1.4289361348046796	9.87073347383879	10.385443096291056	0	0
0.024592398951284622	-8.540258849020951	-9.531815154653856	0	0
1.629512501256528	-0.5720182465649941	13.641466464409945	0	0
-2.1944168887247173	2.169190721777184	7.548956030302492	0	0
1.850855007199769	-1.4850763930881428	10.39110981356066	0	0
-1.6348772082698204	0.8528282946676882	-17.11587678948399	0	0
0.6609540094057138	-3.1748875449930622	-5.973811227504996	0	0
1.9361245846776285	2.7393590401417356	-32.09451075052006	0	0
-4.604199000042335	1.8099222538704964	4.352355484582162	0	0
4.630715964724914	7.742034185531232	20.39181632952041	0	0
-2.3288881853379806	-12.266247787865304	27.226906803527612	0	0
1.8498548809817876	4.176635769522704	-20.01500749717202	0	0
-2.570394332134356	-2.9561274780511937	6.457541847440211	0	0
0.5901939474695865	5.98700138156147	-10.67853920318116	0	0
2.080359984356207	2.319588073506992	6.221580744004996	0	0
-1.629063256990527	-7.585534994087396	5.683809706432868	0	0
0.2215035375273544	4.598522508442514	-9.404320256661322	0	0
1.033953871131672	5.406708643844567	9.313779265402871	0	0
-1.9761225262471314	-6.853214170389542	8.178916612398936	0	0
2.6081134680030686	13.844285066052421	4.469682633881902	0	0
-1.7579485482254285	-2.211818272978647	-14.814708904793306	0	0
0.6722800838792651	0.019740237835371488	-7.546426078018584	0	0
-0.9226087334685928	-0.2313189686270931	11.66743465824645	0	0
0.5722265028990563	2.7693172299356377	13.484953174607853	0	0
0.6118539826446039	-12.927718894727704	-17.148155690280703	0	0
-0.5707880416421673	3.101331091659347	-5.74705484878875	0	0
0.739215941218113	4.964280810660284	-13.704338651500592	0	0
-2.5515194147185696	-2.5338745433564256	11.697274561928865	0	0
3.506610847619413	4.206037225783533	0.7743760152688992	0	0
-2.8799790212835674	-0.7832803249740223	-3.8448568807060326	0	0
1.4116775204973138	-9.837737068061486	-5.8877001624819485	0	0
0.5282742946390826	11.0344595392543	16.629953675889098	0	0
-0.33865091199112385	7.451502156972545	0	0	0
-1.3149590874329462	-12.022597290186354	0	0	0
-0.4735736743013206	0.7551034019814011	0	0	0
3.15506690951797	6.210130239955184	0	0	0
-2.6837487082670677	-4.21963960549742	0	0	0
0.7750252332864562	-3.9943240420321757	0	0	0
0.05466000363608714	-5.875631698290036	0	0	0
-0.14565391701766828	2.368804250717396	0	0	0
0.08620955445648093	1.4543890860352846	0	0	0
0.5330284306550368	-0.8817619742629859	0	0	0
-1.0984884144158826	-4.993708794049304	0	0	0
1.4123715386603166	1.1156209099357568	0	0	0
-1.1840380637268524	8.530370511490645	0	0	0
0.3966255242938459	-13.862079847089362	0	0	0
1.0808605483570588	5.825153074072517	0	0	0
-1.3411780866115066	5.159333933001321	0	0	0
0.3961143466781891	3.5324444391393826	0	0	0
0.6373564248718111	-13.728346060309832	0	0	0
-1.1767894743831349	14.630200957377497	0	0	0
2.582727317772523	4.30221978353984	0	0	0
-4.216777609329796	-11.750679540780574	0	0	0
4.273527047635675	12.336071927754965	0	0	0
-2.791431413038012	-0.9207312831351686	0	0	0
1.8686553059832534	14.39204940777769	0	0	0
-2.6273411486797116	-6.911282520844864	0	0	0
2.4305638280689905	-8.810131038421432	0	0	0
-0.3320025462024816	3.26922346059375	0	0	0
-1.9774733734859353	-2.316175455961684	0	0	0
2.5963041498042188	-7.107243448798187	0	0	0
-2.0932922887883265	-0.5695105068444235	0	0	0
1.791611895241644	2.045105448568833	0	0	0
-1.8981675246742569	-13.607721219614291	0	0	0
2.2406339913534197	3.141139362744809	0	0	0
-2.2495551223502233	0.1934853551211404	0	0	0
1.3031102692070036	0.9209224758780223	0	0	0
-0.2611578397100942	-1.2359320511747711	0	0	0
0.36318787540189845	-2.395341325494215	0	0	0
-0.3730804038542388	7.222729865943421	0	0	0
1.3103192351746031	4.642444174852201	0	0	0
-2.3012300232832743	-0.8253142146871397	0	0	0
1.6751445262553233	5.836994846645851	0	0	0
-0.594712513829478	1.1700620812647458	0	0	0
0.9029602755315551	-2.5028093818761334	0	0	0
-0.6714402444398431	-3.4075276678024693	0	0	0
-0.6453841342753464	5.7429016103830435	0	0	0
1.2256678058502644	-10.58809166057172	0	0	0
-0.9772162099097201	3.48399580406884	0	0	0
0.5378569662612804	-8.861017552956923	0	0	0
-0.2564456033121374	0.10917047256496915	0	0	0
0.35284601667147797	11.93118387628941	0	0	0
-0.7573010862967138	-6.711342758805756	0	0	0
0.12654028059468203	6.512032409413564	0	0	0
-0.8219764789246184	1.7563762075608196	0	0	0
2.845987363694391	-7.987086240003094	0	0	0
-3.0627629680056003	1.1178734465181037	0	0	0
2.3759435213288427	2.9932513737315674	0	0	0
-1.6630340571029976	0.3650691465676914	0	0	0
0.35185726490961855	-1.0655286808636788	0	0	0
-0.08766252450064371	-11.230908354919706	0	0	0
1.4785830819109549	21.052388318321547	0	0	0
-1.9898710196086355	-23.85853063092526	0	0	0
1.4848963246281954	18.874735815018383	0	0	0
-0.6923835822313933	-4.741349895186673	0	0	0
0.7086964879200082	0	0	0	0
-2.3236710741930935	0	0	0	0
3.852341655240089	0	0	0	0
-3.243113652166599	0	0	0	0
2.147853821448372	0	0	0	0
-0.19365868004048536	0	0	0	0
-0.9372197808166973	0	0	0	0
-0.1383911043588526	0	0	0	0
0.6819930564415486	0	0	0	0
-0.1465049982572566	0	0	0	0
1.058176322140504	0	0	0	0
-1.4837482355248923	0	0	0	0
-0.06368830809338277	0	0	0	0
0.658051621084752	0	0	0	0
0.23509025784580473	0	0	0	0
-1.5074473686444279	0	0	0	0
2.2998895242137394	0	0	0	0
-2.919476912649756	0	0	0	0
2.7988804144564483	0	0	0	0
-1.7564514362597308	0	0	0	0
0.6548627854166895	0	0	0	0
-0.07980578246100833	0	0	0	0
-0.9852455162109095	0	0	0	0
2.221294775437663	0	0	0	0
-2.3787926481282895	0	0	0	0
1.4645202016514176	0	0	0	0
-1.4148466157806965	0	0	0	0
1.368552741418135	0	0	0	0
-0.456612924500611	0	0	0	0
1.1307188037759488	0	0	0	0
-2.226257586086973	0	0	0	0
0.8816760171674858	0	0	0	0
1.116207836344131	0	0	0	0
-1.6450190692571596	0	0	0	0
2.0181955759023325	0	0	0	0
-2.190067839064028	0	0	0	0
1.2073389621071584	0	0	0	0
0.5359167526456474	0	0	0	0
0.5536510646900794	0	0	0	0
-4.599203635317259	0	0	0	0
6.2478880860989605	0	0	0	0
-4.2201667475761795	0	0	0	0
3.300979793777387	0	0	0	0
-2.4603210136900273	0	0	0	0
0.9858090375827118	0	0	0	0
-1.8912216151073906	0	0	0	0
3.2448591894486185	0	0	0	0
-2.074855422421791	0	0	0	0
1.4321775593351518	0	0	0	0
-2.159075654604983	0	0	0	0
0.17074439964161314	0	0	0	0
4.285434269579866	0	0	0	0
-6.005853430333389	0	0	0	0
5.23970551616317	0	0	0	0
-4.516056766007182	0	0	0	0
2.7753708874862113	0	0	0	0
-0.512816455374093	0	0	0	0
-0.337250912861073	0	0	0	0
0.1255140807321382	0	0	0	0
0.8320536521731796	0	0	0	0
-1.8785781070965584	0	0	0	0
2.7436233371276018	0	0	0	0
-2.7182359528638713	0	0	0	0
2.9366043606312218	0	0	0	0
-4.416231857193466	0	0	0	0
6.733792626412068	0	0	0	0
-7.23603607885962	0	0	0	0
5.34708214939802	0	0	0	0
-2.8179287003232716	0	0	0	0
0.8782180441059992	0	0	0	0
-0.3124429334757792	0	0	0	0
0.1580718506930694	0	0	0	0
0.5758849542247262	0	0	0	0
-0.7100015065274832	0	0	0	0
0.519436951544165	0	0	0	0
-0.5573119632643255	0	0	0	0
1.2764048151240104	0	0	0	0
-2.1292871110396163	0	0	0	0
3.1135492604762476	0	0	0	0
-2.393427837732034	0	0	0	0
1.0039779616622937	0	0	0	0
0.5591374546091075	0	0	0	0
-2.190498448220069	0	0	0	0
2.9823356649385957	0	0	0	0
-2.5929911161544155	0	0	0	0
2.5913684820109495	0	0	0	0
-3.8744335002748898	0	0	0	0
5.025029591517544	0	0	0	0
-4.025182883926696	0	0	0	0
2.2639175843392465	0	0	0	0
-0.3324245690091203	0	0	0	0
-1.9199491240832032	0	0	0	0
1.802975979679843	0	0	0	0
0.8985984104330953	0	0	0	0
-2.5246894399837743	0	0	0	0
1.9220424189461127	0	0	0	0
-1.0352898031025504	0	0	0	0
0.8509320422196893	0	0	0	0
-0.2413498977741213	0	0	0	0
-0.483321270778049	0	0	0	0
1.3370092303533454	0	0	0	0
-2.038151800848162	0	0	0	0
0.6110259459673415	0	0	0	0
2.190196127140922	0	0	0	0
-2.862620333798162	0	0	0	0
1.183597895928223	0	0	0	0
-0.12057153557914546	0	0	0	0
0.17791098747886736	0	0	0	0
-1.5921931504784723	0	0	0	0
3.6751255337812623	0	0	0	0
-3.7732121092946898	0	0	0	0
2.1199082801160074	0	0	0	0
-1.2998925435067008	0	0	0	0
1.676767790598447	0	0	0	0
-1.298111875908063	0	0	0	0
0.922434691265039	0	0	0	0
-1.949613860732903	0	0	0	0
2.789711460187874	0	0	0	0
-2.93978041667787	0	0	0	0
3.0382186559395237	0	0	0	0
-1.5441527382155797	0	0	0	0
-2.220049696726363	0	0	0	0
1.4749393592938134	0	0	0	0
-0.4481643094721761	0	0	0	0
-0.7485451133631358	0	0	0	0
3.6198141614655768	0	0	0	0
