-0.09216332825324258	-2.329046477909017	8.461829018887585	-0.06952056810283125	16884.31889735359
0.6905227152359288	-6.720138437684376	26.360039839414185	-2.597015419453527	16881.39918597055
-0.886514887285692	-1.2098644349727508	-20.169109330880588	-36.142410830173915	16877.65052676074
1.6553159301026028	-3.182579255751641	13.449349678935008	24.87718234686419	16888.583736519988
-1.649699255860689	-9.440689465519654	-8.811366053571135	-36.87002680642303	16849.639052244525
1.5350088397238082	10.01658519977655	-18.33580444198843	-11.176246719882073	16993.486542643306
-2.2061603273096466	-4.566440741786003	21.467367026605416	-13.247306641113227	17104.76817685539
1.6641476992514868	-1.8240281210669238	-3.992006507537255	-16.860058375424046	17092.84630475004
0.6141846521424412	1.2350051847241588	-8.562551695830791	5.568592736273928	17082.317277099555
-2.762006488192654	12.211817518764818	18.55141416470302	9.668258376309737	17056.736598212912
3.6714764312584336	-0.004756446793791724	-17.7432570264763	0.8082334816072887	16949.586508101827
-2.1038373108822768	13.688652793603097	14.717192114349956	-3.1062167992940743	16968.19241058391
-0.05060189999741738	-10.499050830932717	-1.6632699076644144	-10.231429065395844	17045.870623599447
0.306575036975282	3.3747981180302276	-9.01206075249685	18.899748399250683	17083.08741739013
0.04440453454409976	3.541896903658909	6.668369841396554	64.01845917227251	16965.730924583666
0.17736016018473322	-5.544089975350026	-2.415208279004773	-19.675365352872674	16962.43569496366
0.8279930953168417	2.451756804371655	-4.818682894292763	11.357935635650236	17066.31097332636
-2.36666260092845	-0.9046763407122071	-3.844903022995922	-53.84934471390787	17068.144580773645
2.3313283071656556	-4.914702508462973	-15.479013095040912	10.281466727927452	16879.72320449878
-3.1159402303859736	0.46337206186760227	-10.250398294278895	-14.019476748727286	16767.199662533363
5.285613300529533	3.275211645693325	26.489585620246288	-7.852555474688117	16787.542974556745
-6.198471373058773	10.384623705571599	14.170447761538838	41.803834874355886	16796.553050546972
4.245911558544158	-2.6700371720964426	0.11077519475973929	-30.384236736576142	16836.72448988082
-0.7269492826711996	6.344289440201784	-23.919800447528715	42.56872434348125	16910.522234711956
-1.416667677393562	2.499919188271761	14.792839747782963	2.66472765753241	17074.805179535935
1.3851186770238542	6.561443323020811	-17.93076719418235	-25.216359899727465	16983.460491887123
-0.6645794474608167	-10.717699460159594	15.76635663871565	17.542466735179175	16990.97138241912
0.6751414432476253	-6.981389014908466	-18.615108190894105	27.999674827335497	16882.161676252697
-1.4643908606233609	14.887853361183424	-1.8649978221245505	1.270855381883834	16944.337071800714
2.652094996333858	-2.7479793787512676	9.540759501348575	-7.503753014902216	17088.819650503814
-2.925784745431912	4.081223018077004	23.197970319383472	15.901236109346002	17085.951890268876
1.4671977721785368	3.2153548589119225	-12.953662215799724	-1.4673749514059296	17184.80810079799
-0.4716889423140316	-19.520219084333597	-4.334544576975944	-14.906708596720023	17046.915994402654
1.1352499255471713	9.41907976630349	21.739788843603705	-2.037913993111829	16967.9596468858
-2.193225647766816	1.412207305580992	-3.5157185690543713	-5.220041202758907	16963.341683742325
3.6686437785241353	-5.815105485322064	-7.15203960358194	1.4318046814493925	16894.549267345476
-4.27954685716265	-1.501884156123296	-3.658597673894832	7.518312320318714	16862.13724290954
3.8301804063366873	3.100977818898855	-2.3338726070712426	2.1003868802904293	16819.488003397935
-3.051429440469441	7.470742474869212	1.1260050528072014	0	0
0.7860183825658638	-9.072282904434822	-11.384877720052188	0	0
2.0080869251806632	10.94214470365688	6.8020098559942	0	0
-3.132181541439742	9.933010609631928	-35.37600627257082	0	0
2.510554579870643	-7.984545065605516	9.597581070833229	0	0
-1.1038810231782108	-4.131137803021552	-19.83076178512104	0	0
0.8286396315230817	-8.845519031473962	10.725263415132204	0	0
-1.939000513016552	0.7818398721296873	-12.612796003399566	0	0
2.323409119871421	-16.987664293790687	9.705972456968013	0	0
-1.2524569578260838	6.3086174309337935	-0.6703572277308183	0	0
0.8362049808863858	7.390627757971785	-14.664295096967706	0	0
-1.1806957841165655	-8.57734251134945	12.611031739705979	0	0
0.5567489671879073	-0.5054735708793814	-9.615473971498389	0	0
1.0233165003568843	6.416643789636517	13.464876862871193	0	0
-3.303542591333894	-12.82133028963446	-13.471981446700838	0	0
4.884046420554405	6.162333009893146	-3.2156652797359726	0	0
-4.248384315915665	-0.47481428559383687	10.896967060371281	0	0
2.397355114377852	11.792464299574164	-20.666297736535896	0	0
-1.3927529474869473	-6.219227967060796	0.1431266687329611	0	0
0.8513764384336895	6.279498786120925	-13.641392525686499	0	0
-0.1491863967273801	-2.34121627459713	-9.17696022754194	0	0
-1.2048294376535296	7.4538129135987745	6.954707589832296	0	0
2.702704123492744	3.2370145296916846	-27.063459082565743	0	0
-3.2110254881884686	14.665701008747988	42.1800077145345	0	0
1.4728337874158512	-0.9660548996412786	6.90023666100025	0	0
0.9764508764115334	2.343059462988876	-17.46472887678877	0	0
-1.2948225559100734	8.917358231213242	-1.1878372469141851	0	0
-2.1771382596752957	-4.000404414356787	33.59208899900531	0	0
6.059767280857891	9.24676567276228	-11.915272218632907	0	0
-6.239859449761546	-1.9667900507943514	4.9469785605152055	0	0
4.027494527650646	9.967634664767424	-34.61409992729445	0	0
-2.7389479185179013	12.199264025849637	17.33508967226676	0	0
1.7165727603023697	-0.9982543386117513	0	0	0
-0.10664222606148854	0.9125875321876222	0	0	0
-0.6793601329264902	-0.42939094372778897	0	0	0
1.1591598866493058	13.97564855904838	0	0	0
-1.0901474494138768	-9.730509569684457	0	0	0
-0.19929978547828853	14.120306007378332	0	0	0
-0.14720226022793526	8.55825994687708	0	0	0
4.520423903673368	6.077474141715115	0	0	0
-8.233148557714173	-10.524310169961637	0	0	0
6.86869898181115	-10.51786378885052	0	0	0
-3.24456360080368	11.589400341134812	0	0	0
1.1969484239807144	-19.214564134016797	0	0	0
-0.813546833445784	10.756166279982878	0	0	0
1.5987556289983118	4.03948714023344	0	0	0
-1.8479432816210988	4.042857627878014	0	0	0
0.36838251831297697	10.087979240611524	0	0	0
0.7805172551417456	-14.88141823677583	0	0	0
-0.27726238866472386	2.1927579609551486	0	0	0
0.38293448737924507	5.243969822863612	0	0	0
-0.6665392624489996	-0.5087974064210528	0	0	0
-1.244692347327664	5.0067524828208505	0	0	0
3.464015899243776	4.453287134120444	0	0	0
-4.3548751624616315	9.685162183826876	0	0	0
2.9474952449320284	14.026030685826456	0	0	0
0.39018197945931377	3.5310528848023495	0	0	0
-1.423376483439256	-4.369774563300972	0	0	0
0.13300702167983047	2.585344059419228	0	0	0
1.2962732527027327	-15.217643179608054	0	0	0
-2.693817928102213	11.884767034899582	0	0	0
1.6322601289350516	-6.959737251488129	0	0	0
1.248718236812941	3.5278133699137086	0	0	0
-3.355679853033962	-7.4293959180504885	0	0	0
2.65072324130184	-0.637988163201122	0	0	0
0.25721083850047677	2.7575853529194774	0	0	0
-1.9698559262769564	10.240933064883237	0	0	0
0.901129665109579	-1.0410049771186607	0	0	0
-0.265371766989297	-2.7145472498784358	0	0	0
-0.09434756821563184	-6.520994245382084	0	0	0
1.7478229668125067	3.997196867798607	0	0	0
-2.577025222843254	8.981930781624527	0	0	0
1.0422166398004293	-4.610768846373773	0	0	0
0.23325967391460978	2.747239133733558	0	0	0
0.1548292136629641	-5.490392231433447	0	0	0
1.2815450612220687	5.759901925934308	0	0	0
-3.5885078293952617	-10.953869524759753	0	0	0
4.059837712426969	0.884691353796704	0	0	0
-3.525615641160833	10.987257160498757	0	0	0
3.0491038623205213	-12.679864915837776	0	0	0
-3.1411471231981665	7.170606653540467	0	0	0
2.8766163488939895	7.825664573871599	0	0	0
-1.7040495296982527	-13.246236353428849	0	0	0
0.045215700063529596	4.862109429286221	0	0	0
0.30974390449537736	-2.030922244700065	0	0	0
1.8083745350303388	-8.871962140012862	0	0	0
-4.0604739387209605	8.503132020298963	0	0	0
4.681940976617845	-7.680034483320959	0	0	0
-4.047738571315406	3.7654269844344626	0	0	0
1.8305437066211496	-3.825529807516311	0	0	0
-0.7617895604142291	2.82985753335511	0	0	0
2.3568894703807786	-4.863403849421275	0	0	0
-3.7964495075648657	5.67020105643644	0	0	0
4.797824426837771	-3.302971562118323	0	0	0
-6.418201961894212	2.743914719608803	0	0	0
7.941132094121855	0	0	0	0
-7.9525329577880015	0	0	0	0
6.661627835965007	0	0	0	0
-4.41554088745545	0	0	0	0
2.1417402203570077	0	0	0	0
-0.8484988715088306	0	0	0	0
1.701082910792607	0	0	0	0
-2.460586581235802	0	0	0	0
2.7033493018561785	0	0	0	0
-2.9036808680598085	0	0	0	0
2.1679356416364612	0	0	0	0
-0.296926989243552	0	0	0	0
-1.0631886727721067	0	0	0	0
-0.143014887268464	0	0	0	0
2.166597769348577	0	0	0	0
-1.9578794347962543	0	0	0	0
-0.3882344296781923	0	0	0	0
2.225255976436614	0	0	0	0
-1.5506755215703052	0	0	0	0
0.35484656236274503	0	0	0	0
-0.14486912039761535	0	0	0	0
-0.49601746135252256	0	0	0	0
3.1964446863654175	0	0	0	0
-6.852547373894339	0	0	0	0
7.217725704210807	0	0	0	0
-4.423228085607491	0	0	0	0
3.2850731699258375	0	0	0	0
-5.401727452089091	0	0	0	0
7.380413941759777	0	0	0	0
-6.632904307771867	0	0	0	0
4.199920365209216	0	0	0	0
-2.1087330795372097	0	0	0	0
-0.13400239733882557	0	0	0	0
2.4139964251056867	0	0	0	0
-3.7097735624603203	0	0	0	0
5.58651691396323	0	0	0	0
-7.341389955603049	0	0	0	0
6.624240284939901	0	0	0	0
-4.776293193114633	0	0	0	0
3.265894886134177	0	0	0	0
-2.4705930487874355	0	0	0	0
2.7680172189747694	0	0	0	0
-2.208432090379816	0	0	0	0
2.075891167629088	0	0	0	0
-2.7926508124964045	0	0	0	0
3.596819507547238	0	0	0	0
-4.113802026807306	0	0	0	0
4.133079679421549	0	0	0	0
-2.642350768149221	0	0	0	0
1.3382690879898789	0	0	0	0
-0.42106731153002386	0	0	0	0
0.2458268082466759	0	0	0	0
-1.2369623594159265	0	0	0	0
2.0915205003964203	0	0	0	0
-0.6541070225811652	0	0	0	0
-1.8202340161483264	0	0	0	0
3.0295752551391004	0	0	0	0
-2.61283215777069	0	0	0	0
0.8969363948076037	0	0	0	0
-0.6335627505233106	0	0	0	0
0.5417663356961455	0	0	0	0
1.5948189643583248	0	0	0	0
-3.8837142689633666	0	0	0	0
3.127596204247723	0	0	0	0
0.083458048240594	0	0	0	0
-2.367873635107557	0	0	0	0
2.9261081486947944	0	0	0	0
-3.5606670000379737	0	0	0	0
3.26829867973926	0	0	0	0
-2.277738442237741	0	0	0	0
2.0129237341488917	0	0	0	0
-2.524763551402934	0	0	0	0
2.4821422315486217	0	0	0	0
-1.2382194254718186	0	0	0	0
-0.5220837132292928	0	0	0	0
1.9774452357679237	0	0	0	0
-2.864276674559342	0	0	0	0
2.7735696915814856	0	0	0	0
-1.6293171826161483	0	0	0	0
-0.3709183312112927	0	0	0	0
1.1749948177168719	0	0	0	0
-0.9271237402374126	0	0	0	0
0.27851926484180467	0	0	0	0
0.9660858427350689	0	0	0	0
-2.300496135406199	0	0	0	0
2.078299034637027	0	0	0	0
-0.8553676043723897	0	0	0	0
0.14679773840850885	0	0	0	0
-0.12931980891963235	0	0	0	0
0.05679472967990762	0	0	0	0
1.756014002785271	0	0	0	0
-2.5380882652127426	0	0	0	0
0.8269442678768257	0	0	0	0
-0.2054932973631125	0	0	0	0
1.6061471811467243	0	0	0	0
-2.5408767776899666	0	0	0	0
1.2384337454613643	0	0	0	0
2.8570609380551346	0	0	0	0
-5.571298007900701	0	0	0	0
4.877891821628715	0	0	0	0
-3.5991884584204925	0	0	0	0
2.8154366169026446	0	0	0	0
-1.699264444727504	0	0	0	0
1.7264803686020187	0	0	0	0
-0.4089133540920997	0	0	0	0
-3.2809330090561346	0	0	0	0
3.6771005729793345	0	0	0	0
-1.3079690631552552	0	0	0	0
1.154279586057413	0	0	0	0
-2.0071092712811165	0	0	0	0
1.8178186394574283	0	0	0	0
-2.2808619990640366	0	0	0	0
1.650676516521699	0	0	0	0
0.7883617896612591	0	0	0	0
-1.4090888681672027	0	0	0	0
-0.7070889478867244	0	0	0	0
2.9058837126190937	0	0	0	0
-4.080972656379473	0	0	0	0
4.321270606686014	0	0	0	0
-4.491840296308155	0	0	0	0
5.972403871250428	0	0	0	0
-5.826256504641115	0	0	0	0
1.7149237580920698	0	0	0	0
0.05051942028334366	0	0	0	0
0.5012128763836401	0	0	0	0
2.7485017560687766	0	0	0	0
