-0.08870737215766411	-3.5192777962833404	8.766882913587239	0.022716270820680506	16802.259600104608
0.9990246315958302	-10.546607753497035	27.45470159188247	-2.027048315616014	16800.196173859185
-1.3240881201514583	-0.5571017941816194	-18.23022783782058	-30.324933499552444	16795.922182422248
1.3917179311678112	-4.082897140437964	2.4681311604925043	24.436063848065103	16805.943929352943
-1.1191536343430428	-4.863669866701237	-13.468100535943336	-23.652260568646327	16773.19761483431
0.24489561483161282	6.435455186568284	-9.545219560837538	-8.464428328789907	16893.59766250977
0.010448240178817514	-7.651772826378533	24.382991549249923	-22.472455737327365	16993.755774701014
-0.2058234704077151	4.425622635485247	-10.921525647181184	-14.546446338611958	16986.930065861972
1.3284658504615479	-1.1341359860315237	-6.649595227606554	7.46646235318407	17009.818269321415
-3.0672805853943927	12.740874505192195	20.236006770994393	2.4953249145935814	17002.785702135996
3.719967462665622	-5.640819434134762	-26.482854338201022	7.49895626104616	16871.23896946343
-2.072875719581809	16.200711050131915	4.768731392126043	-8.467429140535813	16873.50467675367
0.6907243218476111	-10.793711928292268	4.481376601989325	-12.656202700498667	16947.12641100308
-1.3982445160329533	7.810588251682418	4.517938039095554	11.147759435956871	16992.389783305294
1.3274132060171837	-1.3613581754769513	-5.498381141273882	34.15537419079506	16889.693837191415
-0.6691506247275569	-3.3225855798266437	3.146460711401474	-7.098828080761422	16889.213181725918
1.731676447463606	-0.14948564232876294	11.477898631419777	1.1409767384907212	17006.381993244355
-2.272901554590021	-1.5565074937556318	-18.275479743922034	-55.65369315158553	17002.409095263833
0.8945811579768943	-1.5724448310621	-2.9149766819470386	9.414379029177212	16817.012849989205
-1.014556512101855	-2.8914580135819747	-16.920975124988644	-21.60825259726242	16752.337885553
3.1299441380552864	4.177409652641813	15.01413284889179	1.9699890437342873	16818.796745263724
-4.714561435229655	10.431050790634416	14.41178388066767	14.995403474664457	16789.48136918545
2.8833403625297436	-4.198299610871317	-17.179845545376253	-13.355002404422152	16785.81011737726
0.5265304013377445	10.677957222918444	-28.04474985326712	33.841348166532384	16809.252298374235
-2.125039927971116	0.7960935899300665	14.755002745421919	-23.40556131040917	16938.344905134283
0.8665874683750303	2.7802057237261053	-18.01466270174174	-12.120110632064524	16866.372131479868
0.10424033544916256	-14.389256480070372	11.89457624602423	20.858973094321527	16843.176994359364
0.2422763243474506	-1.3691951506680198	-20.21020490741178	21.502145415755137	16688.92856312439
-0.9732011291378484	7.063251919492743	0.2363901378347748	-18.90529566966852	16738.450502726115
1.877440781605614	0.757822885037406	10.83565681171413	18.876404203163247	16845.955732297218
-2.427835967452417	7.048507558358651	21.21644970879592	19.062075772324178	16870.934325525195
1.5474335298990098	-0.2647219762014714	-23.192841934432863	-5.904363025139219	16940.771357432484
-0.8886626845884322	-14.52620458428202	-10.163140702130704	-27.65628559377238	16851.95495806142
1.1429087085792418	12.01799956879691	17.667379902930122	-4.485166009121912	16743.61526469026
-0.6590541467285504	-0.8112181965068217	-14.0297749959674	8.084900349235738	16773.633449504767
1.6175538751452265	-7.476457702188512	0.29835424834159596	-2.194309104601757	16734.42266330596
-2.7694836195110284	-0.9964172887656275	4.093926537001835	-5.20531587750412	16690.728876024565
2.0690745678281672	3.563209942147928	-2.1229027029238665	13.09266268148167	16691.502754964924
-0.7344198788199421	-2.3989774968795032	-8.546435493532258	0	0
-0.6540760388290323	6.186685784433337	-7.386191168933763	0	0
2.687454206145219	-4.344546880420474	-0.6724620421550043	0	0
-3.0015502474246745	10.798581280078437	-21.249433548808014	0	0
1.1213577819137868	1.4511140806116245	4.029476098281535	0	0
0.32128833333827345	-10.09086451645954	-19.55527609401166	0	0
0.033855516900423765	-13.982698800164584	12.064537101104577	0	0
-1.2582776109235638	1.0145502789080396	-15.432408131869423	0	0
2.0099589168777428	-18.514726234753276	1.2616089093813798	0	0
-2.1401021914435816	1.2387168168108644	5.564202308445118	0	0
2.9024920936525973	5.13494310691987	-19.58002894142537	0	0
-3.332276692451366	-5.548841433887716	18.86507901773618	0	0
1.8674680831490846	-4.815866750157419	-20.052280106032	0	0
0.4966813066111868	1.5726727787331356	18.75416836695929	0	0
-1.9873599777934103	-10.918981492281226	-4.284046968918801	0	0
1.8887199600457762	10.483274241339444	-2.534208519978989	0	0
-0.6892504824802472	0.5808320279465988	-4.8033785066401435	0	0
-0.574601545309541	10.257616329310324	-11.136534984953656	0	0
1.485948929380342	-11.074213150210042	-12.568404436293036	0	0
-0.7155277672061402	5.453524138949184	-25.97337309145594	0	0
0.19997489659791512	1.0019932925853183	17.02491026674953	0	0
-1.3295977507049912	10.843561544057934	9.848015852188198	0	0
1.9723917060742053	6.3709641907738686	-33.73986522663863	0	0
-1.6952220301586536	13.457547589256826	32.08185037833627	0	0
0.18194004718172607	0.028517052407266874	21.07005133560304	0	0
2.1373600481749335	3.572666440645179	-21.25306132336273	0	0
-1.8372541259011612	7.843137070241831	10.520399246877787	0	0
-1.342891338988352	-7.739100657222799	23.083841166721044	0	0
4.185810239551138	5.86268790548381	-9.369572897727721	0	0
-3.705161858949765	5.359260139600877	4.456518440019821	0	0
1.4067878379567844	9.409461009134553	-27.18890467912027	0	0
-0.07764172670073322	12.919334183471271	4.748332565443732	0	0
-0.36251671927215057	-0.3047384024878568	0	0	0
1.5692479059642963	10.61379389805095	0	0	0
-2.0345508639443537	7.366623371110826	0	0	0
2.0974169320134948	15.67092745634534	0	0	0
-3.096373330586623	-7.338048158988151	0	0	0
3.0134615954447668	10.42287486210148	0	0	0
-1.7489898557681656	10.807696162581593	0	0	0
2.96614519761863	11.84962091835645	0	0	0
-6.375052202764657	-7.382864978593055	0	0	0
8.014423087672874	-6.53465694673028	0	0	0
-7.19074921013398	10.400050210205805	0	0	0
4.4747783322051475	-14.9585139263718	0	0	0
-1.203543448094777	13.025994064123495	0	0	0
0.5131317772416253	-0.45303708103430296	0	0	0
-1.2007273546237087	-0.742810502561575	0	0	0
0.15072511803538902	6.179596964905905	0	0	0
0.7639883797204448	-12.158961384246162	0	0	0
0.3953116759145914	-0.12585267327666116	0	0	0
-0.6404663687225707	-3.363837961763082	0	0	0
-0.006371910031319317	0.09307342531197804	0	0	0
-1.7585390623221713	2.577657828207194	0	0	0
4.766813699713907	7.152471532629939	0	0	0
-6.7538338334112495	4.840373073864249	0	0	0
6.061446022949617	5.241189888398125	0	0	0
-3.2379538354511865	4.323973339962436	0	0	0
1.5501019456913667	2.1746301502804997	0	0	0
-1.2028927808016832	0.9823965734259303	0	0	0
1.521975535729574	-13.537203906126734	0	0	0
-2.4585182327504214	16.25324523865806	0	0	0
2.52258271042556	-10.297591648796356	0	0	0
-1.304982770861855	-0.48477308499602856	0	0	0
-0.1846817020005247	-6.416902286112247	0	0	0
-0.3908209775448057	-3.9161040887184413	0	0	0
2.90848536319843	1.2460482089241651	0	0	0
-3.852293272513478	8.65746811596702	0	0	0
1.8670854140846629	2.0695232967721466	0	0	0
-0.19157084718116835	-3.009442746853857	0	0	0
-1.2584911610706229	-8.54037002683642	0	0	0
3.6328158891307254	-1.7052987230761474	0	0	0
-4.534519411364116	-1.1476557436491817	0	0	0
2.2607999034679978	2.291435353336432	0	0	0
-0.15444207874026006	-1.421930792167025	0	0	0
-0.4234866415831533	-4.871444384734112	0	0	0
2.9217477702184524	7.162778625071759	0	0	0
-5.718389965866521	-12.182868962861654	0	0	0
6.49579699184865	4.173943545036082	0	0	0
-5.188766813315468	7.48619177179291	0	0	0
2.4734608198451724	-15.521936196190545	0	0	0
0.014889272177619262	9.126817930596417	0	0	0
-0.7323538964740237	5.199212814602646	0	0	0
1.339717606920118	-18.240906637034016	0	0	0
-2.7941913506959963	9.734507382068465	0	0	0
3.4539696534093594	2.76807450997255	0	0	0
-0.6870553283702421	-7.249393736887505	0	0	0
-2.2385628412423273	1.4246419662481316	0	0	0
3.1143763265144884	-4.140838306320987	0	0	0
-2.013168396760854	-0.2423398488483599	0	0	0
0.00148696589410946	-0.37799066579556495	0	0	0
0.351915501408989	2.136871656417533	0	0	0
1.2656359801109645	-4.6187278598039825	0	0	0
-3.080352693108651	4.987964328363198	0	0	0
4.579463549328082	-2.9823047285738085	0	0	0
-5.406521344392267	0.7192502103862708	0	0	0
5.292190027647415	0	0	0	0
-4.45674815452098	0	0	0	0
2.9085230459830527	0	0	0	0
-1.0306928598669316	0	0	0	0
0.08272834605472212	0	0	0	0
-0.7503670222454559	0	0	0	0
1.9271705495640248	0	0	0	0
-2.155113507448597	0	0	0	0
1.5291277360354414	0	0	0	0
-1.1400713819545274	0	0	0	0
0.13252681292182444	0	0	0	0
1.9841275723740992	0	0	0	0
-4.142519242101059	0	0	0	0
4.10104381269101	0	0	0	0
-1.7128252770548968	0	0	0	0
0.12078922118471525	0	0	0	0
-0.7773344579085233	0	0	0	0
1.6848253343364092	0	0	0	0
-1.5342857272965418	0	0	0	0
1.171713507695543	0	0	0	0
-1.6657886385961902	0	0	0	0
1.2908821880265222	0	0	0	0
1.3307883667039775	0	0	0	0
-4.706983897822269	0	0	0	0
5.093341881765305	0	0	0	0
-3.484015761609392	0	0	0	0
3.1076575108073285	0	0	0	0
-5.3313314504422635	0	0	0	0
7.009301477489714	0	0	0	0
-5.712641403804021	0	0	0	0
2.8959677182832095	0	0	0	0
-1.13949359636171	0	0	0	0
-0.2789427296934264	0	0	0	0
1.5921217787233246	0	0	0	0
-1.450465633114355	0	0	0	0
2.2689549126435296	0	0	0	0
-3.817415344822912	0	0	0	0
3.845235475004934	0	0	0	0
-3.581814199281709	0	0	0	0
3.460180905507812	0	0	0	0
-3.597145078470483	0	0	0	0
3.700131120019286	0	0	0	0
-2.2627297464483007	0	0	0	0
1.1472196802556525	0	0	0	0
-1.3295353127639373	0	0	0	0
1.2939958982788298	0	0	0	0
-1.0244511649728238	0	0	0	0
0.8793427312144217	0	0	0	0
-0.974211524662806	0	0	0	0
0.6408086082022706	0	0	0	0
-0.30482674591239345	0	0	0	0
-0.32415118806466126	0	0	0	0
0.1324935513730594	0	0	0	0
0.48547342342873634	0	0	0	0
0.38588482425150517	0	0	0	0
-1.2527993947383749	0	0	0	0
1.1815750890729646	0	0	0	0
-0.5672885895361048	0	0	0	0
-0.16828512311560218	0	0	0	0
-0.9719827770900693	0	0	0	0
1.5706906872652908	0	0	0	0
1.3982627281491062	0	0	0	0
-4.393005167191724	0	0	0	0
4.550285762291729	0	0	0	0
-1.7816399297049088	0	0	0	0
-0.889809213404952	0	0	0	0
1.7714711228958606	0	0	0	0
-2.62667176235896	0	0	0	0
3.536038959169268	0	0	0	0
-3.8843602618155586	0	0	0	0
3.995593052138581	0	0	0	0
-3.6920956781443763	0	0	0	0
3.1306066321885595	0	0	0	0
-1.8704287056759625	0	0	0	0
0.20644146565052068	0	0	0	0
1.225573114503213	0	0	0	0
-2.643704090550088	0	0	0	0
3.517332993343139	0	0	0	0
-2.4154707438834464	0	0	0	0
0.48326220888154836	0	0	0	0
-0.2364760430331998	0	0	0	0
1.224469544572564	0	0	0	0
-1.464833404740773	0	0	0	0
0.9863879722641187	0	0	0	0
-1.1443317977244902	0	0	0	0
1.2862366665155562	0	0	0	0
0.27691938461403964	0	0	0	0
-2.1863121829694663	0	0	0	0
2.1656124734676823	0	0	0	0
-1.776344372969298	0	0	0	0
3.3273298687259825	0	0	0	0
-3.663950606061185	0	0	0	0
2.0713787296051223	0	0	0	0
-1.9508974693321193	0	0	0	0
2.209993006321916	0	0	0	0
-1.8796663959685276	0	0	0	0
2.0982470970006304	0	0	0	0
-0.5169961606448439	0	0	0	0
-1.4595723429823906	0	0	0	0
0.9503492855831723	0	0	0	0
-1.251914434538179	0	0	0	0
2.3953064280738516	0	0	0	0
-2.282894731052039	0	0	0	0
2.188296821195358	0	0	0	0
-0.958392328751728	0	0	0	0
-3.1005174156627078	0	0	0	0
4.540960090450824	0	0	0	0
-2.1474957980762355	0	0	0	0
1.4147451948533671	0	0	0	0
-1.4079016846277597	0	0	0	0
0.11275383937760353	0	0	0	0
-0.08039581262387685	0	0	0	0
0.3827618296639841	0	0	0	0
0.008344976030045359	0	0	0	0
0.18411146833505398	0	0	0	0
-1.3122794334376664	0	0	0	0
2.664015133483261	0	0	0	0
-3.660069272544959	0	0	0	0
3.7953138178119588	0	0	0	0
-3.076621341474109	0	0	0	0
3.6469401828088053	0	0	0	0
-3.702724647366857	0	0	0	0
1.0185833573418535	0	0	0	0
0.03987853210904291	0	0	0	0
0.40041008088726215	0	0	0	0
1.6671392947702444	0	0	0	0
