-0.1404503104517829	-1.4761818840664631	-2.2635810341018328	0.5066599704915831	16771.993791439596
0.7261819167032328	-5.343980773078307	-7.148676407405304	1.915324962374811	16772.62089033348
-0.964729920898975	-3.9514724095341833	1.2987573284593878	7.005629548147581	16773.993396338414
0.7923974152605453	3.2687610866087127	-9.610187041535966	-12.024276168017352	16771.080996804238
-0.23345565428522974	1.5408080105677158	14.057522267485368	2.4850311008314065	16780.64596121992
-0.7615415645568291	9.568865303624257	3.7102719768657977	4.688875943014466	16745.22372024809
0.389199169568208	2.2686158027374503	-1.8909540476593776	-12.955211984403078	16795.65785269251
1.0929560917335408	3.2962127041190854	-8.131326717511996	-0.35397489593408693	16827.50054263613
-1.7930516448748008	1.8950069383842063	10.657060819090262	22.404155077212337	16826.065951167977
1.9593291978424858	-4.066067856926516	-4.325292216081294	-14.925270908079199	16835.56055811542
-2.3387204841499525	7.456927666122063	1.87975744037972	31.122467336652065	16838.34825844636
1.3136422504356133	3.3160316357731574	-6.395837235504914	-11.274155329680454	16783.687322656715
0.3537478877226832	-3.6126692789272	-7.138138074405873	15.54298458107803	16763.33734052163
-1.3511641033482604	-0.5699634027047225	5.153960600592271	13.148580009177138	16791.452043654437
1.575905126394531	-0.1899177846000626	2.0421226989436008	4.408934827789238	16753.800265952013
-1.9995832134212392	-4.150925483950459	4.180856803916498	8.711026262886449	16787.57789428202
0.88886624075338	8.849937117948379	0.7907463507886803	13.144417538523513	16677.429580226268
0.9448955897974969	-4.181547528896786	3.1988993837645694	-9.991972090861665	16678.19567845098
-1.3905640762539022	2.9775995161198665	9.908985971024123	13.985341408626198	16666.324855799012
0.7095852667241545	13.573950367853968	9.884310802665226	-1.31804454344163	16692.80339115441
-0.1476834802810174	-6.746865693577718	-8.2080042946493	2.21679343387666	16695.60181060941
-0.6368529580548099	-6.852343792921538	-10.947998220948605	-7.260187592987876	16715.79763519344
0.8073921580330676	10.990421795313004	9.56672405638102	-19.13643396655118	16696.758139432706
-0.16904529190742323	-3.154183060019392	-15.495036012959076	-10.642119157116639	16797.092758863386
-0.34364685701577713	11.253526284076791	-2.5457548353354014	16.06799232724154	16825.48874038374
0.33751911885258323	-0.4471947050035112	4.661332680699218	-3.859636884552586	16776.05857572277
-0.21948345986785256	12.300063614933265	10.8089816942704	44.920059851854035	16798.261136672936
0.8364946246225244	-15.254656976307658	-16.40664817971073	-32.473535912331826	16814.092545235606
-2.2796938638219117	4.517869241684288	-4.1922829869772045	14.92276147187512	16930.746269622123
3.2835316437274784	-7.367400124050349	-3.5730896492744932	-10.74018173077856	16949.17917332075
-2.4496601789269192	5.81022215166913	-2.617590302520739	20.214542662732455	17013.771234188447
0.4839344737599518	10.605884391539277	-6.02325394247184	5.884627057641723	17069.397831425897
0.8570701044359765	1.735039898103878	-14.695402142508101	16.590925273646462	17011.619679042306
-0.37311686417920953	5.7586377522698555	-2.619027636797867	-4.3252330949801205	17017.69810558295
-0.7183653377531201	3.171207793417487	-0.1970064174640811	-19.136380093350496	17079.04792982964
0.9398466040031934	1.0411732289059543	1.9441220965572512	6.396516047939258	17109.885577981346
0.6190648721454579	2.231219119943219	1.8249842392912825	20.35269167751278	17122.911224897423
-3.4617849430248526	-2.3661345120503796	12.65216233799633	-11.14045410976749	17060.491267306254
4.884219273542342	-4.8667807282517686	-2.6514225955797883	0	0
-3.744929905488597	1.2556951402952876	-9.29792419804906	0	0
0.9529652766391408	7.192855517375371	2.9575477724396677	0	0
0.7333818308003188	0.8794340509560783	13.58142625530077	0	0
-0.46462581104673717	3.0077875365731828	7.280114656922862	0	0
-0.1246529689690874	-2.2321566363366045	0.8126242524309362	0	0
-1.1519794331169706	-0.6057608021657259	0.3703359326484019	0	0
2.826981938229821	5.032088284504809	2.114960974005072	0	0
-3.2916018827958524	-4.473293791137465	-5.9168138410718285	0	0
3.040959065939866	-1.504460719295274	3.548546540367724	0	0
-3.914231372580396	-2.6399328028405904	-2.3796007018596725	0	0
3.8298494364518234	-0.7908429597715241	6.4965537631591985	0	0
-0.9200622013547033	3.756641084796712	-8.317733357369804	0	0
-2.050010521355759	-7.0629694975241435	-8.909520671393793	0	0
1.9420436923540052	6.3160913193198525	6.381511807907728	0	0
0.5889926110826167	-3.8538704752650403	-4.737517188892184	0	0
-2.0682489227944245	6.196487169997972	-13.086628684824888	0	0
1.4225836871228381	-1.6374270427316517	3.3422709985246115	0	0
-0.9346198634695497	0.9171391632474268	-3.8057942161888434	0	0
1.3272170643695418	3.573608987172058	6.940532826938622	0	0
-1.6808295915098128	-5.170553423731519	-2.5350620592441686	0	0
1.5157703888205631	8.038724169184192	-5.174113409692993	0	0
-0.7176566567395	-1.3049524662158234	18.056984153735428	0	0
0.6697502770149271	4.860054843821082	9.91604018586861	0	0
-1.5047281350775918	0.4330537946278312	-17.56571175905316	0	0
2.308182004126671	3.846880245873564	-7.8568040173139195	0	0
-2.1574777448398237	-2.412792478403965	12.472090639366584	0	0
2.261830899333461	-1.2931851294233283	-0.8196495026537747	0	0
-2.678353557102291	-2.5798895068661665	2.148682440025496	0	0
1.68904275576039	7.598227098134643	-1.6961100778604958	0	0
-0.502160683673722	2.164088824867221	-3.349209711403077	0	0
0.7947315933310577	-1.345644917377939	-9.1366227679314	0	0
-0.3200850144469882	-4.59067864624042	0	0	0
-1.478887392117045	-3.1238659372669133	0	0	0
2.885497376072074	7.941920915932158	0	0	0
-2.748503741763635	-2.9479095202383974	0	0	0
1.755255590308515	-7.7895200408222465	0	0	0
-0.01607475502741096	-3.3664490545089336	0	0	0
-1.9810063435857401	3.8974942892458913	0	0	0
1.5534761833499644	5.51298757633905	0	0	0
0.18016154255340666	-3.6386602468205638	0	0	0
-0.8330088176358785	-6.4116136625770395	0	0	0
1.0077307961436546	2.295994789363725	0	0	0
-1.3196833791220115	2.2973456348126575	0	0	0
1.4928075984447204	9.457400327868207	0	0	0
-1.5937887467903167	2.9267845982104674	0	0	0
1.5011622036456274	-1.0571925519774439	0	0	0
-1.1958385026176401	1.1987453141293827	0	0	0
0.8632820256113334	6.785977916489969	0	0	0
0.650313343346717	-11.239730792412459	0	0	0
-1.8345439955663494	5.592902171125786	0	0	0
1.1426825871964539	1.4921387434103437	0	0	0
-0.9914248043358285	1.6838174350578043	0	0	0
0.9584320085021361	-1.8775701185574292	0	0	0
-0.5154604242581016	0.8455715048969381	0	0	0
0.7830695939172685	-3.8889722150693657	0	0	0
-1.108102903952819	-0.9307809304147554	0	0	0
0.8441180856181774	-8.061831148739877	0	0	0
-0.5426237309973558	2.9736531106565565	0	0	0
0.5480012947928827	-6.12350998253666	0	0	0
-0.4532982400374834	0.8207324612098503	0	0	0
0.6441843165886212	-0.15462760403336517	0	0	0
-2.679370600022139	11.918746886134052	0	0	0
3.964142952231043	1.8022359448879683	0	0	0
-2.7432744496156616	-2.5778749432836463	0	0	0
1.545312395364327	-2.992103463362632	0	0	0
-1.7770221730950908	2.4493374877016905	0	0	0
0.9969823627990309	-8.031038301174796	0	0	0
0.35707445307071595	6.183812514141096	0	0	0
-1.0841754158787964	-9.111201807569216	0	0	0
0.7008428101187505	1.5437338921671966	0	0	0
-0.2176049124212298	-0.328950918216222	0	0	0
-0.30641541729169575	1.9356559556776176	0	0	0
0.9339017805353791	8.361632981105217	0	0	0
-0.7752405980433466	-6.841162629588851	0	0	0
0.06148857005595687	2.667546709857646	0	0	0
-1.1344228251702404	-0.3581329368586097	0	0	0
2.213947086126197	17.309612002831948	0	0	0
-1.9659451866308046	-0.5651268465585275	0	0	0
0.7676150796224164	3.933008744667582	0	0	0
-0.4575119279547195	5.488796196958269	0	0	0
1.496341350641842	-7.213298631946749	0	0	0
-2.497349777774545	7.962342470313622	0	0	0
1.3426264802909103	-8.508952860121369	0	0	0
0.4002141014311178	3.709330291969131	0	0	0
-0.836062791906933	-2.423003818947393	0	0	0
0.7971743018777531	-6.98425710124971	0	0	0
-1.2210187722396455	5.312172148833895	0	0	0
1.2891274467503706	-3.023800739564564	0	0	0
0.16733604755992104	-4.689438678242915	0	0	0
-1.7676376330501569	-8.040548537066655	0	0	0
1.9920364176041332	1.972452857133817	0	0	0
-2.1821146833666845	0.5547878747835995	0	0	0
2.357369020039762	9.601591594862683	0	0	0
-2.0424036776206336	1.557189737928013	0	0	0
1.5095165158279258	0	0	0	0
-1.5011916215781085	0	0	0	0
1.1896108229589117	0	0	0	0
-0.7859251222415438	0	0	0	0
0.44205136182681315	0	0	0	0
-0.6676120395107787	0	0	0	0
0.9677265965350301	0	0	0	0
-0.8142154634997567	0	0	0	0
0.8668319121459973	0	0	0	0
-0.3327622936733121	0	0	0	0
-1.990111817414089	0	0	0	0
3.4958479974994745	0	0	0	0
-2.5764624047386064	0	0	0	0
0.9988758823193606	0	0	0	0
1.0912133719754067	0	0	0	0
-3.3448092668427947	0	0	0	0
4.449353586430455	0	0	0	0
-4.339896852813553	0	0	0	0
3.824152505824628	0	0	0	0
-2.81932382322303	0	0	0	0
1.6460493529344333	0	0	0	0
-1.0802014171313346	0	0	0	0
1.0351066519184542	0	0	0	0
-1.370499840080889	0	0	0	0
1.8581338282683717	0	0	0	0
-1.9169594317969327	0	0	0	0
0.9716338366623063	0	0	0	0
-0.31112427891953587	0	0	0	0
1.491495465448196	0	0	0	0
-2.6786842935556336	0	0	0	0
2.196594026890125	0	0	0	0
-0.9489639884713696	0	0	0	0
0.0897279322085609	0	0	0	0
0.46766894197955367	0	0	0	0
-0.978777574202482	0	0	0	0
1.1491477410316406	0	0	0	0
-1.4092081963174223	0	0	0	0
2.3134064470045885	0	0	0	0
-3.479431398458118	0	0	0	0
2.427560118793835	0	0	0	0
-0.07849960734636596	0	0	0	0
-0.8270332766385735	0	0	0	0
0.38762706199751307	0	0	0	0
-0.30949027043940447	0	0	0	0
0.34750287523267787	0	0	0	0
-0.5780745581589031	0	0	0	0
0.7822478713682983	0	0	0	0
-1.0287636142130552	0	0	0	0
0.9040939131116446	0	0	0	0
-0.2311798917318626	0	0	0	0
-0.19441884245154029	0	0	0	0
0.17625076226086378	0	0	0	0
-1.0518896926989996	0	0	0	0
2.351715275732616	0	0	0	0
-2.734979263454136	0	0	0	0
1.6812874755821028	0	0	0	0
0.49116138046128555	0	0	0	0
-1.654455159686755	0	0	0	0
1.8955618556791975	0	0	0	0
-2.699664951954688	0	0	0	0
3.299455106416353	0	0	0	0
-3.5809368669275443	0	0	0	0
3.9651594106405383	0	0	0	0
-4.460536168798065	0	0	0	0
3.7397574911439406	0	0	0	0
-1.6019648784153588	0	0	0	0
-0.49646162594971344	0	0	0	0
1.337712286470044	0	0	0	0
-0.7076954478880708	0	0	0	0
-0.21595584022873737	0	0	0	0
0.6792928057134873	0	0	0	0
-0.7989878719399712	0	0	0	0
-0.41028229049518217	0	0	0	0
2.856900993652225	0	0	0	0
-3.683349655171938	0	0	0	0
1.7251680192688923	0	0	0	0
-0.8123324177893494	0	0	0	0
1.7346560902643162	0	0	0	0
-1.8622054945507145	0	0	0	0
0.6476609048375224	0	0	0	0
0.4710010495586303	0	0	0	0
-1.077102688978023	0	0	0	0
1.0926691336678758	0	0	0	0
-0.9018853453807694	0	0	0	0
0.923251623168504	0	0	0	0
-1.047333019852175	0	0	0	0
0.435167060746636	0	0	0	0
1.2161320775270141	0	0	0	0
-1.8518056370736247	0	0	0	0
0.7736563677467103	0	0	0	0
0.18643650127410893	0	0	0	0
-0.039349769822337066	0	0	0	0
0.15819249529273094	0	0	0	0
-1.3464700405264267	0	0	0	0
2.594875810870974	0	0	0	0
-1.9733825883979037	0	0	0	0
0.35350540066843195	0	0	0	0
0.41591051037798366	0	0	0	0
0.4526143530203939	0	0	0	0
-1.3266054300223402	0	0	0	0
1.7489221042022862	0	0	0	0
-0.9287001306036373	0	0	0	0
-0.8322359358469456	0	0	0	0
1.599593925810339	0	0	0	0
-0.05044097476469034	0	0	0	0
0.019818679978918397	0	0	0	0
-1.0479939942710246	0	0	0	0
1.1551809503294095	0	0	0	0
-0.6217118231110703	0	0	0	0
0.9243171926793607	0	0	0	0
-0.47058385544352177	0	0	0	0
-0.08408977547847485	0	0	0	0
-0.40609133568140976	0	0	0	0
0.25064877389875306	0	0	0	0
-0.05454467393557394	0	0	0	0
0.8824180689191152	0	0	0	0
-2.161874129375782	0	0	0	0
2.7430245528730524	0	0	0	0
-3.4132213176771202	0	0	0	0
3.416749739687731	0	0	0	0
-2.207762043668268	0	0	0	0
0.138737404799393	0	0	0	0
0.021154821976139715	0	0	0	0
-0.18749588515694882	0	0	0	0
0.5877248952668808	0	0	0	0
-0.05061758250442239	0	0	0	0
