-0.2338894063782817	0.5321827277724012	-0.19369565259758303	0.04908682444062151	16493.868263306817
0.3448531443236007	1.462517486700854	-0.7697120671747513	-0.003464616089800643	16493.773830814458
1.4589159251188093	-2.697846274898872	-1.5786133680647367	-0.9135263343769964	16494.248068400208
-1.8580366183155377	-2.5787968047011347	1.8747891700297572	-4.537857971630771	16493.838125068964
2.1427227837115126	0.8362021031950206	14.5657822279573	5.03046841812629	16494.793631074106
-2.0153935995381502	6.852902335524071	-0.38852423799805536	0.8871439196107502	16490.062745880277
0.8155947928930587	7.183176824689589	1.6565851533902958	-4.335191573660381	16620.492583022442
-0.05058971703388693	0.7784835892788564	-7.9102109455545815	6.198911184898705	16737.25344013556
-0.2276811783403332	-0.7270160773203713	9.535047224512013	19.44484540144782	16785.306205761804
0.5666886228761854	4.745125955639253	-14.614288347788403	-25.500454714222712	16847.301474735243
-0.7755369665041059	1.6709417045186825	-20.81728645932955	34.05152635022836	16857.187460529778
-0.6450409146422018	2.3232460591779613	3.8706685628018533	-21.16256185447095	16777.65289177587
2.2777766528439116	-0.47713216106522083	0.23202091157840243	17.44495415029604	16804.1752525398
-1.8304486499255077	0.5163534191302546	5.686509697640858	6.694753071893942	16833.16334968223
0.18952415898820618	-2.769538983582045	1.630330647440985	31.789718029226492	16810.22497131444
0.7101669530476897	-0.42907440219490667	2.586695310659934	-2.6844320604123055	16894.69780110764
-1.2995637041216597	11.55454870971137	5.9198903547337665	11.228002393483152	16818.369514019774
1.8845107016968896	-1.7553783490263086	12.116282362115925	2.6652678772467198	16823.220430592155
-2.263128132008241	-2.2965824662904737	-0.6352114540107721	21.94263310445683	16709.29240070474
2.0839166817200336	17.69808195783657	9.796523530327676	16.237680035723685	16685.33080601575
-2.020367975246046	-10.474290884395828	-19.574836917210433	-18.064116795110365	16751.767979476714
1.3099819094652148	4.939145133099302	0.7397698088256845	1.8210929415992325	16847.25517556495
-0.2803725341392962	5.212992800585347	-2.6027923457499753	-22.161815294470003	16883.511143375592
-0.5784294912831669	5.723170018380429	-29.479189364667135	1.2294809706722134	16999.82983581797
1.2200027299143628	13.10493835331404	0.9842839156558227	27.14635707849041	17043.85019196051
-1.8753020018055722	3.748748699311065	10.326687243510861	-5.849103522156852	17010.159580028536
1.2967052049632528	13.884874515100073	-5.924811166304167	41.623178768138885	17046.209468420926
0.27182594806573945	-13.540618460951166	4.010736034435155	-31.253949850132386	17045.64939731837
-2.2362813959969685	2.987962374547159	8.789483664358485	28.607967295642993	17148.843336206115
2.592211671281113	-3.373555956705381	-12.485011265080487	-13.169234624556196	17171.3671020838
-0.9937916498169912	0.23331443866484847	3.1659158220384853	13.177507383442219	17250.800964201022
0.4722941269947398	7.131309486129609	-8.69545533873574	-0.060788529088284804	17284.51990489573
-1.1211707711496786	11.510322978138099	-25.419752066311148	21.469733915668144	17205.0013376009
1.214323370735066	-0.9132297248585246	3.4320488073729223	17.11872171078747	17183.370494438834
-1.67921344211355	3.7133640681757356	-0.8872678489199188	-39.338890793328005	17153.51214752833
3.26060121764403	0.334998891356598	-14.302982754481562	12.140917128034687	17149.574561225418
-2.203113252383652	-2.2355994474409613	12.517906329600876	32.418642374301726	17176.17655015291
-0.7597898309585673	-0.3185938483085664	17.407623697073745	-37.87754846453234	17068.332463244435
1.5515885527907187	1.9034342098145274	-9.907588087788739	0	0
-0.2592986666818433	1.3986656721254178	-15.561787294081284	0	0
-0.40294427240816333	3.5382636106740435	9.153272250845873	0	0
0.7896976912901152	-1.548566694926592	11.665886118861323	0	0
-1.250328580518918	-1.7054290731696184	16.837289559337748	0	0
1.345005007617857	-7.877884881588507	-4.202601784550964	0	0
-1.4821568599121946	-0.9835219193228255	3.8067770792271034	0	0
2.397890204598994	14.73341403661172	1.3182158849400736	0	0
-2.3627461997336567	-6.03071165544285	-20.196107429794367	0	0
2.2673802154336613	1.799812296603207	3.145560542744704	0	0
-3.246848469288487	1.8193575696736275	-5.099924445446376	0	0
3.2519436114810034	5.004756705727402	3.1395048281179925	0	0
-0.7220080965742923	2.086980389080459	5.982864201953305	0	0
-1.7391312323167227	-0.7754821633448401	-14.424259786822802	0	0
1.2968664392781122	10.029951560389819	1.8018942869570935	0	0
1.1944741070604366	-0.021414007443333105	-17.791055867396338	0	0
-2.5748615953559764	6.853134833085917	-3.98546950462719	0	0
1.9304279588325954	-2.278481658092339	13.943842579184704	0	0
-0.9377955599412999	-0.4146783454090013	-0.9002779261575284	0	0
1.2061153210283564	8.049959020113953	8.385948789254911	0	0
-2.2353019492657964	-9.475874302570396	-11.293486622033797	0	0
3.1388603519207052	5.612599467790517	-4.079366807539927	0	0
-3.4515546502982133	7.35847408798746	5.645416541098584	0	0
3.79329324895064	0.8662142275004001	16.80049594300364	0	0
-3.3946604362644877	2.330680626593427	-8.796651525170489	0	0
1.7309923691643192	3.612660531279296	-2.9665392282697667	0	0
-0.38698080618004127	0.3247271078710696	8.939510771619851	0	0
0.9642456800910111	-2.210399415977136	-6.827047582002734	0	0
-1.582804373750939	-7.034806038455038	5.798183354663621	0	0
0.45924334739924433	13.782405653436925	-3.3847586333597803	0	0
1.1460159219887842	2.59145964999518	2.9658581880109267	0	0
-1.3984205992588556	-7.889330348112445	-9.73680315140686	0	0
1.6425879797905552	-5.5576270019670275	0	0	0
-2.7237394671616713	0.6127548243302599	0	0	0
3.4745820607445808	7.579502894765064	0	0	0
-4.10482719562895	-15.65688615474918	0	0	0
4.225983208796336	0.7660170912471145	0	0	0
-1.875730662601491	-2.959962846468713	0	0	0
-1.4472935563512976	4.182761720679736	0	0	0
2.307451268231958	2.7463024435114534	0	0	0
-1.2474296881631588	-9.635547549425631	0	0	0
-0.1624708622493003	2.4976743018539906	0	0	0
1.4216102014767031	-6.388856703657822	0	0	0
-2.7324805081552057	0.9750062155883228	0	0	0
3.9610406408420147	0.6620493299398902	0	0	0
-3.0439764992738034	7.660560232184039	0	0	0
0.36215490759930447	-6.5174756779301575	0	0	0
0.8604796499032972	1.7184697900045052	0	0	0
-2.633755761739181	2.985376511363647	0	0	0
5.467521000788707	-9.0707266927013	0	0	0
-5.813817287599079	12.240130318059933	0	0	0
2.77015014759224	2.3246660175500296	0	0	0
-0.34456300226648295	-1.3678193962156158	0	0	0
-0.8917233108787173	1.7520741678099085	0	0	0
2.042270125655058	3.941495141894592	0	0	0
-1.7328679201386734	-3.5568748653871367	0	0	0
0.3924204639075555	-2.235822914263842	0	0	0
0.28846671372657795	-6.027486600254825	0	0	0
-0.4709269673335399	1.6216752909545704	0	0	0
0.08063585690084096	-2.8328025394027208	0	0	0
0.4776259197044155	2.3998290049728865	0	0	0
0.22537202643039933	-2.3378994057354134	0	0	0
-2.3366144197289316	17.995660546977277	0	0	0
4.109123231722627	-8.982902203296533	0	0	0
-3.343268364719627	7.678428971266584	0	0	0
1.0640235972113388	-4.482838218244424	0	0	0
0.7496925250505697	5.893235189432488	0	0	0
-1.108891982587778	-4.332003494481597	0	0	0
1.2977112459950035	3.5849994285038917	0	0	0
-2.1788760817227413	-0.4771797826424802	0	0	0
2.4884803123070114	0.005745484147993807	0	0	0
-2.429043632651414	-2.083685923917386	0	0	0
2.2808395829267525	7.213445918682979	0	0	0
-1.752698323892055	5.453787371523788	0	0	0
2.794388064905121	2.8632353388601786	0	0	0
-4.771829597559936	-2.763134586459998	0	0	0
3.7975920036748363	3.999016900725664	0	0	0
-1.6997511844651	10.372819738626163	0	0	0
0.09391666110522578	5.586936632164068	0	0	0
0.16976238906676144	2.0755637423726654	0	0	0
0.3957068621264881	9.39216316317146	0	0	0
0.16544970356256528	-8.494420518947948	0	0	0
-2.103581762918317	14.387506228447492	0	0	0
1.6820791761649048	-5.750840158756617	0	0	0
-0.08903573347657812	1.3241481557448225	0	0	0
-0.218127366241049	3.003221986861405	0	0	0
0.5750040632132709	-8.088264392036848	0	0	0
-1.576847910452912	5.7413286095619895	0	0	0
2.0301294456915073	-1.4839402631607044	0	0	0
-0.9655523599203235	-1.7398891072849665	0	0	0
-0.994533274248738	-7.2403126089232615	0	0	0
2.5765429532465163	-2.9139442494721663	0	0	0
-3.7822721179568077	7.1751693659336695	0	0	0
4.270412990923077	5.590969259812979	0	0	0
-3.011107905599836	-0.5916478791510258	0	0	0
-0.014290085608784864	0	0	0	0
2.0282259655112185	0	0	0	0
-0.8276085471004393	0	0	0	0
-1.158547870527677	0	0	0	0
2.251798945202374	0	0	0	0
-3.145416192906268	0	0	0	0
2.195972039587197	0	0	0	0
-0.35717667979478307	0	0	0	0
-0.363777478353164	0	0	0	0
1.1461398552654813	0	0	0	0
-3.1043693672028425	0	0	0	0
2.259346239520461	0	0	0	0
0.7227479260684504	0	0	0	0
-2.40085804124994	0	0	0	0
3.3121340008774993	0	0	0	0
-4.608621640545479	0	0	0	0
4.5753796253435155	0	0	0	0
-3.503969566938025	0	0	0	0
2.5667401676032	0	0	0	0
-2.1163300551609296	0	0	0	0
2.1926017798936783	0	0	0	0
-3.8119262605890682	0	0	0	0
4.886419724726856	0	0	0	0
-3.9922330301162603	0	0	0	0
2.5249428286023274	0	0	0	0
-2.0393640375598068	0	0	0	0
0.965584476433726	0	0	0	0
0.27131234044636443	0	0	0	0
1.0792312988528323	0	0	0	0
-3.5557902723620245	0	0	0	0
3.642961276077436	0	0	0	0
-1.2243445608344103	0	0	0	0
-1.5625571362036368	0	0	0	0
2.7918053814561077	0	0	0	0
-2.3705877693731594	0	0	0	0
2.0544861390439806	0	0	0	0
-1.2786247225311982	0	0	0	0
0.9763125265999903	0	0	0	0
-1.098951778931358	0	0	0	0
-0.12434231509111981	0	0	0	0
1.8199426108120562	0	0	0	0
-1.1811437088033756	0	0	0	0
-0.046046923101108916	0	0	0	0
0.6617748763825304	0	0	0	0
-0.9343986634704962	0	0	0	0
1.062881599240555	0	0	0	0
0.4271313840445572	0	0	0	0
-2.213616301345688	0	0	0	0
2.4589605144638753	0	0	0	0
-1.2139002172118296	0	0	0	0
0.4858287292985821	0	0	0	0
-0.3848165213611665	0	0	0	0
-0.628620976129362	0	0	0	0
1.7283427676167307	0	0	0	0
-1.795009104071191	0	0	0	0
0.8014376892794672	0	0	0	0
0.2252834784952995	0	0	0	0
-0.7843850238769505	0	0	0	0
0.9705771812621578	0	0	0	0
-1.1443840704230865	0	0	0	0
1.5658482976881771	0	0	0	0
-2.2488232041321154	0	0	0	0
2.5891201929368535	0	0	0	0
-4.355963196447199	0	0	0	0
5.413426992200904	0	0	0	0
-3.7870330272571593	0	0	0	0
1.8161423209002194	0	0	0	0
-2.2511090655913577	0	0	0	0
3.161499183204448	0	0	0	0
-2.6207682320192873	0	0	0	0
1.2697488603882974	0	0	0	0
-1.0431148484128343	0	0	0	0
-0.5626437093690981	0	0	0	0
3.9522012311865353	0	0	0	0
-4.904233675267271	0	0	0	0
2.6849520412021093	0	0	0	0
-1.460745782145068	0	0	0	0
1.3229213269697269	0	0	0	0
-1.0014047861318787	0	0	0	0
0.9612871275094221	0	0	0	0
-0.16873997261382812	0	0	0	0
-0.7045153951345284	0	0	0	0
0.7708832080048111	0	0	0	0
-0.47049091586282543	0	0	0	0
1.2330393361801413	0	0	0	0
-1.4835073767570321	0	0	0	0
0.5158943131513354	0	0	0	0
0.7993943156919983	0	0	0	0
-1.4252065001249434	0	0	0	0
1.6093132735219413	0	0	0	0
-2.39488040327236	0	0	0	0
2.861616157371401	0	0	0	0
-2.2041619571446844	0	0	0	0
1.3114936774547203	0	0	0	0
0.13679931729381423	0	0	0	0
-1.4890940498310314	0	0	0	0
1.036995706583582	0	0	0	0
0.409460343126419	0	0	0	0
-0.663822477839517	0	0	0	0
0.22863480762141108	0	0	0	0
-0.005062554524251084	0	0	0	0
1.1844559063717313	0	0	0	0
-2.6570382530704464	0	0	0	0
1.846319397472591	0	0	0	0
0.5349839213042458	0	0	0	0
-0.7670675451533526	0	0	0	0
-1.147484305172867	0	0	0	0
1.8170071303271413	0	0	0	0
-0.6308034368689803	0	0	0	0
-0.9534464705834154	0	0	0	0
1.3271076696215331	0	0	0	0
-0.14494327736721857	0	0	0	0
-1.3439878093003372	0	0	0	0
1.4938112400466963	0	0	0	0
-0.7982902580088336	0	0	0	0
1.3708321442381788	0	0	0	0
-2.616256734361407	0	0	0	0
3.152820949122926	0	0	0	0
-3.8348086024476515	0	0	0	0
4.207467865482336	0	0	0	0
-3.841807099014261	0	0	0	0
2.7846327872907537	0	0	0	0
-0.7583106026279935	0	0	0	0
0.004811246526720936	0	0	0	0
0.5487565377431594	0	0	0	0
-2.159420374471651	0	0	0	0
