-0.09870011974341963	7.086503270428459	-5.448550820861001	-0.1823740023000795	16741.96714808058
-2.845569753104627	22.02086559312162	-18.311793135382416	-0.07823370643528449	16740.332016104734
-2.992115907813613	-11.530357849717419	-4.167487424729941	8.100956635851006	16745.707690729003
7.456539711779534	-6.010217243369979	-14.189506115421665	25.575838922819187	16741.444451477102
-9.033195449252368	-4.630524744631515	4.92014778876505	-12.50747325821034	16738.933559123536
5.004808597958117	-28.826074621364057	-9.75836959469163	-38.966671299506814	16751.135768945318
1.3740117459547747	-2.266216718133144	-11.086659952752697	-8.427860984757913	16835.7263974593
-2.9874239616135085	28.66134091575603	-11.62614951636806	-0.10972908883832133	16776.362643171786
-2.265196705897999	-41.11372854425004	-37.28444731555862	13.058632615172215	16857.11118687869
8.654441245845923	1.6871628604077742	11.84133710301954	19.294242834172394	16978.06412516326
-12.414455588264957	12.252619724393753	-39.109890035703856	-29.335135045137832	16930.172257175847
10.009272338182477	-26.579581927893678	-45.72251676013511	-23.241468840523808	16856.7936809235
-0.10901276034338991	-41.19323742754986	-15.005018278807938	-25.508156027393298	16910.312474364076
-9.558708811208952	15.37269194383154	40.370384594234494	6.483460558040036	16886.838467243677
10.644581897624555	-54.42170520184265	58.04791497642296	4.276047803637766	16741.04839897203
-4.355661144856164	26.058656854627927	27.28902822172695	-0.2728225183714983	16685.158585523262
0.6736974070835586	-10.139131364392519	3.7545094854590673	-0.5032919080817209	16642.142717271316
-3.8067481410306243	23.429915321994294	-20.76472394624895	6.8237379302319425	16616.163475619986
7.57587395105223	-2.649053801288666	4.223282311795472	11.07071285513237	16642.62120018008
-7.466999933974527	10.374829509595394	6.421447361332142	13.552130888989055	16661.215978711585
3.319528589010595	4.815959773188432	-32.37419695607214	-20.55415093662404	16679.772679831083
5.2293596830457005	4.498274441070976	-49.43793614560343	12.391021372041351	16738.113495315778
-14.085144950872625	-37.34809178450418	25.324800903858133	34.137640475447085	16801.059113027575
17.875186972529995	41.856317699516694	-36.19265250679058	-30.97697851200553	16821.29177269726
-12.321712396875284	6.4983014847836955	-23.49086457659243	28.988599515327124	16860.889511307345
4.481363995693776	-28.862489057517685	28.552764777636412	-38.42235034168999	17062.550433353586
-5.067030926201028	9.937854235247386	7.805617193278067	-13.555853424636553	17123.881080884214
11.144939164155417	-56.48863174919677	-20.355468703493116	38.03656539256164	17225.191997709873
-10.626534676841146	14.279979335910262	-34.2031688320731	5.205859434412503	17191.90275361872
3.3896964436942625	-24.869043333374016	-31.472262297674092	78.5045072117313	17190.483507517798
0.7366354093238883	29.644322012246228	-8.331576732917966	-50.27305154309002	17037.632214387366
1.2653639607886547	25.41319270060965	8.783193731586806	-15.51113800081653	16783.354038753598
-4.810439143723073	16.711210967307537	2.048092839403978	-21.812350605884802	16836.91617860992
3.651418085833974	6.7076738401447855	-14.094604463597776	7.002238515986903	16915.613772648405
0.25883129590346954	40.21586755616897	-27.46992966677047	30.813879042449898	16932.9058482521
-1.563810715290515	35.55925198455972	-3.326700890649036	-9.426488688062037	16937.342091111375
4.429651434620695	35.54070266836115	-6.849080555809508	-32.981704195054746	16914.0917984211
-14.659581008766004	-10.967109818985335	-29.601402398705687	15.422278395960092	17028.18213298527
23.998298285245745	-17.899530623446786	20.366323024016864	0	0
-23.848917240133673	-3.316936138575052	41.30024622054553	0	0
20.798418069238146	8.708713703472874	30.213096393306188	0	0
-19.576493003918742	-17.532329833974437	-29.138996563192308	0	0
11.761252256560972	-6.589480163782994	8.428567590397023	0	0
-0.8003620304098291	-44.207749905416186	13.456807690031908	0	0
-1.8359026568366374	33.014406509630625	5.122046938795137	0	0
-2.0496877915588954	-11.763299821080153	-7.715967765465521	0	0
6.177819185168417	25.166065065468445	-29.907136399952634	0	0
-12.127300007386012	-20.776181984981804	7.06890522557002	0	0
15.74773074218546	20.345830131245428	88.16161185221115	0	0
-11.38281909672532	-17.34015945619244	34.60523782631847	0	0
6.635305664097558	7.601731580092448	-4.886357565014691	0	0
-7.627142838950235	-20.063501351544133	-13.118240586655347	0	0
0.9169862426748026	12.270500193399087	-1.772879566053291	0	0
15.256983634774265	14.84628480696609	5.519222783558888	0	0
-21.806454438632763	3.125122502905839	-67.46356369096844	0	0
14.892290163895588	0.28340986532767687	35.3372875944344	0	0
-8.779939352654779	-2.6514432766287612	-19.565908106647072	0	0
7.214008282503592	39.92055161462989	58.02535999314068	0	0
-3.973137885312646	-39.051496353312615	-43.0930902633208	0	0
0.17448988915429453	61.102336959706335	-46.30749787860614	0	0
1.1112897854559733	-25.158577509520505	22.95098146597411	0	0
-1.7723743656635804	17.90293651244012	-53.36782593435218	0	0
1.077103814108952	1.7585925456502878	-13.242601924424946	0	0
3.5723364153961725	17.31921195500489	-6.438762183715639	0	0
-10.166186003420911	-0.33719258622254955	17.033669533584998	0	0
13.968845593494116	27.339726917523315	-27.297995536616853	0	0
-12.540617201168352	1.2921192985644154	9.99712251283212	0	0
9.684487380054193	-22.791467722943302	-5.6327534134949815	0	0
-6.40108946070378	29.56248978149427	24.311389777123765	0	0
1.956753434423348	-4.7754823217130635	-21.450251292972922	0	0
2.569594240391602	-17.157347944802382	0	0	0
-7.28235267842318	-4.949464876548973	0	0	0
10.454624915707122	1.4581867764774046	0	0	0
-10.336405452391077	1.2212715854174263	0	0	0
7.255810692482832	-10.171834498310801	0	0	0
0.790730736612467	-21.020855677159723	0	0	0
-9.024976804868004	-10.30644750360198	0	0	0
8.232141754685713	34.6304146008896	0	0	0
-0.8192913213062738	-11.100864591448364	0	0	0
-6.912549148826777	13.678826487532177	0	0	0
12.433092121200431	26.39536904460669	0	0	0
-16.201764290629036	17.816426280125164	0	0	0
19.190622558689235	-16.564951323329325	0	0	0
-16.159905989242155	-17.983719179764798	0	0	0
3.9338878066577863	-49.338204290984905	0	0	0
6.169347508378031	-2.0968024909091767	0	0	0
-5.2822975396780265	-19.552911624378375	0	0	0
2.7038512673900144	-12.342380644556407	0	0	0
-4.858889232417511	16.537289761624365	0	0	0
2.908687805037026	-19.22894109188831	0	0	0
5.668875421505916	-22.10245057648055	0	0	0
-11.677164696514367	34.68028161105255	0	0	0
12.123661046892309	50.58133710448034	0	0	0
-10.243790492577759	6.826978245471523	0	0	0
8.611737587770683	-11.196980243849552	0	0	0
-8.541046085211796	-3.8410234665822856	0	0	0
6.241721532722316	48.00660927593759	0	0	0
-2.863526891709455	30.74353083910252	0	0	0
2.70059534380475	-27.599990922614495	0	0	0
-6.006200154577876	35.70525392875261	0	0	0
6.817971673087783	12.032803763417633	0	0	0
-3.9285007405115593	2.4796975919110764	0	0	0
1.6175371067246118	6.448247376968382	0	0	0
-1.615297313697944	-0.31310966609893853	0	0	0
3.834233796008924	-9.316664237530489	0	0	0
-8.204485028865939	-5.724617095961719	0	0	0
11.50598401498958	-48.852009492232	0	0	0
-9.36686812295467	31.272387388766212	0	0	0
5.152139659875765	-30.493872992429957	0	0	0
-3.8671452019531074	26.029405315969292	0	0	0
3.1461798154875424	-25.035013954069335	0	0	0
-1.9014164554944273	-9.26510272644915	0	0	0
5.093978417058608	16.675488785698157	0	0	0
-10.745327527303267	-57.99947976587453	0	0	0
7.775603406509141	-63.60106952522949	0	0	0
1.1765124173120185	-22.45182818386352	0	0	0
-3.3899071460790964	2.2485039053395752	0	0	0
0.5962233600546085	6.147488907282998	0	0	0
-2.1569183421655325	-32.02420671279924	0	0	0
5.827373658583305	57.65966937881702	0	0	0
-2.7282585229387877	-29.883857262670276	0	0	0
-5.586017416527255	21.46845505688603	0	0	0
9.877974388258977	9.586144306160918	0	0	0
-8.923056374193514	15.505845390067982	0	0	0
4.903200383580362	-12.143298105098644	0	0	0
1.4962609626310694	11.238110809172575	0	0	0
-9.378135650051938	19.282584230155308	0	0	0
14.530314481057097	3.7319683322566064	0	0	0
-11.626116954611241	31.215608342454217	0	0	0
1.2279503549053175	66.12118707222086	0	0	0
7.449148589451482	-99.3009568931031	0	0	0
-7.363598088595559	0.805670781596362	0	0	0
-0.9933212438252994	-8.787721870750488	0	0	0
9.088096605086754	0	0	0	0
-10.563910340999897	0	0	0	0
7.392594626175388	0	0	0	0
-5.655527373666423	0	0	0	0
6.617680891452757	0	0	0	0
-8.167319387158479	0	0	0	0
10.275947311256957	0	0	0	0
-12.660528351654733	0	0	0	0
9.863826243373211	0	0	0	0
-4.9156528859070505	0	0	0	0
3.718672890604509	0	0	0	0
-3.1662140548670905	0	0	0	0
0.15054348825024988	0	0	0	0
3.1791880086248767	0	0	0	0
-7.056019927863318	0	0	0	0
11.413986879042234	0	0	0	0
-10.11076422456835	0	0	0	0
2.2955715031553225	0	0	0	0
2.333105662585183	0	0	0	0
-1.6586766987880779	0	0	0	0
3.573030975445505	0	0	0	0
-6.476275847350578	0	0	0	0
2.4270452116728976	0	0	0	0
7.247305647730883	0	0	0	0
-16.33593221595288	0	0	0	0
22.24951602041896	0	0	0	0
-24.533438008207945	0	0	0	0
24.266056401167788	0	0	0	0
-22.61791127606766	0	0	0	0
19.55138551018321	0	0	0	0
-15.807417900017967	0	0	0	0
10.977600791296368	0	0	0	0
-4.176625769095033	0	0	0	0
-3.702749086942333	0	0	0	0
7.20908615449644	0	0	0	0
-4.066259229788308	0	0	0	0
-1.1389127945102686	0	0	0	0
4.785328531100923	0	0	0	0
-5.39752319381882	0	0	0	0
5.452554491582198	0	0	0	0
-8.593616937099348	0	0	0	0
15.588528060028175	0	0	0	0
-19.913576587831678	0	0	0	0
20.438769389241394	0	0	0	0
-19.929612151586724	0	0	0	0
16.701712373735425	0	0	0	0
-9.607048982469834	0	0	0	0
6.022458752640134	0	0	0	0
-8.531836403853298	0	0	0	0
14.892958430451941	0	0	0	0
-25.348123603963735	0	0	0	0
35.11394482538663	0	0	0	0
-31.471027814551654	0	0	0	0
20.436231136929358	0	0	0	0
-15.191908062095784	0	0	0	0
8.777842844832428	0	0	0	0
4.756826284214213	0	0	0	0
-13.481335309488735	0	0	0	0
9.062761799692318	0	0	0	0
0.03689958956908157	0	0	0	0
-3.3170122994682387	0	0	0	0
0.36044094209698585	0	0	0	0
5.866992074061827	0	0	0	0
-10.209658142860157	0	0	0	0
9.993063710397891	0	0	0	0
-9.103749845392102	0	0	0	0
11.042887884200617	0	0	0	0
-11.13769696752864	0	0	0	0
6.314293897753082	0	0	0	0
-2.080823791603244	0	0	0	0
0.07136915236362285	0	0	0	0
0.561205949961483	0	0	0	0
0.9571291908556745	0	0	0	0
-3.380093954050764	0	0	0	0
6.098669197333919	0	0	0	0
-6.412476065225249	0	0	0	0
6.323262326238719	0	0	0	0
-15.7784677825437	0	0	0	0
29.410672479433714	0	0	0	0
-36.90855798129824	0	0	0	0
39.73222239950685	0	0	0	0
-42.19260302962637	0	0	0	0
40.4551795576892	0	0	0	0
-29.80647161360939	0	0	0	0
14.807021233506617	0	0	0	0
-7.0492668608331	0	0	0	0
7.090988847973215	0	0	0	0
-10.764524331454055	0	0	0	0
13.717135727182715	0	0	0	0
-9.872541251936333	0	0	0	0
0.46215593425842627	0	0	0	0
3.337216563300956	0	0	0	0
-1.6549485317470527	0	0	0	0
-0.4699141150621813	0	0	0	0
5.614717641268534	0	0	0	0
-8.206917070032254	0	0	0	0
0.7574352282225831	0	0	0	0
7.433714990741173	0	0	0	0
-12.75572756385737	0	0	0	0
19.02508434121893	0	0	0	0
-18.996911190494693	0	0	0	0
8.02835247153783	0	0	0	0
3.8255088251673257	0	0	0	0
-4.015367917669259	0	0	0	0
-6.461987946617768	0	0	0	0
14.307902171492287	0	0	0	0
-15.247092912245563	0	0	0	0
16.175071355522185	0	0	0	0
-18.25071172847725	0	0	0	0
17.016231047594097	0	0	0	0
-11.075982063146327	0	0	0	0
5.930218061863187	0	0	0	0
-4.0504794803112745	0	0	0	0
2.1672353677752483	0	0	0	0
1.581420485195892	0	0	0	0
-3.622351050435995	0	0	0	0
1.3766597269333687	0	0	0	0
3.5432722959569034	0	0	0	0
-5.017987454435826	0	0	0	0
-0.48416059332303973	0	0	0	0
9.761209371294676	0	0	0	0
-17.223949053373573	0	0	0	0
6.645149894053567	0	0	0	0
-0.3601086223089567	0	0	0	0
-5.961662123494392	0	0	0	0
20.887022942941528	0	0	0	0
