-0.0805031038240358	-0.596491834140572	-0.9098119676121996	0.3148619177086829	16876.870896513818
0.03211752766187459	-2.2680434721468004	-3.0335351349279023	0.8473359481452007	16876.339233987084
-1.9520430487934135	-4.043404089038241	-2.3711887276338786	-2.8559863346600167	16877.09428934306
2.5615656905953514	0.3665198441138031	1.137895835344267	-3.3970808247910895	16877.091395672476
-1.7371237563274704	-3.373321449231696	5.371730842372273	-0.4820489173469298	16875.167131140755
-0.026236874075031835	0.24060096481388626	2.6277630652255084	-2.6948960131598625	16881.308898059186
0.9215736943332473	6.06169919624616	0.14828162163108516	-0.98711277573274	16877.8162301214
-0.7405063210834797	-0.7611673072405125	-0.6026047541145374	3.268041448614227	16877.161117877316
0.08242806099467259	1.9080312148882115	-3.6068443924954323	-6.799888437418019	16874.46720192666
1.0752360765304232	1.9052717515398783	-1.0641947988919185	0.07903361985648871	16876.271565027277
-1.5712348688914588	2.758370066420106	1.0504402013063867	-6.769724668673959	16879.812864241998
1.3197662913303958	-2.7618108338917153	-4.129448391933735	-4.288058085790823	16878.27382269668
-1.1973157896031523	3.34147214695642	-4.899532798019365	-2.613762697011495	16879.547322578914
1.9714571909643936	-6.263253140363176	-1.170924682350872	-7.4172191523820885	16879.858550857924
-2.3585519081217754	0.4630892672157785	-1.4843963493429726	-1.9842957368163496	16875.84297593556
1.6786251227587385	1.848729549942206	-2.722408967004199	2.3787822908416985	16882.88352599801
-0.46857748660315934	0.1613494006579188	5.4852880455469375	2.4714423864015203	16879.374716655693
-0.7435335045294238	-0.5397202412120592	-1.8473759176165458	-1.6302970288537608	16874.714526171483
2.21033762085699	-0.9737465989144809	-2.73110085330849	-2.4720105623419357	16875.803513070237
-2.912533359001671	-0.3860673514373332	-3.2844894642223466	5.524863522306688	16875.67644243573
2.586186444023447	-2.931834805474608	2.398246367701887	3.9187373945910906	16877.521052163185
-2.0195572104606043	2.0889728397510154	-3.4240458846372803	1.1567971754363242	16878.533155806734
2.36184395851987	-1.2464665250477083	3.653224817735847	-2.4082106842135147	16877.18374671196
-2.9213520507107873	2.1527985549433524	1.7513248161400128	-5.892859900697644	16877.114833074855
2.2149887698923223	-0.5796166999552312	-3.8055375604075152	-5.222598289806797	16879.11668198574
-0.8502524413908006	-0.449132251886752	-1.736872269989405	1.7688466985015623	16876.494036440392
-0.5015358281255899	-1.8900517131611707	2.2091599564733286	0.07404001336229271	16878.869025380827
1.4762763324626889	5.424545891827293	0.7434403792263424	0.42819782077344826	16875.584600766208
-1.8330169189543497	1.221182464083931	-2.5535216373914125	6.101632433967282	16880.59332917192
1.2457013715345084	1.484010424513798	1.3856639775535768	-1.110262255806873	16877.138213179747
-0.3739140066843021	7.9268131322742335	0.742800253453126	-0.15742526934884893	16875.987846741737
0.04518575632929611	-0.6611895601836864	1.2255702462194762	0.9055122168401084	16877.436997497076
0.05362277406928939	-3.3642919643188733	-1.8908788670898389	-0.3057429092758781	16879.572938374655
0.02638972540663076	-0.22325527209405038	-4.31757085889889	4.629315668657014	16879.156122672375
-0.23499075847202988	-1.3607585042506116	1.3777326280525983	1.2363576465404122	16873.72976472796
0.1494298656598616	-1.2791056894957222	3.4624120315187525	-0.33837799713094796	16878.94333104539
-0.1856337374567545	0.5247675952549073	5.765066874592833	-3.038854733820088	16879.503179335927
-0.23541703653462065	0.7927831685542515	-0.47572025128485507	-3.138164378690192	16887.762645259714
0.5109022869139181	-0.06074396534403803	0.5330122889945272	0	0
-0.29928288640522993	-4.088077216423088	-1.0003730063687897	0	0
0.6744594909546109	1.0310144465666369	-0.2093902437338926	0	0
-1.8334637691438118	-3.238004782220642	5.195149548859618	0	0
2.2188215718131303	-6.864693101028976	0.30233486208274485	0	0
-2.5323325680614843	2.6530491347965466	-2.9962705556603737	0	0
1.9852275379286795	-0.579792577841431	-0.4438889936426307	0	0
-1.8531313645159528	1.4867166273625685	-0.32422711134150006	0	0
1.4660882507614161	-2.333637176828752	2.065429829261447	0	0
-0.6842232824784986	0.3697305793515113	0.8554846055068737	0	0
0.147920136479037	-2.399760746138128	-1.646837051613005	0	0
0.029440993938472104	1.6039663552555155	2.9948713554626067	0	0
-0.9538627838791527	-0.3465771672266982	7.613981122232772	0	0
2.094928737519922	-0.9752410123070021	-2.3019469616029937	0	0
-2.6120555024818444	0.6057963397434065	-1.2467895181595452	0	0
1.984371038980882	-1.9280492744047777	-0.1645828870599928	0	0
-0.8516804390116093	-0.029903020182565854	2.131848624720604	0	0
-0.012185341034133046	1.392256426745142	1.429630663944053	0	0
0.4654002937844126	0.6739343079003177	2.4138104684691655	0	0
-0.627078756331855	0.9270609378583217	-7.2488739338723605	0	0
1.0514569403499507	-2.8708762121334246	1.9183686412281986	0	0
-1.6966267192868187	0.3584115642009422	2.0112734391363887	0	0
2.1296701421685427	0.3833875160404503	1.3010380151511782	0	0
-2.169280221707645	-1.3632860759632663	0.41653986545256316	0	0
1.345297457922868	-1.085782197673673	0.7164074651253287	0	0
-0.6812472390093589	-7.776000313483685	-0.039706771556538456	0	0
0.08474354152512831	2.4432204447390617	-4.510392437928871	0	0
-0.18681937595081877	0.5172825475564906	-4.357606934692413	0	0
0.9533458051117236	-0.29609752386354415	1.6920091521332807	0	0
-1.3140257885112803	-1.5182540572985488	-0.7658167223299444	0	0
1.2562177209137744	-4.647124280765738	5.936563622861186	0	0
-0.8113021093666717	-0.15052758657809306	2.771687460659635	0	0
0.40267337669686043	-6.923436315497845	0	0	0
0.27894578916292545	1.8753944448659112	0	0	0
0.002646401797647968	-0.7035424037802542	0	0	0
-0.9535941024414925	1.3673965068070402	0	0	0
2.237551128302563	-3.2238351995707077	0	0	0
-2.866458093525125	0.6586623401397418	0	0	0
2.0853079079798675	0.8715759992137819	0	0	0
-0.7164543036350963	4.728258727574307	0	0	0
-0.030397042173703426	-0.0885221239656957	0	0	0
0.1694408067586224	-3.013543792605759	0	0	0
0.3798113375047478	-4.926459200527518	0	0	0
-0.3466640524003495	-1.190006849548304	0	0	0
-0.19194736303993665	-5.8477894671431585	0	0	0
0.18876043665675724	2.7220369578913335	0	0	0
0.6122599718037947	0.17589228636370535	0	0	0
-2.044409444746428	0.0053791798404816404	0	0	0
2.1270169651934054	-4.7499512181557435	0	0	0
-1.41241121260704	-6.502712682960386	0	0	0
0.5313141758272195	4.358980106067314	0	0	0
-0.03958591249683252	1.6687965955294501	0	0	0
0.43343855647598417	-0.24272786374117317	0	0	0
-1.182842404501237	-0.3796215935907412	0	0	0
2.2567024642711573	2.93344845024491	0	0	0
-3.030086158737028	-5.778128418681959	0	0	0
2.596898002252807	-1.6408691486194869	0	0	0
-1.4102321604367916	-0.2972692507330663	0	0	0
0.6439051215835008	-3.102958772000271	0	0	0
-0.23330494387572287	1.8038881017878339	0	0	0
0.31685681907502783	4.208163264656108	0	0	0
-0.2349490942710375	1.9338865208840872	0	0	0
0.23565999588045372	0.0018456138827005475	0	0	0
-0.17975518257652112	0.7629854817355479	0	0	0
0.4890401363869401	-1.518521109432612	0	0	0
-0.6345758423775791	0.2730752520258193	0	0	0
0.3920105162111227	-0.27719509504930784	0	0	0
0.20279717931030206	2.9957080651659496	0	0	0
-0.5374286163936262	-2.853998272561846	0	0	0
0.7257478709052947	1.0022405727715338	0	0	0
-0.6707605470849174	0.39553974555875726	0	0	0
0.43752331847533554	0.12778096597339328	0	0	0
-0.2451096332923015	6.668198268232899	0	0	0
-0.2687700015184262	-3.6407940363685114	0	0	0
0.9764434605029066	0.6730704245121757	0	0	0
-1.4715799526619833	-3.537155410973476	0	0	0
1.2211426114541553	3.4410289337247804	0	0	0
-0.6784669032059227	-0.6458314910844294	0	0	0
0.41935020244579135	0.7064935768631102	0	0	0
-0.19230773197297424	0.8119128556713164	0	0	0
0.05177305954751432	-0.24793971387117608	0	0	0
0.18774870559878565	0.00955816804361831	0	0	0
-0.6664165569649896	-0.14685273259954812	0	0	0
0.30252257313230047	-1.1818812132169967	0	0	0
0.6508862676404874	0.8247269472836507	0	0	0
-1.6090238085107558	-0.37850671672015324	0	0	0
1.3249903777903	1.0583142476222278	0	0	0
-0.789237370056675	-4.775309403277838	0	0	0
0.5361195556017009	-3.4889357871763096	0	0	0
-0.7152938542232832	-4.556435168233612	0	0	0
0.5655654960593566	2.776089181944485	0	0	0
-0.6310363343489911	4.285468005228601	0	0	0
0.5205205653092904	-6.636184086001151	0	0	0
-0.6383507084493374	0.7502571869712042	0	0	0
0.7906607747309522	5.94511712644811	0	0	0
-0.7435409496222007	0	0	0	0
0.29287799484405497	0	0	0	0
-0.7107978024122588	0	0	0	0
1.9761002618357608	0	0	0	0
-3.03425515528572	0	0	0	0
2.4695520981997987	0	0	0	0
-1.7813589744702867	0	0	0	0
1.4864756646649937	0	0	0	0
-1.0379445616234833	0	0	0	0
0.9802076089600291	0	0	0	0
-1.3694455967941437	0	0	0	0
1.97658547575314	0	0	0	0
-2.343963853509514	0	0	0	0
1.6911449724863985	0	0	0	0
-0.7410387246395018	0	0	0	0
0.2924004358540415	0	0	0	0
-0.35468397627697357	0	0	0	0
0.3614009056777334	0	0	0	0
-0.42476816817449503	0	0	0	0
0.4850596691193516	0	0	0	0
-0.6653476214089977	0	0	0	0
0.16770279749389516	0	0	0	0
0.28660193830512526	0	0	0	0
-0.9453828045229713	0	0	0	0
1.5335399422876463	0	0	0	0
-2.092230490238414	0	0	0	0
1.6587185221264562	0	0	0	0
-0.6421931323306467	0	0	0	0
0.3908639613345031	0	0	0	0
-1.0625491340325297	0	0	0	0
2.059673956721859	0	0	0	0
-2.1889998429979727	0	0	0	0
1.2865923016352312	0	0	0	0
-0.29078926342095457	0	0	0	0
-0.018986725293139273	0	0	0	0
-0.06885500974623682	0	0	0	0
0.22129472654467008	0	0	0	0
-0.423505299832037	0	0	0	0
0.9781699263773262	0	0	0	0
-1.8877181090185289	0	0	0	0
2.5033370565171182	0	0	0	0
-2.718164848665751	0	0	0	0
1.86413701431497	0	0	0	0
-1.1736585374646964	0	0	0	0
0.6043121293122411	0	0	0	0
-0.20250584018847917	0	0	0	0
-0.04293799281889932	0	0	0	0
0.6751221317581013	0	0	0	0
-1.1366993849655032	0	0	0	0
1.99821064520156	0	0	0	0
-2.3819265315935922	0	0	0	0
1.35767879666205	0	0	0	0
-0.10058080599073094	0	0	0	0
-0.39697765162396337	0	0	0	0
-0.09243241984676587	0	0	0	0
1.015464048852401	0	0	0	0
-1.759489614879186	0	0	0	0
1.5991800943037333	0	0	0	0
-1.4603734166172444	0	0	0	0
1.678222403022552	0	0	0	0
-1.3383376467115369	0	0	0	0
0.7278553397554504	0	0	0	0
-1.006060578413269	0	0	0	0
1.3330186680441116	0	0	0	0
-1.201406518629561	0	0	0	0
0.9090344441472027	0	0	0	0
-0.6755295713868605	0	0	0	0
0.3594581341459815	0	0	0	0
-0.3257891311375616	0	0	0	0
0.07387430791576577	0	0	0	0
0.3577013951887409	0	0	0	0
-0.5441683907187951	0	0	0	0
0.43286779546382803	0	0	0	0
-0.9543289988620458	0	0	0	0
1.4460866745796608	0	0	0	0
-1.7616258402307565	0	0	0	0
1.8228199893543362	0	0	0	0
-1.5906904060471305	0	0	0	0
1.032568474761888	0	0	0	0
-0.27416439124846903	0	0	0	0
-0.5405185508392876	0	0	0	0
0.9541229267610589	0	0	0	0
-1.400015686146105	0	0	0	0
1.1750088670471541	0	0	0	0
-0.19956711025567841	0	0	0	0
-0.1862638335463842	0	0	0	0
0.6984669524927511	0	0	0	0
-1.3441111341160479	0	0	0	0
1.3700702552957722	0	0	0	0
-0.6300519182120325	0	0	0	0
0.3255799094919851	0	0	0	0
-0.9297554782684401	0	0	0	0
1.655272419028627	0	0	0	0
-1.8191005023774736	0	0	0	0
1.673137271933939	0	0	0	0
-1.5732536551749021	0	0	0	0
2.087119627914994	0	0	0	0
-2.1559916905075127	0	0	0	0
1.5778317958874055	0	0	0	0
-0.6709930634894974	0	0	0	0
0.20839285634535543	0	0	0	0
0.16007789103564818	0	0	0	0
-0.268231109274474	0	0	0	0
0.4488299284948667	0	0	0	0
-0.45346311117703664	0	0	0	0
0.379830021820176	0	0	0	0
-0.1631772742327442	0	0	0	0
-0.032400091049126445	0	0	0	0
0.23628578376298037	0	0	0	0
-0.04837823866028401	0	0	0	0
-0.3774540792428809	0	0	0	0
0.15684349001229947	0	0	0	0
0.31542617339379575	0	0	0	0
-0.5224399258919448	0	0	0	0
0.6877587657276578	0	0	0	0
-0.7121578274889586	0	0	0	0
0.3067897648506772	0	0	0	0
-0.009842667335718147	0	0	0	0
-0.12619475335674935	0	0	0	0
-0.44444972442777697	0	0	0	0
0.4718318370467287	0	0	0	0
-0.2877353934359803	0	0	0	0
0.360214915381583	0	0	0	0
-0.0456130319856598	0	0	0	0
-0.5633446846641235	0	0	0	0
0.5187310316570901	0	0	0	0
