-0.38824201486853127	3.4153127119151847	-2.4246627815890918	-0.12333475022562368	16559.310417537632
0.09561752439378779	10.372000616478296	-8.127360314107477	0.006375287689152742	16558.697103019786
3.422262467797637	-6.117409065198025	0.03575746582171746	5.535697573281325	16560.875689858127
-3.6722301737606955	-7.078947136474959	-4.592033143503855	-20.44374686701613	16557.28685024871
1.908166864676467	3.510840959994489	6.316040164438533	43.37994918094354	16569.79648534049
-0.8205429850929704	-5.085452122287606	28.63485774471995	-29.27346663535033	16518.49004437738
0.8783045221043366	6.791694896127261	-5.3479825864461645	-26.63175000187185	16575.936992425934
-0.6099895890241456	2.41023589977258	0.7741974770880091	-18.549760503196907	16718.678894778222
-0.717159200018898	3.2329170956480553	-11.10036735422598	35.1329945637374	16610.539474680358
2.761815561742168	-2.6795035389004482	25.123584463365106	25.238963230602593	16974.524528634734
-4.017886545080387	2.8178259875721636	19.958665661092212	5.709797463682989	17085.98060446145
2.71830081929766	-0.5404631449245585	-10.28743552291374	4.3905336227832095	17265.057218974314
-0.6137500953292232	-2.840205719690715	6.655505199074383	3.615499378892423	17464.753086121487
0.4933508314252535	-11.13673602358277	-4.377495499193287	-84.52289235891493	17539.870020628317
-0.7607909419372234	1.3845599107072033	19.19360119534626	25.86042282017442	17385.26859433802
-0.7118262825136554	2.056127834972166	-19.818412488531578	-21.95727555901442	17225.915362312724
1.7488958252307611	-1.731172761227775	27.977298494722106	2.227371093216732	17371.97684271639
-0.8592036806009702	-15.383600079931156	-24.81926109991535	-25.765371186625458	17322.363416381733
-0.348512421578242	13.51620835438515	-17.832681548927994	39.33265603584084	17157.244570069885
0.717175529191195	-8.783892782144086	0.8634548950286671	-9.609625858115635	17026.70288550324
-1.1218569126413698	1.703821256904682	-14.654338827427068	-19.524919444420703	16992.75953988004
2.180178581469164	19.064346340515563	-4.513511728377026	37.38765829849359	16983.39485534914
-2.2840434194917165	-8.737317772981775	10.475039877966822	-21.439495198466062	16847.156493957358
2.433456893914787	10.169106299539166	-42.21288891474002	27.511231682595152	16723.524697124023
-3.5983616521099506	-0.3830034237119406	34.51229431968409	3.0439065902033207	16644.979773459614
3.9531065419300404	-0.37855261819304786	-20.64459915411281	-11.296581794197749	16674.30748196838
-3.54375233240318	7.666773150134929	2.887105492007464	23.725986111376812	16817.24603117399
2.9532113710065673	-11.454086636619138	3.009240187816559	2.6671321048799115	16753.122029242917
-2.0813800569717458	0.4989461260977919	-9.252308158625823	-25.245020814879922	16665.18276101441
1.8035474714798738	4.963723330612694	17.886677735778235	45.16542148314633	16612.94112077636
-1.9326001691642958	-6.5886952218498465	-25.75440148079538	-34.01014039498892	16522.033680450462
0.7754226130312176	-13.92307105832684	6.031341983248197	9.768931364951072	16563.883030067267
-0.8808083290567055	19.78163541736177	-26.318895978232973	8.1267791253984	16753.169725952524
3.6240084911378005	-1.3485149530981602	16.415424347225695	-9.332572595640713	16707.51468625789
-3.0881305023749306	0.9198526791607122	4.878036244047436	24.06529096003797	16745.260061495585
-0.3098884170771754	7.058424552916534	-0.2795251088678441	-7.691084930042436	16687.880816864534
1.8644679968217588	-0.38913068074741375	3.188788848281021	-18.788762419254084	16645.03028368831
-1.3148377872970443	3.5988774359791904	-14.912144066439751	13.297728536115116	16709.50193005122
-0.35962382541519844	-1.088939278271127	-46.723595882380806	0	0
-0.20331007673078716	-0.21091905789104715	18.30610306652872	0	0
3.9667653883883958	8.839770842247276	-14.571391153057775	0	0
-6.322832265541294	-0.2651940890516329	-3.8584254106822726	0	0
4.893077880445894	-2.156687735229795	9.355193458349447	0	0
-2.2069071472362154	-2.8640342808790393	-11.594348678528121	0	0
0.49764328084481946	-2.0727794439370513	15.920717469835537	0	0
0.2364984547380331	11.386226661311227	-4.442014237232598	0	0
-1.0167824333189657	-23.27955039122979	-4.201779337716147	0	0
2.1583074254484558	14.843938219489615	-2.688043710760894	0	0
-2.965379860358823	-2.8766599667173125	-0.24225939639846672	0	0
2.8098809229147363	4.388199160971993	2.3754374750741363	0	0
-1.3650634265876462	2.6006769715706355	-1.0616972829499502	0	0
-0.5936495484571864	-3.1081261153353665	-8.63466959363869	0	0
0.1686645930453281	-6.761335012432028	6.2388856111769115	0	0
1.6704152950283273	6.023042744677511	14.684840323071455	0	0
-2.31552248838954	-2.1137433418907534	-17.9387800938661	0	0
1.7880144550146255	-3.9128720979836515	27.896680004520263	0	0
-0.07942314774406611	1.3972005299116432	-17.149096165436475	0	0
-0.992504291120504	-9.587423685027488	17.760462328777848	0	0
1.201093735252499	11.160869917256548	-14.71934627767979	0	0
-0.9860943943402063	-8.170068109794968	8.664515172652756	0	0
-1.025316115361754	2.169633266035639	-3.871789160583262	0	0
2.38111776753162	4.8673330776820904	-2.352306800288588	0	0
-0.2911104566984548	-7.227695637417881	29.85431918129281	0	0
-1.4786921877783925	3.7557695305156926	-20.598338178217205	0	0
1.5151632654291234	2.9828718870373336	16.908108653350737	0	0
-2.0812933225795973	-8.01082875665869	-1.0333270760565938	0	0
2.0766542869664875	1.1415289317427124	-2.6760099518858738	0	0
-0.4310133796142779	-0.6206403328830916	2.5917884348143474	0	0
-0.642122006073798	0.9249185785545535	-4.8358201913332834	0	0
0.24121857031713034	2.1752747762181315	-6.3743122841027	0	0
0.20107689362603764	6.799920823985339	0	0	0
0.37456377761152737	-5.80157474121183	0	0	0
-1.0681499754784127	2.0208170599463955	0	0	0
0.10386437108547852	2.4036479776488306	0	0	0
0.6836861504937986	-0.4994909716561651	0	0	0
0.49509757616285555	-0.18973808168141204	0	0	0
-2.2924129293508173	-10.136396913113025	0	0	0
2.5875212767331988	5.02920639473696	0	0	0
-1.1037990760581806	5.238512109413847	0	0	0
-0.7493357986798941	4.956512320408073	0	0	0
1.8008934092940976	2.0048040994118566	0	0	0
-2.0771990607146975	1.086607088482225	0	0	0
2.018485116268856	-5.742733800145999	0	0	0
-1.3953805519749807	2.872050902765828	0	0	0
-0.004933048603362522	-0.20733317712888066	0	0	0
-1.0627102972231484	6.333853040193418	0	0	0
1.870334403363401	-9.69339996399961	0	0	0
-1.736326964446171	4.242823181731687	0	0	0
3.651913930829366	-4.920125140304513	0	0	0
-3.9705143002062826	-0.7737478230625427	0	0	0
0.031633242049238675	-3.669644010534654	0	0	0
4.241884715673464	-6.2829760402669095	0	0	0
-4.72168867687413	3.418731693891054	0	0	0
1.4134006934358183	1.1018181347643505	0	0	0
0.5904511487672082	-4.42535081069304	0	0	0
-0.19302387479191907	-0.129499572695714	0	0	0
-0.6552571758954429	3.0987856380490726	0	0	0
0.5091716779215716	-3.325363974729619	0	0	0
0.33459298660388725	10.279517077078367	0	0	0
-1.718087657358467	-2.8613584597933936	0	0	0
2.7315515148729617	2.108799033739402	0	0	0
-1.5794446909995017	0.8818050186231332	0	0	0
-0.5208662968333044	-2.9292317322073984	0	0	0
2.1598198874843533	2.9775016689465232	0	0	0
-1.8619419882255315	6.48470693482853	0	0	0
-0.43203157857460894	-2.908666585051982	0	0	0
2.6240027874030574	0.7846469258476105	0	0	0
-3.033728553943682	3.456767936273515	0	0	0
2.4916279795965934	-7.7535558045709365	0	0	0
-1.656664680693261	6.367757013875682	0	0	0
1.6190803553302757	0.39067672522667607	0	0	0
-1.7360133665543245	-0.38541678066658847	0	0	0
-0.22755267159839576	2.1447944573473094	0	0	0
0.9917356297137587	3.5550271703398835	0	0	0
0.381996211685653	-7.6195012768382	0	0	0
-1.4169043630461218	-1.53102722316833	0	0	0
0.8619165299880578	-3.794133590019946	0	0	0
-0.18677057850365486	2.8574638993143395	0	0	0
0.23195677210259902	-1.044572709153627	0	0	0
-0.9195708266171252	0.4619193160784434	0	0	0
1.9675956882436623	-3.707959702644949	0	0	0
-3.5145209961676898	3.8609961760434715	0	0	0
3.4496312461729843	5.490438110125567	0	0	0
-0.33974541125032687	-3.620629016818917	0	0	0
-2.0636315745494045	0.2983812521255089	0	0	0
2.069319266463019	-0.5568185536622536	0	0	0
-0.7964209033957275	-7.649797828037094	0	0	0
-0.7579459507643165	-2.6425828252959818	0	0	0
0.6927884712821282	10.234613198706136	0	0	0
0.9084096578866792	2.2269701154340353	0	0	0
-1.989211626248732	-7.237195063502277	0	0	0
0.7847159077046868	-6.172973855895428	0	0	0
0.711731926864033	7.3926386697230555	0	0	0
-1.2660437590449618	0	0	0	0
1.1677378803015657	0	0	0	0
-1.4994459811912648	0	0	0	0
1.333946537705316	0	0	0	0
-1.9003286051870987	0	0	0	0
3.0009504465732775	0	0	0	0
-3.8295593349063566	0	0	0	0
2.997270731972179	0	0	0	0
-1.8167444094128768	0	0	0	0
1.0191447876938327	0	0	0	0
1.5392546168365584	0	0	0	0
-4.0299102674341185	0	0	0	0
1.8541453203836724	0	0	0	0
1.8136098481713105	0	0	0	0
-1.7923724086669637	0	0	0	0
1.5904015120348092	0	0	0	0
-2.8269909512897513	0	0	0	0
2.887952337643938	0	0	0	0
-1.7945623751664002	0	0	0	0
0.5220629084036759	0	0	0	0
0.06086996743951545	0	0	0	0
-0.32073899751626556	0	0	0	0
0.8327086316073675	0	0	0	0
-1.0128047020032582	0	0	0	0
0.07588174865272634	0	0	0	0
0.5871225514482461	0	0	0	0
-0.9740686948053536	0	0	0	0
1.7270481771311808	0	0	0	0
-2.0318558136518092	0	0	0	0
1.4239872478863163	0	0	0	0
-0.6295128237787253	0	0	0	0
0.10924191405231909	0	0	0	0
-0.7331481924903045	0	0	0	0
0.915402747192168	0	0	0	0
-0.842537732928271	0	0	0	0
1.775310998441796	0	0	0	0
-2.7444143437864383	0	0	0	0
1.9841033916151076	0	0	0	0
-1.715177582289968	0	0	0	0
2.66425292325048	0	0	0	0
-2.823952096824641	0	0	0	0
1.7782189578094574	0	0	0	0
-0.3183787616689031	0	0	0	0
-0.40624016715860023	0	0	0	0
-0.07063045110187716	0	0	0	0
0.984995862176298	0	0	0	0
-1.1769204092172387	0	0	0	0
0.5352530565112019	0	0	0	0
-0.27805571709176036	0	0	0	0
0.9501179808959321	0	0	0	0
-2.0267775742585954	0	0	0	0
2.90080525179782	0	0	0	0
-3.0760496745382966	0	0	0	0
2.18871144140941	0	0	0	0
-0.48787449810585315	0	0	0	0
-1.164305422906935	0	0	0	0
1.5551054654753642	0	0	0	0
-1.003236364885737	0	0	0	0
0.9412615223444476	0	0	0	0
-1.7366789258996675	0	0	0	0
1.96042526025807	0	0	0	0
-0.22948426789298537	0	0	0	0
-2.3772860191940595	0	0	0	0
3.76568084989286	0	0	0	0
-4.183182114868394	0	0	0	0
4.510674902254117	0	0	0	0
-4.076898174039762	0	0	0	0
3.5042609224896566	0	0	0	0
-2.697245154161429	0	0	0	0
1.0800808909217423	0	0	0	0
-0.3967443993828752	0	0	0	0
0.8441724178780561	0	0	0	0
-0.397321503491753	0	0	0	0
0.7271515225343066	0	0	0	0
-1.8674295723797059	0	0	0	0
2.087413729285892	0	0	0	0
-1.7174148312000952	0	0	0	0
1.5504038161588127	0	0	0	0
-1.712395201459593	0	0	0	0
2.7175649432003652	0	0	0	0
-2.5715846571396455	0	0	0	0
0.6754595318054868	0	0	0	0
0.5002017953267455	0	0	0	0
-0.9323755127076936	0	0	0	0
0.679727780914483	0	0	0	0
-0.7505089793408217	0	0	0	0
1.511650245583965	0	0	0	0
-1.3679824788044144	0	0	0	0
1.1258415076414536	0	0	0	0
-0.593815131545	0	0	0	0
-1.2608343630441965	0	0	0	0
3.1041657495485353	0	0	0	0
-3.9852904815989305	0	0	0	0
3.3788078366322054	0	0	0	0
-1.8149189902665341	0	0	0	0
0.8607214310003783	0	0	0	0
-0.6845204250959327	0	0	0	0
-0.10072417956313018	0	0	0	0
0.3605870973936618	0	0	0	0
-0.3213370573023724	0	0	0	0
0.0769773963128415	0	0	0	0
0.3196749666497922	0	0	0	0
-0.17456967927109446	0	0	0	0
0.18698054469203385	0	0	0	0
-0.8013689282582277	0	0	0	0
0.6668547146364361	0	0	0	0
-0.7687795960616413	0	0	0	0
1.1176052379405874	0	0	0	0
0.4118478707847828	0	0	0	0
-1.9167989020464091	0	0	0	0
1.4039354956408445	0	0	0	0
-0.683861755008536	0	0	0	0
0.052681282025915266	0	0	0	0
1.1004132882576627	0	0	0	0
-2.0595364849742666	0	0	0	0
2.8763247148877795	0	0	0	0
-2.6239439464975263	0	0	0	0
0.4756613237289997	0	0	0	0
1.4043438461828046	0	0	0	0
-2.8265341656559855	0	0	0	0
3.77366501939553	0	0	0	0
-2.6428013379118838	0	0	0	0
1.0153254150022732	0	0	0	0
0.04507076568721402	0	0	0	0
-0.8615462218000474	0	0	0	0
1.8297800707040963	0	0	0	0
