-0.19678044972724962	5.675670381465295	-9.72206076161305	0.1395767992067647	17094.67758294676
-1.2718943515814587	16.95137395986471	-31.143275318635872	2.674829408407817	17095.91611926756
0.9121589859485013	-9.158736280256477	14.1850230806606	31.711211884786707	17101.676346496963
2.011115881686429	-10.372244938496621	-15.389487333836371	1.234054049176109	17091.550885697565
-5.5563953040450755	12.310704955353643	-0.4531971600745379	17.41191130580046	17116.93146158197
6.698653220261299	-9.763205167468897	9.598229124203627	7.506142176070426	17025.99389617895
-3.634871003121681	3.220553220316795	6.733782673656933	15.057864834490445	16903.85895529127
0.7516351192523771	1.2517131992586954	5.72684554813479	1.0320794487488598	16876.285963164235
0.020954601243651894	1.1744262394553147	-26.570929093779057	20.011105679813994	17009.79759598333
-0.7001411667834887	-4.174481220089362	0.9321067821228439	14.21144114867333	16925.853898551897
1.4562725690888598	-11.30929226828998	10.90688398149753	47.17038601744588	16843.355018873954
-1.8854753917634923	7.477763924372482	2.9386514438298974	-55.085278738769034	16940.58763323628
2.5253563204771297	-6.760650299033699	16.808483164543816	-20.96119073207305	17029.699605315072
-2.753025001389176	20.760730600993078	35.58754776847999	-1.6263892146846786	17071.444473116437
3.198160514862323	-17.79498954570805	-51.179056660395716	-10.115908662521349	16945.946190203744
-4.860925316797484	14.361785419654595	-17.98639233767905	29.263187435638955	16902.09485894085
6.626607807241619	-8.188926571272361	-32.853771458536386	17.53985363162937	16829.44250676488
-6.48483735851115	7.859038039850745	-21.748497399257843	-30.783666448137453	16766.073653501582
4.46801173143308	-18.08411567157775	-4.833520691205038	-18.655709619695344	16751.474744199804
-4.455200131035284	13.89009165295871	31.016783892761623	-19.72885488099874	16760.122637276174
6.2335217603504915	-19.573537823029184	-21.06245364092122	-7.285036763988131	16850.348572135106
-5.382512898589667	-4.641725289489955	49.52095540813585	1.6265872124056528	16977.918570025522
1.524938835048843	-7.854477261957136	-37.936570021146665	2.7414558467006174	16981.289067604415
1.3878410099931457	-1.0946242174109955	9.9603880217784	-6.667418010513742	16859.784622945146
-0.10505385123441613	3.4122918378363707	28.8545669704162	37.674241456560765	16795.128127971573
-4.27204052341915	-12.580634609244107	-27.342621085663566	-29.009385321913044	16858.41929693392
6.090444356707664	19.655901913505254	-18.22674605337842	10.267739952616353	16888.68114652332
-3.815863164858854	-6.464811111926544	64.28195825656779	27.937312225106254	17054.602127624956
3.3298890477308376	13.226888108711542	7.67096841153905	-8.629096164551626	17058.337651244823
-5.076160670087582	-12.410037767005917	-21.886418944961562	-25.47265656456989	17054.654685323156
4.947941724844071	10.762665120549237	4.730056843168271	-4.739624217195924	16909.43997622933
-2.84760568087804	0.05878252415449481	23.85837009772517	29.906683560921792	16938.58655514117
2.5754050518011837	-18.654558973692836	-12.798655124586489	-26.786426971473972	17000.752179074865
-2.203100411020422	24.893208427266543	1.484210929785334	12.611670367996041	16993.06706949171
0.1933904168061531	-17.783627597072247	5.949991063820505	5.849830884536061	16939.435702680308
0.9826972037355333	13.981688974212993	7.073238169917076	-2.2761369419989848	16863.344622752946
1.7150038688983287	-29.174445235198476	-9.36278864917223	-9.288744670797044	16830.730647131644
-4.461874924993985	-7.712254847411174	3.8455022157669134	1.1724167040600122	16853.95453329197
3.5061056317737425	-19.986817940311397	-15.170396607961166	0	0
-1.1665277480785576	17.901266635557185	20.29888883141085	0	0
0.45554105502081654	20.742938029787446	-14.78818075461814	0	0
-0.28795798684812723	-23.393914295928028	33.50165027050522	0	0
-0.2786383549009557	20.151637550428674	6.264326871699652	0	0
-1.44230758392397	-10.615367664902166	23.996422358089333	0	0
4.405420419337986	14.436142447174703	-23.546683710657078	0	0
-3.864781641131245	1.1273308696702529	-1.9389798037783663	0	0
2.5455139255263646	-1.7808866748826446	38.25210936913608	0	0
-2.80904548717524	-6.27495801815369	-27.995606199368922	0	0
0.4657300847560819	3.4058773638079884	-17.574485481360213	0	0
0.682162237976172	-13.588454636100593	18.525447966536404	0	0
2.770894851225499	-17.622862390623894	-6.554992519862054	0	0
-4.355801155101261	27.23424261422369	-0.20130923744757467	0	0
2.291476283254241	-18.40202432297251	7.528908971533269	0	0
-2.541355540898259	3.498621722906904	4.456747422009187	0	0
5.3342956624859355	-1.7952409286631053	29.12637113907772	0	0
-4.226060647942724	-5.853103766149793	-12.872009008953967	0	0
-0.04916057340736302	10.575670367178603	29.001787467534598	0	0
0.624554764596212	-2.433720430547318	-2.2692738519700555	0	0
1.8290792627187997	-7.037511229844419	-1.7949951249734681	0	0
-2.0554820938767406	7.579771816905925	-4.2161247907020964	0	0
0.8801747212295155	9.584728416092517	-38.0062009490717	0	0
-0.29704599413187793	-8.004954308201611	-14.700102687067087	0	0
-1.3790678893284962	-0.9609159591483234	21.631948403813638	0	0
5.521672279373064	-0.5453943371409267	-8.855673714891978	0	0
-4.789603886882695	-6.002191796596918	-2.4393923913128646	0	0
-1.0040645301239337	14.758265047565551	-9.777669321345101	0	0
1.9517161934780276	0.9821526290617015	5.791735274077254	0	0
-0.3536668185305061	-0.694113977023342	-4.7209869997429195	0	0
2.7497911362863405	12.812962093613578	12.16756882183671	0	0
-4.0480923137345854	0.09782069159573581	1.3481894834456227	0	0
1.7929612784103384	14.084484906889962	0	0	0
-0.14155074539942802	6.591654467321355	0	0	0
0.06631698807824904	4.943445164448363	0	0	0
0.49378821394323325	-4.7671943940443455	0	0	0
-3.61914332901501	12.800699789162152	0	0	0
7.569469814064433	-0.04901970766798058	0	0	0
-8.08053976879988	-6.948552470599907	0	0	0
6.423967343013011	8.879206831623158	0	0	0
-2.3920837705128832	-13.287459438104968	0	0	0
-2.6290630048551975	5.66031484417573	0	0	0
1.9302966710850669	-20.535405691217576	0	0	0
2.179735539557889	22.3466388881116	0	0	0
-2.143416534755069	5.051935715477931	0	0	0
2.313395984329702	-6.533068554337774	0	0	0
-5.765113814431004	3.4773378202951264	0	0	0
8.09641365357205	0.21321450289816823	0	0	0
-7.0054137664244465	4.804299898045109	0	0	0
3.0158912718951285	-11.027359129244708	0	0	0
1.8338649429052083	3.0063507366874305	0	0	0
-3.2019165751590677	7.486439183142295	0	0	0
2.843597027584593	-0.7766577705907025	0	0	0
-3.6731426936174927	-20.676543056094765	0	0	0
4.075668681026265	19.31451130932188	0	0	0
-3.9688036323774867	-4.26565933528623	0	0	0
5.004891265187418	13.335156937403305	0	0	0
-3.6814844339449238	6.045010207326214	0	0	0
0.5883794114557972	17.235733025127615	0	0	0
1.7675191857488528	3.3933781815332793	0	0	0
-5.734673152969478	-0.4162538532563502	0	0	0
7.41811193055571	3.257456756241851	0	0	0
-2.5902102869002093	-7.301359940080744	0	0	0
-0.8770933108023726	15.843906377045563	0	0	0
-0.9424840408405473	-6.160567778082658	0	0	0
0.7443247765214096	-20.942726309587997	0	0	0
1.2788368982589162	5.55212438530144	0	0	0
-0.7015392590432654	-20.87975893621349	0	0	0
0.1761819146236121	13.585502204889146	0	0	0
-1.4910996624685922	2.136239919110743	0	0	0
1.6607446931398826	11.584066605562306	0	0	0
-1.4173882496393588	-10.052850384810448	0	0	0
2.4752452111145686	17.45162745077026	0	0	0
-2.3224047130497354	-5.808164255154445	0	0	0
0.8859119178194348	-6.171770445607017	0	0	0
-0.4968453033924405	-0.22623445367555917	0	0	0
-0.7180065448459487	-12.641854451372609	0	0	0
2.010024581415607	12.93332101712953	0	0	0
-2.340612555572555	-15.120670548312752	0	0	0
2.9418146674160255	-4.638862964355489	0	0	0
-2.659367499831525	9.047400582704569	0	0	0
-0.2850513654949509	14.643781918283985	0	0	0
2.5727187874940327	6.026967692728782	0	0	0
-2.706496051275046	-10.480168048158554	0	0	0
1.8267042023990072	4.7624578833095015	0	0	0
-0.07310637990833868	-20.99773379060936	0	0	0
-1.4277483584684987	18.945777387921666	0	0	0
2.2652239549583655	6.883770134273853	0	0	0
-3.2023905315043066	-13.22585338999555	0	0	0
2.8534092149898953	15.952563585579249	0	0	0
-0.38986006722687705	-12.644614519547417	0	0	0
-1.8220189698270985	16.294228008018635	0	0	0
2.515290564681031	-17.676080151722502	0	0	0
-2.2703098708310208	12.99992217745315	0	0	0
1.1384656890424907	-14.795671124366592	0	0	0
0.3372357026391839	0	0	0	0
-0.7720116143130156	0	0	0	0
0.2215484678661639	0	0	0	0
-1.419668262088507	0	0	0	0
2.8563939049694866	0	0	0	0
-2.218967815269437	0	0	0	0
1.1999389708290948	0	0	0	0
-1.1420580010227255	0	0	0	0
0.7483536484724453	0	0	0	0
-0.6668754766812413	0	0	0	0
1.1626132099870787	0	0	0	0
-2.524946744867698	0	0	0	0
1.9364606542742209	0	0	0	0
0.3306061824409312	0	0	0	0
-2.7062746609030484	0	0	0	0
3.7036732807211337	0	0	0	0
-1.815691845173781	0	0	0	0
-2.1803011660789053	0	0	0	0
4.355159063147838	0	0	0	0
-3.1377428055415066	0	0	0	0
1.2797260384192626	0	0	0	0
-1.2261712105408904	0	0	0	0
1.422134656433812	0	0	0	0
0.16669247895701034	0	0	0	0
0.8708748152889783	0	0	0	0
-5.575552930362534	0	0	0	0
7.73111268127861	0	0	0	0
-4.96957229294167	0	0	0	0
1.183385352017801	0	0	0	0
1.395323195977248	0	0	0	0
-3.6635880990572005	0	0	0	0
4.030718281496505	0	0	0	0
-1.687467757377867	0	0	0	0
-0.7083829610187351	0	0	0	0
1.5654782627981803	0	0	0	0
-2.5054416326186697	0	0	0	0
2.6415367497289353	0	0	0	0
-0.8526010729395495	0	0	0	0
0.15249913769749668	0	0	0	0
-1.4802669614032524	0	0	0	0
3.0368468690339583	0	0	0	0
-3.8015203618147666	0	0	0	0
3.463842687411116	0	0	0	0
-0.8487389834644219	0	0	0	0
-1.3342553284129792	0	0	0	0
2.790050302835297	0	0	0	0
-4.1514514344571865	0	0	0	0
1.768248549047442	0	0	0	0
2.997993276371055	0	0	0	0
-4.36310767876401	0	0	0	0
4.791404807493336	0	0	0	0
-7.149827947488468	0	0	0	0
8.233567431818102	0	0	0	0
-6.558721979662415	0	0	0	0
5.032042444033003	0	0	0	0
-4.37429380054116	0	0	0	0
3.2023409226531	0	0	0	0
-1.243580755220961	0	0	0	0
-0.8375291834845129	0	0	0	0
1.7391025890658653	0	0	0	0
-0.6589295216210687	0	0	0	0
-1.2060528731310214	0	0	0	0
2.8518770452065	0	0	0	0
-3.5812670021620505	0	0	0	0
3.8180644612091186	0	0	0	0
-4.5766096161065235	0	0	0	0
5.098664203886607	0	0	0	0
-2.349174094497222	0	0	0	0
-2.7107904152036326	0	0	0	0
6.368549427718037	0	0	0	0
-8.061966628833645	0	0	0	0
5.671522372751774	0	0	0	0
-0.5026489892654098	0	0	0	0
-2.266337578063144	0	0	0	0
1.4568062908310608	0	0	0	0
-1.312161852225941	0	0	0	0
3.6337966369341217	0	0	0	0
-4.8940873239166365	0	0	0	0
3.3322581447520676	0	0	0	0
-3.309684676636337	0	0	0	0
4.362868889841629	0	0	0	0
-3.906344491682532	0	0	0	0
2.2406458524734916	0	0	0	0
-2.4076859751253465	0	0	0	0
4.180572418508035	0	0	0	0
-2.7238825135213958	0	0	0	0
-1.2080195738496684	0	0	0	0
2.6624396898211913	0	0	0	0
-0.06958938655271396	0	0	0	0
-3.8816179486893105	0	0	0	0
5.779106004307401	0	0	0	0
-4.662716527822717	0	0	0	0
3.5578373015332687	0	0	0	0
-4.057769358249743	0	0	0	0
4.798448934619806	0	0	0	0
-2.9823328272752647	0	0	0	0
0.15415999460054763	0	0	0	0
0.4231211212418131	0	0	0	0
1.9490364686298989	0	0	0	0
-4.523410939560854	0	0	0	0
3.5534736200321007	0	0	0	0
-1.8575511239652087	0	0	0	0
3.8416910912079345	0	0	0	0
-6.928043432832311	0	0	0	0
5.309603115133413	0	0	0	0
-1.928992865960808	0	0	0	0
0.8676566893384319	0	0	0	0
-2.4228048193234244	0	0	0	0
4.489178839352007	0	0	0	0
-4.329214565197681	0	0	0	0
2.716305167153827	0	0	0	0
-3.8909922425885455	0	0	0	0
6.065143287470619	0	0	0	0
-5.490866408405189	0	0	0	0
2.609828125131628	0	0	0	0
0.19433522812249038	0	0	0	0
-1.2928947230758894	0	0	0	0
-0.6537066639533649	0	0	0	0
3.090330997865493	0	0	0	0
-2.326939715410788	0	0	0	0
-0.07775059056481837	0	0	0	0
-0.8174562487827046	0	0	0	0
0.18521745791392163	0	0	0	0
-0.5067248414136571	0	0	0	0
-0.08856647757415459	0	0	0	0
2.2550301515169764	0	0	0	0
