-0.009593225619376256	0.11527759903064805	0.5170541731559695	-0.07765981337718131	16906.638827013587
-0.07456800558310306	0.4764870325879613	1.6641679381986165	-0.23539736837068403	16906.851946840015
0.39801067911121635	0.7401636201382047	0.40724144183703004	0.8529577644905544	16906.530564808312
-0.4024128301935548	-2.150061020889126	-0.9452036222916576	3.0151868538864335	16906.662394624316
0.18481540858586953	0.6282790696681602	1.3334513279161087	0.2247368617293688	16906.76497532986
-0.031208173274656303	-0.023451707168391067	3.409744527490446	1.1480644825526412	16906.70053487474
-0.12132438420528757	1.188877240360803	2.7169555014458666	0.9871074613171373	16902.67661218309
0.3264703996214138	-1.691016278643481	0.41552956295784327	1.4924853072073745	16903.625707803592
-0.493914578051573	-0.3648813309358587	-4.737228162750384	-0.49780207972315793	16903.453566324366
0.4303111420550678	-0.042911302053262546	0.39614685624547974	-0.9106718430470977	16904.665199804484
-0.033590078762635756	0.9803413823092129	-0.6501327806603285	-2.65338856821775	16905.041115523127
-0.26277059261561675	0.5128192073924893	-1.4077943480183848	-0.41647408189156465	16901.356419773252
0.47959826472826705	-3.0318245507387402	1.8154457743002013	2.039797860327269	16905.98911264599
-0.3021717716966066	-0.03310103103923723	0.6608778132784181	0.08968442426687773	16908.38509221417
-0.440562076684472	1.9339504808994832	-0.6387872093706477	1.5741240021759921	16905.9130336288
0.4362308188348365	-1.59800546527282	2.2276134649023476	-2.149365889059453	16905.831938336178
-0.11256001176406016	0.1473914592926775	0.7233234378715707	-1.5029914147973074	16907.069706329905
0.33065996310124746	-0.1985330196791466	3.05793576402003	1.154015569073934	16906.29242351391
-0.5201255993388116	-0.466416678446393	0.8146463886502602	-0.5543877266734825	16904.361042847107
-0.25889766522102065	1.554722440479253	-1.2230318293558753	0.589566415761368	16906.08731066948
1.3121234618864932	0.3513538125684832	1.9333298710374152	-3.292876304950383	16903.320882558935
-1.6942637198113957	0.17510413601663544	1.3231774075809426	2.6214205670867727	16905.247712264652
0.9892705812720735	-1.4532004416669508	1.9182624591347945	0.38955464049313093	16910.330310355475
-0.0860184904013721	-1.947259212486344	1.383971692588858	2.567081062426439	16907.327584983796
-0.8501131492081058	0.544275602378292	0.04856728462188187	-0.7790843285780085	16913.65768068886
1.1728482823101842	0.1820516952950868	2.8832361932929444	-1.2948239895949598	16909.971624265003
-0.3377212542213144	1.8146983894333317	1.677731482599711	-0.05359014147929031	16914.4933177702
0.15067041998573671	0.2822725748251571	-1.4114846113218107	0.7662988709282672	16911.433002438556
-0.5781233831717927	1.6773230349809083	0.6904848632922693	-0.7194926815188865	16910.782964065285
1.013842709917867	0.6252282882338989	1.1348785939593995	-3.0022715154353534	16907.952891528505
-0.8153049637919167	-0.47863228736547825	1.6000138982470844	1.4700617356651406	16914.52820726671
0.5357018555267814	-1.7263936266294877	-3.2694703809638668	-1.5456807645826274	16915.612180479373
-0.4284063357572734	-0.26041999917890024	-2.8108761163469183	-1.2693370700615532	16911.156783109607
0.18968159950005514	-2.832633289646033	-0.24960074966011803	-0.8760659991060322	16908.615187096962
-0.06679553145435335	-0.8052844429589072	-1.6027250739502676	-0.2644386620740278	16909.520087502155
0.41966405680116736	-0.5559421286286508	-0.35635987024060967	0.13632413127062648	16910.98081253196
-0.5534307553825784	1.2397555705062402	-0.045517979206564974	0.49116744520461	16909.809335989907
0.07638564801897729	-4.489266570362666	-0.8640729101451825	1.0513697371419113	16908.845748928306
-0.012728886852443111	-0.5072020920533689	-1.9357750633119082	0	0
0.15108678127148067	-0.5882695871523538	-3.2141842456582737	0	0
-0.062423704258684154	0.5601312952016073	-0.9778170967018696	0	0
-0.21350683286736682	1.2279788571838637	4.541044489322502	0	0
0.3758866323534278	-3.9518742591089904	1.8138021753934765	0	0
-0.4216122699719236	0.3443403890587362	-1.8222203316777268	0	0
0.5285163215771007	-1.8828884407800501	-0.5535842083723566	0	0
-0.033920695320091454	-2.1585187075358263	-2.3814824339932557	0	0
-0.28709439980019624	2.5278213460920043	0.42741438652548425	0	0
0.19237261286377105	-3.2141485566192785	-0.647883499777592	0	0
-0.12487383317555611	1.7496072685029986	-2.165875049833005	0	0
0.3565643817754207	-2.8586828374994084	-4.168440776018272	0	0
-0.5862828667824118	2.7719092737750017	1.3820649661486186	0	0
0.16765219568927847	-1.7338368465239995	-2.2704473617716587	0	0
-0.053077382554725716	0.4243171280215279	2.0464641773674828	0	0
0.28974080835356375	-0.3607311499237156	2.3621034121068902	0	0
-0.24424419353172766	1.847373465047113	2.5962315363193227	0	0
0.05679491205160758	-0.6074823315567528	1.2622768019431447	0	0
-0.0474328022310857	-0.6695737876168835	-0.13994222296302894	0	0
0.09516721504680703	1.9147280365288282	-0.007765883847937971	0	0
0.025254446582351875	-1.6625651715677208	-0.20454542581661883	0	0
0.02488072414101339	-3.54145805021124	-1.3247163275836584	0	0
-0.16336138155732272	1.410314506930689	3.1387591737745453	0	0
0.3477300159946495	1.2270534880344997	-0.32783364970900664	0	0
-0.16078296962771077	0.5610893257285383	2.064152176651305	0	0
-0.15674113286360125	-0.4538954811198863	0.31957791254487233	0	0
0.6876031447107991	-2.7177668031078994	-0.937462601187093	0	0
-0.6573695071136925	1.9565708162035307	-2.910497780922128	0	0
0.5079664059350364	0.7636520671256832	1.133665851274671	0	0
-0.34864531142647337	-2.2184912632699607	-0.5505059832399724	0	0
0.31037563837218585	-1.113619899289624	3.448917982047334	0	0
-0.7501806619614939	-1.776456090273058	-0.3849141276155734	0	0
1.224379698429793	0.8335833951697182	0	0	0
-1.207725272995937	0.6725714483938319	0	0	0
0.8187555450045423	1.3551800604040452	0	0	0
0.06102839759417833	1.3115022589979048	0	0	0
-0.6253824657400031	0.7315255529944693	0	0	0
0.01909710390305719	2.1446283606689462	0	0	0
0.5616370218799389	0.3850676924638563	0	0	0
-0.5199244245575088	0.4928574467829421	0	0	0
0.3311385027403233	-0.07037868461087982	0	0	0
-0.955025743016634	-1.4762799477504132	0	0	0
1.720181889834599	0.2116106412475105	0	0	0
-1.821215336276488	0.12599285195987164	0	0	0
1.4508814852938485	-3.97183867549667	0	0	0
-0.5658388910879069	-0.9021296453339716	0	0	0
0.011100953348034182	0.11366078253271183	0	0	0
0.32797026222552006	-2.675533446065401	0	0	0
-0.37989194175113283	-1.5415428155596018	0	0	0
0.5566602349176506	-3.3043142899494526	0	0	0
-1.0402132913330675	-1.1876113833138007	0	0	0
1.3681934521124077	-0.5846208432608435	0	0	0
-0.8872932324969867	-0.9506283653378631	0	0	0
0.43702205321945087	-0.24362708292072455	0	0	0
-0.4008777778627177	2.5674939991488728	0	0	0
0.3771366301101011	-2.617151741279308	0	0	0
-0.29556750333497206	3.150950826321271	0	0	0
-0.12172314815340712	-3.249073250025255	0	0	0
0.41772657960802917	-3.103437687734292	0	0	0
-0.20260981825197888	-2.0356138970599247	0	0	0
0.21305021382632816	1.4616641577657958	0	0	0
-0.6956157682997102	-1.5990236237327622	0	0	0
0.9002310197874692	1.184725359003373	0	0	0
-0.8969409578029968	2.9875577315379758	0	0	0
0.90563456957603	-0.19569295885658988	0	0	0
-1.1316744070838851	4.362337522312032	0	0	0
1.0852248177728114	-1.7660345890475213	0	0	0
-0.4646124578613353	-1.8567512110752347	0	0	0
0.18548117069502723	0.30059034551383235	0	0	0
-0.5528748597295277	0.25296514890633404	0	0	0
0.8842841613190515	-2.4610191730106905	0	0	0
-0.748421358612724	-1.2128246010196548	0	0	0
0.39402300935969237	-0.07255463896164827	0	0	0
-0.0992449225923906	-0.5364610131860488	0	0	0
0.12539740174025127	0.7041881354483692	0	0	0
-0.3624768573304493	0.6717209930179209	0	0	0
0.7496385008547435	-4.924352933928311	0	0	0
-0.6114237851593245	-0.338974779786966	0	0	0
-0.06608968435281071	0.5230456693245671	0	0	0
0.19554499552130267	0.41977380211316984	0	0	0
0.38942159636496854	1.3602276986015411	0	0	0
-0.6828199181359054	-1.4304924885227592	0	0	0
0.6031138454180933	1.744569816007754	0	0	0
-0.3831085278619497	-0.11996191076283935	0	0	0
0.08160059344916704	1.5133624145992073	0	0	0
0.5509548426329047	0.5913311983817238	0	0	0
-0.6747553065990815	-1.034618439842177	0	0	0
0.34250030144117716	0.170879772065895	0	0	0
-0.48166831202574656	1.033062688188565	0	0	0
0.7182710300946553	-2.494022630578897	0	0	0
-0.2054547104437674	-2.0313344019597963	0	0	0
-0.4373076626752024	0.10432281207889105	0	0	0
0.9023873416466728	0.588619970787768	0	0	0
-0.9841095367954296	2.5579254488021945	0	0	0
0.37792943040578564	1.4067857283566383	0	0	0
0.27525234067216076	0	0	0	0
-0.5820337242593894	0	0	0	0
0.42736246998696004	0	0	0	0
-0.6093212707346609	0	0	0	0
0.998467886196579	0	0	0	0
-0.9118816050467515	0	0	0	0
0.7756865410281861	0	0	0	0
-0.54816087267195	0	0	0	0
0.2501392614218432	0	0	0	0
0.2423239031326787	0	0	0	0
-0.5479095625119186	0	0	0	0
0.6515982687701012	0	0	0	0
-0.7939301390308486	0	0	0	0
0.8124250647057352	0	0	0	0
0.034339236728484934	0	0	0	0
-0.4511951257506652	0	0	0	0
0.04114033527903871	0	0	0	0
0.3988236853530793	0	0	0	0
-0.33098602907659824	0	0	0	0
0.12174045136967493	0	0	0	0
-0.05848211482999943	0	0	0	0
0.02431884301474696	0	0	0	0
0.04120683520132218	0	0	0	0
0.463832949664166	0	0	0	0
-1.108548010720412	0	0	0	0
1.3519926853539346	0	0	0	0
-2.410300515472848	0	0	0	0
3.0356159317403097	0	0	0	0
-2.597495189310912	0	0	0	0
1.5560626783016076	0	0	0	0
-0.8143561741616736	0	0	0	0
0.18792617139745715	0	0	0	0
0.1067944293830152	0	0	0	0
0.20872074512561767	0	0	0	0
-0.7820529766285915	0	0	0	0
0.6603413556633484	0	0	0	0
-0.6010236211356101	0	0	0	0
0.7615146897791831	0	0	0	0
-0.49636573387142136	0	0	0	0
0.04169680954731092	0	0	0	0
-0.008146385923119226	0	0	0	0
0.26238047844846335	0	0	0	0
-0.3125829706841543	0	0	0	0
0.5536061460718074	0	0	0	0
-0.8053361262978598	0	0	0	0
1.1336723128350314	0	0	0	0
-0.801266319178886	0	0	0	0
0.807222850573126	0	0	0	0
-1.0667142949963164	0	0	0	0
1.287333594189029	0	0	0	0
-1.438395931441974	0	0	0	0
0.9449531595725844	0	0	0	0
-0.49500368101965364	0	0	0	0
0.7193528820344497	0	0	0	0
-0.8907769713487426	0	0	0	0
0.6778224718160786	0	0	0	0
-0.03562966099421061	0	0	0	0
-0.7821155432564311	0	0	0	0
1.2002698617285077	0	0	0	0
-1.7556664395773893	0	0	0	0
1.4403389717496395	0	0	0	0
-0.5098827334790244	0	0	0	0
-0.3714781820315807	0	0	0	0
0.5426390524018814	0	0	0	0
-0.5172153812070235	0	0	0	0
0.7698428002951516	0	0	0	0
-0.6030902787394936	0	0	0	0
0.23924859336278104	0	0	0	0
-0.04356812418644296	0	0	0	0
-0.5295958124464946	0	0	0	0
0.5082298653729964	0	0	0	0
-0.048568988554045234	0	0	0	0
-0.7906875220101028	0	0	0	0
0.5390515489313756	0	0	0	0
-0.28145494887495914	0	0	0	0
0.20238726508817706	0	0	0	0
-0.1938245901606308	0	0	0	0
0.11062722472756548	0	0	0	0
-0.34074343010441055	0	0	0	0
0.5965507836060411	0	0	0	0
-0.4369870021094755	0	0	0	0
-0.24182659390785233	0	0	0	0
0.395795391423988	0	0	0	0
-0.4771510681252451	0	0	0	0
1.0390270736224991	0	0	0	0
-1.4409227011907788	0	0	0	0
1.32502708665519	0	0	0	0
-0.7951867941317374	0	0	0	0
0.36401777115555944	0	0	0	0
0.385535425560775	0	0	0	0
-1.2081132545973574	0	0	0	0
1.6098644158340747	0	0	0	0
-1.8068133652030198	0	0	0	0
1.4638958097710173	0	0	0	0
-0.561991195287348	0	0	0	0
-0.29690059150168935	0	0	0	0
0.5457079995978233	0	0	0	0
-0.3565552408305095	0	0	0	0
0.32471860169535205	0	0	0	0
-0.04369792846267728	0	0	0	0
-0.6732673488175749	0	0	0	0
0.9600903589277863	0	0	0	0
-1.1853420401262653	0	0	0	0
1.0655405412133376	0	0	0	0
-0.8082688354042489	0	0	0	0
0.8132890083615152	0	0	0	0
-0.9198220126512098	0	0	0	0
1.226580882599798	0	0	0	0
-0.8111104945622287	0	0	0	0
0.34923859850479033	0	0	0	0
-0.41771874050073166	0	0	0	0
0.7255297430897869	0	0	0	0
-0.42640394916391244	0	0	0	0
0.08017757200352804	0	0	0	0
0.0371148049308232	0	0	0	0
-0.41921331590081934	0	0	0	0
0.6903140143920794	0	0	0	0
-0.4667025590360723	0	0	0	0
0.07675516636254542	0	0	0	0
0.04649369007366033	0	0	0	0
-0.3663408978203151	0	0	0	0
0.7672572749816524	0	0	0	0
-0.2313438760896247	0	0	0	0
-0.06330877509985555	0	0	0	0
0.1510770256665026	0	0	0	0
-0.7859365612685849	0	0	0	0
