-0.6345515756589819	-1.007316403543598	-4.888424173201585	1.022384254146914	16834.12277275818
1.7573729155453108	-4.934341928500004	-16.217348809510227	2.8590552543449945	16831.23839525941
-0.4843297463572398	-15.46685718013564	-8.011648928597822	-13.38099840996783	16834.263931209807
0.7596593635907212	12.006468442591363	14.387776762687707	-4.378715045995506	16835.2828688648
0.3892940627123025	6.8744335367594545	9.743436277045262	-40.17820622969201	16820.42604038367
-1.5896607101975846	-1.3643683459702487	46.694963839225224	17.949432073723017	16878.690468980825
1.9510513724648817	-12.164007575137646	-7.780896679638005	-24.45592468964179	16826.099065732
-2.1023594439434774	1.123060271660215	-17.139063567667307	17.57482372767248	16868.874314277404
2.8403454377194635	18.25983413309182	14.566902779360603	14.67951619434018	16897.145501902618
-1.1644872564946098	-26.55769629702406	-19.730049981427	41.14615162514551	16987.3668847378
-1.503362971511521	38.98092917895352	-2.6279347499821597	7.479980805676277	16966.256788288738
2.4513697384170072	-19.180051578610858	21.401147009410167	-3.4705955209912815	17016.07296707197
-1.6306706438393945	7.163353034030443	-13.420302891142967	15.127181516105125	16942.79401177381
1.7204417964918477	8.634068469940466	21.817191731174105	-3.7090001209415107	16915.74854196741
-0.3015258389123048	3.795442427428391	15.41594469501834	-1.2639163302718828	16928.635089555308
-3.659619265306901	-10.685202675874834	22.894536615587683	-24.133618190343398	16912.9785985514
1.973878731105927	6.079969094598717	-2.786577016247975	27.970752818046748	16935.02652623252
3.9372237424299072	10.582822721049126	4.330569206385007	-37.87836153270521	16959.453056865914
-2.7901321418754392	-7.9779833938620754	-3.2874615030483767	-1.8814957254338651	16981.19174119202
-2.5667789650465522	3.0712377151014962	-3.1734897803917477	3.1840286105896354	16906.285671591435
3.7571973125697014	12.43566509088135	-35.00579139410283	27.41418272855418	16924.66378246227
-3.154110321084403	13.91972395215025	37.656336627566944	-32.24314648508512	16917.315336188312
3.32405059273907	-15.461989522714426	13.072310039374443	31.334780637132354	17009.77437994199
-2.9186193623132226	-5.975490703435682	-2.616782695512711	-64.82874843971773	16935.760799829717
2.9928007592592465	7.5764348493275335	12.080156811727235	21.554608310790627	16890.517210732214
-2.975991168033609	-23.663627283256425	4.774895596096897	-15.078411331590374	16798.397347075654
3.901937849212622	5.5125808334967275	18.582332208021057	9.032747281468872	16789.14777095971
-5.28419637697727	-0.6866085947544605	13.8325927538379	-26.509604544955522	16794.149066567934
4.824227247729638	10.76307410320733	-26.561466976470186	27.77487711197199	16717.664011471876
-3.191729248652834	-6.739885120347182	27.84618548523413	1.7186010619697782	16737.542056752303
2.0192908041777997	-4.609757222439612	0.8392112304222366	-30.70983579348986	16826.204976683908
0.2403632466029677	-38.174972100183595	2.168986489674623	-44.60217417489662	16824.980914704574
-1.2404928320631399	20.880868180028898	-19.536929965972078	-22.88380309348561	16919.573399245
0.6206093547764979	3.2049704220927424	-13.762415630425352	26.895499244264457	16919.247150192357
-1.3091963213823519	-11.986244943614729	11.782957040611421	-5.698871294268159	16835.57717908139
2.9275471681513636	7.022961435488632	-0.9953626553048309	2.0918729812265013	16909.306545216717
-3.695779552772393	7.067382842323944	-14.682850301855936	-6.798332103850228	16946.24614046134
4.455694422209895	-8.683220873438799	17.9860325660796	-14.383975645450448	16970.000865202615
-4.238885580387006	-2.12982835600468	15.354125058195748	0	0
1.5160638319183306	12.29457262153614	-11.158996842979278	0	0
2.6329139575317626	-4.430417182636283	-45.99631491961948	0	0
-5.836042500901556	18.006639155381187	51.74384282700275	0	0
5.371582290215883	-4.765252313679149	-13.558339431276892	0	0
-3.1339626931723643	8.282891131453454	-18.539969357893156	0	0
0.8268514437687244	-1.685666439097588	15.605826164696339	0	0
-0.46576793263311345	-4.7264601588679795	-12.831648684621925	0	0
3.665402411538892	9.314152502538853	13.245846442722424	0	0
-8.287961818251738	-9.24473057117757	-0.9750015547416666	0	0
8.846752217550808	7.549296010271291	-11.830541267185225	0	0
-4.297964817133774	12.29557046594416	12.316176223551778	0	0
-0.9156891171286219	-5.6665560245208795	15.270954910413138	0	0
2.0760360493289767	-3.2792573689228846	34.30869031475376	0	0
-2.8527335851167663	7.301957496680451	-16.07131076727771	0	0
6.168859828369364	2.0486757259859303	-4.257839591836699	0	0
-7.2727645415516875	-24.000379747419217	7.414156545219271	0	0
5.609847847440385	0.7429536039482372	-17.3260335796664	0	0
-4.256227898607932	-2.988176674557238	6.981570317023824	0	0
3.69252421191392	15.27640571199261	-25.80270985298492	0	0
-2.1692961983217955	-28.218383520331756	25.322537074335926	0	0
1.455033176557933	2.150125408446023	0.5871314647433934	0	0
-5.1082923347228615	-12.777904368439295	8.60393347118972	0	0
10.10685696299528	-20.44785538778219	-4.0379507591640476	0	0
-8.786945517468006	-8.24434639703479	-63.25474700981273	0	0
1.5351957408398462	20.835379645057323	-17.0419190791323	0	0
6.227021772282292	-21.317421876071123	25.225133536399937	0	0
-9.946300245395015	6.793833046520199	-23.485350468433566	0	0
8.036542807456371	-18.16153239561846	7.606886789201923	0	0
-2.705851696125414	-11.267879961548324	-1.631108430781481	0	0
-1.6940370662407531	-3.5512243149981586	15.152246943378273	0	0
2.9999946993586235	1.562152939645543	-25.70048156311782	0	0
-1.4041149094688734	6.5058881583306345	0	0	0
0.4628423382174063	8.591743713919605	0	0	0
-1.228841283119813	18.26652601469037	0	0	0
0.7815964920412597	10.283783347267281	0	0	0
-0.21140746792400478	-0.095456790427491	0	0	0
1.2396462060141005	6.951688571849125	0	0	0
-0.9591390100748285	-2.935695506420231	0	0	0
1.16766638006726	19.740121455115563	0	0	0
-3.1554394379892514	-36.10027934819568	0	0	0
2.0662090470400187	5.106613989277662	0	0	0
1.9408570576599828	14.485559724547038	0	0	0
-3.663870425304033	-7.517307279767408	0	0	0
1.5907676658260215	22.43585170068898	0	0	0
-0.0486118974545775	-14.02795508465482	0	0	0
0.1905355706950118	-8.821160992334612	0	0	0
-0.6151484023218003	0.8575245695677367	0	0	0
1.1069910458425127	11.699946542833835	0	0	0
-0.975731157178295	5.622120565193363	0	0	0
0.1598246834884165	3.3945259094033347	0	0	0
0.32408027313130816	-2.776889575717476	0	0	0
0.7760915344791357	11.548980859450403	0	0	0
-3.359675150724293	1.9043736478436202	0	0	0
4.203531986405046	10.112418217142967	0	0	0
-2.8999136509537635	-0.6752318624345719	0	0	0
1.4305336659902324	-3.6879757986359323	0	0	0
-2.8219396250890796	14.142992098864234	0	0	0
5.524149554366495	1.1680194647489444	0	0	0
-5.322344610845242	9.376872291575935	0	0	0
2.349038808738321	0.6008495639978051	0	0	0
0.28984400977628866	-10.586473013033043	0	0	0
-2.5542897755072715	7.2172376156875515	0	0	0
4.835281595781588	-36.92887228445805	0	0	0
-5.004937250453054	18.403047757595424	0	0	0
1.3650773408142314	-8.651563010116611	0	0	0
2.941022370845161	-5.7449735706334835	0	0	0
-5.278503763105483	7.545852823483806	0	0	0
4.264260722716536	5.047598739154381	0	0	0
-0.8516687454205609	-11.85521584003019	0	0	0
-1.0002831151603075	2.9205176642199433	0	0	0
1.1987926233945672	-14.024228177406734	0	0	0
-2.4136099705077285	5.184158196105415	0	0	0
1.5111050973519085	1.327864136408536	0	0	0
1.9075792054227065	3.9790345437838255	0	0	0
-2.9200827662571314	-5.610354990698035	0	0	0
-1.1166367693768464	13.723728949417719	0	0	0
4.732045950962586	10.853054593892821	0	0	0
-4.3262362704802015	-3.73995946077995	0	0	0
1.2541644075320733	-16.644772693863708	0	0	0
1.3819078499036124	-1.1954203379242188	0	0	0
-2.050724627283536	9.349559929764325	0	0	0
0.9300321535373257	-19.979150874570117	0	0	0
0.06235139379261767	-3.5627532105889443	0	0	0
-0.6348813118418519	15.774234855509285	0	0	0
1.2512144774544538	-24.697837377987838	0	0	0
0.5642417687116676	3.2418054993556495	0	0	0
-4.066335422199927	-13.13826635635796	0	0	0
2.7290561656406496	5.337445956964736	0	0	0
1.8706483043510502	-10.883389585653518	0	0	0
-3.0890354695484916	5.095552855707773	0	0	0
1.4380741953173057	2.7032068037146075	0	0	0
-0.30796945497531425	-5.99289806195587	0	0	0
0.5102606917277583	1.7386392551671292	0	0	0
-2.2334508291009527	8.718123197888858	0	0	0
4.308706651998982	0	0	0	0
-5.975675094805858	0	0	0	0
6.55155603221381	0	0	0	0
-6.244088080385083	0	0	0	0
4.69140754320285	0	0	0	0
-3.484790864771803	0	0	0	0
4.082212028397578	0	0	0	0
-5.234543490554216	0	0	0	0
6.016412539559667	0	0	0	0
-5.669206975014227	0	0	0	0
4.296829228922775	0	0	0	0
-2.96991523633983	0	0	0	0
4.298436210662935	0	0	0	0
-6.868130431331181	0	0	0	0
6.2995778747637345	0	0	0	0
-4.2896266096933715	0	0	0	0
4.582141988682579	0	0	0	0
-6.128921601422853	0	0	0	0
6.8692214340512905	0	0	0	0
-3.554778804451878	0	0	0	0
-3.4020595145856447	0	0	0	0
4.098973525054298	0	0	0	0
3.7937057059303143	0	0	0	0
-10.181080155997222	0	0	0	0
11.656368269390448	0	0	0	0
-9.726167896013635	0	0	0	0
5.60062458041164	0	0	0	0
-4.411673117510958	0	0	0	0
6.304528404358635	0	0	0	0
-5.070162426940449	0	0	0	0
2.2759059295358597	0	0	0	0
-1.5349635477929482	0	0	0	0
1.2992896256801245	0	0	0	0
-1.0747229064614174	0	0	0	0
2.133642151594195	0	0	0	0
-2.909628400692334	0	0	0	0
3.4550970500463123	0	0	0	0
-2.2019318678806385	0	0	0	0
0.6235433997887441	0	0	0	0
0.6911247879305975	0	0	0	0
-1.6367205332800623	0	0	0	0
2.0053787659450677	0	0	0	0
-0.48096166622774206	0	0	0	0
-1.7363351614108495	0	0	0	0
3.528899695994774	0	0	0	0
-2.6403265252829797	0	0	0	0
-0.219920047128646	0	0	0	0
2.50409609787539	0	0	0	0
-2.1700053887792308	0	0	0	0
1.6284148327612797	0	0	0	0
-1.4413413200587044	0	0	0	0
0.5802330724582418	0	0	0	0
0.8533949425327876	0	0	0	0
-2.601135896403342	0	0	0	0
3.9797395984751915	0	0	0	0
-2.8167716798870615	0	0	0	0
0.015874928443636804	0	0	0	0
1.5241789581865106	0	0	0	0
-1.6081207148121095	0	0	0	0
1.0598750695695216	0	0	0	0
0.677940894687822	0	0	0	0
-2.638702970385758	0	0	0	0
1.9461825106350048	0	0	0	0
-0.7095393778731705	0	0	0	0
2.0960057457693466	0	0	0	0
-1.1607589599425978	0	0	0	0
-1.9703037488785498	0	0	0	0
0.809923031225317	0	0	0	0
2.408898520809501	0	0	0	0
-1.8275371630442407	0	0	0	0
-0.7058683769781382	0	0	0	0
1.3236889554636164	0	0	0	0
0.39425616359400806	0	0	0	0
-2.0767160639838735	0	0	0	0
3.2916453094069382	0	0	0	0
-3.5236156304224906	0	0	0	0
2.4924841501493518	0	0	0	0
-1.316064034421494	0	0	0	0
1.0860460043303988	0	0	0	0
-3.57107322980562	0	0	0	0
6.602374236055539	0	0	0	0
-7.995887547274961	0	0	0	0
8.985513737307393	0	0	0	0
-10.150993437468948	0	0	0	0
9.02444960519211	0	0	0	0
-5.110607455476384	0	0	0	0
1.706876223363217	0	0	0	0
-0.8964166992296114	0	0	0	0
2.9169796108538435	0	0	0	0
1.1850493440665062	0	0	0	0
1.1640576053265832	0	0	0	0
1.0188685008255547	0	0	0	0
0.1426790536235103	0	0	0	0
-1.350852178101384	0	0	0	0
0.722015953473651	0	0	0	0
0.8471597580188543	0	0	0	0
-1.2849217586590385	0	0	0	0
1.1647618723966744	0	0	0	0
-1.3553276424156593	0	0	0	0
0.6819330074730914	0	0	0	0
2.050615512268905	0	0	0	0
-3.6401503940525686	0	0	0	0
1.4792336252431753	0	0	0	0
2.944753483915889	0	0	0	0
-6.468396725822188	0	0	0	0
5.880801641590011	0	0	0	0
-0.16736289952046945	0	0	0	0
-6.784692363259133	0	0	0	0
6.739004570524955	0	0	0	0
-0.44212668131235944	0	0	0	0
0.11899236561092152	0	0	0	0
-4.688853424495541	0	0	0	0
4.407045228409423	0	0	0	0
-1.4137673810003832	0	0	0	0
1.0078649677299083	0	0	0	0
-2.214318236249234	0	0	0	0
3.1950209847221913	0	0	0	0
-1.0110956139636684	0	0	0	0
-3.7730912626372444	0	0	0	0
6.504404405840802	0	0	0	0
-6.070276075881196	0	0	0	0
5.080453553544729	0	0	0	0
-0.7819828795326345	0	0	0	0
0.10409449340178156	0	0	0	0
-1.2090542838661165	0	0	0	0
-2.6921562514171242	0	0	0	0
