-0.6519897613301424	5.068547390486302	-17.733464727883415	1.2434588702352158	16894.310756810664
0.3075341248590533	13.038672464746462	-57.136855416241644	5.517925093866069	16890.049693712404
-0.3575949886698311	-23.59583807448805	6.356672164865543	0.6247760024218394	16900.08747074156
3.650537659396555	18.34989744255609	37.12390873304149	-11.960960784398935	16894.098366471833
-2.7148330328161236	3.5538589502638516	-30.06681561483697	-29.33506677282834	16888.353437822418
0.7259571246820471	-10.792061868399955	-13.758618160093874	1.293591810628655	16911.088026417077
0.9886663106955069	3.661263561665052	-15.668293706910418	-23.439958249113815	16821.003562870534
-2.6706071335421413	8.679758176079098	-4.389680143218314	24.63690402496883	16730.653734451524
2.2436050789570885	-7.478229358035101	29.576651976344962	5.357904276827924	16778.28167652216
0.41701890216076265	-0.6750133009662775	-44.577417165878046	-15.647411929294563	16985.496075010833
-1.5657621566753406	9.388127205213955	53.67281741062942	0.5773936402745079	17021.4711943103
1.6607810430876953	-12.881116831677652	17.239944855272313	-38.5180018482329	16889.287016277158
-0.3216038276320887	0.7448046420648069	-5.074461294701521	-1.414413151707251	16865.40745109959
-3.7624891482656864	7.887325134873265	38.322374390717926	13.171342682704847	16906.587139959847
6.784478495998172	0.38305010270640594	-24.292203668300445	-20.636357733311826	16862.381010344146
-5.1522210911876485	3.049484517311491	12.293289128552985	9.872620669312255	16970.598569484588
2.8354281365731993	-9.731250354811998	-11.30481271312378	3.6994327904558304	16893.45873346936
-3.3503274189215304	29.56610928596158	1.5208889472534537	-23.327493818969074	17029.492926592826
6.1054468580411765	-7.560308285433564	-59.08852961974188	1.40042327718308	16897.022973090978
-6.321700218334051	4.539423254468602	13.685180925709034	36.13696787044677	16866.81180165373
3.3382484655241313	-2.692499830322788	-13.684161353114632	17.139287026902693	16934.528442873972
-0.7176679211690598	12.194566784863866	7.8073741552342	-66.80349872104269	16936.997290769712
-0.8238889973272379	7.494880224173542	-8.06025542353676	-5.076349758852146	17023.49082719659
1.1509101679426479	15.345997850659401	11.045496474276987	13.114611589937326	16915.03312018247
-0.1903212994734531	-10.859608139270932	-28.077177997591065	-49.101421949919995	16833.336979824828
0.8746219313783072	1.0964754235417402	8.798635414576736	-1.2458354304774701	16880.70316798849
-2.9118338977878224	-1.9070046206242992	-5.609282084025082	-46.31986674913405	16852.370875090648
3.7920808848598995	0.5503443451553167	39.83843312238851	-29.377884866199096	16805.460728451635
-3.4355590450532176	-0.4613296921601986	-33.303507915633105	-22.059029027045995	16811.50591236208
2.2314884025271624	9.307279600113468	11.334341529285709	-8.841445178503278	16906.171879449612
-2.3202670542339874	-4.342168464761308	-27.167074037443413	38.40890098291368	17044.6939910657
3.0676449197218787	0.08968714074728013	-21.55579191197249	19.425375207320755	16943.82898625045
-0.08337543942880643	12.071841429729467	-24.234797201752045	-45.326975331906795	16930.872761680082
-3.297897386105525	3.786822495346719	-19.27594435079392	37.99554900658575	16829.4376460778
2.420950192027476	-23.892401096327802	-2.5571439964063103	-3.0096178928017707	16895.344054493213
-2.6944113885572065	10.906298066588803	-13.791950090803283	-4.359670369314571	16682.234291195284
4.246712048308339	-7.671094781416805	2.2478654163476506	-1.9404504164417204	16773.23743977337
-1.6628096140251927	1.3977772705242728	-4.958752228535005	-24.739855964577586	16832.25329373843
-3.2471736919208354	12.363992633740665	34.900606712028036	0	0
5.15604630591568	4.266244327423323	-14.859985897952711	0	0
-4.311970353301518	-5.987785816623436	10.367794688005588	0	0
2.5472665450665275	5.617748200078985	26.512671295217345	0	0
-0.7406421391288518	-4.51092465911146	-13.720585414252056	0	0
-2.3580063047767084	11.351905612475896	-15.148003841123568	0	0
6.217509000319922	-7.644679751447569	38.55523854578934	0	0
-5.0111305610303845	11.754749920070708	33.02939257221399	0	0
0.7869229934003599	6.324212594903166	15.738743392279972	0	0
1.4818953303134634	-4.681260143918017	-17.820316067526974	0	0
-1.1628419976501547	15.186511034146669	2.1204968033465548	0	0
0.3905700505038112	-12.731208389651393	-15.120867064730518	0	0
0.45807994602503754	-1.9700292340683916	18.662980693478048	0	0
0.18271808064620387	-1.0674289456995183	9.07493911843008	0	0
-0.4228946371288913	9.578591956044079	-13.797091835918863	0	0
-0.07395586865258252	-12.188299197169997	34.05152440915441	0	0
0.3869916947638643	15.358112112414744	-3.4715567064941553	0	0
-1.0457178379572767	-3.5373151696508103	-4.579906272635043	0	0
1.913411061320204	-7.050470403379997	5.634260837049922	0	0
-2.8032172961142265	7.900528111916486	3.5085739791375943	0	0
1.9733080192808643	5.853563570242223	12.548927309047897	0	0
0.7060641640666674	-6.529169436016041	16.947729517398614	0	0
-3.0555641544457615	-5.4683767751021435	-23.05908990779622	0	0
4.003942058171901	-17.97171151119351	-14.205245655623003	0	0
-2.709821472642723	17.672524242306977	-14.977166876243714	0	0
0.8802546237210933	-8.481685156215065	5.513914289101706	0	0
0.8461630235576294	5.31171674067091	-8.535739277949986	0	0
-4.502344817778095	1.4682879988556152	-14.291911112216695	0	0
5.3012025326368	13.961144499612757	3.6103283706215876	0	0
0.21501136386454078	-0.48309295462946267	-0.8775131993459695	0	0
-3.8136001985943935	-12.629766122554422	15.452108865701405	0	0
2.0182035092148354	-1.8754286031545675	3.2386985783208786	0	0
-0.8706908212940476	-10.924954680483836	0	0	0
2.132280107029821	4.48034334284425	0	0	0
-3.93117894922068	4.395617548313915	0	0	0
4.893377928538946	4.2368423878877195	0	0	0
-3.8071122407642264	12.560547205333684	0	0	0
2.0975680684223263	-1.895341054037118	0	0	0
-0.07075192196020907	0.13538913483385073	0	0	0
-1.546107157806908	-11.921877205854337	0	0	0
1.57772877945591	10.75676281467986	0	0	0
-1.0150548411728124	-10.515665932135938	0	0	0
1.7910639218908102	-13.175162863540749	0	0	0
-3.3942068171852426	-7.634121732422315	0	0	0
3.845841176332506	3.9107653374625	0	0	0
-3.654260888091649	9.807983168785846	0	0	0
4.359012826681472	-14.689533079459622	0	0	0
-4.744301243014867	22.24919179910153	0	0	0
3.229725105846704	-9.921820381990656	0	0	0
-1.3781769695597816	21.202720514197793	0	0	0
1.0915827275923604	-6.585067512887591	0	0	0
-3.7488281395481735	19.287172436996556	0	0	0
6.353206401208219	-15.84701846372851	0	0	0
-5.671676634638253	4.24336441438043	0	0	0
2.847900340235064	-2.9102990572692846	0	0	0
-1.7376622271505369	-3.8586354796161544	0	0	0
3.768368344775915	-1.9823211508331156	0	0	0
-6.419177193228592	15.886603673749796	0	0	0
5.889311407900934	-16.750735430689275	0	0	0
-3.067192381493946	-3.3321977183438634	0	0	0
0.23176864955590304	-0.05972680079322146	0	0	0
1.5062700356470842	3.397350439531813	0	0	0
-2.1074946296333152	1.277954798685009	0	0	0
2.6906383478855744	5.943877032090533	0	0	0
-1.566376838142169	9.769308976781602	0	0	0
-1.8075237638782582	-10.357030182220782	0	0	0
2.0838592810887633	-5.266860479550111	0	0	0
-0.3500775258572375	4.287459130246404	0	0	0
0.8872719282402812	-13.090573789229083	0	0	0
-2.2693077216124635	-3.1830109704840055	0	0	0
2.4779081491764003	-1.5603911758603246	0	0	0
-1.3878760952367841	5.619250485284198	0	0	0
-0.43482556918617377	-6.261202645898912	0	0	0
1.6305593889713421	-8.257318685482126	0	0	0
-0.9730200550741586	7.166369306359634	0	0	0
-3.08927933931988	-4.455573536567783	0	0	0
7.367238679988795	17.096591010466604	0	0	0
-6.874895674030171	-23.222438016543215	0	0	0
3.4189956542066824	3.6309181957001044	0	0	0
-2.4933433999851786	-10.46878670783665	0	0	0
2.25982736696497	-5.390976990961754	0	0	0
1.4966654622682682	-5.696526556550552	0	0	0
-7.811023770143954	5.008454928665678	0	0	0
9.494128712767086	-9.157164768542316	0	0	0
-5.031534997498369	14.019751843677092	0	0	0
2.020638515705599	4.030963073765172	0	0	0
-2.086385068374355	-5.609162370691216	0	0	0
1.5744708938530962	2.966740263758247	0	0	0
-0.6690337515797253	-9.930271794681545	0	0	0
2.466957619717448	-4.527571102683659	0	0	0
-5.080696319572276	-4.340577557194777	0	0	0
5.010406173643915	2.8053903169391745	0	0	0
-1.924244560012525	-2.243234725045909	0	0	0
-1.4451669443842903	6.061722837083124	0	0	0
3.626969070090148	6.699182945963322	0	0	0
-4.214851101040992	0	0	0	0
3.481077977621297	0	0	0	0
-0.6984819629296624	0	0	0	0
-0.7534913611606484	0	0	0	0
-0.23481949771806399	0	0	0	0
0.043304393875715164	0	0	0	0
1.1476844316103367	0	0	0	0
-1.5589330879642915	0	0	0	0
1.2206337878314457	0	0	0	0
-0.37271373829392473	0	0	0	0
-0.13925776016215963	0	0	0	0
0.056740113506613454	0	0	0	0
1.3324297222994588	0	0	0	0
-2.3434281313533276	0	0	0	0
0.29053502154479105	0	0	0	0
1.6126485082515671	0	0	0	0
-0.7214487548894013	0	0	0	0
-0.3805916014716715	0	0	0	0
1.3344178026361462	0	0	0	0
-3.364472142883976	0	0	0	0
4.094862653540737	0	0	0	0
-0.9283798210256791	0	0	0	0
-4.319659409245091	0	0	0	0
7.70770302304858	0	0	0	0
-6.151710794583572	0	0	0	0
1.1563171594219384	0	0	0	0
1.7332947716266887	0	0	0	0
-3.2745887407444414	0	0	0	0
4.924873901905002	0	0	0	0
-4.294266316964631	0	0	0	0
2.3823765974631286	0	0	0	0
0.45584389856723817	0	0	0	0
-3.590647338877588	0	0	0	0
2.635877185686539	0	0	0	0
0.2815308168548185	0	0	0	0
0.9940198842213377	0	0	0	0
-2.6909179912515455	0	0	0	0
0.6406219652634277	0	0	0	0
-0.32081785774705907	0	0	0	0
3.210738494239031	0	0	0	0
-1.773756959508404	0	0	0	0
-3.408764828329609	0	0	0	0
3.171658040841095	0	0	0	0
1.6583033990101441	0	0	0	0
-2.465037923836867	0	0	0	0
-0.7366645132076783	0	0	0	0
4.301484133870275	0	0	0	0
-5.802388100474538	0	0	0	0
4.646621048201972	0	0	0	0
-2.728979873621846	0	0	0	0
2.2089728009687306	0	0	0	0
-2.7127499233542096	0	0	0	0
3.8907552147676583	0	0	0	0
-5.990869854642568	0	0	0	0
7.114996227561363	0	0	0	0
-4.919442909841081	0	0	0	0
-0.0683210162344352	0	0	0	0
2.2085310547248653	0	0	0	0
-0.6923471800352488	0	0	0	0
-1.9446929016528003	0	0	0	0
5.180291181430192	0	0	0	0
-7.946860166100706	0	0	0	0
8.360648465156203	0	0	0	0
-6.395769579724124	0	0	0	0
4.150619694862932	0	0	0	0
-2.5530460106631523	0	0	0	0
0.5070867903096357	0	0	0	0
1.2933434668952373	0	0	0	0
-2.8231371003262637	0	0	0	0
4.8248095806018725	0	0	0	0
-5.760594667326835	0	0	0	0
4.337598704914619	0	0	0	0
-0.6075176265911679	0	0	0	0
-3.246099701455975	0	0	0	0
2.836199323086163	0	0	0	0
0.5845855080081819	0	0	0	0
-1.2179803116774366	0	0	0	0
0.0475360636732205	0	0	0	0
1.0326210514372676	0	0	0	0
-1.2822700303865417	0	0	0	0
0.8307556733367889	0	0	0	0
-0.5829293492967906	0	0	0	0
1.0924674270404182	0	0	0	0
-0.6017934286421962	0	0	0	0
-0.6555801500143801	0	0	0	0
1.510800959438825	0	0	0	0
-1.4657300023319948	0	0	0	0
0.3251154065623112	0	0	0	0
0.8354128040555295	0	0	0	0
-0.6926334846010249	0	0	0	0
0.24717546871085716	0	0	0	0
-0.8317444922773589	0	0	0	0
0.6656232041385692	0	0	0	0
2.7298448058931015	0	0	0	0
-8.491875665172095	0	0	0	0
9.842758300288047	0	0	0	0
-4.583021815414725	0	0	0	0
0.07456175075078875	0	0	0	0
1.493232472810881	0	0	0	0
-3.083313073310876	0	0	0	0
4.182280379427922	0	0	0	0
-4.125936262529052	0	0	0	0
5.508102990971032	0	0	0	0
-7.184135411840536	0	0	0	0
5.315217995421179	0	0	0	0
-1.4898966049960478	0	0	0	0
0.1815853145113735	0	0	0	0
-1.9244936169294888	0	0	0	0
3.2760670146502093	0	0	0	0
-2.12013657940642	0	0	0	0
0.8529559118179151	0	0	0	0
0.3437105656249173	0	0	0	0
-0.768275906818026	0	0	0	0
0.18127140732828906	0	0	0	0
1.61800920521258	0	0	0	0
-2.1479930899497646	0	0	0	0
1.4038143599092052	0	0	0	0
-1.0236265703658063	0	0	0	0
1.6527492005833793	0	0	0	0
-2.257106651415633	0	0	0	0
0.6536834298993099	0	0	0	0
0.4360994273099692	0	0	0	0
-0.29330818659676794	0	0	0	0
-0.306453892192323	0	0	0	0
0.36667047156126387	0	0	0	0
-0.6557600166153321	0	0	0	0
