-0.04508808670728115	-0.593275827390336	-0.4655460872865973	0.16953655201686502	16899.355585955997
0.2611257876657973	-2.0588114553140215	-1.44623953903141	0.5241922573492843	16899.291907145664
-0.18545023909261715	-1.1545089252612044	0.1256399498799965	-0.7315700674716226	16899.49694621833
0.6221860061562197	-0.06471210224310653	2.1539568879646254	-0.942514508099535	16899.533211881782
-0.4220274882210262	-2.653443080940569	2.5047588594837293	0.12297754107790126	16898.903655098933
0.3016029626904384	2.205741110206027	0.15450220505698553	3.6124235879044733	16900.792811776868
-0.8076426163035393	-2.2155780685442394	2.925868507290673	-0.2352447663356969	16904.787387397075
0.818665515527961	0.5300431321064067	-0.9589396142378632	-4.009278609040663	16911.300694208447
0.051161862276750014	-2.001242875650874	-2.358319850968087	-1.8832149895849284	16902.822938963505
-0.11706993813069744	0.09339926282682853	-2.9024379123634105	1.4308351146687528	16902.09690013776
-0.4533748192854148	-3.617426824004106	2.463757958087484	-1.0782090242332174	16900.039398151333
0.39335995048849526	-0.5091724136856612	1.703067073182865	-1.6706604687921782	16903.90971701582
0.15194753646838421	1.2825599791249545	-0.9970683639077436	2.3334029648266608	16900.314837625592
-0.3351551336810985	4.558208671278429	2.0721070329566373	-5.027829832238297	16902.85672854361
0.3136628455070678	-0.3867087253317365	2.2697741517801546	-1.355621665494951	16906.775998468307
-0.20226301974215488	-1.122777664576418	-3.336589115278116	-1.2540719107210379	16907.296701030937
0.07499662078049596	1.1116789606638449	-3.5320520025397713	-1.040003703243002	16905.61950064277
0.33435562195909085	-3.0133819154483064	-0.3882499611616055	-0.3385219903410501	16896.862889331067
-0.6308627365065291	2.2612603909849085	0.6706753852988498	0.981707623884617	16894.99316349661
1.0126517649704496	-0.7664658167142946	2.25913920984533	1.0959611630272832	16894.39843127919
-1.3957946158531271	1.1147484778066215	2.468014099768979	-2.38203409710826	16896.70984946435
1.5273414741170583	1.0023985195611615	1.1410996738332102	-2.43774811901325	16894.57768585288
-1.0089843229389146	-0.9751794388422255	-1.4559861236377003	-1.0343743773236866	16895.707976726542
0.34628226735915035	-0.5948935416573775	-0.1958565050186678	-0.2656348995141258	16889.192223094444
0.4925920328364981	-0.47170202839958364	3.4304803137673474	-0.716036653080053	16888.068386662017
-1.4071919785467344	-0.1494356341433516	0.4155539052324144	-1.4415200396173162	16889.679619153998
1.8804357404916985	-1.0336335380264856	-0.02835281030266401	1.8725882265161005	16889.06363077498
-1.1961406351211892	2.9937687542048366	5.199668490452595	0.6091076765616918	16885.837883889817
0.6030222917946517	0.09840072345893702	-0.2439795905164175	-0.22332821870740815	16890.331459494773
-0.8178480375076234	-0.3698750549070695	1.3809066568524884	-1.807730001100822	16888.67479634667
0.8550598387001642	1.0470922699163765	-0.9897469019728931	1.2329965848589666	16884.894655145537
-0.24524765264538928	-0.3695608647861235	-0.6336814840383624	2.200227199494819	16886.83513479828
-0.3697244466682932	4.172421222392295	-3.115638100018188	1.8143262832862348	16892.67934385653
0.5038992962767139	-1.4713994942573976	-2.725588726925764	2.1343725580423154	16892.844524137363
-0.31558967131662996	2.6149699242389417	7.728445118996319	0.3469486983736658	16893.387847468985
-0.45899251307174893	-1.5839420850289798	6.117980414145592	-0.044650252947491254	16894.514529671913
0.9255135603371798	2.064237496808616	-1.461691360219433	-1.1197453291345738	16892.317457369954
-0.4450668302486491	-2.5926869914007113	-2.891106625045879	-2.3136483565236006	16893.742114683075
0.03300239664402227	0.15594806270189565	-3.792684832330238	0	0
-0.7105773136567848	1.4763082003535715	1.4565087399142556	0	0
1.3462841952624558	0.13956238062164772	2.7092723512603953	0	0
-1.0751598810591787	4.270457695744007	1.3820572303801697	0	0
0.504554403938144	2.816852387899573	0.37231444661181	0	0
0.057196189504686856	0.09978302840465147	0.05450480866294072	0	0
-0.7899483106589784	0.605172085485691	0.08331573019049188	0	0
1.422905126175408	-1.3875233998925225	-3.5648523368577685	0	0
-1.2185572253321766	3.26206930949251	-1.3787459293257314	0	0
0.8207811298943852	-2.3760615327739316	-1.0370344082725467	0	0
-0.24331481430321844	1.9168889986656197	-3.7294674252434845	0	0
-0.18193052435659496	1.3572713019330749	-0.43089610347293217	0	0
0.18058073447866718	3.964978312386407	3.1230963979762407	0	0
0.3504646972631207	-0.26689550636813664	-1.5870962958545363	0	0
-0.5096161890954747	0.5604182757295675	-1.9951252143144416	0	0
-0.19378578287908255	0.6874533203480482	1.8824384053068144	0	0
0.9331035818931852	1.5841996567828076	-1.2546153257438277	0	0
-0.8929635482213456	-2.3542874102264406	1.9103514004471123	0	0
0.6025251270432506	1.823727947437085	-1.0162960640156058	0	0
-0.9509411952991371	2.4683707134668893	1.21633850340055	0	0
1.0849530489599033	-1.5404476680049513	-1.2843647645421044	0	0
-0.9847667872394865	-1.8832696241756608	-0.113507881206516	0	0
0.7645798529058752	0.47822150409292163	-2.3986927943367533	0	0
-0.4749544060211335	0.42929491763503336	-0.1488846007936928	0	0
0.3445861370971528	1.014364358030356	-0.8320404681684579	0	0
-0.4418446143861203	0.07431264606961463	0.9514886054743954	0	0
0.20041527654991143	3.7673837843518	-0.8003653927615915	0	0
0.31562278922207554	-2.034782291315267	0.2804314749900385	0	0
-0.28802366553863123	3.171761021485594	0.2678992404610909	0	0
-0.4274962655480081	2.435188659528002	-0.39476307162512114	0	0
0.5910713192608554	1.3285420729305955	-0.0006922244029254898	0	0
-0.28718228983030514	1.061647860237322	0.6576828229972165	0	0
0.7171858033610832	0.41094473893058137	0	0	0
-1.4872484865549964	0.05634266479061978	0	0	0
1.3158701467451337	0.677380353353584	0	0	0
-0.19489624908933934	-0.30739372339397164	0	0	0
-0.7328748360512307	0.798521014823578	0	0	0
1.1875998562627856	-2.5729461924570174	0	0	0
-1.2770563650966125	1.5549430097340462	0	0	0
0.9332952055253756	0.717427325555029	0	0	0
-1.0235891962315407	-0.2293569472172976	0	0	0
1.2471946698989385	-1.0173642544580161	0	0	0
-1.2105183687063743	-1.1296874169927023	0	0	0
0.4736500606033971	-0.8638144752415613	0	0	0
0.2628771722826784	0.08590308673642255	0	0	0
-0.3897167487719173	-0.5995064504151415	0	0	0
0.25974874219540567	-0.22636294957751346	0	0	0
-0.24889576593204055	1.6846298904732393	0	0	0
-0.1488333252456826	-0.4399372866291742	0	0	0
-0.03206677369918509	1.0557796885063482	0	0	0
0.2929769992153268	-1.2541311635216417	0	0	0
-0.12759752459084694	2.5848596447546086	0	0	0
0.1765660289385238	0.6467909862965797	0	0	0
-0.9375443113046344	-1.3389387306993328	0	0	0
1.1217966339433758	0.20370027389861178	0	0	0
-0.48224236526988307	-1.3389161961829998	0	0	0
0.09880941848201985	1.378811655186155	0	0	0
-0.00022300932317875777	-0.8274535314930489	0	0	0
-0.12897808133297417	-1.26878222172369	0	0	0
0.40976909703788067	1.0001699779698257	0	0	0
0.33533021802359997	1.699537690938449	0	0	0
-1.3366911730467166	0.37329079933304854	0	0	0
1.359875883285845	0.27886835995128223	0	0	0
-0.38125184068468343	4.041298448910929	0	0	0
-0.5938556727723849	-0.018508833971637273	0	0	0
1.3277549230625496	-2.5706644016166464	0	0	0
-1.4743884395166305	2.877892780452619	0	0	0
0.7407282198110394	0.4983245851332896	0	0	0
0.127790667194148	2.0152514748130486	0	0	0
-0.7794458634292809	-0.06302997497719076	0	0	0
0.7582456406099851	-0.05542373901136699	0	0	0
-0.19472403013417505	-2.3177463910885905	0	0	0
-0.4328493957670645	2.6992301255512743	0	0	0
0.6846655140013809	-0.021039765525081577	0	0	0
-0.15219819422150493	-0.7235425332421102	0	0	0
-0.32493379388223786	-2.013407613656483	0	0	0
0.14527483980924671	-0.14808404505568973	0	0	0
0.2038238750286041	0.9964544220797578	0	0	0
-0.5350240726708293	1.0173655596165077	0	0	0
1.0093493981404364	0.9576448832947335	0	0	0
-1.1742969645751415	0.2436090253572445	0	0	0
0.8377771708464579	0.6863930919343346	0	0	0
-0.3739037816508741	-1.963865942226235	0	0	0
0.3795156857523665	-0.51950003217285	0	0	0
0.060537046600522615	0.30691709423165037	0	0	0
-0.13882619703093724	-1.5605336657823585	0	0	0
-0.32110751500042056	-2.5142772751889026	0	0	0
0.12376384432717913	0.4547867327690298	0	0	0
0.6401718327774333	-1.4034942656262288	0	0	0
-0.5958967662509025	0.3682624395444094	0	0	0
-0.32637281845938304	-0.8485727684953019	0	0	0
1.335723936344877	3.046495926109749	0	0	0
-1.21918137469482	-3.8048872714768223	0	0	0
0.1137797622588792	1.984131833952631	0	0	0
0.8108104001970347	-0.4523473916194831	0	0	0
-0.5966050134000085	0	0	0	0
-0.3696532280108258	0	0	0	0
0.5200756304308953	0	0	0	0
0.07497224222783672	0	0	0	0
-0.5556352072425312	0	0	0	0
0.21213209381850362	0	0	0	0
0.4282203654189871	0	0	0	0
-0.8762422503271168	0	0	0	0
0.8455214340963266	0	0	0	0
-0.8273474225027684	0	0	0	0
0.5361363406329716	0	0	0	0
-0.3354731226672314	0	0	0	0
-0.10756257999835839	0	0	0	0
0.852979445585504	0	0	0	0
-1.1045057405573289	0	0	0	0
0.42690175531816976	0	0	0	0
0.36320739298324156	0	0	0	0
-0.317451038072349	0	0	0	0
-0.6252513878323782	0	0	0	0
1.3083610308747424	0	0	0	0
-1.1437179495069145	0	0	0	0
0.7401105618601136	0	0	0	0
-0.06326207463420275	0	0	0	0
-0.4392264212033439	0	0	0	0
0.49696662733381913	0	0	0	0
-0.27542880676681136	0	0	0	0
0.3271576445681177	0	0	0	0
-0.5850244575581769	0	0	0	0
0.6497076269762587	0	0	0	0
-0.8133128456308967	0	0	0	0
0.8663736649836338	0	0	0	0
-0.5105227401845625	0	0	0	0
0.2863321645347412	0	0	0	0
-0.4500722502880734	0	0	0	0
0.6647584054063032	0	0	0	0
-0.03584473153422607	0	0	0	0
-0.1612739267751735	0	0	0	0
-0.04534047789893236	0	0	0	0
-0.144932514860038	0	0	0	0
0.23923243309119613	0	0	0	0
-0.18428290553978854	0	0	0	0
0.14485736531936055	0	0	0	0
0.2074587571277604	0	0	0	0
-0.6053537236850346	0	0	0	0
0.5636878741831595	0	0	0	0
-0.295571700293614	0	0	0	0
0.18627054103784957	0	0	0	0
-0.8107651941067431	0	0	0	0
0.9604076480368278	0	0	0	0
-0.6272468523396526	0	0	0	0
0.9014117221200451	0	0	0	0
-1.3667118685443782	0	0	0	0
1.0217217092435433	0	0	0	0
-0.29087868631764735	0	0	0	0
0.13805511078703603	0	0	0	0
-0.26958158657225795	0	0	0	0
0.3975573078864798	0	0	0	0
-0.6538154956819042	0	0	0	0
1.0422224468979095	0	0	0	0
-0.5322097638052767	0	0	0	0
0.09009875457461902	0	0	0	0
-0.10541765866972952	0	0	0	0
0.03185188269716832	0	0	0	0
-0.09620129640249786	0	0	0	0
0.6407193656337427	0	0	0	0
-1.2511881437335433	0	0	0	0
0.7093814248684538	0	0	0	0
0.453700686891068	0	0	0	0
-1.6224943438026145	0	0	0	0
2.4255147094770493	0	0	0	0
-2.1166202493445425	0	0	0	0
0.8808466259704844	0	0	0	0
0.1455807674280436	0	0	0	0
-0.2305485922288426	0	0	0	0
-0.13345590299091725	0	0	0	0
-0.20733634055925876	0	0	0	0
0.48350859267111446	0	0	0	0
-0.1686774945797751	0	0	0	0
0.23176395101810243	0	0	0	0
-0.4828503322595026	0	0	0	0
0.5082779964581761	0	0	0	0
-0.6650534206941288	0	0	0	0
1.0744505536192577	0	0	0	0
-1.4866857237351851	0	0	0	0
1.9132948841905772	0	0	0	0
-2.0811998303685257	0	0	0	0
1.723322410351905	0	0	0	0
-0.8436163874931992	0	0	0	0
0.01747444437366852	0	0	0	0
0.15877353037181052	0	0	0	0
-0.629228676470909	0	0	0	0
0.8037550087831704	0	0	0	0
-0.7603331482169082	0	0	0	0
0.843179058195382	0	0	0	0
-1.186198042389755	0	0	0	0
1.3023854960572478	0	0	0	0
-0.767862682782237	0	0	0	0
0.5816886425584897	0	0	0	0
-0.5626192823353122	0	0	0	0
0.0779924364681861	0	0	0	0
-0.02625448385614959	0	0	0	0
0.3599235989185132	0	0	0	0
-0.23970950913773947	0	0	0	0
0.10635770481910356	0	0	0	0
-0.4257950516327398	0	0	0	0
0.4303413782719758	0	0	0	0
0.04729332771582051	0	0	0	0
-0.5738977478051481	0	0	0	0
0.35259768701764926	0	0	0	0
-0.31224901897059	0	0	0	0
0.4087385311374234	0	0	0	0
-0.17656281379809968	0	0	0	0
0.10775969207951874	0	0	0	0
-0.47674081081073894	0	0	0	0
0.8158623568983643	0	0	0	0
-0.32220152223334253	0	0	0	0
-0.09824679603200082	0	0	0	0
0.36594105354422624	0	0	0	0
-0.5959266407552875	0	0	0	0
0.9335888916984629	0	0	0	0
-0.38228665986789423	0	0	0	0
-0.2134281921940726	0	0	0	0
0.16940243287199053	0	0	0	0
-0.047289692344619993	0	0	0	0
-0.17369994056787164	0	0	0	0
0.5421818537147303	0	0	0	0
