0.5407226604185738	9.327539725611139	-0.8604516386923393	-2.6550679968078867	16445.843633442393
-2.9703253788580497	31.96058267760636	-1.1144486129066706	-5.233349936755545	16452.346729231198
13.091058899854545	30.69573727974663	41.175286547352144	49.435932623242465	16449.73707398167
-20.962827966965385	-23.584404281307982	15.712869064099792	99.43653125235572	16445.648440792644
20.611771022886458	14.836439450512977	-0.10576105375471911	-19.85379810553728	16458.523117762543
-10.511262013550734	-19.11081822195849	22.091075318592445	-16.192253855425747	16421.818412604494
3.0715111674501543	19.441590706072027	-27.439045456999438	33.022830580614084	16814.638938563923
0.41397294215690295	-12.226150258037798	-7.1218666132939035	46.11988475844578	16961.734252782288
-3.46854414913971	-22.824880189296287	-28.349541360469644	39.098459056217166	17037.107906716097
5.0841495577523546	-52.79348114769085	32.11923501146359	-31.29159751611084	17061.80521781889
-2.470932162636295	-15.64629326620215	-70.6988541982661	16.552131253600777	17069.572878357667
-3.54259779479127	-7.614346423205767	15.383393453782787	32.351702070809694	17219.38061737416
8.592183647674766	21.985733303998565	26.664900483201748	10.347000041611494	17079.67496258219
-10.428052811683699	-20.581762596991922	-19.56136746952987	-30.591936092876637	16897.381820015602
12.05570596056809	18.605553488871905	1.6528401831354955	-18.720609167735944	16866.19795888468
-13.627622795678583	-12.69299977701339	-9.264172744525268	-22.966731927014862	16750.673273863456
10.660544870028765	-17.32782619852194	-42.1673561752397	-11.941467592266832	16730.54233184623
-2.6701021944072494	-8.145000540577286	18.61362693170983	-59.23536362325575	16653.88427427465
-4.647844078418075	-3.574991298003866	-50.60558584317688	10.359272605345623	16655.1913597283
11.371201570123851	4.017711375305453	54.81348607465293	33.943988759257564	16708.210342991744
-16.990432648269064	-57.72460549806847	76.83184984625798	-10.214147529387489	16917.48855613476
15.03722205581466	14.490022639314773	-27.271958305802727	-33.30406363094214	17082.444887785146
-5.73657004015368	-11.564144617959528	41.00925214664062	-89.66140810919882	17162.96315243666
-0.8773300516011702	16.36227809934659	-8.242364448656076	100.32201681978083	17195.25516656331
0.7117203297675019	2.8849834707141326	-75.70608241402363	31.45870814004536	17020.777724458167
1.6449675608263092	3.1422689577385228	32.37807002788075	7.698195878265835	17180.65696052267
-1.3274012041953256	-10.130042729498975	13.282500698955388	-28.1938284756599	17106.809889584587
0.5852709899028952	-24.714175476759245	16.491682658574746	27.91622923307699	17412.155016450215
-1.2414610390016634	-10.448438336594592	22.190236003928362	5.916606777257641	17435.09993128657
2.308488510240174	-20.259612183954587	-6.440045692720531	14.926640172431547	17423.892703701273
-2.5465574633795143	-17.730523344990516	-7.770960501773985	-28.489909538133787	17445.936994610438
3.258217412193133	-11.554200675700201	-3.0052344965328928	18.6349681098001	17337.40610051299
-2.8075343137365536	20.11596156759603	-15.735465197038494	-24.413149224248713	17098.676337372784
-0.6456927818684122	-28.176057763497404	14.997452334076371	30.818389445559376	16844.971481361266
3.4367031484911905	11.854624655832716	19.768310070599384	-18.989096759357025	16705.338739275285
-2.8588763639998973	3.2852108420343313	-22.97213052190635	6.910867333902843	16722.302110504465
2.94960211503232	-22.357447632209336	6.053502572625661	5.027959827379206	16702.46018862075
-2.1175928623692286	27.220431761682022	-7.684384439693403	-26.220681906778864	16652.83421168507
-5.335101841568871	39.65541801741624	-20.77428289045079	0	0
11.49008402797606	-46.82466547915547	9.158636742745287	0	0
-7.094892555315994	6.603421951291196	15.33479399369378	0	0
-3.1590952567269923	4.708080200223662	168.63090446122652	0	0
9.16090970114972	25.40974482575183	16.737198611037883	0	0
-11.841130203542711	-26.51708573714137	-105.62340401536093	0	0
11.49196298471982	10.520361335209486	-115.06970618050235	0	0
-8.436383574809064	-33.25034065707063	49.30725662609092	0	0
6.75148087524429	38.16094781229807	-12.672481861211324	0	0
-5.219393562813067	8.795399754154793	-34.96975775079842	0	0
4.415312506217582	-7.517723850100836	2.129492180998497	0	0
-5.144424703704132	-36.242702828834666	31.16221727287575	0	0
4.583624080412406	-17.641939385285298	4.408948663032419	0	0
-1.6755281453485154	-10.967550921301672	-22.454885910908843	0	0
-2.949694589569468	19.691592338585735	8.11340352953988	0	0
6.8713525162963975	-39.00234368167582	17.46168620495338	0	0
-7.373850445604113	29.990989123644518	0.8663057824720681	0	0
7.091974589551526	15.963691472426632	-14.960593741864727	0	0
-6.25169521552759	-15.313356201583062	-20.90281016325281	0	0
1.9284607071996405	9.567340327308372	43.33427114421475	0	0
2.579051012554558	15.415358653893072	9.63590410382362	0	0
-1.9424237638402033	-30.383712888081163	-54.31061485785045	0	0
-0.4388583506159591	-4.216060912958234	-0.7841064450258557	0	0
-0.7673217319738086	-6.045719293042282	16.4558049417151	0	0
5.198513173991657	6.327815526272815	46.82943773309513	0	0
-5.353954608330078	18.558529545859024	-17.001847824882176	0	0
-0.6481840915988926	1.0482067192354165	1.4012583828140919	0	0
6.433252420386431	15.294709564016912	-2.6327557463010436	0	0
-6.658680055344085	-23.050387236817812	3.8325646745789186	0	0
3.1392213582894684	-21.839159203208865	-2.5184675099840064	0	0
0.0692101590751335	0.2988045924772962	1.9462809823142635	0	0
0.9084121935256988	-29.236537265138793	1.8898304602754337	0	0
-8.438373551392232	7.058711006547227	0	0	0
13.51514977665466	-23.765258105915294	0	0	0
-11.38292470917633	1.8835868195707235	0	0	0
11.020363508713217	6.630625549042719	0	0	0
-6.679944426201203	-49.89286299240548	0	0	0
-5.113417934003024	-11.042457859442933	0	0	0
9.761799858610615	-0.6835312809517688	0	0	0
-6.853932323958851	-32.6401917345939	0	0	0
7.346283663322566	39.53378836288847	0	0	0
-8.91448257222055	-24.93593701024031	0	0	0
6.46170609903794	122.02733342193324	0	0	0
-0.4893172700604822	16.428678328457863	0	0	0
-4.196463237316308	-7.020102160816542	0	0	0
5.459213112885841	-2.15912470426035	0	0	0
-7.074391475688508	-19.74781824614243	0	0	0
10.155561765837234	136.0707717809085	0	0	0
-8.197591709719568	63.14515750096952	0	0	0
6.2477618702338305	-4.7792096912026665	0	0	0
-11.878406080546057	34.00431701172778	0	0	0
13.774135859015693	7.391187192357378	0	0	0
-6.878872032510927	12.202587454411237	0	0	0
1.1385378644989714	-26.068144511940474	0	0	0
4.015523849327245	14.08792074157364	0	0	0
-11.001938807448177	-4.707741348758802	0	0	0
14.215948264802819	-3.6337824566188885	0	0	0
-14.077090736412238	5.7067391495393025	0	0	0
10.186100560205865	10.08439144355404	0	0	0
-1.9544705494731858	-0.2393323644690355	0	0	0
-2.812524927382789	22.834342517442053	0	0	0
1.8507297289318743	-20.815645138239745	0	0	0
-1.0533729401555831	27.86347952364474	0	0	0
2.43037829969704	8.82001831767488	0	0	0
-2.380554448241895	20.898656618956934	0	0	0
1.6061064378874335	2.3427495902022457	0	0	0
-5.793036594344109	0.2569494468810376	0	0	0
14.220777884927564	2.9148379184187974	0	0	0
-16.934183018638024	11.068465049215717	0	0	0
12.531565561073599	-6.522240318450372	0	0	0
-7.648430886644093	-29.638891068750766	0	0	0
5.757401418172357	40.33967582752231	0	0	0
-5.754959091789225	-11.844955201122943	0	0	0
6.488276647196535	6.967925543289084	0	0	0
-4.447038640850231	-15.91254622486656	0	0	0
-0.213944707630489	8.78118485111034	0	0	0
5.477911031407984	11.438709944442849	0	0	0
-6.958571474767076	-9.504550438680504	0	0	0
3.7950698266776257	2.9199626003024832	0	0	0
-1.1221003574571	-1.3948401286087702	0	0	0
2.0628409566665056	-14.068862202721249	0	0	0
-4.683615395901377	4.913151011111026	0	0	0
7.055480655083024	-17.228589591629834	0	0	0
-7.990401802388483	-3.0675611944523737	0	0	0
9.11410503743894	-1.199681275193008	0	0	0
-10.026156706087214	-14.630360944063462	0	0	0
11.80002628568755	12.290957248332127	0	0	0
-12.132828090865132	-28.805939250092692	0	0	0
7.748686240561781	-18.255398379123832	0	0	0
-2.4127106205070916	4.013066400346837	0	0	0
0.6494868647176446	24.023668474274906	0	0	0
1.2077011753041091	18.32434273710703	0	0	0
-3.3296200936436904	-32.21127187780233	0	0	0
4.726525302813066	-14.398742202849917	0	0	0
-6.9077845576639945	7.169048536110758	0	0	0
6.592299563514864	0	0	0	0
-1.191686859705868	0	0	0	0
-2.8782894883787833	0	0	0	0
1.7595869628106229	0	0	0	0
-0.06144203437608553	0	0	0	0
1.0336905759480643	0	0	0	0
-2.274572046805993	0	0	0	0
0.35520274098409743	0	0	0	0
4.982727603988181	0	0	0	0
-10.683926598058406	0	0	0	0
12.341968505013298	0	0	0	0
-8.340333521144892	0	0	0	0
0.5236536024209073	0	0	0	0
3.427022428239191	0	0	0	0
-1.0930205463828386	0	0	0	0
-0.7908049365853245	0	0	0	0
-1.882249798073623	0	0	0	0
6.584537370018005	0	0	0	0
-9.387830073109619	0	0	0	0
5.474649678426843	0	0	0	0
-0.28135632453358284	0	0	0	0
1.6158023542928461	0	0	0	0
-6.98026378711689	0	0	0	0
-0.23712872728057732	0	0	0	0
22.26627989004517	0	0	0	0
-35.04602075061097	0	0	0	0
19.93473746057608	0	0	0	0
-0.29909783969382175	0	0	0	0
0.1558978500689392	0	0	0	0
-5.902034517596995	0	0	0	0
5.5017399263717195	0	0	0	0
-4.438210271675288	0	0	0	0
1.6635533482456424	0	0	0	0
-7.39684862992582	0	0	0	0
27.470561637346478	0	0	0	0
-42.422708246729194	0	0	0	0
32.426252065330495	0	0	0	0
-16.102042546685233	0	0	0	0
12.49970933337702	0	0	0	0
-12.184401296384706	0	0	0	0
8.552519301151364	0	0	0	0
-3.4767390404061516	0	0	0	0
-0.272768324369558	0	0	0	0
-0.5004673614166748	0	0	0	0
0.36784326137301804	0	0	0	0
3.264580103340471	0	0	0	0
-6.310202663698746	0	0	0	0
4.890251912481418	0	0	0	0
-1.8928342306422579	0	0	0	0
2.540236685221622	0	0	0	0
-2.2269053185475727	0	0	0	0
-1.2913575507683035	0	0	0	0
4.112695600457414	0	0	0	0
-7.350941948177692	0	0	0	0
9.544267407373134	0	0	0	0
-9.27297726066066	0	0	0	0
9.275792601313142	0	0	0	0
-8.6155411041034	0	0	0	0
5.476731031965976	0	0	0	0
-2.4449434896620588	0	0	0	0
-1.3956664600518778	0	0	0	0
8.345450724246945	0	0	0	0
-13.390552568854048	0	0	0	0
9.967964320482736	0	0	0	0
-2.4001703712811633	0	0	0	0
-2.4299386709070987	0	0	0	0
5.468400136246224	0	0	0	0
-8.269576211404676	0	0	0	0
8.745570176160136	0	0	0	0
-6.9458906552852895	0	0	0	0
2.814865294966843	0	0	0	0
0.8562598448471022	0	0	0	0
-0.7596347988798939	0	0	0	0
0.0700700599301598	0	0	0	0
-1.4688607804559197	0	0	0	0
4.23355284543198	0	0	0	0
-6.041858992601803	0	0	0	0
7.4882423692869295	0	0	0	0
-10.071556796223597	0	0	0	0
11.621887137933996	0	0	0	0
-10.407491621840443	0	0	0	0
7.048802204038871	0	0	0	0
-1.739446861913784	0	0	0	0
1.936419734500248	0	0	0	0
-6.818490993934937	0	0	0	0
6.37482849528584	0	0	0	0
0.14831188486538593	0	0	0	0
-5.796381333167922	0	0	0	0
9.980439242270826	0	0	0	0
-14.411162688898756	0	0	0	0
12.507686655359151	0	0	0	0
-5.445054437666641	0	0	0	0
1.0474471782425425	0	0	0	0
2.193958333374418	0	0	0	0
-3.2080767760200644	0	0	0	0
0.38001187253696145	0	0	0	0
0.03974674665015954	0	0	0	0
1.5579588606463872	0	0	0	0
-0.6536000041603529	0	0	0	0
-0.30721227467368095	0	0	0	0
-0.5690649884172387	0	0	0	0
0.6186836275400651	0	0	0	0
-0.01356058071922206	0	0	0	0
2.4994785506470762	0	0	0	0
-5.723781914577678	0	0	0	0
6.280736325388787	0	0	0	0
-6.699903880242154	0	0	0	0
7.03292021105846	0	0	0	0
-4.265768812432597	0	0	0	0
1.9778209403790115	0	0	0	0
-2.8610667133838774	0	0	0	0
1.8686507776167147	0	0	0	0
0.9590165346412007	0	0	0	0
-0.9147819811021947	0	0	0	0
-0.19217516624152609	0	0	0	0
-0.886760252810376	0	0	0	0
3.0213441163402734	0	0	0	0
-4.951660982088548	0	0	0	0
5.7721121227184895	0	0	0	0
-6.056017342912973	0	0	0	0
6.197099761987793	0	0	0	0
-6.393161458633529	0	0	0	0
2.923769186281568	0	0	0	0
0.36727533398310896	0	0	0	0
-3.2757074614999766	0	0	0	0
7.111278427933385	0	0	0	0
