0.015562484195520199	0.1629699937293907	0.21015844658471394	-0.33658477039028867	17867.341081813665
0.7014990036734616	0.6855857239367396	0.8476106792354869	-1.4352755292070754	17864.799736243112
3.4732894864449335	5.0121716960292275	-0.6804759654125121	-18.245109942362376	17863.779110989213
-5.855980989440141	14.450155985950843	31.633674405754917	-2.977848733512417	17868.61421910893
8.510190475222792	-5.838826796644895	-40.812105314885855	-41.11894026546926	17849.885874838485
-8.485079319401159	-7.939048252774072	8.45189832645518	26.41026463975561	17924.107529319128
5.9874876448826555	-12.69515944860116	-17.80763606397511	-68.55734735242368	17933.15557425512
-4.446546475335154	-7.430409802110944	-1.542449896117958	-8.341161334653577	17885.408287354327
3.035689431273731	-2.057537001399041	21.92956416658525	-3.650621682009472	17816.548401978103
-1.273346061859364	15.968087925907057	-23.81806769529551	8.12423912595824	17327.934165794773
-0.08707538573807483	5.040697920260058	-35.45995931619247	8.929002189420714	17429.809038069987
3.8585974285067337	-12.205463536462233	-12.58822843103917	16.93563231846818	17478.317610466725
-7.150010473430818	-10.481329368451497	-10.648392019348861	-85.59212191781563	17423.961931371763
7.413988597419703	2.49476364979796	-8.361133095893436	27.912148116208584	17310.80832776818
-7.268408929434777	1.0771682181124334	-7.974985612037756	25.14950306971508	17492.473533688855
7.362519221475424	1.8263811197769826	-5.389694933059246	-13.615580623767016	17296.45227414322
-6.883396813338969	-17.458499307742954	-18.442478310628786	17.141296549406178	17152.19112754526
4.633774305141991	-32.965715544402315	-14.851346474800593	6.661988856573402	17154.539476826954
-1.8212305027025906	3.356015237176166	-4.29821552785431	-7.582159824000854	17100.990969628787
1.1384720101654437	14.544810147521247	-28.781224839229537	31.62725907312904	17120.574716404753
-1.9265181702516543	13.69284485580313	-7.908571278516831	-29.766729801416204	17168.361697828495
1.9181010791168234	-16.45871360878529	4.2773802600517	31.13148451037395	17138.65083834986
-2.305075331591503	30.997917222680286	20.15501877244705	-12.046690172695605	17021.053411696314
2.8839947693231665	-19.840916228333896	2.8554627251111526	-20.74820391155005	17076.610040673128
-2.9609544575612645	15.85898348022208	-22.25228655843044	43.053391135577755	17248.089346969184
3.305103703486914	-12.68768717337609	-18.730049929378296	-51.70757437769967	17263.88003176466
-4.610916926250987	16.522444896272262	-12.696238425513926	17.11265842707033	17245.71784424789
5.241897432713834	-1.175447844557283	-14.282399111843091	-61.338813958029505	17190.93057259397
-4.840500671421381	8.53015980962384	-2.5621683124256407	-22.00417788066619	17103.595367122114
3.5791123058851753	-7.616909502520386	32.390112904015794	50.599412165849	17058.01024146554
-2.1886419040778335	1.3091491998915927	-12.256876414791137	6.251520273407664	16980.92047652872
2.7335704393722793	-8.70964911432219	16.510905320121324	-2.3563311113352228	16945.548699563966
-5.94984081955392	-6.216175166164106	-1.4803056207022962	23.10099201917275	17042.727054478117
7.653170861834788	5.896302003921036	6.2805738533839275	94.23356900012979	17132.805793648786
-7.378017411934707	-9.429441051754722	-16.144471550426275	-183.6951741978197	16974.008902607853
9.754112982180537	-2.809604480544351	3.558820889818705	73.95809237517247	17083.7922529987
-12.199828900243268	1.129314906974713	3.0340737552264585	132.6797105648295	16558.95299745818
9.328417149568843	10.257446285166765	-27.288412649419797	-158.78387318423387	15846.00040012439
-3.4062535459139127	-15.033630691710783	-27.362191256751558	0	0
1.984527804713636	11.217975091737515	13.909027383606599	0	0
-5.815205259393338	-32.718758543113736	2.253236829409772	0	0
8.152671630817977	1.5439539095968087	32.14340832101114	0	0
-4.044066884541728	2.1431284039333036	-7.1809977302666255	0	0
0.6540475970665227	-1.9763126869218866	-11.001609237946141	0	0
-2.0519817510891514	-1.6991934689307442	18.905045274696576	0	0
2.8422110759494075	-13.160407436117737	-9.63313529267677	0	0
-0.9079310506903866	-1.0013404086031272	26.874098634032165	0	0
-0.011486892993453068	-15.573165525603542	16.870687873954097	0	0
-2.5588751179508122	2.10535286915929	8.721764395992992	0	0
5.482872106416082	-12.939950321832171	-25.223588176633726	0	0
-4.351138417371629	-4.474091653081018	-32.79381139272604	0	0
1.3521764018141624	1.5437428362796197	37.91349381518897	0	0
0.7523777394990603	-4.106927636097453	24.047138267720428	0	0
-2.5729295818714704	-1.1358921782113924	-28.71164342907285	0	0
4.3757950944423385	-20.16016491167848	11.392694942307457	0	0
-3.9540908712884075	14.101691422129164	-11.306113640714756	0	0
1.1444125726865408	-9.623247679082098	19.08029180900199	0	0
-0.1362566355548438	-0.9106850449700019	-29.458805713742734	0	0
1.376188430257109	1.623633933616432	11.566929291221527	0	0
-2.2106313096987407	-15.173487934212801	-21.760205043432634	0	0
1.5451389949028282	-2.6319017633457378	32.1740789064568	0	0
-0.4530716829382655	-5.284850856850738	9.680304270319965	0	0
-1.6124991118634853	4.761922804928858	-5.747347993481171	0	0
4.489413424900846	-5.827941434839772	-14.915584273142827	0	0
-5.609902554602712	-5.572295128862393	11.249989757740323	0	0
3.522284212007577	-2.0771094747573926	-160.93401605701928	0	0
-1.2102087920354379	4.664721804317736	80.98345232562214	0	0
0.3399725452005242	-3.7147494751262258	-40.484577160534656	0	0
0.08701905257532871	0.734248647592878	163.6733941287954	0	0
-1.5558071645203952	22.191468780938095	-68.72533073983195	0	0
2.9859143786173874	0.5101987832602504	0	0	0
-0.9812753299524388	5.657291686152533	0	0	0
-0.6209515077524017	-11.094753996774969	0	0	0
-1.2968951320460178	-1.151449380200276	0	0	0
1.8301795562003278	7.665851200533652	0	0	0
-0.5467784651909042	7.33879717419957	0	0	0
3.0824555888724205	-17.5723316631074	0	0	0
-7.499367807444251	10.942624598409274	0	0	0
6.799332882215232	10.433386042874531	0	0	0
-3.6302413882674074	27.62191567512849	0	0	0
1.6610624051124745	-7.786338682739057	0	0	0
1.0370386842301826	13.65225016589389	0	0	0
-3.7872131113112957	2.4895874297367016	0	0	0
3.992960848503934	-7.011014801605128	0	0	0
-3.3541163376503818	8.197187148296265	0	0	0
3.807066872337998	10.258829722104196	0	0	0
-4.354691179795488	-2.6673338329815977	0	0	0
5.5632139217185	-8.706972996412972	0	0	0
-8.372141770429614	-0.5451020235532553	0	0	0
9.885572715047893	-6.176666836194485	0	0	0
-8.652099563096215	-7.121029767046437	0	0	0
7.931344809183578	-1.8739550112261156	0	0	0
-9.306768426866377	-5.250573474642522	0	0	0
8.38214758069352	-10.504962580343289	0	0	0
-4.31913332472061	-3.782921954897134	0	0	0
2.45577730501158	-1.6605436659272073	0	0	0
-2.9055085700262993	20.453825584571405	0	0	0
2.109806129979731	-9.289912414596088	0	0	0
-1.6704432945837908	-18.748898793668502	0	0	0
2.8894211074157923	29.24672682906946	0	0	0
-3.5551720190276583	-21.93764917460797	0	0	0
1.5298794468538262	17.68667155476468	0	0	0
0.9519989997403542	-10.22456588085312	0	0	0
-1.6044423411562505	-10.17252028369272	0	0	0
2.4188779481852407	6.7130171813277	0	0	0
-3.177421082364475	5.055910754147639	0	0	0
0.560142559506815	-2.0908200799776324	0	0	0
2.615198716383432	-2.34069503135359	0	0	0
-2.5228296910149197	-0.7926278765049446	0	0	0
2.517103419599522	8.849290339166721	0	0	0
-3.956497022645472	-7.937723095502811	0	0	0
3.3895291931876557	-4.353654465031568	0	0	0
-1.5635514952926144	-1.7659013087544082	0	0	0
0.04036113658051477	1.360620411717072	0	0	0
1.5779723367459297	-13.908626268019972	0	0	0
-2.6594367430163928	1.0239142824188292	0	0	0
2.3046413305172706	-1.557780227063489	0	0	0
-0.5467506668001079	12.164918832997827	0	0	0
-0.2569320318653894	-5.810607928409155	0	0	0
-0.4540260148474644	-2.5620034328987487	0	0	0
0.8243792752625794	13.117397153389447	0	0	0
-0.19709377116121374	3.980863076326287	0	0	0
0.4067142589881385	1.0347276298178727	0	0	0
-1.0605013158412717	2.629938953304986	0	0	0
0.38697761921489615	5.550058626797458	0	0	0
1.9692641728331068	-12.706908918465565	0	0	0
-3.970155969929557	-12.134388556091174	0	0	0
5.087170296388159	-25.183655183753288	0	0	0
-6.143014498980563	37.03000979916773	0	0	0
5.526752450117897	-5.8248973022095925	0	0	0
-4.747269437438476	0.5108728080202241	0	0	0
5.0154851564689835	-29.633099690980977	0	0	0
-5.763662442364492	39.75654818457428	0	0	0
6.537361328782318	0	0	0	0
-7.938265577525968	0	0	0	0
8.487726692476386	0	0	0	0
-6.470948816847539	0	0	0	0
3.228113824272235	0	0	0	0
-1.514273210808284	0	0	0	0
-0.06266819875068563	0	0	0	0
2.403963132479859	0	0	0	0
-5.625783786661735	0	0	0	0
7.646494592272333	0	0	0	0
-5.505610963290941	0	0	0	0
1.3870515054828303	0	0	0	0
-1.8421984160697704	0	0	0	0
4.44709296510166	0	0	0	0
-5.852242224729736	0	0	0	0
8.677124598870797	0	0	0	0
-10.705886855840511	0	0	0	0
8.972637934400765	0	0	0	0
-5.383071667409041	0	0	0	0
2.955528458185313	0	0	0	0
-2.032575047550303	0	0	0	0
0.3894838912120946	0	0	0	0
-0.25973335082857574	0	0	0	0
3.298291290508658	0	0	0	0
-3.9412921429204815	0	0	0	0
0.7017870883076824	0	0	0	0
0.999391927739417	0	0	0	0
0.2192546710332124	0	0	0	0
-2.274503965193084	0	0	0	0
4.29797395475898	0	0	0	0
-4.599229466757144	0	0	0	0
2.9397739107865917	0	0	0	0
-1.4282273879857144	0	0	0	0
0.6775159889369533	0	0	0	0
-0.9069482779630249	0	0	0	0
1.270446101087245	0	0	0	0
-0.4662860584554167	0	0	0	0
-0.4554066898079725	0	0	0	0
-0.21888324420880423	0	0	0	0
0.9893639211321812	0	0	0	0
-1.0319649637863861	0	0	0	0
1.516898705131851	0	0	0	0
-2.252249672479884	0	0	0	0
3.3234659149257837	0	0	0	0
-3.731966763857578	0	0	0	0
2.584607562240123	0	0	0	0
-2.6942608294770594	0	0	0	0
3.213821078243676	0	0	0	0
-0.93194367930505	0	0	0	0
-1.1821693665921629	0	0	0	0
-0.05397236687279161	0	0	0	0
1.1336230900322377	0	0	0	0
0.1286704627572064	0	0	0	0
-1.9936773626093753	0	0	0	0
3.33942184374159	0	0	0	0
-4.23235793230284	0	0	0	0
2.5301908022935393	0	0	0	0
1.7451210643264403	0	0	0	0
-3.4992665043500537	0	0	0	0
1.6968235854453795	0	0	0	0
-0.13448705962332497	0	0	0	0
-2.904826071856803	0	0	0	0
5.926481188066461	0	0	0	0
-3.6558344212356957	0	0	0	0
0.7129672608665274	0	0	0	0
-3.6890803862212067	0	0	0	0
5.777493981497685	0	0	0	0
-3.6531361041526367	0	0	0	0
3.433783054551114	0	0	0	0
-5.194571340522899	0	0	0	0
6.8841096935602195	0	0	0	0
-9.273831466666543	0	0	0	0
9.50135491557812	0	0	0	0
-7.5024264710935995	0	0	0	0
5.829601232085736	0	0	0	0
-4.102395124923206	0	0	0	0
2.3556880740975714	0	0	0	0
-1.066636538804623	0	0	0	0
0.360335503209015	0	0	0	0
-0.6501537853821873	0	0	0	0
1.6474960359691693	0	0	0	0
-3.884925152622486	0	0	0	0
5.521784640738758	0	0	0	0
-4.1712128329962255	0	0	0	0
1.5259312366886704	0	0	0	0
-0.38767494053918483	0	0	0	0
0.0678608557437812	0	0	0	0
-0.9790217220388371	0	0	0	0
1.7218882175571153	0	0	0	0
-1.6053557274357573	0	0	0	0
1.6189027971748118	0	0	0	0
-0.2582045741276815	0	0	0	0
-1.2319378546993178	0	0	0	0
0.05203949301649402	0	0	0	0
2.9125906437340916	0	0	0	0
-5.513317946455977	0	0	0	0
5.258804548367003	0	0	0	0
-3.8601766113853415	0	0	0	0
3.341307996253377	0	0	0	0
-2.770096106922722	0	0	0	0
3.3086992060036025	0	0	0	0
-5.790919761535655	0	0	0	0
6.098253227155091	0	0	0	0
-4.522497817431933	0	0	0	0
4.408292314677517	0	0	0	0
-3.1918166533177654	0	0	0	0
0.7237600144732497	0	0	0	0
0.9451146253703087	0	0	0	0
-1.4329189877398676	0	0	0	0
0.9945408016444901	0	0	0	0
0.4700366883381335	0	0	0	0
-2.0051873120097383	0	0	0	0
2.3362444895020715	0	0	0	0
-1.483907672822248	0	0	0	0
1.3111125239999595	0	0	0	0
-2.4849547194049038	0	0	0	0
3.658339403261408	0	0	0	0
-4.187360255268985	0	0	0	0
8.819046254387736	0	0	0	0
-17.978211094407804	0	0	0	0
14.953778470096658	0	0	0	0
-2.148317216595167	0	0	0	0
-1.1375218520934425	0	0	0	0
0.11787680267380551	0	0	0	0
-0.07521687521069964	0	0	0	0
-0.7912647221645344	0	0	0	0
