0.5149188509625873	1.3280076038638455	7.677164656132106	-1.0123317390685855	16874.493908321067
-1.9437576897623927	6.055922271595378	24.343084816324136	-4.171892647862165	16874.626268543554
-0.8025987733832096	10.632147258746123	-9.93221511949146	-2.207086120451976	16872.419429315945
2.548511062073622	-1.7098573465889118	-29.908176983184177	-29.78647940772281	16872.017987116975
-4.306984599161638	-13.76418296065848	8.9076033883224	1.5267142835743783	16883.54008717628
3.593632931533577	7.674213134128522	-1.0516661852489904	2.2330216845027024	16844.470041329736
-3.159101877751766	4.341895454184801	0.8128007445608176	-0.20229232711693612	16857.6220538403
5.111690854551753	3.9536338678693426	1.1230112838675836	-7.27159064349452	16846.634776713876
-6.133402870548515	-2.1079936433939253	5.407021790978277	-17.71458745641786	16853.537021164266
4.467849720490726	-5.745057860397495	15.323642527057373	28.533778305346104	16898.00008788614
-2.2933046117971045	-10.969005171972917	-3.3300844106139067	2.163249214567088	16890.16693225978
2.3362420054319486	-5.41182172942905	11.690076101166966	8.721137031601017	16885.309063828638
-3.1642690881849234	7.87357496843039	-15.535511148940913	10.172442560117474	16951.67848672062
3.151814231763389	-5.523368796818296	-6.270946983062842	2.4622180022751934	16979.281535661852
-3.2619474010036242	9.721328593548911	-6.545742663675199	-48.82662220260039	16905.076082081494
2.7060882905558685	-5.462187884989284	-18.624185180276484	15.69097934306339	16912.420605942432
-0.37302890566747493	-1.0538125242313967	3.6375049471790675	-3.6109919336658294	16917.029097057555
-1.2089207058761247	3.3834120103865786	-5.1189558862295	0.7947726666103705	16877.900315729206
0.7670759965762457	-0.7046940317271648	-8.743629487357182	-20.753761481069162	16878.06380524367
0.2759408639057952	-1.8261961740653945	3.3760024535061035	40.355948215594296	17025.961844031364
-1.5662253092338858	-4.436875658310875	-4.419520091263848	-5.766052327509556	16973.56256145458
2.7253138788048474	-5.019007585684058	0.10705573252010936	-6.03604881672679	16975.87820196313
-2.065234476317592	1.8990751114738558	5.829725476373639	2.608971496365484	16995.625145816994
0.7885145657322852	9.647526065090517	-1.7449511662709654	4.242254919533892	17025.094374867465
-1.189744094797696	-5.062403889668886	13.579823884171617	13.058322598841087	17002.98397523758
2.0435886056777264	3.27926915342276	-6.365140488726112	-47.52945050351576	17101.15393591497
-0.80521742849227	-1.203660429532313	-33.36170969092315	20.7978582709313	16946.069462990134
-2.0520628901200126	7.304558681555363	24.668249798775193	23.688755968828247	16860.83489770668
3.1471997045834357	-10.14239128846274	-0.12358368366083994	-36.71606142703949	16695.02868835067
-1.1412794109995161	-8.305968019843561	-4.347579361522492	-7.011107788364583	16757.09726442639
-0.9727345138702645	-0.6338222614116873	1.8779071323904901	-15.055686221730582	16876.749905126773
1.1404536493347095	-7.299972842612398	0.8121191257019831	-4.840909702284264	16838.62633027485
-0.42914918875341357	-1.5767986271786256	4.20865758953849	-7.966258723590528	16789.904484856263
-0.5002927832723714	-5.762409402304996	-4.236448705953308	1.4335528429657813	16806.42561329003
0.8067178307392098	-10.051698864941017	-4.7098204422699155	14.281828059925104	16877.09686295049
-0.8540781042624559	-5.837282265994645	8.053833665323609	-5.403381938190961	16831.755313188856
0.8478507303272522	-5.737510027466151	7.744747132986518	-12.044763417029003	16834.651353978275
-0.4091826709111217	6.400527145450674	-15.401407483338417	5.1369772952301815	16886.32026783806
-0.7306501102015446	-2.4156238787111874	-9.325489216011235	0	0
1.1673597797717363	-6.595165641044019	9.678368769447104	0	0
-1.5830848690931703	-8.748217569510544	-13.26593202910226	0	0
2.2771559788389197	5.531548210264553	-8.459633515991001	0	0
-2.969344903347981	-1.0710360018650391	10.03704048124635	0	0
3.4323638016570257	6.904754614325668	-14.740682989603727	0	0
-2.408344684154848	-4.181483963290056	-20.00479054681297	0	0
0.23482178041142276	-3.6185006291032025	11.59336323809866	0	0
0.5234857777173971	13.238777338828065	-0.29027889736264	0	0
0.5219666052234544	-14.910856235722243	8.120835967597941	0	0
-1.7483024637855564	-7.727732694336339	-27.927405508661266	0	0
2.2998136447410644	3.857323252586852	-0.0990102134795734	0	0
-3.004998302820546	-2.2027054573722467	6.830011685165701	0	0
3.708183030405401	-5.602473174315676	-24.814450876232087	0	0
-3.4974096211729986	-2.650810752126695	11.964355991242968	0	0
0.2829923172228277	9.409019080186646	-13.786836483614636	0	0
2.8195955742397345	-4.97849035794389	13.616787726383194	0	0
-1.9971801658669577	11.800153262384121	-7.370635719440941	0	0
-0.13552035214912195	0.3594324920699137	0.5600657164523	0	0
0.1684164623536475	2.6938892681742246	2.492428421854285	0	0
0.6153132298115906	5.504679023893317	-14.185509020857467	0	0
-1.1498050409745204	-3.196839217982685	41.116940095998075	0	0
0.9206053138307055	0.0732048864838788	3.5588011564653783	0	0
-0.7042594474548096	-3.379766660173665	-0.40823792092594147	0	0
0.80036020063487	3.4835950464286682	1.0110504838557688	0	0
-0.18530986588670828	-6.167675567934481	-1.47882363047691	0	0
-1.141570163513677	3.5857930615329394	-6.512725438356398	0	0
1.9232652069576588	-2.3113712508177358	-5.548698640558229	0	0
-3.35919518640506	-6.758147606279003	-0.2623272431654726	0	0
4.661638738166943	5.794651445183092	1.257960669868183	0	0
-4.770797881291493	-2.7653253515846288	7.367522488248426	0	0
4.275545468187353	-5.471924693138341	5.888121162012354	0	0
-3.6156952149727672	-5.8087121359755045	0	0	0
2.6585149827890433	-10.333765445175125	0	0	0
-1.0178556359092283	16.373892735393135	0	0	0
-0.4307896753271052	0.796313611454174	0	0	0
0.5878563245581105	-4.538948885561425	0	0	0
0.6848186383042147	10.383530238204315	0	0	0
-1.790010881746106	10.953893508398629	0	0	0
3.067944747277906	-1.7550364363634188	0	0	0
-3.519045871309096	4.849382462592935	0	0	0
3.3682949918415446	-3.550618436374421	0	0	0
-2.136219242288476	-6.8975403410940075	0	0	0
0.4752710057613143	5.252207644591039	0	0	0
0.6871922576710148	3.6647544754018355	0	0	0
-1.3815267031582437	-9.540967858378586	0	0	0
2.662605972989965	12.478142503147005	0	0	0
-3.40216320227173	5.290475402944523	0	0	0
3.2601299860421875	-8.622403747648235	0	0	0
-2.6556420631409168	12.228640004421251	0	0	0
1.7420568574425133	-9.849906169733387	0	0	0
-1.5214062585694634	2.8548758678105415	0	0	0
2.549210466548857	-16.521627987005168	0	0	0
-4.121416587182985	2.7654558787798464	0	0	0
4.0283918788186455	-5.045416533637251	0	0	0
-1.801264216703082	-3.9759721724236172	0	0	0
0.3260838941150084	22.059143653518156	0	0	0
-0.48870463144127996	-4.6036825439522175	0	0	0
2.1751004305799455	-6.082464770453811	0	0	0
-6.090403172188118	9.255595546934458	0	0	0
8.64401217814872	-3.30585082756744	0	0	0
-6.547770256497934	0.79583820796541	0	0	0
2.8769092825212965	9.325855759787473	0	0	0
0.5488426589056417	4.266600841641811	0	0	0
-3.0355489668308167	-11.243499025479274	0	0	0
2.625145091414126	-2.609385721399846	0	0	0
0.2641768426198041	1.0450601458649302	0	0	0
-2.4266439016112074	-5.048966587368014	0	0	0
2.7127295359467283	11.093543879257417	0	0	0
-2.1103635601697164	-7.217377048307135	0	0	0
1.7848260245704353	5.444611683185769	0	0	0
-1.3311424342820644	5.356385143376933	0	0	0
1.09594624888544	3.576383987298982	0	0	0
-0.3171459938265144	-1.8725036155145531	0	0	0
0.09777594203245599	2.239700779694978	0	0	0
-1.250644603671141	3.6577378481665193	0	0	0
2.6595502811881673	3.5930677543455047	0	0	0
-2.862105994065118	2.9347785048520123	0	0	0
1.7708776258639105	2.7570638613932843	0	0	0
-0.3928352364992378	-0.5441791510344203	0	0	0
-1.1301775069300035	-10.781537712617862	0	0	0
1.7435510254078395	-1.735490695206309	0	0	0
-1.2894162507662372	-0.7504495214532128	0	0	0
1.1217079260729363	6.9769361774639265	0	0	0
-0.1260658079532604	1.6153677046007218	0	0	0
-1.6727175799744813	-1.7312690162889552	0	0	0
1.822764595176828	0.40371645035689596	0	0	0
-1.1391527553275864	-5.911508910822789	0	0	0
0.8187270807205849	-11.233947854770015	0	0	0
-0.99478128531279	3.5988171613685225	0	0	0
1.0586746588224614	4.37766163993858	0	0	0
-0.8214619776738132	-8.764120885384735	0	0	0
0.3487250593889968	9.902929714982832	0	0	0
0.12310241366623842	-9.02738104635749	0	0	0
0.21603852750487107	3.8547470003333686	0	0	0
-1.371684608949849	0	0	0	0
2.1535146129391265	0	0	0	0
-2.3514886617398005	0	0	0	0
2.1124557945834113	0	0	0	0
-1.317275429557455	0	0	0	0
0.44031923970697306	0	0	0	0
0.5954797528839535	0	0	0	0
-2.6193991823946448	0	0	0	0
3.836281110806148	0	0	0	0
-2.021967942808459	0	0	0	0
0.06324810858884433	0	0	0	0
1.0684621021464835	0	0	0	0
-2.2178088497956807	0	0	0	0
2.228154198456572	0	0	0	0
-1.5473358096469525	0	0	0	0
2.043386027416595	0	0	0	0
-3.3003898612106255	0	0	0	0
4.3875178919045865	0	0	0	0
-4.5505625677283845	0	0	0	0
3.317075467261617	0	0	0	0
-1.6294662616826372	0	0	0	0
1.6084828377587002	0	0	0	0
-1.8736380890453859	0	0	0	0
1.3211079806513766	0	0	0	0
-0.9008027733259567	0	0	0	0
0.0016341250984481803	0	0	0	0
1.9932845643952746	0	0	0	0
-2.9137882032202	0	0	0	0
1.5676406554077502	0	0	0	0
0.753607485113001	0	0	0	0
-1.3123374842275197	0	0	0	0
-0.9690967139113127	0	0	0	0
2.787898934534354	0	0	0	0
-1.945024960979282	0	0	0	0
-0.08568572498180771	0	0	0	0
2.4762200003117414	0	0	0	0
-4.6963701684560135	0	0	0	0
3.7637564736442286	0	0	0	0
-1.0432207949992645	0	0	0	0
1.3070470168734047	0	0	0	0
-2.7278153804248078	0	0	0	0
2.3288476874561397	0	0	0	0
-1.040637236458096	0	0	0	0
1.1313659162994085	0	0	0	0
-1.3529974268191793	0	0	0	0
0.13643261161669074	0	0	0	0
0.4090888157874417	0	0	0	0
0.366940511895784	0	0	0	0
-1.186794734920447	0	0	0	0
1.3939040261526756	0	0	0	0
0.3797428446977875	0	0	0	0
-4.041804806961842	0	0	0	0
5.2385729364070315	0	0	0	0
-2.251375480455728	0	0	0	0
0.2398723059279675	0	0	0	0
-0.13503201458281922	0	0	0	0
-0.6446042605455489	0	0	0	0
0.8122485692632253	0	0	0	0
-1.0020092805755496	0	0	0	0
2.9916383915609543	0	0	0	0
-4.644346120572408	0	0	0	0
3.9207013122003573	0	0	0	0
-2.216893650354116	0	0	0	0
0.00541704381539887	0	0	0	0
0.3497241459009075	0	0	0	0
0.8872898354631502	0	0	0	0
-1.2344370917911576	0	0	0	0
1.3035846782262723	0	0	0	0
-1.747734342423378	0	0	0	0
0.05435031035711546	0	0	0	0
2.502134009026342	0	0	0	0
-4.670478237124641	0	0	0	0
5.0913170321474865	0	0	0	0
-3.9273853128797356	0	0	0	0
2.651755259335978	0	0	0	0
-2.8640936939983064	0	0	0	0
3.5220044367421863	0	0	0	0
-1.9688055663977906	0	0	0	0
0.0054571851480389455	0	0	0	0
0.024773720350864892	0	0	0	0
0.2601265851243255	0	0	0	0
0.18313662411855347	0	0	0	0
-1.0247417992203154	0	0	0	0
1.7989533008751053	0	0	0	0
-2.199471912442384	0	0	0	0
2.128326558716303	0	0	0	0
-1.7401365837581935	0	0	0	0
1.681006959231965	0	0	0	0
-1.878278774664217	0	0	0	0
1.868551601070152	0	0	0	0
-2.1634699298559426	0	0	0	0
2.3436643590935518	0	0	0	0
-2.1432986350510532	0	0	0	0
1.8036779830044694	0	0	0	0
-0.9845465795839559	0	0	0	0
0.5287233682655597	0	0	0	0
0.8592212824287841	0	0	0	0
-2.025390255668867	0	0	0	0
-1.0245711448262043	0	0	0	0
4.841327398413149	0	0	0	0
-4.450399547418641	0	0	0	0
2.4356134149642443	0	0	0	0
-0.8610080986610953	0	0	0	0
-0.3289622955205189	0	0	0	0
0.6222095715680211	0	0	0	0
-0.9359003013855727	0	0	0	0
0.8822687300394634	0	0	0	0
0.04257064634742136	0	0	0	0
-1.289887707786157	0	0	0	0
2.196497875228701	0	0	0	0
-2.6439580875515674	0	0	0	0
3.0436662509152086	0	0	0	0
-2.943367552509436	0	0	0	0
2.6573373765020136	0	0	0	0
-2.2608372570800697	0	0	0	0
1.8438795650819486	0	0	0	0
-1.6434393744365678	0	0	0	0
0.792581126750477	0	0	0	0
0.5978067399401681	0	0	0	0
-1.3181561817723662	0	0	0	0
0.7669967680272833	0	0	0	0
0.7857966342878697	0	0	0	0
-0.9366600646994598	0	0	0	0
0.1922086421751814	0	0	0	0
0.5653831456653222	0	0	0	0
-1.270218905476419	0	0	0	0
