0.03682557926991592	-3.4669839073716417	1.5154366155687313	0.4317937237583891	16885.163600309977
0.8848341134871873	-11.158562309344518	4.962953346196613	1.051795646810163	16885.495888170757
-2.310642811677333	-0.5551969931217258	-1.4881702803726995	-4.656869157381962	16883.924771784208
1.9829832730480135	0.05468215969016654	0.7004349699908659	18.475243841358875	16886.883441983984
-1.3279788231883742	-0.503081899097225	0.8913322834665109	-8.834107858568103	16877.023028931602
0.7985658164385825	-3.7186250721918768	8.35870675580719	23.576323524832716	16914.054273633177
-0.2984113192376938	-2.2065143963515865	4.352781888289485	-5.767002039867194	16961.639503512848
0.0588301829526614	-2.692665486774942	-2.5542535146248753	-12.223915565387486	16970.81503405238
0.15748894331350272	3.7043262392529996	7.330876415346808	6.774190444796346	17031.438326111966
-0.5490265072671292	-2.9440633382134678	-9.186426292553719	5.795641883909838	16979.99904678704
1.1029731233874358	6.015414254146677	7.247891100967706	-7.4743036349822205	16920.939451219954
-1.242339049791397	-2.4346062900648917	-3.9788492862564766	-14.30334349769295	16927.805777426976
1.2125490545014372	3.738810624369904	3.8242581584572406	-6.441287974341705	16949.274738221495
-0.8382058900487621	-4.794091253555827	1.75110127244713	5.967731877626491	16926.401418315058
1.288903813427062	3.2283922251232795	-5.285736339796756	8.27473230015778	16922.81752763751
-2.5829754553570794	-4.628126447589295	2.866408525284257	-25.601658493584907	16906.55466162904
2.859944982965338	3.318345932547537	10.520131137397414	21.03131935735216	16910.66845836205
-1.6501440157911844	2.5013100487741866	-3.5156715149020954	-8.935141829463618	16864.38225556889
1.006626097515671	-7.707609965387135	-13.630797300850517	19.72003270782291	16803.597141783717
-1.3368845613745606	5.007594365668787	-7.52254472086571	-25.824569976477505	16744.12529610101
1.3926811984736247	-9.914825123189992	8.267905574015103	27.00550878046964	16680.416661680472
-0.8626929578937421	0.9283298879696673	-9.92459795029687	12.112004925040708	16618.71227013492
0.8301636690988445	-1.6941277471297482	-6.85267712281383	-26.291831856909965	16544.82526785779
-1.0319481826433332	-3.8805036245738194	2.329145413511654	16.25581278065252	16544.7341279331
0.4471772291398537	-0.7546242427149892	6.361983024448577	-2.8689320849526325	16599.545143697083
0.12710099516491624	3.1351751139138813	2.4125639188715837	-5.75255040863135	16571.636695874036
0.2273803563304213	5.460067611443165	0.7514162284523849	20.950441238132925	16566.437393069493
-0.9495970598894772	-1.77387100251849	-21.137720624927823	-14.711752762058012	16584.877678546338
0.7321623490948141	0.7089708462442772	6.668009694582551	13.666571765743058	16733.66483180427
0.3422179026639043	3.3755439566772196	-8.781108696735643	6.354910159771478	16787.61674937111
-0.8785352581919028	-0.21452522236570104	-0.03243210053375378	-1.4935877359465621	16780.73692035177
0.44144191870436345	-6.984523938906364	12.08431587290275	11.865226364138621	16838.675581908163
0.5384480064047139	0.6517688113789148	2.851512461353721	-20.56004764757246	16874.94328172892
-1.1472082879784509	-1.1342648835456188	-3.4605581495564905	0.25394239789623896	16952.707215307368
0.6941066573190113	-4.13347567429561	-14.54250347302876	-5.0138013819413345	16915.79935013513
-0.5535505941441201	2.137355979950854	4.506461914206142	0.343001418260215	16912.25433242851
1.6817661334347704	-3.502671349778957	-6.288564264131779	5.0620625704437145	16964.686709112706
-2.943572757819531	-1.5835479079866772	21.49010804963767	6.766248629320586	16969.39138611482
2.142246372970277	-5.849710516696419	-13.458063299543923	0	0
-0.4934358133688619	-0.5451019632401781	8.961701868277999	0	0
-0.35681616245422276	-2.2826625225120694	6.356719182349664	0	0
0.2103347028343876	5.903413433925174	-5.637263330218175	0	0
0.3235577064973967	-5.513496681147082	-2.779337075256066	0	0
-0.6195507730981973	4.976101689488509	13.985372920892544	0	0
0.6629512773079753	3.0746666061141923	-7.38386691979845	0	0
-0.39064824729380376	4.675882121803639	-5.45036253225382	0	0
0.0735930773529816	-7.247556348604846	-5.5486081136826755	0	0
0.14043084009062312	-1.9609184748897306	1.3857470931583862	0	0
-0.20047593009052633	-3.3653732714361126	-5.439382696038848	0	0
0.2602925726847829	-1.3548754151919553	-3.312828417059123	0	0
0.1877559210162687	-1.0308382583607738	-18.737815059252654	0	0
-0.21015822283489172	0.9214489966072819	7.812855756979744	0	0
-0.013092466412437886	-3.1738261309526337	0.6511060108114606	0	0
0.21588831370527117	-0.34018737706520596	18.412734081317623	0	0
-0.5564549586868992	-1.6068525911163647	-10.572250420175365	0	0
0.9326820439439985	3.046166342920479	6.147020468150799	0	0
-0.6734997631482216	5.615390712908727	-1.051794847749136	0	0
1.1822026689363128	0.13692759571571855	-4.493768413137644	0	0
-1.2020514229715005	-5.778419072113294	0.4993963288220442	0	0
0.27930376254354883	5.121669860633062	0.3241865604030636	0	0
-0.018305670275573505	1.0892057142820875	-0.6645946430994769	0	0
0.7890395746734029	5.779442497618632	-1.8217843750453682	0	0
-0.7451815628865646	5.695166309363877	3.90026733598188	0	0
0.3978103243014388	-5.19137818552813	-4.398665297524346	0	0
-0.07285147244613199	1.849566820016257	-5.711505275016208	0	0
-0.379413063897033	-16.613421473014192	-2.1601914237495237	0	0
0.5616094241599328	13.838107373762597	0.6995994553067959	0	0
0.6401389755927198	0.7124302509029405	-0.40242866332016547	0	0
-1.3936145646490417	-0.9061544914311028	4.476090360329977	0	0
0.13808696054529435	-1.8640821279596622	4.380544082001919	0	0
0.8034207165071052	-3.5648856872013113	0	0	0
-0.21003485315164738	1.519662318782288	0	0	0
-0.16960037863935895	-3.482646370035525	0	0	0
0.3927421340584729	-2.7830190027660535	0	0	0
-1.4872592977249113	-3.4153384225734413	0	0	0
2.2135727602261497	-1.1585398344142277	0	0	0
-2.884240991409193	0.8185504467905957	0	0	0
2.7059605847305477	5.90610221285943	0	0	0
-2.2148792268164783	-1.4499600002593027	0	0	0
2.3622258314020286	-0.1583297624885205	0	0	0
-1.4283107099804582	-4.025492506229142	0	0	0
-0.08408253525548304	2.305263375274585	0	0	0
0.27575343132008356	-1.4062809597003678	0	0	0
0.6660061463044542	3.534604724763689	0	0	0
-0.5336285390033808	-3.3442885057597493	0	0	0
-0.5429624876369488	3.6430359192025747	0	0	0
2.0036164014304205	1.161719960290874	0	0	0
-3.1379209686016054	-2.337740799000912	0	0	0
4.46767163699311	7.006979291665651	0	0	0
-4.69333198850218	2.0798924351182606	0	0	0
3.745277054161292	-0.013678586535007753	0	0	0
-2.4368342062425725	4.830239881866625	0	0	0
1.8850800353479897	-2.6218740023481075	0	0	0
-0.8102794695530093	-2.383335411559905	0	0	0
0.23990063052457344	10.087634118946902	0	0	0
-0.05179511683243021	0.36106483103775844	0	0	0
0.22190662918083603	4.551910356641308	0	0	0
0.02629959636168877	-7.853541919399092	0	0	0
-0.6000025559150401	-5.4805274566716236	0	0	0
1.7236708425440455	3.8622334467712633	0	0	0
-1.7709299409784904	-3.807042924517553	0	0	0
0.27447635180543983	0.2516870229475643	0	0	0
0.9790457452682304	4.483377480920787	0	0	0
-0.7085610994553591	-10.497104449516215	0	0	0
0.0072615414876580076	5.876794490697812	0	0	0
-0.21549703658558172	-2.3909877205866152	0	0	0
0.8633621344710676	1.7906805488342528	0	0	0
-0.380134666192653	-2.0954207855883453	0	0	0
-0.5626039024136347	2.869107083314198	0	0	0
0.7115249340868459	-5.600034603057168	0	0	0
-0.39910148414992364	-5.350652370323878	0	0	0
0.1393927952783045	2.893520364937004	0	0	0
0.044046636477538925	1.5375394563585942	0	0	0
-0.2115293941715919	-0.15435759893983914	0	0	0
-0.3462653729905014	1.0526192437861042	0	0	0
0.7676175242130228	4.349110548510282	0	0	0
-0.09159372647218333	-0.1770991993811677	0	0	0
-0.17587848140439633	-2.715325792049981	0	0	0
-0.006968655534194568	-6.803568591147467	0	0	0
-0.5730932717643142	1.5822017403270365	0	0	0
1.1426120688853203	-10.673696594666637	0	0	0
-0.5870586944268936	0.4322233654232548	0	0	0
0.34513172491578814	-2.408038051602695	0	0	0
-0.9891822153180314	0.39203477197549574	0	0	0
2.3115974077178194	2.472251223598171	0	0	0
-4.131948387576777	5.007712636707964	0	0	0
6.956714831934498	-4.0686458236317975	0	0	0
-6.442468903269081	-2.162776420887731	0	0	0
1.7797949231906856	1.5610855727296524	0	0	0
1.9726856017403662	3.1959012393585624	0	0	0
-2.2919533869104995	-4.417754271003169	0	0	0
1.2519307462287017	0.08142710470859527	0	0	0
-0.21420977481155035	3.607001535079384	0	0	0
-0.00810913831229243	0	0	0	0
0.03396687766779394	0	0	0	0
-0.23517312206165286	0	0	0	0
0.3193934698951466	0	0	0	0
-0.6332865004743553	0	0	0	0
0.4798635754303504	0	0	0	0
-0.46020061505331	0	0	0	0
0.8254109136609742	0	0	0	0
-0.19015712363741244	0	0	0	0
-0.862481581577633	0	0	0	0
0.6762202408095561	0	0	0	0
-0.00333411335485323	0	0	0	0
-0.3874526233794455	0	0	0	0
0.5234926360545771	0	0	0	0
-0.14720614893425932	0	0	0	0
-0.4793735038172642	0	0	0	0
1.0006862227891702	0	0	0	0
-1.6849596683125299	0	0	0	0
1.7286663377138254	0	0	0	0
-0.5179704794241289	0	0	0	0
-0.10133637427673392	0	0	0	0
0.0788034899816239	0	0	0	0
-0.27348051816477437	0	0	0	0
0.06806949174706745	0	0	0	0
0.20625562893090432	0	0	0	0
-0.5899955223833189	0	0	0	0
0.41211584589732553	0	0	0	0
0.8735550163015589	0	0	0	0
-2.2131898539270054	0	0	0	0
2.1234869021380476	0	0	0	0
-1.1518328510116547	0	0	0	0
0.4156838630452029	0	0	0	0
0.5682670722151357	0	0	0	0
-2.305035640230699	0	0	0	0
2.9718654501754713	0	0	0	0
-2.6876687834524446	0	0	0	0
1.9627116886720444	0	0	0	0
-0.5329488079241784	0	0	0	0
-0.6513195672271408	0	0	0	0
0.9935282386628472	0	0	0	0
-1.4781372251757006	0	0	0	0
2.0853959317939896	0	0	0	0
-1.9549367228035095	0	0	0	0
1.4421990031012797	0	0	0	0
-1.6095956832575453	0	0	0	0
1.9130477369924535	0	0	0	0
-1.0635880370531368	0	0	0	0
0.18730657615380863	0	0	0	0
0.2600536137930334	0	0	0	0
-1.0286264817217585	0	0	0	0
2.4759580265617274	0	0	0	0
-3.9156502692700954	0	0	0	0
4.728026274892535	0	0	0	0
-4.020181066571098	0	0	0	0
3.393477108538626	0	0	0	0
-3.1013673937025814	0	0	0	0
2.1122524030752388	0	0	0	0
0.1908577336773547	0	0	0	0
-1.3688756557975523	0	0	0	0
0.6289116325684745	0	0	0	0
-0.021010180689827962	0	0	0	0
-0.6287320794440916	0	0	0	0
1.3682291099152692	0	0	0	0
-0.6980793482409524	0	0	0	0
-1.4311818825672304	0	0	0	0
2.4533323532919695	0	0	0	0
-2.258905894619531	0	0	0	0
1.2145081830558837	0	0	0	0
-0.1674255945135883	0	0	0	0
0.18213968395258462	0	0	0	0
-0.8167433124425685	0	0	0	0
0.07637993571889012	0	0	0	0
1.5767237688941336	0	0	0	0
-1.9823006733901778	0	0	0	0
0.10616521453288641	0	0	0	0
1.062379133991307	0	0	0	0
-0.8377181456151845	0	0	0	0
0.7720359319986798	0	0	0	0
-1.0583323748191305	0	0	0	0
1.2176263069622735	0	0	0	0
-1.6259764016276108	0	0	0	0
2.5053516498601596	0	0	0	0
-3.394240462734686	0	0	0	0
3.7611435010535175	0	0	0	0
-2.5076045908208258	0	0	0	0
0.6522997513842839	0	0	0	0
0.9628985163569865	0	0	0	0
-1.5733133508954822	0	0	0	0
1.2183000477539352	0	0	0	0
-0.3800728987985522	0	0	0	0
-0.1451401423329628	0	0	0	0
0.08233077129624178	0	0	0	0
-0.10698429452096292	0	0	0	0
-0.14085856013262799	0	0	0	0
0.4227589559610436	0	0	0	0
0.23860076088016768	0	0	0	0
-0.9588694221483038	0	0	0	0
1.4847177734093293	0	0	0	0
-1.487229318613899	0	0	0	0
0.7554954281991826	0	0	0	0
-0.595118251083754	0	0	0	0
-0.10778138928028369	0	0	0	0
0.3896270525393035	0	0	0	0
0.46079421974435064	0	0	0	0
-0.9252676771651878	0	0	0	0
0.6446778851714683	0	0	0	0
-0.3191936820407193	0	0	0	0
0.9091967254882007	0	0	0	0
-1.8477676187343874	0	0	0	0
1.5563668276359124	0	0	0	0
-0.38750359083357466	0	0	0	0
-0.5316747473015724	0	0	0	0
1.1025384681921935	0	0	0	0
-0.980392918827043	0	0	0	0
0.8981476127162225	0	0	0	0
-0.3401064838344183	0	0	0	0
-0.8959084592010456	0	0	0	0
1.2033286761351931	0	0	0	0
-0.12498699915803257	0	0	0	0
-1.078339419384264	0	0	0	0
1.4281435891813956	0	0	0	0
-1.1558094820139075	0	0	0	0
0.46756428082456125	0	0	0	0
-0.055786082823850336	0	0	0	0
-0.2866467835224711	0	0	0	0
0.9906783948393212	0	0	0	0
