-0.1780140867417117	0.21827079086978785	-6.984259636445458	0.731744573825992	16965.25041119066
0.43445257894937583	-0.5716574884522814	-22.15896006662608	3.411084953441261	16965.796582488227
-1.387253555926911	-8.246304401493155	8.552915632142515	12.381924094292515	16969.154918361026
2.182688338699869	-0.8366084502186766	5.242640833258051	-10.242029556767719	16964.327105670694
-2.300914485492889	3.2236910922276323	7.536166705429878	-7.631465422086308	16975.232848821088
2.332187236378651	1.1783680305635542	-1.2773857150576617	35.66111389474163	16937.082460226888
-2.050984823559844	-2.4520269089800806	4.283472070770287	-7.3846031161958905	16872.151257544207
1.0151588921072943	3.504929414837193	0.19327363130690856	-6.0933586082365565	16927.844230736497
-0.06824847788494992	-0.4950156479195087	-3.847520894503063	5.717925174297761	17021.460793351016
0.9092239816864449	-1.7088044018486528	-19.622157443953697	5.262914955226037	16944.14695909391
-1.8855046695000581	2.038690121919714	-3.618701926008498	-8.814255742436828	16871.69029407459
1.9770079468386186	-0.5601073432657984	2.6224003140207515	3.6852386089367855	16864.55072239269
-1.5225099917704412	3.386288809067281	2.3192456110911195	-9.802569942180824	16792.272648449743
1.222553798894893	-3.878719884144388	12.73496654621566	26.137428251228044	16899.378385006967
-1.1835973941239146	3.6100678738934633	-8.278109493529385	9.82722943148869	16987.03711619027
1.3429560672562388	-3.4022660908084603	11.172212054718727	8.102526048709876	16932.026429701633
-2.6025695250557632	5.406622521362337	-10.06991515870493	22.296050535447918	16862.65053517388
1.5790712433973226	2.1283046881211902	-6.877431220427411	-11.396105444529141	16834.033246237024
-2.645328243691104	-4.240342921435293	14.553435327648856	16.99878704480686	16861.216173233668
1.2835138095630398	2.155034370989142	5.170765954111815	-0.9528915813111212	16951.767454978726
-0.582291108183604	-6.8799989345721855	-4.9517482304682545	-8.066626501361512	16923.256920265627
-0.061983359624079526	-0.6282978144848954	5.393996977720647	-5.20748543648034	16856.22774384373
1.4372369209040556	1.3060685498251274	9.51505559147715	15.619940663161614	16779.04611416454
-2.578895007610136	-1.4147562843723023	-7.930073287075032	-12.429784081431393	16772.33872022166
2.6161563932357197	7.2140126581275155	2.475947476353511	7.968301923425955	16870.721741433445
-2.6089793823858045	4.079335172747051	-8.775314206111219	-10.899731021879902	16933.395840884667
3.3321062378883113	0.7709901956101533	7.4703971426665845	-3.4511597725834378	16868.246621424616
-3.5835762944706318	1.3846332896216964	-4.963606743660478	-22.62650160989176	16795.412967410422
2.7202394451784713	-9.185919442823867	2.074047301317165	-10.011161547838725	16759.27608501722
-2.086506911809657	7.5190773274201845	6.932003022772392	-13.95841158323384	16818.47151292724
2.6053473735940074	-2.6927294213862254	-8.399926519968957	-3.799345859357828	16847.468846904092
-2.1169375747517734	2.938261704525786	7.22367356300542	9.858528059251555	16853.54107300207
1.1343194942893788	-6.74248008034867	-1.8406627955208847	-12.118111242344753	16819.999027115213
-1.453213406994351	-2.7504225820399455	-0.7883486025379938	-14.442643227032406	16772.82227479115
1.4764053964227202	0.16526997921047126	-6.18063358946408	3.153680913857329	16950.08331198052
-1.0155881180756552	1.456962096568624	9.69901755476998	-0.3733194634337167	16927.48974068133
1.6193601036028866	-0.5153731371609922	-6.181022114929775	4.7524777747500195	16885.499621289564
-2.9524916806544894	1.5082441744230621	-2.2914181311089123	11.358573137892947	16864.53349182992
3.5516843317233224	2.8659213613501464	-1.8796784548399899	0	0
-2.8059372723387455	-7.317856757060689	8.584511574417093	0	0
2.0942095564680727	4.135495916413113	-5.350469865283287	0	0
-1.6258199509557727	-4.102995359211292	10.63007377302614	0	0
1.2921676511812237	5.194519117881995	-13.916133201255562	0	0
-0.8610678830605707	-2.4029459240310445	13.845204110447824	0	0
0.11882063514954666	4.743456879787999	0.8537263042585437	0	0
1.342953162116281	3.7966883766496267	-4.275021071661598	0	0
-1.5937056105661611	-3.8953265343808496	6.312042553676008	0	0
-0.01643686538119482	-3.165634063514382	-5.969547032893061	0	0
1.9580608286081471	-2.9733918956618695	-2.6522431131692343	0	0
-2.622672046641874	8.898367275953575	9.393403699535753	0	0
2.049725325496219	-5.962868375831071	19.952917468834087	0	0
-1.9316735052957341	-3.2236159306407046	-6.4778130460264975	0	0
2.4784738456604742	3.726384500161977	-2.253885828605746	0	0
-1.8846967294598898	3.3405176913202226	-6.5932303264898735	0	0
-0.4629103177647167	-2.6432508204326908	0.9784424889898844	0	0
2.3012032520791337	-0.18342756978624664	-10.758386412442633	0	0
-2.068948163836424	6.3572189843359155	2.6341173462793535	0	0
0.5198806068198323	-5.2890742120191945	9.394965402484573	0	0
1.0561800347593646	-1.7116127830244494	13.254381018149303	0	0
-1.4162758953246737	1.507437608414122	1.1791209837367518	0	0
1.4184972374602012	-3.059995521894308	10.191462359963865	0	0
-1.8315236929334375	-0.9577456737145056	-7.481292506717907	0	0
1.6781343615417867	6.218071809325735	2.154709410397089	0	0
0.07974352633529946	-2.911828816134637	3.9535606636243443	0	0
-1.089819518256654	-2.1393595189649446	-0.9917153062975643	0	0
1.5693818452972081	-7.968197569932947	7.060240271350295	0	0
-1.5188375805245258	2.2425039312184083	-1.506689541556625	0	0
0.699095451902835	2.904319760437936	-0.6440769885666668	0	0
0.3616357986793304	-1.455384191922093	-5.992494362689143	0	0
-0.09279276927635749	2.733536480141332	1.8611945522303017	0	0
-0.5855937589592912	0.8429270966291966	0	0	0
0.7852280900923958	3.854249508814952	0	0	0
-0.3667174254148051	2.8254729891382055	0	0	0
0.04912431370114234	-2.4767033734825645	0	0	0
0.6613069676580565	-6.105903054914542	0	0	0
-0.6865156648351558	1.9088774788851879	0	0	0
-0.08648311513640294	-0.15637177695133886	0	0	0
1.2024417585584999	-0.8784575833955373	0	0	0
-1.324207239038813	3.4711609997792507	0	0	0
0.18597334270883437	-2.781571256978488	0	0	0
0.09841363231488032	3.9468569456561156	0	0	0
1.2204014622335677	-7.40403159966754	0	0	0
-1.8754197914253155	3.546212266663481	0	0	0
0.9151180617498866	5.3723916282526645	0	0	0
-0.43877547852792986	2.32158761140267	0	0	0
0.9767208268531462	1.6820008221365725	0	0	0
-0.9903092927133912	3.1159159928441724	0	0	0
0.9081152287769214	-5.255161405700115	0	0	0
-0.5949835531737406	0.5331818708783445	0	0	0
-0.6117979303185948	3.8178355533005615	0	0	0
1.539216075068886	-0.5317380288504765	0	0	0
-1.421403980286236	-3.8902509169523967	0	0	0
1.0170965617055927	0.5781393004487754	0	0	0
-0.729453694758817	-1.2122851187496764	0	0	0
0.17339877141932902	9.333327701755422	0	0	0
0.3312964074398934	-1.046752412103075	0	0	0
0.30349082563694907	-5.7837283129540396	0	0	0
-1.8088824619614883	2.6669972024087514	0	0	0
1.8007986485017184	-3.457903097011261	0	0	0
-1.2923807102108782	3.344603599875157	0	0	0
0.5096724167969882	-0.8622625403199464	0	0	0
0.13400155269282976	-3.2680761604581505	0	0	0
-0.644944102065196	0.2339688189739988	0	0	0
0.4998826093325377	1.8192708199514698	0	0	0
-0.019960958017080088	-3.1216385155079323	0	0	0
-0.8681960706268015	6.825065040189429	0	0	0
1.1706709045603247	-1.4406233719803367	0	0	0
-1.3267931117348652	0.12352669910185199	0	0	0
1.542602042702356	0.11811094110044706	0	0	0
-1.1044922023029784	-5.234423883329676	0	0	0
1.3097379729219085	-1.3400109180543893	0	0	0
-1.9674149208610459	-0.7263289988865651	0	0	0
1.1097094448240767	-1.3283763652897207	0	0	0
-0.18427606764158355	1.7032143492627156	0	0	0
-0.12078374778454304	3.9397400928765762	0	0	0
0.15234304832912926	0.9919967826637759	0	0	0
0.11925842924583918	-1.0744994864754034	0	0	0
-0.44387693681083107	3.2988056823988856	0	0	0
0.31902872963176776	1.629344929559359	0	0	0
-0.24575088008770507	-6.570085577299373	0	0	0
0.15253821091032194	1.8397721600498187	0	0	0
-0.18699051546339973	-6.465858965957189	0	0	0
0.900242529612882	-2.72684910535979	0	0	0
-1.5286272266343346	-0.7304258146176608	0	0	0
1.8652264996397392	4.040609926539446	0	0	0
-2.017141237949737	2.982310867791419	0	0	0
2.21517059978526	-6.546383575819291	0	0	0
-1.9615026680591683	-1.7427761419991583	0	0	0
0.7234276543969642	-3.887719016947379	0	0	0
0.1476862843342559	8.585943668134881	0	0	0
-0.5646930026050185	-9.832837032413572	0	0	0
0.1980276376896839	7.386972029874869	0	0	0
0.3813242819405005	1.0462761899820805	0	0	0
-0.05787547940285975	0	0	0	0
-0.7973046305774432	0	0	0	0
1.0184236547997045	0	0	0	0
-0.9032697258019624	0	0	0	0
0.530227564130854	0	0	0	0
-0.37179163623316214	0	0	0	0
0.6355544917631306	0	0	0	0
-1.0864471408809564	0	0	0	0
0.824982429622878	0	0	0	0
-0.32588252014525665	0	0	0	0
0.09399019328856184	0	0	0	0
-0.4838069939170069	0	0	0	0
0.7650551565181019	0	0	0	0
-1.4699463748995996	0	0	0	0
2.3362420175255565	0	0	0	0
-1.9581766551741353	0	0	0	0
0.5048254493912268	0	0	0	0
0.8715920042036913	0	0	0	0
-2.389473316116657	0	0	0	0
3.3220574054026315	0	0	0	0
-3.1450414994749707	0	0	0	0
3.097749941849173	0	0	0	0
-2.570688049934958	0	0	0	0
1.7348984708455788	0	0	0	0
-0.08971970494896908	0	0	0	0
-0.8734811234097535	0	0	0	0
1.1959550522900528	0	0	0	0
-2.4712660138049642	0	0	0	0
3.7545789686740747	0	0	0	0
-3.861885093693502	0	0	0	0
3.1612252058474795	0	0	0	0
-1.9589335734135673	0	0	0	0
0.7554493776129476	0	0	0	0
0.1403744455578746	0	0	0	0
-1.0962234692444568	0	0	0	0
1.6789778137742744	0	0	0	0
-1.2754434286989564	0	0	0	0
1.4267352635653197	0	0	0	0
-1.9536556607887263	0	0	0	0
1.6916277036004317	0	0	0	0
-0.8208072210587858	0	0	0	0
0.035027723476446226	0	0	0	0
0.6941172968638014	0	0	0	0
-0.41312637320623935	0	0	0	0
-1.3816516234516456	0	0	0	0
1.3426396162317147	0	0	0	0
-2.120142002446258	0	0	0	0
1.201938690640553	0	0	0	0
-0.17965752655083378	0	0	0	0
-0.06756614030753383	0	0	0	0
0.6000445276099811	0	0	0	0
-1.4969724529927717	0	0	0	0
1.8493388175318515	0	0	0	0
-0.5267335475998465	0	0	0	0
-2.918832353431128	0	0	0	0
2.9908750561040662	0	0	0	0
-3.534122945127997	0	0	0	0
0.7039730412588057	0	0	0	0
0.31306644560766017	0	0	0	0
0.7137693439973418	0	0	0	0
-0.5665394002431512	0	0	0	0
-0.18898664494145834	0	0	0	0
-0.10795863977532605	0	0	0	0
1.161356522707159	0	0	0	0
-1.3504832015069752	0	0	0	0
0.8130919623877304	0	0	0	0
-0.10339882081973428	0	0	0	0
-0.5000452257145795	0	0	0	0
1.2320812514715342	0	0	0	0
-1.8052696657409442	0	0	0	0
2.278053593657347	0	0	0	0
-2.2620871659026562	0	0	0	0
1.2170904186605256	0	0	0	0
-0.9096438448150579	0	0	0	0
1.2127745440095694	0	0	0	0
-1.0044096437094154	0	0	0	0
-0.605775266513831	0	0	0	0
0.7511757635349738	0	0	0	0
-1.3677077078625928	0	0	0	0
-0.40580856249786734	0	0	0	0
0.3392984975221012	0	0	0	0
0.11104236338150741	0	0	0	0
0.6529533253222297	0	0	0	0
-1.4366439362212944	0	0	0	0
1.7130691924396118	0	0	0	0
-1.2778638310400652	0	0	0	0
0.7541384718102364	0	0	0	0
-0.4981399241906672	0	0	0	0
0.9680207281489857	0	0	0	0
-2.2268610692485566	0	0	0	0
1.8487679405641089	0	0	0	0
-0.5122881343191281	0	0	0	0
0.45986070120895306	0	0	0	0
-1.1121038087186292	0	0	0	0
-0.09543799903027406	0	0	0	0
1.1868482807715424	0	0	0	0
-0.6085543349001767	0	0	0	0
-0.027688654593532647	0	0	0	0
-0.5080665611721784	0	0	0	0
1.7130829256260114	0	0	0	0
-2.5857618364740986	0	0	0	0
3.103910704978759	0	0	0	0
-3.257448161976633	0	0	0	0
2.0099968730171156	0	0	0	0
-0.8875867838482208	0	0	0	0
1.0998703688765374	0	0	0	0
-1.3987060406901222	0	0	0	0
1.0306092914927092	0	0	0	0
0.15863095923968018	0	0	0	0
-1.008517313401164	0	0	0	0
1.5149954913302963	0	0	0	0
-1.3527277970053078	0	0	0	0
1.2264802766753249	0	0	0	0
-1.5057130661178917	0	0	0	0
0.8217915124972208	0	0	0	0
0.2587644218367444	0	0	0	0
-0.47484645825865357	0	0	0	0
-0.1535359916093597	0	0	0	0
1.1597841301148435	0	0	0	0
-1.5659948037742524	0	0	0	0
2.047006064674079	0	0	0	0
-3.180788783733142	0	0	0	0
1.1943604983873257	0	0	0	0
-0.27480704225946795	0	0	0	0
-0.11503388651390622	0	0	0	0
2.6941106115016	0	0	0	0
