0.040036843965161495	-0.8306329823057439	-0.4292410307813981	0.17215261772895474	16903.425381010515
-0.03203650894839427	-2.7643907387370845	-1.325453117675906	0.5259664581966064	16903.409826230254
-1.5306877192710786	-0.64582939964086	0.4697451561893047	-1.6978434119726558	16903.27083732256
1.773745018595001	1.3054510116845535	4.913395227518109	2.4567765558906984	16903.950377370256
-0.8470430981567105	0.5817579455956121	-0.3037084230913365	-0.32198045867490066	16901.307585841285
0.26881099266419284	-2.9723177320715592	-0.8743500000710611	0.7468415634021426	16910.190443101375
0.45651634000294905	3.6074546030082075	-4.935921864687728	0.5159028741062599	16913.61020498611
-0.8866149824681457	-0.11177222018085331	-3.2576284173651118	0.6983408656639938	16913.426515291816
0.5384571430391816	6.046749243467879	7.13573154158945	2.7056066149537656	16912.75511375462
-0.06786132224981145	-3.00004434481059	-3.7549799433504916	-4.012170113601698	16914.440609408335
0.05408174066069904	0.1986189014332922	-2.098982485389854	0.8266363461061985	16909.99456283809
-0.5527187226819308	-1.9450951921489121	-0.5697976453921854	-0.6802462668148053	16906.682250526937
0.0433506089011928	0.3752271796335762	0.749819871039449	0.9364097127386799	16907.78914396227
0.9387183415274833	-2.862705125719586	0.5654290455485693	0.044317471509586426	16902.21404535591
-1.381690898926216	-0.8608780156742313	-3.155654677515116	1.974848046293829	16909.408326973928
1.2907082786431303	-4.092508762353724	-1.109462558018592	-1.4741316910560585	16904.241578508205
-1.3543197026168627	0.19570535648075094	-5.850720557805758	0.09027739115212796	16909.009409289494
0.9253153845171198	2.6528947587705716	-1.8838896126094937	-5.615262725322978	16909.959462202685
0.14685040307457342	-3.122720791055876	1.910239370114951	-3.612102965783606	16914.265327389065
-0.808296708380098	-0.07183504070968638	0.9953443812143519	2.6407671417679808	16916.022488542243
1.0803777788455164	-1.3470392163127372	-2.826342372343717	-3.4484477440577592	16916.098488879223
-1.6040148728747923	2.3323129897554224	0.3048560224021486	-5.4469328428762935	16913.099440620983
2.022363622336286	0.10847561999447919	4.321888974022883	-1.0223270857350286	16904.84679261012
-1.4088675507573285	1.6225419747966257	-0.7382139028183872	-5.053207352064021	16911.608728261526
0.1184370738838112	-1.6590006658326928	-8.501650604397511	0.7765720224583958	16909.269640315335
1.033129966899935	-2.579116520751718	-1.5043763176130938	1.79050868286987	16910.242270239585
-1.299298315899236	1.8614657604750917	-1.4023638859021332	-1.3094155838310115	16915.83522508582
0.7232250189886926	-0.8475863295131845	-2.108289936604166	-3.96758808427046	16917.83462459239
-0.37388589701662767	3.7928244002257827	-1.3953565187610621	-0.14559453543989775	16906.090689674646
0.8111320646982989	-1.595593369150059	-0.9256659219498857	-0.8290872364855488	16913.004458919764
-1.4320492279042796	-0.8804439136345223	-4.356870737596481	3.0785161957725222	16915.199648616734
1.5823451947473401	3.3429363748740855	-3.1827356364872514	1.3005211952045101	16918.156659043758
-0.972704766123897	0.9826698358951376	0.3435680085222401	3.9189853442904194	16915.88473212671
0.5224467986734922	2.822467451367551	-3.944879382934829	0.4254660620372732	16907.057746267932
-0.6500443985447077	-2.3235422206846152	1.333435945982842	0.13300698778778042	16907.686668484977
1.8128539844066083	-0.020651910751851688	-0.7583788134045193	0.0956933442051735	16909.077428849487
-2.5915618472550577	-0.7861177203096545	-4.1291030724544555	-0.43205002542944726	16904.117368445215
2.7309923690421556	-1.2708376563149457	1.1778607605055385	-1.657083096111407	16905.186734082057
-2.658042913584552	2.023515216140659	0.06531247907203408	0	0
2.507345297970204	0.1601023551588696	-2.09973003205549	0	0
-1.78221178674778	0.7497300044792397	-0.2016669812778531	0	0
0.8080338576972395	1.2809414122575475	0.7889031206240418	0	0
-0.09709726616102898	3.969314060313053	-2.5407493217087307	0	0
-0.58653379989358	0.08072685352092179	-5.361228026236688	0	0
0.6174476616975966	-3.050412896903353	2.8065333103669587	0	0
-0.2706923788449984	6.43001678322576	0.6106491818196957	0	0
-0.18830041043096912	-0.6776932769372905	-1.6333488882764016	0	0
0.8200405438651899	3.6900537493496586	2.617581875766703	0	0
-1.3571931305034255	0.6706024607836127	-3.953872515790721	0	0
0.9907855082903438	2.704591900771348	5.7308533082011905	0	0
-0.5710957862160413	-4.8709634290813995	-0.6355072449169796	0	0
0.14198339370133795	1.883691873672575	5.164132665309083	0	0
-0.8000382121186718	-1.9491382181473043	0.8716164249541407	0	0
0.9309800239993109	2.968341206488752	4.369456924248269	0	0
-0.4643320664613526	1.2550487015158112	1.826335871535818	0	0
0.26619859196566154	0.17269241630737753	-5.3730867479394675	0	0
-0.25122773642473106	1.2256234966904955	3.9015926798284113	0	0
0.5442050918256953	-2.3692578591428557	0.49845964156087064	0	0
-1.1548740944974227	4.218355944632592	-2.742719993153628	0	0
2.144930764936163	-0.6310338679704159	1.2420002292485606	0	0
-2.538048802255055	-0.8271526281662958	-4.385841400863569	0	0
2.0439999304757848	1.9797420437882707	-3.07074367370366	0	0
-1.0983755815552527	5.9972750307832285	2.542717362701765	0	0
0.717016374584972	-0.08065256676906074	-5.127966110413496	0	0
-0.16027430465275927	-1.9846620227459226	0.49151350882272027	0	0
-0.22349861152950012	5.063700430342401	-5.144437713421766	0	0
-0.012288670014349634	-3.2385796157917923	1.8516018995799755	0	0
0.05314426608627798	-0.9217101734019622	-0.7281437060461116	0	0
0.18141150819081986	1.2495924824078628	5.116812433941803	0	0
-0.17635634489637653	-5.16479463637674	-0.22826900256424665	0	0
0.32191463037619883	0.23209949343479508	0	0	0
-0.16981343979841768	3.257351321921057	0	0	0
-0.44300402378297576	0.6511216596381644	0	0	0
0.7813587223003537	-2.687456788974515	0	0	0
-0.6828032687878718	-2.8097829231360905	0	0	0
0.7968887841321148	-0.40490962321271695	0	0	0
-1.0798885826528917	-3.8529815256276194	0	0	0
1.0640024042841674	-2.312486548699731	0	0	0
-0.9464423920293186	-0.7204229894842413	0	0	0
0.6787214853251555	-1.6969910314009766	0	0	0
-0.23803162746568063	-1.0572339304550127	0	0	0
-0.0806241326135293	3.5368630624159962	0	0	0
0.5126729268041643	3.669162540982562	0	0	0
-1.4870584007062817	5.1039148001704575	0	0	0
2.3086704560296454	1.7168324361321368	0	0	0
-1.7934402008959438	-0.6693782726601256	0	0	0
0.37684772725290117	0.36034156567137643	0	0	0
1.357626372689495	0.11534470506995831	0	0	0
-1.673081530912782	-0.8146354550291193	0	0	0
1.1751659370316219	-2.365369414208814	0	0	0
-0.6084597510359373	2.6790711431887075	0	0	0
1.1294426277194987	-2.781565126001773	0	0	0
-1.228651425476997	-0.32421443006767703	0	0	0
0.6314064613563701	-3.1140641035431713	0	0	0
0.3737665565384205	-0.6917538425961851	0	0	0
-0.8768459746166002	-0.7002939729319237	0	0	0
1.9391452713066926	0.5150424412303565	0	0	0
-2.6306369490727235	3.070359053955279	0	0	0
2.3102254011261607	-0.4506335748676804	0	0	0
-0.8828328934823872	-1.5827611352871855	0	0	0
-0.008839127528581514	-0.7771870097307456	0	0	0
-0.15396409639133424	-0.1400449657141536	0	0	0
0.511174109762301	9.961311310241676	0	0	0
-0.4425942335875277	0.5737841535716584	0	0	0
0.29373622418822265	3.010604670220914	0	0	0
-0.3491513568191493	1.9772458542814064	0	0	0
0.42787306158611926	-1.4449391300369996	0	0	0
-0.13592543516632816	0.2765749286932291	0	0	0
0.42964662962945255	-0.04343362351109192	0	0	0
-1.2080743058496637	1.813525124099428	0	0	0
2.3689581261424095	0.2964943307152126	0	0	0
-2.9239322368907565	0.320374803527514	0	0	0
2.644985153091092	1.820763022993745	0	0	0
-1.9768406573520139	-0.9993972582618227	0	0	0
1.7086376988745826	-0.6446710368598829	0	0	0
-0.5979838612778252	-3.55721877954705	0	0	0
-0.8040482417525538	-0.47317944780363064	0	0	0
1.4669084303828797	-0.9487611293322686	0	0	0
-1.7285189531015348	3.4451437799661946	0	0	0
1.742054701019896	-0.5868331974912664	0	0	0
-2.117323066673009	4.4341715514020095	0	0	0
2.4826388185352	3.7525818929952734	0	0	0
-2.0053050451381864	-1.7383921982612804	0	0	0
1.1445798831888254	-0.6759863456312445	0	0	0
0.09895987412986074	-2.2624211575248836	0	0	0
-1.4347566079608995	-1.778426983815443	0	0	0
2.0309067182905522	-2.1687501415162913	0	0	0
-2.2108228742527416	-1.117467182410934	0	0	0
2.295451309220887	0.482906458853833	0	0	0
-2.1888865703215217	0.15876696081927832	0	0	0
1.3319641092074619	-0.3737657326284989	0	0	0
0.043771580256326104	-0.017249551476851366	0	0	0
-0.9005116760781533	2.097237098793613	0	0	0
0.31421809980435	0	0	0	0
1.154990481906701	0	0	0	0
-2.2766108032987944	0	0	0	0
1.9765245456522962	0	0	0	0
-1.0876111531968533	0	0	0	0
0.2516474083103617	0	0	0	0
0.6240251432994981	0	0	0	0
-0.8510696652078948	0	0	0	0
0.7087833093559937	0	0	0	0
-0.8716147135505707	0	0	0	0
0.9600424046582674	0	0	0	0
-0.975453001716744	0	0	0	0
1.6435928703174838	0	0	0	0
-1.9090464236904623	0	0	0	0
1.9562614894326913	0	0	0	0
-1.3800535249798287	0	0	0	0
0.22400514834412633	0	0	0	0
0.23226695565258382	0	0	0	0
0.39614319022727074	0	0	0	0
-1.0742648998314905	0	0	0	0
1.5202376532021162	0	0	0	0
-0.7565975013605097	0	0	0	0
-0.1951578275766508	0	0	0	0
0.8805771381209269	0	0	0	0
-0.7653228571487816	0	0	0	0
0.28300884394225534	0	0	0	0
0.558265407432458	0	0	0	0
-0.6061012564076975	0	0	0	0
0.07185322084895773	0	0	0	0
0.6078488813640277	0	0	0	0
-0.657386852315085	0	0	0	0
0.2543465307593422	0	0	0	0
-0.13946796760023972	0	0	0	0
0.1108971543137045	0	0	0	0
0.39422740897934005	0	0	0	0
-0.5647525651843068	0	0	0	0
0.7287044371360736	0	0	0	0
-0.7191683912284574	0	0	0	0
0.22620760637897774	0	0	0	0
0.42036337313649597	0	0	0	0
-0.6526275012935301	0	0	0	0
0.49267510210983545	0	0	0	0
0.3954318690219907	0	0	0	0
-1.3341565476351391	0	0	0	0
1.322148199053231	0	0	0	0
-0.11569371958746899	0	0	0	0
-1.154295117273918	0	0	0	0
1.1788913805707395	0	0	0	0
0.08577290641584767	0	0	0	0
-0.879898198010757	0	0	0	0
0.8354138877796444	0	0	0	0
-0.3096553391283905	0	0	0	0
0.024018921905970103	0	0	0	0
0.07821624589054466	0	0	0	0
0.6274070382441579	0	0	0	0
-1.273065827715321	0	0	0	0
1.6675400943258438	0	0	0	0
-1.734037292335067	0	0	0	0
1.4101767824749416	0	0	0	0
-0.7038202860254046	0	0	0	0
0.41331450185104757	0	0	0	0
-0.7375173110257194	0	0	0	0
0.7678135827032477	0	0	0	0
-0.524161002629441	0	0	0	0
0.20900921224119173	0	0	0	0
0.5182219031921633	0	0	0	0
-1.1832400208711817	0	0	0	0
1.2189554177842936	0	0	0	0
-0.570148159562585	0	0	0	0
0.5220830140629857	0	0	0	0
-1.4531434803522743	0	0	0	0
1.5498417829696436	0	0	0	0
-0.9878602295514796	0	0	0	0
0.476840425519768	0	0	0	0
-0.6350914403095516	0	0	0	0
0.8619025548421817	0	0	0	0
-0.30819732374946085	0	0	0	0
-0.3478341606300006	0	0	0	0
0.5224083091295313	0	0	0	0
0.1554198445114281	0	0	0	0
-1.0640521789676924	0	0	0	0
1.48464001777608	0	0	0	0
-0.8861767294135277	0	0	0	0
-0.32366706312203775	0	0	0	0
1.3601336840465237	0	0	0	0
-1.9524380024697265	0	0	0	0
1.7259911946451396	0	0	0	0
-0.5833883386871932	0	0	0	0
-0.8599810281603908	0	0	0	0
2.0125032578861024	0	0	0	0
-2.365299835358499	0	0	0	0
1.8148169237785083	0	0	0	0
-1.1914424647651103	0	0	0	0
0.7802601160742668	0	0	0	0
-0.6811122804637861	0	0	0	0
0.31457456016099883	0	0	0	0
0.23597520927351212	0	0	0	0
-0.7236805055679696	0	0	0	0
1.0573828866832287	0	0	0	0
-1.6537456625969682	0	0	0	0
1.8270514461261698	0	0	0	0
-1.335295939457005	0	0	0	0
0.6563683269839373	0	0	0	0
-0.8201332458291475	0	0	0	0
0.3874104537399887	0	0	0	0
0.28037619570748973	0	0	0	0
-0.49693659109208	0	0	0	0
0.8688762394490297	0	0	0	0
-1.2864013646255046	0	0	0	0
1.2595621983785676	0	0	0	0
-1.4821566925543053	0	0	0	0
1.4238219302966328	0	0	0	0
-1.6444119708595295	0	0	0	0
1.7040211348348109	0	0	0	0
-1.0908572157550793	0	0	0	0
0.8841329178398993	0	0	0	0
-0.9966524946368409	0	0	0	0
1.1012249336211468	0	0	0	0
-0.7135950705585472	0	0	0	0
0.18285997509497776	0	0	0	0
0.06817604826390777	0	0	0	0
0.008019339297305805	0	0	0	0
-0.08888807683368327	0	0	0	0
-0.03351465530293751	0	0	0	0
0.052891294254841625	0	0	0	0
0.0045655753889093376	0	0	0	0
