0.13189664911724464	0.03206132728862343	2.0809736387748075	-0.3022624572815005	16918.361114233638
-0.382518386884378	0.6090858906956669	6.756495915105859	-1.1372819124193398	16918.74068893651
0.19774663370473888	4.323660061218398	0.21616803347866664	-1.0925882346675593	16917.484374078093
-0.9051569865638314	-1.9884433479426846	1.224860495810148	1.8700628991513781	16918.504320009022
1.5065373960454096	-2.471838721773274	1.4111696967707132	-0.04861577838873643	16917.83924426217
-1.278449845623463	0.18567501266782216	-3.4585926623812213	0.37132759952632455	16920.454938843286
1.0780434828778453	0.29504429036834523	-1.505271111421692	-1.4160224246123647	16914.69265876418
-1.0297028394082801	2.0367115240841898	0.4880580695394485	-0.6193377348314328	16912.065534983794
1.5550764610391354	-4.120903282708063	1.4490205975231163	0.12745426771144253	16916.995518842523
-1.65684215152298	-3.582698474488325	-0.2916458881734343	-5.675181732230826	16910.87286300873
1.3939778064609811	0.15075005574044553	-0.028646896422856116	0.36135959037227394	16907.736644333207
-0.8138660139804017	-0.16841786009083393	-2.0813658748289754	-1.732907231985294	16909.380941013475
0.6356328964338189	-0.5967821577253716	-2.1338572892402254	3.1833399985218307	16910.994087074865
-0.6790281822711108	1.4217752522048102	0.527078722672897	-1.5245370002531615	16913.1980937
1.0892631324702648	0.8792379307041145	-1.2761257549502005	-2.4215908133134576	16915.153376178958
-1.197927928651481	-5.111965069569862	0.050919296483669996	1.972165455327513	16911.855134496138
0.8178992041614848	-0.23281261927646568	1.949973402322712	-0.5930276773711824	16911.70431832831
-0.7539145061928636	1.1274413134921772	-1.2761677464076229	-1.625760152329832	16911.101054991574
0.6744182407223107	1.9612288225634131	2.6185394169695257	0.2182535458469772	16913.153925515224
-0.20025740969569483	-0.14762927640898482	0.49586827828260027	2.2098240553029598	16913.617619625897
-0.27740685397378684	0.9627252732489069	2.624000254571328	1.0238105196353047	16912.481964283223
0.45971436558932055	-1.067021002525209	-3.9262552193356868	-0.7634360214370588	16912.480673983788
-0.8540224962287652	0.03308041406783957	-1.0996874798251923	0.05272026251125794	16910.884902722784
0.9685255403546833	0.3502559592170087	2.2418224658628816	2.8618335048025045	16912.73053628487
-0.4144981506401706	-0.4739789177513316	-0.39669647117732154	0.36196479830969963	16919.04905916619
-0.3299921966079893	-0.7561860333996648	2.166889682271915	-0.12466285059194604	16915.892437508544
1.091455886923228	-1.608617717984643	-0.8422025125209274	-2.135656950452656	16913.136972687287
-1.4761445048419901	3.516719512306061	-0.585335007531171	3.9510259892329174	16910.189592930346
0.8519591411305356	-0.9200342121404717	-0.40763920036987145	1.3439410840946522	16908.432257026187
-0.016899244851359185	1.6504566466588741	-0.04474617595467123	2.9141465691070465	16913.337621631617
-0.48201795249137547	0.13235223896241166	0.9428142391933818	1.6502002031551513	16915.720136367556
0.6377196900315312	-1.1914803937275877	-0.8126719250422667	-0.7796900160023341	16911.837464471584
-0.5914230069627422	3.3138809088151078	2.9773569622931433	-1.5025621919580772	16911.00564882621
0.7082421970393966	-1.792836112524924	3.413504848144342	0.7090568890174893	16916.629056797578
-0.4609065970457067	4.36212365048322	0.3210631794633656	-0.17623086282684142	16915.62972693989
-0.08765358490661868	0.929994630202458	-0.22783665693032162	0.07797256098598382	16915.116742196522
0.3779929942252025	-2.13669487246419	-1.0660903735560794	-0.07927810787774092	16913.912277385338
-0.3698277357093076	-2.141316845170657	1.9495668623348905	-0.10275516916517802	16912.950928038845
0.43007923505430057	-0.42397254679045915	-0.13151684470787472	0	0
-0.2650273020978062	2.969147341692178	0.09276150631129099	0	0
-0.01943937145313157	3.107609304509765	-2.7658865450985246	0	0
-0.16521372854895588	-1.6019348272186775	-0.3485310433926969	0	0
0.717024896002961	0.4993570759875041	2.799520295508671	0	0
-0.45804196324429824	-0.5469250072591549	0.9020274695949979	0	0
0.23029504521412036	-1.7793002444656665	-0.4096190098346426	0	0
0.1678688163458517	0.5739481355154012	2.58646215134641	0	0
-0.32395188598522395	1.3422459048279194	-0.8739449588952368	0	0
0.5597557155993655	1.4628605673712798	1.2067140295862941	0	0
-0.6358923969573382	-1.731970291296001	2.928516238693959	0	0
0.6724057084388448	-1.7743559079984053	-3.2859295232989183	0	0
-1.2986812274464725	-0.9618775798944839	1.7734324354363054	0	0
1.796406457211404	-0.5051720066981886	-2.3781335541730044	0	0
-1.9275631280266197	1.5836459837763144	-1.502968966877873	0	0
1.2438648219831308	1.0951086333167623	-1.1623142140917508	0	0
-1.0346748617405837	2.4485667379123015	-1.1628151692624726	0	0
0.7311123904202361	-2.511631541077982	0.971880378523224	0	0
-0.3854569615531318	-0.786662800906889	-0.36142734055270864	0	0
0.4826301929293706	-0.6506439634119587	1.5793259422861041	0	0
-0.6991620118092712	1.6615242571071889	-1.8147813003391349	0	0
0.9281579540288334	-1.3249210555658877	0.30847192750766794	0	0
-1.3468752817889822	1.9236600674801565	4.613499576211439	0	0
1.445127338172611	2.106202261453319	0.5452516586034477	0	0
-0.9587558339693629	-1.9367987863505078	0.8177294080201136	0	0
0.3420926891926044	-4.590268503811764	-1.8409523238684642	0	0
-0.7412452027693845	0.18323159642280018	-1.780244116408241	0	0
1.3309760286565933	-0.46977946728919306	0.33153255985955354	0	0
-1.458596313085323	0.22168234997072034	-0.000461054871180977	0	0
0.8192174684911819	0.8951192184327468	-0.0830791164054574	0	0
-0.13339986166738527	-0.8365280633520058	0.28717346686883616	0	0
-0.07749625361186219	0.910378727671187	2.213855094946439	0	0
-0.15409509444841518	0.6337017833882115	0	0	0
0.43310429627506863	0.5563168821738742	0	0	0
-0.7008460566972019	0.610304235617761	0	0	0
0.8731610459539425	2.683108683094879	0	0	0
-0.9302205846202156	-4.276386376025215	0	0	0
0.7644217738633401	-4.073893609510122	0	0	0
-0.04610402482601472	1.2403989135323457	0	0	0
-0.6202980242481644	-1.9263258817767905	0	0	0
1.2969964755744599	1.4318231474835699	0	0	0
-1.1581728359464236	-0.1763544975729232	0	0	0
0.4879267318422009	3.459282843541537	0	0	0
-0.0762217591557004	-1.2303054346833306	0	0	0
0.17199411860305247	-0.14834826051161087	0	0	0
-0.4745032114424319	-0.34979858905116856	0	0	0
0.9431655479337877	-3.5972123071086273	0	0	0
-0.8040969689686435	-1.910542372474005	0	0	0
0.43643744770337634	1.945617037209857	0	0	0
-0.20036113996567195	2.66618921934932	0	0	0
0.01045060740791115	-2.385627415393202	0	0	0
0.12805670821536097	0.7767894957793615	0	0	0
0.15441911266389496	-2.0504799742076756	0	0	0
-0.48347877249651106	-1.2568155355033426	0	0	0
0.85944922244812	0.6562676719884095	0	0	0
-0.7279171286666966	0.7327713762712236	0	0	0
0.26820286063269805	0.021243308262704375	0	0	0
0.06488082003266982	-1.8853508319305519	0	0	0
-0.17536618729383235	-4.424984957532132	0	0	0
0.05435599772437172	0.13868779483544103	0	0	0
0.04686461376648765	0.8694738915799434	0	0	0
0.09482037807674004	1.1971357926801502	0	0	0
-0.23395863499968073	-3.5567418490941876	0	0	0
0.03877251006424132	-3.3346138285467433	0	0	0
0.1614836867362257	-2.243658978118866	0	0	0
-0.12770741167918942	-4.070560614969409	0	0	0
0.024644664023483642	0.8118047571544338	0	0	0
0.01936886955341066	-1.616613047023641	0	0	0
0.32254778903119075	1.0334244694893542	0	0	0
-0.6432022199484138	-1.462573450035599	0	0	0
0.44599719176152774	-5.25204690910283	0	0	0
0.270873142554791	2.219947908982654	0	0	0
-1.007315892650773	-0.4414945402514263	0	0	0
1.3782530103455741	0.08028096771754178	0	0	0
-1.5398373999086914	0.4955412426848582	0	0	0
1.444569769106863	-0.3988739072434271	0	0	0
-0.9190596292820814	-1.9136710345531256	0	0	0
0.247070887485755	0.49530905271947745	0	0	0
-0.27778999163295026	-0.24531289428801983	0	0	0
0.5061307170280003	0.4725079225539588	0	0	0
-0.6230836400905062	-0.649414351181477	0	0	0
0.3842405360606378	2.177428301681516	0	0	0
-0.044315873204347156	1.370854802571344	0	0	0
-0.32909745066709206	-2.1381448434739525	0	0	0
0.366261760049845	-1.789999526347387	0	0	0
-0.12036692912933944	0.0675920518163764	0	0	0
-0.2904825771945525	0.5461436526196053	0	0	0
1.1399830599757905	-0.32796530032307913	0	0	0
-1.3945048807061937	-1.0288097067218445	0	0	0
1.1520771441357596	0.32982213743534317	0	0	0
-0.8364084351508154	-0.1503497796397113	0	0	0
0.8641138728576081	-0.12170401838335465	0	0	0
-1.063906894371101	0.23587027063109645	0	0	0
0.7264815542263534	-0.10907965357854721	0	0	0
0.127492402680069	0.1573143086349802	0	0	0
-0.421160706749653	0	0	0	0
0.22857971393008114	0	0	0	0
0.16355250094370177	0	0	0	0
-0.38748050810965395	0	0	0	0
-0.017079316293511226	0	0	0	0
0.4187739007044158	0	0	0	0
-0.6562048967543177	0	0	0	0
0.6256437433951163	0	0	0	0
0.12230580545291048	0	0	0	0
-0.3705626339592101	0	0	0	0
0.32177842585841887	0	0	0	0
0.2491848851409202	0	0	0	0
-0.7803810329481351	0	0	0	0
0.717050498354034	0	0	0	0
0.14454144971593053	0	0	0	0
-0.8869395763500307	0	0	0	0
1.2877547222625694	0	0	0	0
-0.736576673869763	0	0	0	0
0.19873708238466037	0	0	0	0
0.06889983272689904	0	0	0	0
-0.20874102646922665	0	0	0	0
0.43705381528582876	0	0	0	0
-0.25779395788746484	0	0	0	0
0.0028800308536389707	0	0	0	0
0.0774418496649929	0	0	0	0
0.6954777644821917	0	0	0	0
-1.4676691552881067	0	0	0	0
1.8388853519824835	0	0	0	0
-1.6979332930050361	0	0	0	0
1.374460421244045	0	0	0	0
-1.595172553267581	0	0	0	0
1.9659953812384856	0	0	0	0
-1.4336623766121122	0	0	0	0
0.5186386798784284	0	0	0	0
0.3231706625172208	0	0	0	0
-0.8101108901847169	0	0	0	0
1.0905489408566922	0	0	0	0
-0.9331921849427189	0	0	0	0
0.5218167303619765	0	0	0	0
0.17671129392448393	0	0	0	0
-0.5687672703221125	0	0	0	0
0.5465269703226525	0	0	0	0
-0.3135879027258781	0	0	0	0
0.20048502938479373	0	0	0	0
-0.3239539627716326	0	0	0	0
0.3645748118724157	0	0	0	0
-0.05186592008127633	0	0	0	0
-0.2820599942597397	0	0	0	0
0.4013544209470652	0	0	0	0
-0.7238260153768152	0	0	0	0
0.605734719088403	0	0	0	0
-0.314341782454143	0	0	0	0
0.4282239557083969	0	0	0	0
-0.6798704795870876	0	0	0	0
0.5046149987229	0	0	0	0
-0.2431797964971878	0	0	0	0
-0.09101728659545216	0	0	0	0
-0.09006496241426021	0	0	0	0
0.33117601928617546	0	0	0	0
-0.605946888155998	0	0	0	0
0.6780710186801358	0	0	0	0
-0.4890273903745239	0	0	0	0
-0.138024185942065	0	0	0	0
0.6445509267112328	0	0	0	0
-1.2872588156938178	0	0	0	0
1.511245684870893	0	0	0	0
-0.9824837823052022	0	0	0	0
0.0833510248744389	0	0	0	0
-0.00206243402301709	0	0	0	0
0.37422026861751334	0	0	0	0
-1.054288910510948	0	0	0	0
1.3387025637180585	0	0	0	0
-1.6650291989891386	0	0	0	0
1.617496104698489	0	0	0	0
-1.0568768123773538	0	0	0	0
0.11773071586122796	0	0	0	0
0.45834953124030875	0	0	0	0
-0.49411212526700865	0	0	0	0
0.2334560228361795	0	0	0	0
0.3005839128091736	0	0	0	0
-0.4355020790074988	0	0	0	0
-0.1288719530725544	0	0	0	0
0.3645430411704851	0	0	0	0
0.10499325231603507	0	0	0	0
-0.786298115938223	0	0	0	0
0.907698086441215	0	0	0	0
-0.5814957274359287	0	0	0	0
-0.34835816398568653	0	0	0	0
1.1668828969035943	0	0	0	0
-1.407791590329957	0	0	0	0
1.03313735315335	0	0	0	0
-0.6191738874861414	0	0	0	0
0.2096721394380907	0	0	0	0
-0.2752801038152555	0	0	0	0
0.6010162711243083	0	0	0	0
-0.9150629804459598	0	0	0	0
0.8402413116062633	0	0	0	0
-0.9088705813277898	0	0	0	0
1.0712499499645318	0	0	0	0
-0.7971386283490887	0	0	0	0
0.6440831347359932	0	0	0	0
-0.6584120771715263	0	0	0	0
0.2813144225199906	0	0	0	0
0.24627819235331572	0	0	0	0
-0.40421348483266684	0	0	0	0
0.30283690549285325	0	0	0	0
-0.4663086280977353	0	0	0	0
0.4889982062609448	0	0	0	0
-0.1373226453794203	0	0	0	0
-0.24784517310123277	0	0	0	0
0.4623973047211294	0	0	0	0
-0.47062476173113765	0	0	0	0
0.38515723630233367	0	0	0	0
0.0010953769335912966	0	0	0	0
-0.19590976135594929	0	0	0	0
0.28212624835548183	0	0	0	0
-0.26727947303216837	0	0	0	0
0.14373810818639754	0	0	0	0
0.39222476943234597	0	0	0	0
-0.7946369635854609	0	0	0	0
0.8183472346928085	0	0	0	0
-0.5643889689097108	0	0	0	0
0.06314317885447451	0	0	0	0
-0.027338516699799698	0	0	0	0
0.1350506427046625	0	0	0	0
0.2604126371229256	0	0	0	0
