0.49824557554997995	-0.20424401836960016	-2.8401523885473665	-0.11864088102834103	16939.244890844755
-1.4986695940348724	-0.5137877799204773	-9.091869143239762	-0.17305408216653007	16938.230943127346
-4.419787604524082	5.220195857526818	-4.076431346072155	4.4184862708022195	16940.525266799195
5.1793759001210375	44.39748869677427	-22.003925254220206	32.78337305100668	16939.389057935587
-0.5534670627753684	20.498028119441194	-6.648072308644998	23.609964471408702	16934.284453637414
-7.279423767951521	12.984784655421677	25.55161904821891	-3.633111390215362	16952.840757925147
12.237997570397788	-25.43084097889696	-9.83485876443899	-11.188328663605319	16994.552027633432
-10.067423142423877	-8.784455681023175	5.850279243017852	-16.97385079491309	17008.998119475185
8.115442019646935	-49.23088861610721	-29.265459294904517	-0.47448735453737356	17101.53902908191
-12.07835736841053	-26.096875311139335	13.654761412781482	24.426521368969816	17237.387992334563
14.710830776932234	10.293479030691984	-16.995662708476345	-41.1616709960706	17236.790610596232
-15.411872336828239	3.0004990096291806	24.40917113532754	-0.027886804781019237	17234.426454548768
15.607127883555272	2.8425271863095247	-9.237678451003887	23.287810582253485	17280.64299229908
-9.704493260812413	23.083735835673068	7.808753707664266	13.283152779477348	17128.688151814975
-1.8831418042586208	-11.792208941406521	9.953616163885329	12.773910832163239	17129.45925260268
12.608110735319173	24.82321222612797	-1.7497568555749723	20.738836869713992	17069.202238495123
-17.192204585856054	-12.990606491100152	-26.583481302444497	-27.205130652264927	16963.446357748246
13.821859610166122	-1.360743484339757	12.688567507002332	-8.14312417958027	16874.73206908003
-6.9474832635614305	-27.650447495841036	-7.4418728964326135	-28.840400163273586	16770.425903053558
1.167815608517543	20.205309672030182	17.421157783733932	37.100977717347575	16891.242319499604
-0.09333413930362155	-20.22026063622043	-42.1819586520149	6.4454323778766565	16884.607540357374
5.472875028243173	-5.857773274157495	13.843058668670366	-23.077862720532806	16843.37789504086
-10.994079964310586	36.341488647379805	20.062710805580622	32.13107793636273	16863.3848603961
11.824583291340033	-16.902347068974677	26.1554012583821	-24.562300572314882	16983.711283034027
-7.876892946104782	-0.3463140719479867	10.769236514693858	-7.009422964799384	16849.25263424352
1.9359585430425383	32.28871675912566	4.7500027343862286	13.427622897711814	16813.534512588143
1.074477048970742	-38.125127950442334	43.8764100155872	56.01810126603499	16831.019110022902
-0.19617822398497253	-23.49684905573882	-4.323476878887703	-10.26371369854293	16811.270778440066
0.3057769348056709	20.65776282607797	-31.960427641165836	25.807145221520656	16943.983183197903
-2.1486028644470423	-8.703872153123854	-35.054138362515815	24.500066868323117	16933.195160978703
0.18606861401337937	4.481701512547431	-6.86131807692135	-16.350522957441527	16860.089449648352
3.5196786763351042	-8.313850803865193	-5.933653277232381	-10.615975067402658	16747.703459778924
-4.499905202470124	47.000848294369774	10.18970232201795	21.780904324705347	16711.987583133316
2.6691366207625364	-1.7257368527546788	-3.8562506365994693	33.181450628754305	16805.32315760818
-1.6967983692071087	7.049811718215338	-22.35356596333176	-19.33833983045467	16935.779300520167
0.9042912170578603	-34.22338180562086	46.24338796014105	6.826597845139261	16956.579199105472
4.256943030078496	-74.69717076600092	7.328149752778316	9.011943263551501	16947.474860422422
-11.750807100842366	-5.911066800910319	-46.73395552750186	-46.807494809884574	16886.79487853161
13.492046603682681	14.412659509116587	-18.27900237024292	0	0
-10.71438784382243	36.454161049759584	1.611891038212022	0	0
7.619885392964697	26.515215393255687	-27.28189267583815	0	0
-7.000357925374409	-29.10942506076342	41.714420840880976	0	0
11.847080817621908	19.949586592400337	-14.512951311043693	0	0
-17.63894895751681	-4.223040500356845	-13.394373004422874	0	0
16.563663158180645	50.0689684561706	34.71812221777458	0	0
-7.867914327438527	-0.7287650706001756	2.0392680402015912	0	0
-3.1206296588219047	26.75608578904958	15.361516679914075	0	0
7.810816612514159	10.188478078874027	-35.566880193073985	0	0
-5.349923750324734	-3.7681122104538076	28.737532809263215	0	0
3.9147982535506074	41.758585334623255	16.916536191173464	0	0
-7.611910372536556	7.073493917871787	28.137975671717356	0	0
13.066495570825658	20.5337669240674	-2.109331294571149	0	0
-16.495503530189396	-10.582546701644588	2.4990878831453927	0	0
14.562168293515	10.674122336417668	-23.767302641374897	0	0
-6.255952427643905	-15.093032490738373	-62.00520090858325	0	0
-1.9134348403186792	-9.144192634010984	0.2771628119771776	0	0
4.230857846656384	-15.433228478260624	4.933457065719509	0	0
-5.254053381835021	-8.586527459974768	-33.68538956478348	0	0
6.976743290106036	25.008342144065686	-21.207873205990737	0	0
-4.011132411292543	-0.05382317612487242	73.1909381401465	0	0
-2.872235441861072	-8.397549474250596	-5.098255452886079	0	0
5.272461214445578	-3.5581207725093904	4.670028411471037	0	0
-0.9186760225118249	40.20931813322674	-24.577213192602585	0	0
-5.898108307729274	-10.292171012686111	-10.166430412808793	0	0
9.978274570233644	24.392322642232408	1.831190477508727	0	0
-11.500871434436526	-1.667221254613537	22.01375715988435	0	0
14.27002089392247	23.65349146591224	-3.435743003955565	0	0
-19.74401391806427	-9.193990126664822	-0.8587021213716071	0	0
23.52070762738024	-19.09806512854049	-24.64938536828312	0	0
-18.876217953721486	-13.286715913392207	10.74169532412185	0	0
5.806136193214314	30.39084007907484	0	0	0
8.84007831500687	-12.362371693020492	0	0	0
-17.67178163212349	-3.647727536578735	0	0	0
18.638315368406516	-27.969844603673728	0	0	0
-16.261135784019714	34.305102563216	0	0	0
12.796054862484525	7.044076451169552	0	0	0
-6.994025924902104	36.63217979356331	0	0	0
-1.6563948767270134	37.83109383833915	0	0	0
12.096285749839438	-2.981074947465565	0	0	0
-16.35069297937975	0.7797212046995838	0	0	0
10.210930754871242	15.246436129303106	0	0	0
0.40856639678430184	-21.587887526595964	0	0	0
-6.983817465250134	-6.310268432905993	0	0	0
7.188716667357944	-13.473266118001263	0	0	0
-7.77754889011495	18.14191833925097	0	0	0
9.601505414230616	-2.054536209588221	0	0	0
-5.5886393960701	35.057254305062806	0	0	0
-1.159189962477754	35.45776458634777	0	0	0
3.2555207267791815	9.565082388733337	0	0	0
-0.22937843139053626	1.0037996906223725	0	0	0
-1.8858196831180507	9.233103809636873	0	0	0
-1.541615968755984	-1.1945502106874457	0	0	0
5.874165742309202	-3.7779032932599463	0	0	0
-5.283047829739104	-10.924010261286007	0	0	0
-0.16468177548176754	-23.143615843887517	0	0	0
3.0167520303433264	24.977271720402534	0	0	0
-0.448414447624387	14.17738946902439	0	0	0
0.18222121194214225	-48.146609140527	0	0	0
-4.755613028495432	5.4957176755043875	0	0	0
3.7925382255138516	2.420087229816694	0	0	0
2.410135853859231	2.5034872027669977	0	0	0
-5.967786941754667	-19.045088191654912	0	0	0
5.731062220897513	55.37105725488202	0	0	0
-3.994500055818669	1.98222159183684	0	0	0
3.276346716567055	-48.20746032826665	0	0	0
-6.99919743925976	44.11139777329491	0	0	0
10.490997003916519	-29.44116944352018	0	0	0
-6.732493528874215	19.001681502208875	0	0	0
-0.10318835597589526	4.042194876378538	0	0	0
2.5246606610971227	24.978391090896757	0	0	0
-2.745518945527998	46.36121353872295	0	0	0
6.657801725142932	-2.210003726835005	0	0	0
-12.227549839756918	-43.19439147859119	0	0	0
10.886358779380394	-8.866828531111068	0	0	0
-5.424955838490952	4.62235109336806	0	0	0
0.7834620277341742	-25.220382259922943	0	0	0
3.5528484226795882	35.2008540403662	0	0	0
-7.612480071479439	-1.5782537000362211	0	0	0
9.19953439172619	-7.023860426797839	0	0	0
-6.645955591562618	-50.37586262653432	0	0	0
-0.011321705521339709	-1.5730402851644456	0	0	0
6.001683050849195	-10.796166159000506	0	0	0
-6.695861216606133	-10.331677583138294	0	0	0
4.874630102639529	12.505993774932598	0	0	0
-5.7920349755166995	37.91198452836578	0	0	0
7.553024761306233	34.46484007291658	0	0	0
-4.652820849273944	17.75988132449521	0	0	0
-3.830002474040789	-16.81593468781547	0	0	0
8.91211256604008	-22.99823840579542	0	0	0
-9.513984950675827	17.446803651069338	0	0	0
8.876843289981814	-15.655336246675034	0	0	0
-6.309739555510113	34.27847395775029	0	0	0
2.3256600639171268	-0.43876873361158886	0	0	0
-0.10899947922456477	0	0	0	0
-0.8801747025849309	0	0	0	0
0.5553480001406825	0	0	0	0
-3.5580830680837394	0	0	0	0
10.021746695289345	0	0	0	0
-14.086659678752092	0	0	0	0
15.756464097265557	0	0	0	0
-19.75593460218378	0	0	0	0
22.40367926395068	0	0	0	0
-19.788286721376956	0	0	0	0
20.00162052671439	0	0	0	0
-24.09337081537157	0	0	0	0
23.3310067796984	0	0	0	0
-18.301701603029457	0	0	0	0
16.237280293397752	0	0	0	0
-16.707201396440944	0	0	0	0
17.65412710835418	0	0	0	0
-16.502875260773195	0	0	0	0
10.349355650578843	0	0	0	0
-1.0005551227962428	0	0	0	0
-8.021583869176979	0	0	0	0
13.497471368836777	0	0	0	0
-12.865733661994014	0	0	0	0
7.626640765543229	0	0	0	0
-2.4433247756845304	0	0	0	0
0.7846150335691533	0	0	0	0
-4.724135429516302	0	0	0	0
7.859650437961655	0	0	0	0
-7.837695480937967	0	0	0	0
7.273489833466897	0	0	0	0
-4.221203537458315	0	0	0	0
-2.2310116920855663	0	0	0	0
3.8510585027015978	0	0	0	0
0.22619634486351714	0	0	0	0
-4.7635153190776265	0	0	0	0
6.5511255546642815	0	0	0	0
-5.219438956546718	0	0	0	0
3.0769355315568987	0	0	0	0
-4.7418703555024635	0	0	0	0
9.52813428456514	0	0	0	0
-12.441384215864467	0	0	0	0
14.200666820958737	0	0	0	0
-17.215253548364053	0	0	0	0
17.90217588639652	0	0	0	0
-13.328957263533496	0	0	0	0
6.918680472165761	0	0	0	0
-2.3588081529865406	0	0	0	0
0.35211639267634354	0	0	0	0
-1.867424720344367	0	0	0	0
5.827357123212245	0	0	0	0
-7.903802118310139	0	0	0	0
8.681152853436053	0	0	0	0
-6.996051375650964	0	0	0	0
3.0869406811975395	0	0	0	0
-2.1313628588337963	0	0	0	0
5.108257852764986	0	0	0	0
-9.824926113240537	0	0	0	0
15.047832408143137	0	0	0	0
-13.884725992890026	0	0	0	0
2.4364410696048964	0	0	0	0
14.124380636059549	0	0	0	0
-25.05076327168551	0	0	0	0
23.314501809441488	0	0	0	0
-14.510093817642058	0	0	0	0
8.958147610380543	0	0	0	0
-6.886430917847221	0	0	0	0
10.661678078606556	0	0	0	0
-19.248127237361665	0	0	0	0
24.698680233849977	0	0	0	0
-20.538544310628936	0	0	0	0
8.655574053432666	0	0	0	0
1.6593005071210314	0	0	0	0
-2.7655281523631174	0	0	0	0
-3.783076986680321	0	0	0	0
12.046441471741517	0	0	0	0
-11.42579409729705	0	0	0	0
2.8544342679393537	0	0	0	0
-1.6875861660974536	0	0	0	0
12.824962474848611	0	0	0	0
-23.13041788814052	0	0	0	0
22.50376783017277	0	0	0	0
-16.032251873136907	0	0	0	0
9.780075543959192	0	0	0	0
-1.5692213699517126	0	0	0	0
-7.936505778930588	0	0	0	0
16.188636445358476	0	0	0	0
-18.305859366645024	0	0	0	0
12.683841441118972	0	0	0	0
-4.431144483236743	0	0	0	0
-4.991731367485336	0	0	0	0
15.042752911558416	0	0	0	0
-18.089051340034885	0	0	0	0
10.879095495788675	0	0	0	0
-1.2222103201427643	0	0	0	0
-3.18707676770358	0	0	0	0
0.8063008464632091	0	0	0	0
6.215571783118932	0	0	0	0
-8.271851767796406	0	0	0	0
-1.0620541777972718	0	0	0	0
10.559469345077439	0	0	0	0
-11.619195938051831	0	0	0	0
10.173452949568762	0	0	0	0
-6.940077878769692	0	0	0	0
-3.554462336454179	0	0	0	0
16.591770480757745	0	0	0	0
-21.355637792189242	0	0	0	0
19.21469100660061	0	0	0	0
-12.750456098352025	0	0	0	0
5.845893817759233	0	0	0	0
-3.2923979262395733	0	0	0	0
7.0079849810999235	0	0	0	0
-13.876307489507703	0	0	0	0
17.409921656051267	0	0	0	0
-15.019091500607495	0	0	0	0
12.21330115532679	0	0	0	0
-4.926542815408062	0	0	0	0
-6.560789882180359	0	0	0	0
17.499557730008668	0	0	0	0
-25.054737352905015	0	0	0	0
26.067241212897194	0	0	0	0
-18.369202725383808	0	0	0	0
5.457218045913827	0	0	0	0
0.01556018642509116	0	0	0	0
-0.3779174608997806	0	0	0	0
-0.5076037970014653	0	0	0	0
-0.13649395112872753	0	0	0	0
