-0.05481136603975756	-0.5645104969793024	-4.744332884260615	0.4572379597010041	16807.83742037772
0.40634159170577533	-2.5596948170983254	-14.88585058309667	2.2725009801333442	16808.553436379872
-0.6366954793359483	-2.714516724050398	7.448945586598597	9.696372605932737	16810.407374310966
0.4279739190833425	6.29272735929878	4.62277959453283	-1.5910927537623394	16807.40482635124
0.2241543600452971	7.9074175938609415	7.176948133491678	28.771496461064118	16815.95430802682
-0.6398658410809972	4.736789212196868	8.49240975101955	-21.64463332010692	16779.19601286756
0.94865060930087	5.2504498379838225	3.704564656427479	-7.482669101226719	16812.143563161084
-1.5792530598452643	-1.2920231741843367	8.221672200183818	-6.335293013984966	16896.204701854884
1.8929145084835497	5.1947355738941	24.940043703687692	7.784920872507257	17074.429345979606
-1.4560813643551782	-9.674310561001938	-27.55040353614524	21.110590727470537	17222.696400419853
0.6493821671396987	-3.375156554341359	7.1155000326932765	-32.230204594214655	17258.13079490709
-0.6667397843630596	-0.7217466297448212	0.06641382861775469	1.3642386415584156	17123.182216703935
1.0284268206041602	-5.458121371377523	-3.7905815179004065	11.016849132475159	17186.761646622013
-0.7154682917068911	-0.3797324813718461	39.08379848378904	-0.26419208836585995	17159.555472923355
1.3949279467920377	-1.2851718270272556	0.9088293248765353	5.509945816259631	17090.899586782067
-2.869478511789488	-3.405447324613668	5.545004711224607	-13.905069502822414	17036.502654538064
2.9568672666588895	3.430674529722495	22.03186091423744	14.013838447811324	17126.58302133248
-1.428430501295793	3.668022954284382	-0.5643048131577473	-3.7122500293987457	17114.084370993733
-0.32233827475645427	-3.1421683492046952	-3.0929910988626403	-42.23598919157621	17120.985154119695
0.4890426004309134	5.622069873625463	-1.1391875155787972	15.595687536817167	17039.126176198093
0.6263935313176248	-5.562842554152553	1.42922025643675	13.439235664832566	17006.140769369063
-0.2237277721587958	4.9263033051717855	-12.079677620235842	17.777815937526853	16947.737950078106
-0.9333627632846984	-6.96487782294291	1.596562209118062	-8.742794941621412	16848.962969607943
0.19593075992521847	21.770597413278296	10.4629103561779	-21.669262205538658	16760.668245390418
1.4832405966565076	-9.617789535372552	2.053403197706672	-0.592562483183869	16882.677658757137
-0.7428096066366905	-1.6023791191040715	-12.973195177861697	-33.97259067949899	16788.630033127683
-0.39645536281303606	-3.9130187518175603	2.204880737724878	7.051302000345231	16708.759164263403
0.761713363500462	3.9191451172521994	-10.190774057788317	19.83803189216343	16590.714060690963
-1.4974099796056137	-0.5803945992215347	10.525041692882198	-1.6428583999187651	16496.46017892264
1.5050888244681673	1.177394875179175	-3.0837448760993738	10.204196122881385	16574.49743739631
-0.19876076725478953	1.13552371284743	-1.240060787364655	15.125198695397046	16686.996034570733
-0.3943696547364013	-11.09745980456593	-31.78001816791067	-6.697512579124165	16742.060495071084
0.3696414732706472	7.745367117566175	4.53503546785258	-13.841457295360954	16813.42290607854
-0.6105449696382692	-1.1953827148170433	-23.49530893400528	48.63831731071326	16782.663560807163
0.06851694818904974	-0.6565154088423668	7.902488005205939	-34.94091348138623	16842.481134872687
-0.18487269025600028	3.721081268835846	6.073981110712438	12.574360167647356	16957.45280614532
1.5412938445479654	-1.6125217915126058	-13.439204898950223	15.599657771267218	16980.04499424554
-2.952815156798941	8.998589653816481	23.274989691517987	-53.73768862528841	16889.274043418194
1.908860028735326	-4.657558078501495	-0.9466584554401294	0	0
0.285300642773322	-2.243490085687341	-2.560073959097906	0	0
-1.5616151886372904	1.6847679849652621	-3.9949626865146115	0	0
2.6649387551914856	1.827930477299546	0.013089010399951917	0	0
-5.351173168988794	-0.42213840552985715	-21.19443610589022	0	0
6.365436466042162	7.787020538269708	3.6683329001549225	0	0
-3.1694937604838813	0.7448903885713491	1.608398008439508	0	0
0.3663542168452949	1.423983410212415	13.879566947381988	0	0
-1.339228238358423	-2.4007799975774304	4.263846312503617	0	0
1.3738200848025457	-0.5173191897515395	14.286811420128686	0	0
-0.7508932552283412	-0.9008576340811487	-29.325906409485256	0	0
2.6821806942980473	-3.2290052245580654	4.274431712654177	0	0
-4.9283327831980515	7.962615258913317	-10.796432831053096	0	0
4.677296866206902	-1.6110756874280554	12.85455423368893	0	0
-3.1768545533689547	3.5057066418358005	-3.4222596724350183	0	0
2.7190202262608594	-1.812499140397179	12.45297504696019	0	0
-2.8564319212217626	0.4785213474200134	-5.064689935236743	0	0
2.5936702261730176	-11.967184367688972	2.4986939049726686	0	0
-1.7549097432564267	6.813617844954166	0.5589294108979601	0	0
1.2423852402712612	-7.8391221936602875	9.133912011540247	0	0
-0.17785624738246497	7.97102544592731	-4.455349225112812	0	0
-1.0308204599373454	-9.742243220569648	-6.871873319724045	0	0
0.4493992405000995	10.193199458639839	6.097145710766043	0	0
2.077624410377368	0.6935656456377899	13.820710526091332	0	0
-2.6569351235060807	4.49429183081682	6.224024343069573	0	0
0.776172965654041	-4.875583850177755	2.389732677355326	0	0
1.2101750447990014	-2.442379693907057	-5.979655571897439	0	0
-1.8303305432594428	5.65129944624249	6.919425800655304	0	0
1.1694844577851953	-1.1486100157877814	1.9754069236104357	0	0
-0.3531728858687586	-3.2657967459908193	-1.9311073567454713	0	0
0.04161250792549964	1.4210740599852016	-6.7056781251233275	0	0
-0.3641264367651189	-5.911661110798299	5.819725848787414	0	0
0.17436523357628175	1.183085598934177	0	0	0
-0.4183258455442598	1.8939402433050319	0	0	0
1.7378494344987345	-3.2559732910965877	0	0	0
-2.874974928034547	6.0061156486978575	0	0	0
2.3070021355765036	-5.026965722006786	0	0	0
-0.36916204185429535	4.605637007451996	0	0	0
-1.435596219366552	-3.419373774174659	0	0	0
2.1114948477401896	-0.3311035282207442	0	0	0
-1.3716408959285147	-0.5616797097401616	0	0	0
0.763513235451704	-6.076322298548796	0	0	0
-0.22038231793558083	9.895181329098016	0	0	0
-1.114050521804522	-10.122071109094456	0	0	0
1.5750286657663466	14.546058184382915	0	0	0
-1.832562657483784	-9.825569032396622	0	0	0
2.093131154889697	-0.4364295879338087	0	0	0
-1.7517430244397048	-2.38807453149078	0	0	0
0.5993141646813527	1.2389996504642298	0	0	0
-0.8159447141111471	6.697565016901471	0	0	0
1.4858389871881243	-5.100840901485313	0	0	0
-2.1036701705785177	-5.056938911151903	0	0	0
1.6875004403755653	5.94015294928073	0	0	0
-0.35812920425102135	-6.116134831830671	0	0	0
-1.2980508359376515	8.440011181060427	0	0	0
1.661779148472398	-7.2019466822528315	0	0	0
-1.2693647371608279	-0.3495436916491528	0	0	0
1.1811590594829227	-5.0670780417685535	0	0	0
-1.7033002748688588	-2.8980165004003453	0	0	0
1.261809958983335	0.11701551476544125	0	0	0
-0.1460876019845827	-2.4730621666837465	0	0	0
-0.3972964997302739	0.983562232722285	0	0	0
-0.3049035577964858	0.29147347303162263	0	0	0
0.82341325504877	3.816117554356431	0	0	0
-0.8094791867464366	1.3045038487658687	0	0	0
0.7088249628930399	0.10983008994633536	0	0	0
-0.7098923601114109	2.028333090197016	0	0	0
1.0100394385879312	0.3326566477937902	0	0	0
-0.3529543802474606	-0.4483024712613215	0	0	0
-0.6693696846330965	-3.8146132893177978	0	0	0
0.13331550667319192	-1.361943889486028	0	0	0
0.2483930067872393	-4.640597190016273	0	0	0
1.6212173828603156	2.0953703337167227	0	0	0
-3.339980090751986	-6.558293579363983	0	0	0
2.7351388253552784	3.7756835213677533	0	0	0
-1.3120328720242256	1.9229643165852295	0	0	0
1.636029258566694	-3.781641410046092	0	0	0
-2.3013568277561944	0.35637375470940214	0	0	0
0.48975949180999123	-0.9256792177676374	0	0	0
0.3590178042667276	10.927390557707952	0	0	0
0.34178182930073575	-4.762387657567309	0	0	0
1.0390237911837161	-3.8219018535842864	0	0	0
-2.9973268597001734	-0.351362532835914	0	0	0
2.2616679394219688	5.961706111172241	0	0	0
-0.2294418016502533	-2.765577878302544	0	0	0
-0.8018427317368833	-3.4073092131098193	0	0	0
0.6925779483863579	-3.368444964278396	0	0	0
-1.0612993387678813	-5.127389463006082	0	0	0
0.7118303795238248	4.321537244446155	0	0	0
1.325632154546426	3.442919390461981	0	0	0
-2.670387635523305	3.2312315301841252	0	0	0
2.5318529512128762	2.7963584693338106	0	0	0
-1.8756893030862116	-4.483515971992929	0	0	0
1.0433932478138814	-2.468370456027465	0	0	0
-0.8799779346178482	-4.0487282856463835	0	0	0
1.2113643716969804	0	0	0	0
-0.7794600626779271	0	0	0	0
0.06491079626090368	0	0	0	0
-0.30028210159953517	0	0	0	0
0.9683449929042638	0	0	0	0
-1.1597656309504103	0	0	0	0
0.9874110138414594	0	0	0	0
-0.20620605446389817	0	0	0	0
0.34106608059823884	0	0	0	0
-1.742726453604071	0	0	0	0
1.4384654999309703	0	0	0	0
-0.17587836199146523	0	0	0	0
-0.12060458431354704	0	0	0	0
-1.3934540488983345	0	0	0	0
2.862525082455953	0	0	0	0
-2.989761202021903	0	0	0	0
2.1384443956908896	0	0	0	0
-1.5391175171136595	0	0	0	0
1.343604609469601	0	0	0	0
-0.7944178162464155	0	0	0	0
-1.136828988152189	0	0	0	0
3.231272962018487	0	0	0	0
-3.6695153726920324	0	0	0	0
1.9495407965533218	0	0	0	0
-0.28198412537133777	0	0	0	0
0.4550268665623918	0	0	0	0
-0.6378676044877594	0	0	0	0
-1.3838116050699085	0	0	0	0
2.734845827607842	0	0	0	0
-0.9258295543417816	0	0	0	0
-0.3493276827561189	0	0	0	0
-0.30875706528509284	0	0	0	0
0.983567614436069	0	0	0	0
-0.6095411168896376	0	0	0	0
-0.15208315538266248	0	0	0	0
0.7131689166188906	0	0	0	0
-0.26284552333945754	0	0	0	0
-0.23940548621535385	0	0	0	0
0.7234044913920954	0	0	0	0
-0.07005100659480945	0	0	0	0
-0.41415438472243693	0	0	0	0
-0.04964490850048264	0	0	0	0
0.09223718032610861	0	0	0	0
-0.3163716929883478	0	0	0	0
1.1213876497563007	0	0	0	0
-0.9258848269599866	0	0	0	0
-0.4604407260413623	0	0	0	0
0.7585933540374228	0	0	0	0
0.7108856822340215	0	0	0	0
-1.1775095093469616	0	0	0	0
-0.5620421466764611	0	0	0	0
1.2187341285644848	0	0	0	0
-1.077071355298628	0	0	0	0
1.9020478937950642	0	0	0	0
-1.1007606944494128	0	0	0	0
-0.21366896376469668	0	0	0	0
0.13161647418458244	0	0	0	0
0.014911379908028266	0	0	0	0
0.666238578373445	0	0	0	0
-1.6873974067830986	0	0	0	0
1.7137804369172187	0	0	0	0
-1.3765919429834454	0	0	0	0
1.7370030353148422	0	0	0	0
-1.7605084320308748	0	0	0	0
1.697396859802005	0	0	0	0
-1.6923779222081805	0	0	0	0
1.0518476246084987	0	0	0	0
-0.2894076476854508	0	0	0	0
-0.6044736549815468	0	0	0	0
0.8561927453573119	0	0	0	0
-1.028775739497668	0	0	0	0
1.4559846830740355	0	0	0	0
-0.8511553250389312	0	0	0	0
-0.19859146570416897	0	0	0	0
-0.08821646786945792	0	0	0	0
0.3937181781893955	0	0	0	0
-0.026391911965077952	0	0	0	0
-0.24509952699089155	0	0	0	0
0.2637065334986275	0	0	0	0
-0.23374286116491305	0	0	0	0
0.020301789528083702	0	0	0	0
0.7400084431477865	0	0	0	0
-1.262212876112315	0	0	0	0
0.9351614416876401	0	0	0	0
-0.15507756981768495	0	0	0	0
0.2093289978490347	0	0	0	0
-0.5124097604782847	0	0	0	0
0.29132605708997517	0	0	0	0
0.8686015702682113	0	0	0	0
-1.3215689782803963	0	0	0	0
-0.004058749159760566	0	0	0	0
1.806282800678403	0	0	0	0
-3.332725660621257	0	0	0	0
3.8461909152138887	0	0	0	0
-3.5586089852737786	0	0	0	0
2.8389366714422692	0	0	0	0
-2.3343666261460925	0	0	0	0
1.1070353796330608	0	0	0	0
0.32591577007388395	0	0	0	0
-0.12745514646428546	0	0	0	0
-1.34680711321284	0	0	0	0
2.105677204883662	0	0	0	0
-2.424416706833739	0	0	0	0
2.682113347639472	0	0	0	0
-1.3847130472988596	0	0	0	0
-0.9542958219271469	0	0	0	0
1.1635025460631638	0	0	0	0
0.07652286520286822	0	0	0	0
-0.1847394368298012	0	0	0	0
0.07732302687388426	0	0	0	0
-1.2717188740714178	0	0	0	0
2.6708981560780174	0	0	0	0
-2.60804918978193	0	0	0	0
2.2101963343402815	0	0	0	0
-0.6657805946820119	0	0	0	0
-1.9677784544865204	0	0	0	0
3.3402841283623133	0	0	0	0
-3.7921967733505753	0	0	0	0
3.7044068090990976	0	0	0	0
-3.2347202191870608	0	0	0	0
3.1578486254464977	0	0	0	0
-3.0273749949673316	0	0	0	0
1.0431292388880635	0	0	0	0
0.025075364153494206	0	0	0	0
-0.34271191679639657	0	0	0	0
2.296485927238237	0	0	0	0
