-0.047840381991598235	0.26589561698394704	0.6058464378072301	-0.035590206584174666	16888.213321627783
-0.13074128872831636	0.9074992516485736	1.7946700517628358	-0.2809388592718278	16888.193160577204
0.09885552449445356	-0.6709133168067041	-1.8991672111468745	-1.1175975708162298	16888.042714140756
0.31556700235110213	-0.8745606604227731	-1.6110455727414887	6.36000152956467	16888.575373407486
-1.0578697394789458	3.094022803831983	5.641637926335235	-1.8738953173061077	16885.96669354843
1.0295875299848944	-0.23601049766643456	0.7153930560301944	0.5164624813701124	16895.797979330087
-0.8409799871071044	1.5242877629753266	0.2805105874844003	-3.137075232161223	16892.4786633692
1.301302376204582	-1.5294689157997894	-2.154089572280867	-8.845748242204237	16899.46197794014
-1.6281357615597258	0.7660678896421587	-2.804002333990553	1.5406814495052572	16903.078572985538
1.5330698805902045	0.654922474726547	0.20412648645782383	-0.7807620653029232	16900.014125366386
-1.4020202782585045	-3.3844185092365393	-5.6453044640506675	5.33915156901854	16894.880557037824
1.011244897342074	1.153130284101259	6.459584757455858	2.720022273872601	16891.156711337782
-0.49140606856467883	-2.9964191385842014	-2.9449787943964907	6.1400023367543355	16889.237484645382
1.0244734378924036	-0.7018020157558738	1.7616977776005314	-13.38558360309706	16887.082693941185
-1.814279665197617	-1.46470302890625	-1.1834777482380332	2.2152616237542304	16900.99736572938
1.720822437651293	-0.12491996168242991	-2.250226940620067	0.3942919871258397	16873.330883788432
-0.7066752479004492	-0.12242653376977586	-2.9765160237862887	-1.0606502167796066	16883.44294975304
0.34267232944877435	-1.0034152447261562	-1.0709687934295573	-0.3591303120924465	16887.73062326061
-0.597692966083109	2.1060094036182164	0.19433584865498688	1.0198846181424557	16895.09255992202
0.38053901122656697	-1.1660260149820019	-1.6115686435070984	-1.920339069070721	16888.01140221994
0.34557374869049085	-0.9352830814572926	4.470513878378654	-0.983203225458297	16889.333005777415
-0.9185830970507496	-3.7433823348164097	-3.1418107389095837	-2.2668738052226303	16889.473372054545
1.1886715700996717	-0.4665387569786219	-1.6671772604003365	-2.3381852021792753	16888.48806086889
-1.2188065170473052	1.6308744480353852	-8.85699882436434	-0.318077257429195	16887.156911322203
0.545488738291958	0.05088908568600914	13.248789537652826	-1.1817254010065312	16888.05485822435
0.13291003516889077	0.19947695575725533	-4.587288456363041	-1.9983272982562141	16890.813590258775
-0.12777301183603385	-2.367302873006345	4.53907873168221	-3.0744372614772857	16890.842843048984
0.5253534215424054	0.11349383155015857	1.7994368771800424	1.8218729300406125	16890.388611665116
-1.0962981728435253	-3.733970508542285	-0.7349918804004716	0.8257388176283058	16892.580410584585
0.8322255252423219	-2.5817391697708487	-2.39505418360082	-2.4546766498560686	16892.137484519473
0.04632351060516271	-1.9676419237631038	0.06792272774217167	-8.27487066473438	16893.127614972902
0.05151085895012386	-0.4081270206070897	-3.7212197988405933	-2.615922501558444	16901.366289366222
-0.5173598605984395	-0.7550433062923858	0.4992241831012194	4.503582941156196	16900.955831755346
0.25135714040393253	3.417725852725205	1.6142046664881349	-9.84071276156834	16888.528459959358
0.3287913498852646	-1.2609827459978575	1.395632020847387	-21.110172053424265	16887.909300559146
-0.3417730154781111	1.1426099418433608	-1.5397078111410565	6.495628517472383	16896.186852081464
0.3944639061399329	0.8000010904776289	1.5276633215496247	24.007030343313446	16917.926183502754
-0.8803450866056224	-1.5254152314957636	0.1911877410758649	-1.924608385609119	16848.987433618273
0.7347655130478685	0.9355992273826104	-3.5960401438639735	0	0
-0.9832579993198323	2.6445737246918952	-0.6251100766948241	0	0
1.7388360626777342	-2.0340773483354013	0.21926455570122982	0	0
-1.6374859290636437	4.110641265090912	4.445822083735436	0	0
1.024966081510641	-1.7415818443632958	-4.13025080867115	0	0
-0.41824226982445367	-0.5340309661939884	-1.7876270734307127	0	0
0.060015992377884686	3.275822107297749	-4.1126551499498305	0	0
0.39775301022207543	12.543028414377645	-3.05208741813982	0	0
-0.7671878865793644	-3.9470556930474956	0.6922456969283814	0	0
0.21447598744578045	0.03313418365075904	-2.384795747808738	0	0
0.009141342179823653	1.7634759296354048	5.8795889444403855	0	0
0.31087946874488637	-1.9558892718981937	0.20967684179467483	0	0
-0.5320759198951421	-0.747667454526642	-0.2837635284308817	0	0
0.673333183551108	0.4334838199411095	2.0489721613513012	0	0
-0.7342220062237033	2.0175877991657813	2.167109456602205	0	0
0.9553291157785893	0.849831837734591	1.2092323847229807	0	0
-0.680171703151629	-1.8614011480609705	-0.9790028829181097	0	0
1.170505717065197	-1.9758023642733775	1.7860139390552092	0	0
-1.5782830483868437	-0.49611675622826823	0.14930733323048173	0	0
0.8503720247375952	1.5836638399170297	14.286212344381994	0	0
0.24347738240378902	-0.20897830437827736	-1.9635891498152631	0	0
-0.17466822004124083	0.11969760637388305	0.9581902039869732	0	0
-0.10560959600842779	0.5268275483361222	-1.8484768047850082	0	0
0.21012182439451976	1.074228727913706	-1.68088696827229	0	0
-0.553160474503045	-2.105629178412407	2.241490233248925	0	0
1.6511861792876132	-0.1450197478054278	-1.5750816662617098	0	0
-1.507126730727009	0.2515396183462215	-2.148404934519263	0	0
0.8027323759494749	-0.6498147151168183	-2.059023974067344	0	0
-0.47755656042205175	1.676715603942334	2.4847246131628395	0	0
0.40994539239851235	0.49407451152951865	-1.915177067495847	0	0
0.3054380550383087	0.6863835299932504	3.2402226290930685	0	0
-0.7466694481213807	-3.6877881050847634	0.1643149469095846	0	0
0.7179994272784072	-0.2844999939112398	0	0	0
-0.9669551648459844	3.2251535341483546	0	0	0
1.1172451752012549	-1.1102196382186804	0	0	0
-0.6606304699659589	0.8796327716783239	0	0	0
-0.0004495057584321671	0.559803186532676	0	0	0
-0.542671031308231	5.676066152486847	0	0	0
0.8047394195479569	3.483348186225726	0	0	0
-0.33142592954988004	-0.9943530417751205	0	0	0
-0.17398316838332306	2.126501078401489	0	0	0
0.6006473123405414	1.6975533689106044	0	0	0
-0.8343785443097573	1.8848679203410228	0	0	0
0.09846721792635549	-1.234637130257532	0	0	0
0.7051931583523299	3.99015691363433	0	0	0
-0.1654633298504251	0.8996630215779007	0	0	0
-1.2939040024738233	0.34672809179333086	0	0	0
1.2256337000148037	-0.884838690863269	0	0	0
-1.0545306648474195	-0.3796811983651551	0	0	0
0.8914525540554976	1.9092035320727874	0	0	0
0.6606240780856396	-0.47560081217819317	0	0	0
-2.0882816094267938	2.4370666935218352	0	0	0
1.4439942612261305	-2.795282085992824	0	0	0
0.13193802388537534	0.0919671969525524	0	0	0
-0.6365966832379399	1.3387797042178349	0	0	0
0.3806042359115409	-1.4648318770453344	0	0	0
-0.28162528633247774	0.14550988160880252	0	0	0
-0.35705385017539015	-2.7317593554921373	0	0	0
0.7537081972824282	0.4983508763024389	0	0	0
-0.13787208611649504	3.078115514987722	0	0	0
-0.7771772107375696	2.5746284496111755	0	0	0
0.5585528003921638	-1.74923454364788	0	0	0
-0.4007089285141703	-0.005276014531162332	0	0	0
1.0302860242662462	0.5578293330731583	0	0	0
-1.3576826037959009	0.1579458680729502	0	0	0
0.5521499390826321	3.675723580793779	0	0	0
-0.10264746062490815	1.024982585670152	0	0	0
-0.017797371579575838	-2.0556526591786195	0	0	0
0.24941549732960056	0.28307975691514997	0	0	0
0.02356659098950331	-2.404344505445387	0	0	0
-0.8600764364748201	1.526300767507891	0	0	0
1.0548461248699041	-2.7419557525175478	0	0	0
-0.49571965384962624	-2.5297513009513253	0	0	0
0.3726225309917979	0.8875441420651597	0	0	0
-0.42486578745491244	-4.030833516585382	0	0	0
-0.13489198274189107	0.3931665152708135	0	0	0
0.09130321529983831	3.014248179007069	0	0	0
0.9336658302537657	2.32439698311115	0	0	0
-1.3695702501174694	-4.250529948387296	0	0	0
1.1785325452340274	-1.2175425967501141	0	0	0
-0.8739307332561808	-2.363750273712995	0	0	0
0.8311991276250481	-1.5969578955891066	0	0	0
0.06823290702104146	1.1598222585870204	0	0	0
-0.9429563804191332	-1.1645352693061994	0	0	0
0.843062585689978	-0.6481490071842799	0	0	0
-0.6891092459491546	-3.871051719771131	0	0	0
0.9477209451874629	2.026747740528485	0	0	0
-0.6125560918834267	-0.9966874399496959	0	0	0
0.4341355136313041	-0.2582866778108084	0	0	0
-0.868452921864602	2.769384406567177	0	0	0
0.7369665794832301	-1.1180490996947583	0	0	0
0.08931090014817045	-1.8514810111071753	0	0	0
-0.44370787156671554	3.8096350297745687	0	0	0
0.26797170578703344	-1.6509155186062756	0	0	0
-0.7881664603055398	-2.8263515618270034	0	0	0
0.9601760930433372	0	0	0	0
-0.35230103009032376	0	0	0	0
-0.5235820191450031	0	0	0	0
0.6899222292884843	0	0	0	0
-0.794176242254018	0	0	0	0
0.7800560486596737	0	0	0	0
-0.25335973760179087	0	0	0	0
0.21162250784334447	0	0	0	0
-0.6341556412981078	0	0	0	0
0.4869839742069928	0	0	0	0
0.5610609801568671	0	0	0	0
-1.1596567431285436	0	0	0	0
1.0895213544553712	0	0	0	0
-1.4082492841088055	0	0	0	0
1.394259588247607	0	0	0	0
-0.559698135434715	0	0	0	0
-0.6705238842339583	0	0	0	0
1.4529205729514345	0	0	0	0
-1.9516954673974922	0	0	0	0
2.053052204114124	0	0	0	0
-1.1076003735520743	0	0	0	0
0.2435606099740255	0	0	0	0
-0.14257860538343436	0	0	0	0
-0.26316755334491404	0	0	0	0
0.9363951055047792	0	0	0	0
-1.1006917752011347	0	0	0	0
1.0164372648253774	0	0	0	0
-1.6855155883528639	0	0	0	0
2.3745947672230017	0	0	0	0
-1.556170602677092	0	0	0	0
0.813733234078164	0	0	0	0
-0.7450307644077725	0	0	0	0
0.030445937306559756	0	0	0	0
0.5818197289121088	0	0	0	0
-0.12664719040578376	0	0	0	0
-0.3464030932431683	0	0	0	0
-0.043953858684879776	0	0	0	0
0.13619806972032933	0	0	0	0
0.22403621665559825	0	0	0	0
0.12720735351442158	0	0	0	0
-1.1019175986025687	0	0	0	0
1.1808002644823716	0	0	0	0
-0.6606478695749018	0	0	0	0
0.814756761239714	0	0	0	0
-0.5064995720589351	0	0	0	0
-0.24830741258521982	0	0	0	0
0.7179342739173791	0	0	0	0
-0.9297612261275034	0	0	0	0
1.097664847049444	0	0	0	0
-0.5487025464913771	0	0	0	0
-0.3648461219242307	0	0	0	0
0.2775120085889924	0	0	0	0
0.41134478109192685	0	0	0	0
-0.8288593921307665	0	0	0	0
0.6790097550440564	0	0	0	0
-1.016520373261443	0	0	0	0
1.4317731098331379	0	0	0	0
-1.5297819947328932	0	0	0	0
1.5439895200840468	0	0	0	0
-1.8987753992060874	0	0	0	0
1.2707704904096744	0	0	0	0
-0.6085676136900133	0	0	0	0
0.49294215703741884	0	0	0	0
-0.45560605721039593	0	0	0	0
0.3574561531941356	0	0	0	0
-0.6563046937911423	0	0	0	0
0.5289573022057965	0	0	0	0
0.2578892587171566	0	0	0	0
-0.6965665063496118	0	0	0	0
-0.11680532646338548	0	0	0	0
0.2750578399242727	0	0	0	0
0.3259112629484662	0	0	0	0
-0.14558019844562864	0	0	0	0
0.05414832960138938	0	0	0	0
-0.31647634013500436	0	0	0	0
0.032004928364834484	0	0	0	0
0.9041973437132924	0	0	0	0
-1.0901012378823793	0	0	0	0
0.8929717882056991	0	0	0	0
-0.9978891876379947	0	0	0	0
1.063312280386377	0	0	0	0
-0.09126462907404687	0	0	0	0
-0.7275839120926832	0	0	0	0
0.41876203866195993	0	0	0	0
0.2877728507820123	0	0	0	0
-0.7354263017747655	0	0	0	0
1.0504175070966966	0	0	0	0
-0.349247352380587	0	0	0	0
-0.013677822372294202	0	0	0	0
-0.9468784145187854	0	0	0	0
1.5078504343936103	0	0	0	0
-1.1995107571080723	0	0	0	0
1.1440099916020898	0	0	0	0
-1.2255270173313733	0	0	0	0
0.774092250306488	0	0	0	0
0.4674152769984872	0	0	0	0
-1.1014895848208965	0	0	0	0
0.5202845861171141	0	0	0	0
-0.3036817066594395	0	0	0	0
0.5363208711678453	0	0	0	0
-0.4122882686231151	0	0	0	0
0.15931446409104666	0	0	0	0
-0.12013388404606218	0	0	0	0
-0.49390082199325747	0	0	0	0
0.8207744842847475	0	0	0	0
-0.3383826949370601	0	0	0	0
-0.3297313046267689	0	0	0	0
0.06678011969027864	0	0	0	0
0.06417922741118787	0	0	0	0
0.5020787516382157	0	0	0	0
-0.5623100363621205	0	0	0	0
-0.3258653600069792	0	0	0	0
0.6447420261155727	0	0	0	0
-0.32968922401837375	0	0	0	0
0.08981503791329004	0	0	0	0
-0.023186238674178128	0	0	0	0
0.04956690423522048	0	0	0	0
-0.566867167856266	0	0	0	0
1.7023618802355713	0	0	0	0
-1.6554518768292539	0	0	0	0
0.4075239957559802	0	0	0	0
0.23372536347832806	0	0	0	0
0.016973652185825472	0	0	0	0
0.05034995495515915	0	0	0	0
0.035080541100363405	0	0	0	0
-0.3304328211553127	0	0	0	0
