0.00975200185919789	1.8253986735094614	1.379373802895742	-0.35986568125446183	16729.29876716046
-0.7680916321156772	6.1620110329679605	4.263088246236961	-1.2809500299967453	16729.5154571614
0.30962338408834	0.85782355882953	-1.0569164163793232	1.3638016831230004	16729.374828680193
-0.955562751740409	-7.909212142941676	-2.434215606552087	-1.007442322313409	16728.87809460243
0.9423168447615495	-2.5018179319342337	13.573477738173892	-4.87568486837327	16731.13933206406
-0.43260049686262647	2.5036089872543386	2.1097497584171947	6.087868164886515	16724.597651670007
0.1160488950842975	-6.112583820158228	-10.299731309803263	-3.7959445337353515	16717.420173954353
-0.4762130200759458	2.9560999261914986	0.12290598915159023	13.236283005095345	16680.887619913385
1.0271332204018933	-11.257639055265102	-15.251444994136989	11.689828081312214	16747.999275927992
-0.13752637892905994	3.601821661704186	1.5161208672314217	-1.2475109481840576	16740.577564120333
-1.5396679067289014	4.706552825856349	-18.40662308389726	-22.409500527288372	16816.85850112941
1.978099923121178	6.332100571450958	1.5908354849889292	15.108682085529239	16808.63523341342
-0.7222700788926204	-4.155707713556069	-14.438070868500446	25.556967279755128	16807.808715177234
-0.49114972559539183	-3.709983614862594	-1.4090297194008201	65.9476884122325	16719.133097033628
0.18029631037974525	2.7836074233657584	1.7861773847514826	-75.63263931873854	16739.63298730273
1.6379348035665657	-3.912189728781982	-8.947054798054126	11.470730300352088	16899.21636946996
-3.184393110793792	5.927293036556307	-3.528885136614875	-3.216994181071385	17269.201854267758
2.782234437109544	3.0306582456095654	-11.39259158856963	22.43938388929672	17129.591089549955
-2.0553552167015994	5.292039649187743	6.260608659727737	-21.753699727012588	16984.841864446476
1.2461578546090877	9.006769768193195	13.425935549261169	16.157734416549886	16991.31951539477
0.6358915950610182	0.06055713307680577	-1.686034898748261	9.369267072370107	17127.956684406647
-3.213716282321805	-2.8179751694687383	-1.9561167080856166	-16.943830652301727	17166.96375711025
4.260876963913574	-13.42325757344475	3.952274378825038	-0.13071380069831662	17009.508404654327
-3.0952372791142366	8.664459668413869	-21.092701062416822	-13.65899366377883	16926.244886395958
1.684895001553393	-5.162101604455721	17.91234930822803	15.287789728000561	16957.75761096787
-1.6710248119860225	7.738187139231975	-27.963010084247784	-13.299945931978016	16863.55028347766
2.4466851554550715	4.508858143061552	8.29699836480276	15.37733027053433	16858.797262010823
-2.616970155165916	-2.3111243092523424	-9.390911270605926	-2.4068814019437212	16883.51229586757
1.527081280635528	3.2306587599103906	8.979994326443773	1.7684513431527336	16896.041293338603
-0.6173227298836537	0.763857566161299	4.0425116179526555	-0.9773641716571149	16883.636350131157
1.2871587341875141	6.731530580119497	-2.0161478565170086	17.584492343549655	16890.323320966974
-2.22127407385414	5.740879124070176	-16.263866289772054	-19.531659852363248	16846.91527127212
2.144763048612674	1.3215478422442786	-8.36653431280287	12.713514973299084	16896.678899354953
-2.2826956980890785	18.902622754044657	-7.897439397921204	-35.947490180617024	16842.38196917417
2.8435389579000656	-3.878848629695689	6.115335252331349	24.925987254534206	16940.34047690954
-2.9506474287833058	9.75801791721237	-20.520806805115598	-3.0149168470438923	16883.07298013028
3.6225827302162656	-1.3341839238547664	0.9953171278392148	-12.393625084255063	16630.49230259357
-5.61872995585469	10.377679913772226	15.498012241437664	32.75645082307774	16594.16425284438
7.607095458435069	-3.2105225650569693	-2.2338909668143287	0	0
-6.904563817553665	5.025289633770505	-10.308626790286581	0	0
4.538406989701251	2.1651187345062652	7.82388399180239	0	0
-2.781488516941401	-3.4318258892198443	12.623849329088713	0	0
-0.07016193337222631	-6.352006593950783	-1.5473879244929378	0	0
3.749490734569882	-16.854624295521866	10.319991282212456	0	0
-4.303915129386262	10.076061535897288	6.9388128437554855	0	0
2.1707618743252866	15.247437427569942	-0.6363684664181619	0	0
-1.6009271908381706	-19.681015293650567	-11.135236931662234	0	0
2.975857005235895	11.377041789958561	14.84733634623069	0	0
-2.7358738399753477	-6.518721379909934	-5.880768798637305	0	0
1.0913470924703503	-2.2418195929667064	-3.1496399810908713	0	0
0.6902264187101252	7.762901079132149	6.471189892758417	0	0
-1.9978470922575156	0.13810158268829298	-10.167039196000275	0	0
2.0953027712064554	-1.099604114647903	-0.510689189617807	0	0
-1.0399553889380684	5.872512015431425	7.28025105290547	0	0
0.0171924684320075	3.064839599764113	7.983379614626983	0	0
0.9059616596282183	3.1237020099779187	-6.092102654038115	0	0
-2.0767962631442174	1.9603515193654601	-0.41888832176570645	0	0
2.8270533530241906	5.155953907685806	12.935405364606993	0	0
-2.033607607792561	0.5787065998988226	-2.0511524835231114	0	0
1.5637291726578724	-9.323282223363329	-2.019412017687287	0	0
-1.4500745429466306	1.839419672704075	26.58828215223859	0	0
0.09236993045664832	8.43800759447555	-13.377176859638013	0	0
0.9185963480951855	1.4573294124690008	-8.703965664521334	0	0
-0.9773087179822397	-4.5127916063778954	-2.1866517449006295	0	0
2.233232024196681	9.857800544788631	12.308724566249666	0	0
-3.7265306277605887	-1.8244447140039455	4.188131311269984	0	0
3.5530514394613135	6.644207077051931	-0.22889007501424885	0	0
-2.700955888298523	-4.905544684650209	-1.57239422490305	0	0
3.0101732946960453	5.450545984175406	-5.741633473629022	0	0
-2.748334547676258	-2.3607739493761244	-8.643029442214868	0	0
0.1580358039564942	4.7171587686923715	0	0	0
2.495801899608473	-3.7352336223295737	0	0	0
-2.8464325283347165	0.9724010278481927	0	0	0
2.658301714842686	4.961255190299013	0	0	0
-3.3519146508710165	-2.126972861585166	0	0	0
3.4019554162957064	-3.008512538664398	0	0	0
-1.854032039966917	0.575229537578636	0	0	0
-0.006492545162842589	2.826051473307068	0	0	0
1.2761573817252057	-5.851966019811769	0	0	0
-1.811160205889415	3.7709372579147455	0	0	0
1.1289520333553185	-0.47032073207444114	0	0	0
0.4195308688035695	-2.7633778985048068	0	0	0
-1.8136139198955092	-2.62063456777134	0	0	0
2.8687357325283784	12.500562895926954	0	0	0
-4.865294789235669	5.768505521881174	0	0	0
6.173720494552235	2.8187828646086857	0	0	0
-4.492579410982827	-3.4961309726580367	0	0	0
2.0147671190602026	-5.799131756153201	0	0	0
1.091912200544236	1.3651613330455277	0	0	0
-3.266080444749342	8.112856803011113	0	0	0
2.0315045213361103	-5.396052216014127	0	0	0
1.3591584930666798	2.2230772966982713	0	0	0
-2.6026898356668653	3.422906774846801	0	0	0
0.6016091663691654	0.33281864198637123	0	0	0
0.8138381438688214	-4.986580660130393	0	0	0
0.8083709873374829	2.4501373058701574	0	0	0
-2.0354165690732273	-5.251538408485686	0	0	0
1.6036681971391502	4.0869656206499485	0	0	0
-0.6180706482461531	-4.931184142712176	0	0	0
-0.12582582647998208	-2.088238125779853	0	0	0
0.31461035354748645	2.7315024669412438	0	0	0
-0.2671907061456764	-0.42179368363386516	0	0	0
-0.18600150424388318	9.360517489526558	0	0	0
0.6144768795431261	-11.455083873605368	0	0	0
0.24291800689613297	2.069000130784538	0	0	0
-0.9226937896896388	-4.536357855949348	0	0	0
1.1447623779332403	5.947359496278651	0	0	0
-1.815145446380349	-1.9799785322783308	0	0	0
2.1270505332940033	9.576905356959422	0	0	0
-0.9082861705299905	-5.787937766889883	0	0	0
-0.9325133662674361	-5.670552034637879	0	0	0
1.6386325094573309	-0.9545848470531695	0	0	0
-2.238918185252551	-8.200651256371621	0	0	0
2.2215805836338447	-1.8434648561820808	0	0	0
-0.7592413718500026	2.409671483250513	0	0	0
-0.2343178271147437	-4.374489060010184	0	0	0
-0.3953565713661362	-9.680531407112028	0	0	0
1.0927145628874797	12.579542329734792	0	0	0
-1.3573891178314526	-9.388241039738979	0	0	0
3.8132902202104617	-0.22322959485277494	0	0	0
-5.755140199947398	12.63626600046949	0	0	0
3.5794986659085453	4.384864443775626	0	0	0
-0.9416623982689956	2.672936089145445	0	0	0
1.0328181899637272	0.7547520057346944	0	0	0
-2.1572428564993302	8.500821713837922	0	0	0
1.936686935460223	6.403307434397739	0	0	0
-0.4054535090960627	18.291761709666176	0	0	0
-1.021856475306393	-7.592308610035168	0	0	0
1.9201316962356856	-8.407513689416483	0	0	0
-2.0229781024512974	7.801510879408781	0	0	0
2.895303737702001	-8.021092910897984	0	0	0
-3.6145550029025486	14.031928628687325	0	0	0
2.471885953367085	-3.3843278960080596	0	0	0
-1.161247026233994	0	0	0	0
1.6644636106773874	0	0	0	0
-1.698180350397287	0	0	0	0
0.6832435857464532	0	0	0	0
-0.2842830190234409	0	0	0	0
0.47304364552482525	0	0	0	0
-0.646967042082295	0	0	0	0
-0.457039213876655	0	0	0	0
3.2662652352333055	0	0	0	0
-4.7658625040402285	0	0	0	0
3.279162318925998	0	0	0	0
-0.5911187321975149	0	0	0	0
-2.531699207235569	0	0	0	0
3.873903402679211	0	0	0	0
-2.6587148737575106	0	0	0	0
0.2393497551991146	0	0	0	0
1.2912991353933094	0	0	0	0
-2.8304647238281575	0	0	0	0
4.3798292261757155	0	0	0	0
-4.67354152479021	0	0	0	0
4.923386667776711	0	0	0	0
-5.929137397999838	0	0	0	0
5.836526744101867	0	0	0	0
-3.401323778736547	0	0	0	0
1.5337591323178756	0	0	0	0
-0.8716791286734633	0	0	0	0
-0.84735626316413	0	0	0	0
1.6473118406924314	0	0	0	0
-0.07878980071757269	0	0	0	0
-2.0600509226564796	0	0	0	0
2.8204911007837694	0	0	0	0
-2.4651728370656016	0	0	0	0
1.8842274075459713	0	0	0	0
-1.3720711618019408	0	0	0	0
0.0836621681719052	0	0	0	0
1.1406619372610578	0	0	0	0
-1.6192301564460507	0	0	0	0
1.4708157351158135	0	0	0	0
-0.8065024916704147	0	0	0	0
-0.9169316579390951	0	0	0	0
2.510528923533414	0	0	0	0
-3.2185839919750237	0	0	0	0
2.885127485260952	0	0	0	0
-0.7275846319140058	0	0	0	0
-1.9570121383362462	0	0	0	0
2.2636188085379985	0	0	0	0
-0.6850706087131968	0	0	0	0
-0.16394055165117294	0	0	0	0
0.49392075817030445	0	0	0	0
-0.7280601181397728	0	0	0	0
-0.9771153200258951	0	0	0	0
3.037361493231735	0	0	0	0
-2.997224941287236	0	0	0	0
1.8513885238949328	0	0	0	0
-0.7017926796323479	0	0	0	0
0.10164697001429346	0	0	0	0
-0.3436581615711347	0	0	0	0
0.24787857034662153	0	0	0	0
0.1245746865190398	0	0	0	0
-0.4227217871727902	0	0	0	0
0.5466927835986226	0	0	0	0
-0.6369173200398706	0	0	0	0
0.9108745116676502	0	0	0	0
-1.1835558444037417	0	0	0	0
0.1580140629236979	0	0	0	0
1.6896652847193394	0	0	0	0
-1.4816918777355852	0	0	0	0
0.23944992604550208	0	0	0	0
-0.7497218656238402	0	0	0	0
2.5867839981670073	0	0	0	0
-3.925972575249517	0	0	0	0
4.067581075776381	0	0	0	0
-2.6838270317594137	0	0	0	0
1.5290679939181828	0	0	0	0
-1.7622763365709702	0	0	0	0
1.882375445939104	0	0	0	0
-0.15971522930332327	0	0	0	0
-1.116539037709984	0	0	0	0
0.619511532269378	0	0	0	0
-0.7280646764795833	0	0	0	0
1.22908500719074	0	0	0	0
0.5299537261099516	0	0	0	0
-2.906539945468367	0	0	0	0
3.5475287792820467	0	0	0	0
-2.755495898196685	0	0	0	0
2.101084701038374	0	0	0	0
-1.8348736065627023	0	0	0	0
2.347394206102024	0	0	0	0
-2.258500307257222	0	0	0	0
1.312188201338003	0	0	0	0
-0.24694586387637685	0	0	0	0
-0.4884140243294297	0	0	0	0
0.8393493205730493	0	0	0	0
-1.393650604025531	0	0	0	0
2.367107323364799	0	0	0	0
-3.698203551719004	0	0	0	0
5.422247209129331	0	0	0	0
-7.8721190449887075	0	0	0	0
8.293783203187552	0	0	0	0
-4.480201446994741	0	0	0	0
2.064282882679649	0	0	0	0
-2.8084228208800894	0	0	0	0
3.6657934621145856	0	0	0	0
-4.015429687651341	0	0	0	0
3.931096836005622	0	0	0	0
-2.4892745602641497	0	0	0	0
-0.07923252656796365	0	0	0	0
1.3631590971979364	0	0	0	0
-2.477717933339356	0	0	0	0
3.8426166505056543	0	0	0	0
-3.1358349877683693	0	0	0	0
0.9315070774835945	0	0	0	0
-0.03498743480192701	0	0	0	0
0.3087627171208993	0	0	0	0
-0.04917801129374055	0	0	0	0
-1.293978824706528	0	0	0	0
2.634144645615123	0	0	0	0
-1.3555393849064146	0	0	0	0
-1.7980799180540359	0	0	0	0
3.819096102653532	0	0	0	0
-3.1329290750826218	0	0	0	0
0.6541410136083101	0	0	0	0
0.31166821700782066	0	0	0	0
-0.33596349430732886	0	0	0	0
-0.060212304673378014	0	0	0	0
0.1702226433252605	0	0	0	0
