-0.07356339130615908	0.7333917365396303	0.8057429825801137	-0.19022355995572582	16903.789717540913
-0.09750978998379622	2.5212117399392824	2.5007528657784377	-0.7077436543113294	16903.546392362154
1.6711972345445858	0.9059683927685924	-1.3161779334128028	-1.0909223252619	16903.396982462746
-1.2748409673455754	-0.7542622421393261	-1.8314023103629467	-0.5791890340490795	16903.606900200455
0.18340806891514916	-0.6789985913365442	-2.4895228540515717	3.768243436309163	16903.35331915617
-0.1694844685968775	1.0789876479642686	1.2901526073013798	1.6720255692009403	16904.435384900222
0.2005204428045957	-0.8533481062077755	0.7133788191252961	-1.7783315368949957	16906.506108526035
0.772374927365	-0.6875805391095469	-0.5050164804404744	0.17899652519187725	16915.049462079296
-0.715442837272569	-1.4747199735131815	2.9687831349301774	-2.7348246873399518	16915.675598545855
-0.3557487749895287	1.9751389930147667	-6.677116187950759	1.5753349272255122	16910.318763901094
0.3003129964819635	1.09202746615275	3.285336124503644	-1.5221133877273303	16912.13149521321
0.5682939212911293	0.6991156607157691	-1.0299419514011419	-1.0843798332923882	16898.953324609538
-0.04498499152690982	-0.7948735444263235	-2.3504383955738604	-0.37611962115040853	16903.052495821088
-0.35702419570943533	1.0816768505121246	-0.8491689113778307	-3.820864839060974	16913.869479761197
-0.4239391268444166	0.623999810132112	0.5360419181405831	2.0873107506715485	16905.316389563457
0.5440839589823554	-1.7186119903445345	-0.8385938054558579	2.9321501052400976	16906.157646120184
0.062176460128348765	2.2003317297432403	-1.1166031086759318	-2.4724073102295705	16911.358111378213
0.7401038030047715	3.0377908169128744	-5.9961767469361575	3.256631316529152	16910.327382075207
-1.5532363632052437	-1.7934908514007546	2.057632608196613	0.6144196925542502	16907.714219279336
1.195236881532729	3.903488531844353	-0.5758458574972707	1.6212590685048553	16905.231371715025
-0.8397141189188915	-3.960624600084124	-1.5283363625113822	-0.34349476159600556	16905.32128181347
1.3211644632896764	3.6248980083843776	-1.9959553228569433	1.0125785301973025	16904.69591913234
-1.1313011969255697	0.018845415219672645	0.20798145803628643	-0.47849553092333963	16905.95733734365
0.293240478053832	-0.8332011963070514	-0.056966343630179495	1.9478374492174453	16900.965881043772
-0.4871480536621746	-6.100611036433385	-3.2997191759326654	-1.8393293060632487	16901.00820758802
0.8002112316928702	-3.4751980627451218	1.2316185891666294	-1.1697606752999832	16910.127720125616
0.040075952755714184	-0.9742863332880631	-0.25158198844727053	1.1993712777607186	16902.57093539603
-0.09925911347485084	1.1419499509339417	-1.7291920749032386	3.859644057541175	16911.219656002646
-1.3432432668262422	-2.5814258908819028	-3.40550498867222	-4.551379910411725	16907.173791855756
1.792594881887645	0.16853359731666018	-0.8461346272503363	0.028144370303692767	16907.15114632211
-1.1964349640650411	-2.844180260296582	-0.7686648626319226	1.5575314454747229	16905.412950967195
1.435277788559695	0.9405631669771637	-1.122079352569017	-4.263259522756883	16906.346781989396
-1.1013540586545503	-3.6681685783952744	-1.9500093116396329	0.7561948398843725	16906.419371902353
-0.41249523597473114	-0.10518420748415025	-2.4325310715812805	3.041189950404572	16903.529918712367
0.5333283574426559	-0.19049068740243058	-1.2577798258974724	7.98440996996645	16910.36208044617
0.3202822278178843	-1.3804190567232837	2.4149341486859157	-2.7740379454713064	16903.229975891067
0.4540943478935091	4.12958385534116	2.8275036893325307	-8.50504628511733	16905.926870277406
-1.6970254519041674	1.2470754852111128	1.6178362045103256	0.21123080414967887	16936.773087082594
1.1112937010948016	1.6418330429315944	0.7026768618539165	0	0
-0.4874334663356308	0.026776918708534936	-0.530245452080635	0	0
1.1833262808343363	0.7191709558417259	-4.2062735917612315	0	0
-1.8408463315906687	-1.9591772689899187	6.02525000009949	0	0
1.4844504399743315	-3.6405280700408156	0.36624582244395754	0	0
-1.579478547428394	0.9804260280271464	-0.772945662789553	0	0
2.2351009850075556	-1.0053584537104996	0.2191305838033344	0	0
-1.9808922855956794	2.1279838333365646	2.4538757072128874	0	0
1.4345998182343678	1.2123515557913365	-1.2493279110554312	0	0
-1.4374247209419977	0.43902296656431616	3.182087337145475	0	0
0.7312999101863937	1.828766851542234	2.6664857057204614	0	0
0.585826618131037	2.6213725912428174	0.6510872640356524	0	0
-0.5172234650860403	0.14296569915232027	4.4984464554853645	0	0
-0.1855825951329777	0.9205529804162182	6.241652946904026	0	0
0.013325988615179085	2.1631191610882325	1.3027553241852843	0	0
-0.25554656767063477	0.6160687388084085	0.15979615921087031	0	0
0.889955231963711	1.5619612022460245	-2.0629115363827992	0	0
-0.5155957757474425	1.4021997038395995	4.72958339645983	0	0
-0.37318558507499944	-3.5490089812196643	1.396583105649114	0	0
-0.33128013760811825	1.5204226281519766	2.14703598406615	0	0
0.9700208603306208	0.24262979984950306	-0.25742566962671276	0	0
-0.7047246427167053	-1.5039677350457268	1.7369641972157268	0	0
0.8860059696179121	2.317383581098781	-4.201667713714173	0	0
-2.19773244038052	-5.883739359206139	2.070164224231334	0	0
2.0868863394625308	2.2454059898041265	-2.400917012339079	0	0
-0.07628892975404256	2.5920807503159082	2.6566568315277266	0	0
-0.49022405413865755	2.5661155322724056	2.8684405125218007	0	0
-0.07462216623617479	2.1493946538346123	-0.4380328340999853	0	0
-0.22683010679877924	-1.9858968098658707	-0.5597026667356602	0	0
-0.015324974560570581	2.849454438853904	0.519709694884881	0	0
0.7266685644332114	-2.017093971996303	-0.7032243566062135	0	0
-0.5699711792117697	1.1993796039107565	-2.7699514267547443	0	0
0.5888723627752128	2.2018689325362573	0	0	0
-1.8125626319848465	0.7443790759888316	0	0	0
2.704849194863108	0.9664786643051784	0	0	0
-2.212883395637803	1.5767923107379858	0	0	0
2.2363537771402378	-2.663166309456642	0	0	0
-2.9900527099664274	-2.420502804476392	0	0	0
2.5581062801748473	-0.12890106384197253	0	0	0
-1.4964784405912113	4.910864652083326	0	0	0
1.4040493629019082	2.430260048267783	0	0	0
-1.0218103690674525	2.6625814390353852	0	0	0
-0.2763624455372238	11.182402792200122	0	0	0
0.587523339572364	-2.7843325971767783	0	0	0
-0.18438957133448497	1.0102574201906336	0	0	0
0.8513224363896725	1.5237233942509079	0	0	0
-1.4846225685289127	-3.51925342880012	0	0	0
0.6479691593426722	-1.2720180364449192	0	0	0
0.15557475277703503	3.9999287304048394	0	0	0
0.20719568759468387	-4.241289770551234	0	0	0
-0.07302349270673858	2.567603451757755	0	0	0
-0.693583644097103	3.246027461318519	0	0	0
0.4656069233325084	0.5380790037508376	0	0	0
0.5151342225759592	-1.285530327078071	0	0	0
-0.27630805308456274	-0.35025064703209097	0	0	0
0.12200324499325887	-0.32754416011385246	0	0	0
-0.99063725208687	4.924685466337543	0	0	0
0.8917881886178094	-4.775355231150371	0	0	0
0.11211196882599239	5.7827874361009535	0	0	0
0.17862170506570152	-0.6855875472198178	0	0	0
-1.2567223335929967	-2.6797095393137766	0	0	0
1.4108801556741781	1.5406160086873086	0	0	0
-1.701656832187588	-1.2271430192712458	0	0	0
2.428899490896761	3.01948723505523	0	0	0
-1.668281527935477	-0.8372207177014843	0	0	0
0.6659642806468895	-0.8631363310216074	0	0	0
-0.9400493879371581	-1.9035673262634134	0	0	0
1.2490772373953547	6.0419154098383885	0	0	0
-0.14692492109391964	1.7525186273427238	0	0	0
-0.5488838035593275	-1.8023107756749823	0	0	0
0.26219266275077047	-7.693224418168576	0	0	0
-0.3516906527040575	1.9781940967473304	0	0	0
0.7021941548620632	5.251415093727857	0	0	0
0.2397801510050499	-3.6985282324866233	0	0	0
-0.7594639591418968	3.5012923487891996	0	0	0
-0.577376415581675	-1.0293423064308058	0	0	0
1.2414582651809525	1.523049078182794	0	0	0
-0.03252155765331821	-0.45706320386000243	0	0	0
-0.6588557909015691	-0.14026148403482352	0	0	0
-0.1071556266800826	-2.1853831777660275	0	0	0
0.5531961088279544	-4.202963886262445	0	0	0
-0.5270016054813738	3.6018359475884907	0	0	0
0.7547959702587903	-3.415285933357872	0	0	0
0.016916826392240125	-0.6058686740164987	0	0	0
-1.1288431204473994	-5.179760882202665	0	0	0
0.673023291996941	-3.2029265098015927	0	0	0
0.08829467244788702	2.3335142356149063	0	0	0
0.49628267303059914	-5.239203928716535	0	0	0
-0.99490606282302	1.3503933588360795	0	0	0
0.4499677846086243	-2.271951516983563	0	0	0
-0.010337312470930726	1.595316316248848	0	0	0
0.005441208732094083	4.9632355889906705	0	0	0
0.5190907405903644	-7.486616429686258	0	0	0
-0.9812560419918483	1.869980855605398	0	0	0
0.4199922388484012	1.3767526349852304	0	0	0
0.1717145930106554	0	0	0	0
0.28255924596885507	0	0	0	0
0.1130635708243446	0	0	0	0
-0.9571373018675544	0	0	0	0
0.6106222210201793	0	0	0	0
0.32500621688460996	0	0	0	0
-0.6974631476408533	0	0	0	0
1.2274033500941215	0	0	0	0
-2.1434323710876697	0	0	0	0
1.6198187312494667	0	0	0	0
-0.2790179968927049	0	0	0	0
0.4239561532828233	0	0	0	0
-0.6477464797115644	0	0	0	0
-0.6583097868783838	0	0	0	0
1.5826590850475313	0	0	0	0
-1.0498716822314549	0	0	0	0
0.9013519015940403	0	0	0	0
-1.369774038427579	0	0	0	0
0.8461046367869542	0	0	0	0
-0.18134342566795425	0	0	0	0
0.6133518811589127	0	0	0	0
-0.5542654569196586	0	0	0	0
0.07436238856246291	0	0	0	0
-0.7936279207682304	0	0	0	0
2.0226900144831887	0	0	0	0
-0.6684328513377622	0	0	0	0
-1.6192745541504863	0	0	0	0
1.4913975482044393	0	0	0	0
-0.47029430603325295	0	0	0	0
0.2567684635850185	0	0	0	0
0.45838526321381323	0	0	0	0
-1.1558015196132132	0	0	0	0
0.334468521333811	0	0	0	0
-0.01482774882897786	0	0	0	0
1.3698713782300302	0	0	0	0
-2.5974852572720977	0	0	0	0
2.1802048045865305	0	0	0	0
-2.2954713031571004	0	0	0	0
2.724032417102997	0	0	0	0
-2.3645318377391504	0	0	0	0
2.453582871234687	0	0	0	0
-3.413058266441226	0	0	0	0
2.274916529223262	0	0	0	0
0.08564970471349653	0	0	0	0
-0.6661812942681635	0	0	0	0
0.31367291455411817	0	0	0	0
-0.571311932280004	0	0	0	0
0.48952636643841174	0	0	0	0
0.6317342517724782	0	0	0	0
-0.6689733843060708	0	0	0	0
-0.2555028054126822	0	0	0	0
-0.6953695828569337	0	0	0	0
2.021833754105188	0	0	0	0
-1.1216498829037747	0	0	0	0
-0.3372997256762744	0	0	0	0
-0.573764457997072	0	0	0	0
0.9426652091706558	0	0	0	0
0.23027544948585188	0	0	0	0
-1.0928207257656481	0	0	0	0
1.7977693588723156	0	0	0	0
-2.796893950617246	0	0	0	0
2.1362399021606535	0	0	0	0
-0.6277592740855127	0	0	0	0
0.5080007178365378	0	0	0	0
-0.4799535528406267	0	0	0	0
-0.7508666281391214	0	0	0	0
1.4301334668131247	0	0	0	0
0.3993719778949796	0	0	0	0
-1.026315418856818	0	0	0	0
0.042055617281356206	0	0	0	0
-0.1599437666795609	0	0	0	0
0.8527903393900189	0	0	0	0
0.4470881587615878	0	0	0	0
-2.054447482883731	0	0	0	0
2.002691774205175	0	0	0	0
-1.51671034363374	0	0	0	0
1.3517792720097006	0	0	0	0
0.12246371482456908	0	0	0	0
-1.2557197494194057	0	0	0	0
0.7551436174207851	0	0	0	0
0.17754758884143484	0	0	0	0
-0.8084850255714784	0	0	0	0
1.9835861104552137	0	0	0	0
-3.5993801904852845	0	0	0	0
3.5900105271876157	0	0	0	0
-2.2546107359579324	0	0	0	0
2.0432389260974446	0	0	0	0
-2.095278925738498	0	0	0	0
1.2010708598209163	0	0	0	0
-0.907620135972941	0	0	0	0
0.9525081489144185	0	0	0	0
-0.6696073383345507	0	0	0	0
0.6127418504699165	0	0	0	0
-1.769738368832769	0	0	0	0
1.8856990321299847	0	0	0	0
-0.6700353535154235	0	0	0	0
0.5016683541745053	0	0	0	0
-1.1000646189605447	0	0	0	0
0.3414560769722357	0	0	0	0
0.7633138290111035	0	0	0	0
-0.1282510980125835	0	0	0	0
-0.445861503465224	0	0	0	0
-0.09030205818351078	0	0	0	0
0.5693850691024949	0	0	0	0
-0.7033199308710465	0	0	0	0
1.378666699604949	0	0	0	0
-1.33513651068791	0	0	0	0
0.09089116568162581	0	0	0	0
0.16374669314088663	0	0	0	0
0.6505554621435081	0	0	0	0
-0.047312861839117204	0	0	0	0
-1.6933229030109445	0	0	0	0
1.5280109791299665	0	0	0	0
-0.5665948055780277	0	0	0	0
0.5260318797910344	0	0	0	0
-0.6351593472207284	0	0	0	0
0.28874575951249426	0	0	0	0
-0.9326479098723226	0	0	0	0
1.1892235726016693	0	0	0	0
-0.06473214813039618	0	0	0	0
-0.3541866442740442	0	0	0	0
-0.8504945563840565	0	0	0	0
0.7694296106628116	0	0	0	0
-0.16771958806817366	0	0	0	0
-0.7246300802405088	0	0	0	0
1.3973798503638477	0	0	0	0
