-0.42800850905517507	0.8657392572973066	-4.118520874043909	0.7513624758905024	16745.675040965616
0.5793981173333904	1.447153074964156	-14.047448907686785	2.1848273498229247	16743.435321786714
-1.6679238193403592	-15.524998160932327	-11.36103962352729	-3.9920965384779805	16747.515307659523
5.3619958322596375	9.570516398792016	-19.73103717492097	-7.857654216172335	16745.315002158342
-6.839223185493196	7.715734464045099	-15.127887150608515	15.814353412153224	16743.51240285624
3.323293840047512	-1.6207757031999535	-34.87372140278083	7.591416985473799	16748.089647945053
1.185042200877561	18.330101148925486	-0.20563112453558574	-14.901668918729811	16743.415359703
-1.0246737982977763	-11.507375199127523	16.338143220538186	8.748807524122768	16806.082665920636
-1.6517384558355204	6.229823239375335	0.588837569712183	3.7579388618361946	16887.313224072328
1.4565650025141963	18.432313944650005	1.460143074913276	-12.14223216292504	16922.470115778753
2.107925234078344	-7.5082641573717055	26.376202798903037	-1.3763050789207085	16930.19335817151
-3.3178109505275515	-19.092962469144815	-1.0533391711963702	-8.864821738762288	16931.811723766394
0.44988732988669966	3.250071954683513	-41.39738276295937	-10.408397894988525	16966.28203929803
1.2086355173869023	13.639024508360471	30.459033822891058	18.106463615945273	16903.610058224127
-1.1944837245843303	-15.404394932182235	-0.11816009850878118	32.29976102067785	16909.360374830285
2.7977237312624865	-9.64632092564753	-13.800086016337175	-16.17699628127997	16825.457334886683
-3.068455290933649	6.463361987110751	29.593563684544804	-5.14029396645671	16840.04073320281
-0.22717331192331613	-3.0472412452315254	-7.045175297230884	-20.166182090534022	16918.778123491276
3.1508666240581107	-0.3301524076647553	3.9213628100743136	21.220381281125967	16961.89086546709
-3.764776892518043	10.957592744039907	-23.183817423565074	16.86651200613285	17035.431342944412
1.7600402378759483	5.8603869469686956	-5.108696047017418	-21.55684560936686	17093.9233787546
2.8259386089856164	8.770067098425514	-14.016213362890682	29.9796921091	17012.986852185153
-7.856261353414645	-30.647915183965623	-18.450620323467717	14.011431076956683	17012.880913848312
8.446510632240809	22.636556981578543	8.568542649270881	16.391244259872835	16960.842933346088
-5.838947682086079	-34.74165101220496	-27.483273106065937	22.902991991168406	16953.834758928595
2.763367895713124	18.78182075999858	-1.994993794475377	8.92213908998771	16963.381943925462
-0.8409976029584243	-4.302524330232387	-16.907243351864366	1.6015364659208586	17002.48565965501
0.38197917188732333	1.0560028356540627	-1.0153563254850013	17.290500779321846	16929.07111815051
-0.4309971061405591	12.1498766982643	6.717047343263715	-2.1122446923662466	16979.343813288124
-0.4288459072034101	-1.614322481943944	3.5499853080403767	-14.013187129483924	16880.287930361137
1.9555520741340189	-1.9394054017207196	-7.2662007375579805	0.6982786666067256	16780.47429272964
-4.145185511721351	-8.822869406193462	-7.599073038010232	2.4183683333758665	16831.23869048437
5.42358265431168	-0.8358499108307313	8.383708944004184	-16.953298342226745	16876.438797095318
-3.120128929996554	17.30157341974337	-26.731495055015884	21.934632662316304	16815.277740341153
-0.7609225284696919	-1.044447551949439	6.448202685884965	11.441431808783975	16824.554374400388
1.543605374718048	-3.9560979053331664	-56.16336173151036	-3.5873490372895276	16826.072208506794
-1.0318638484985172	-4.578060509280853	-21.301315398080447	-18.41990021039581	16820.678519262143
0.9963626285220997	-0.668161435373591	22.087508928047313	-10.153685638539457	16861.562523296718
-0.652333120216575	-8.677409573774945	-8.301759917739929	0	0
-0.9390225930699572	17.871899693546318	0.47403206886208693	0	0
4.134495411152216	-0.1946430983715075	11.085124882828524	0	0
-7.151168854452962	24.00936541466112	0.21918464211690036	0	0
4.629573858994171	18.948375656646974	7.434994684030016	0	0
0.4452076943854806	19.323344599920105	-10.758821343386614	0	0
-0.09585427033705685	6.192018496737795	-4.26852713793599	0	0
-2.480728736013674	20.69019571074719	-13.949526875857842	0	0
-0.9040619113860799	23.613159558147835	-0.7395423261159664	0	0
5.779566126274688	-15.005893837894376	-14.955800573319237	0	0
-5.366123708029818	22.107919729216704	-0.13660262070125384	0	0
2.8631401201098257	-26.12159662327074	-29.72767995944288	0	0
-2.3247605057846172	-12.759843703618557	13.202262418886448	0	0
3.7897622117602268	15.783069749325335	5.480696548493029	0	0
-6.61149811281053	-13.597495265367087	8.687599531830642	0	0
6.876545201381624	0.15541670658620177	9.852571957374266	0	0
-4.150361014966997	1.090266975752236	-4.0059140166872	0	0
1.6591829179342952	-20.84084098519987	-21.48624015993822	0	0
0.0015411240194040943	-13.069142138262066	-26.474943664571086	0	0
0.9880930778063046	-17.36110748260475	-3.4492020379296378	0	0
-2.0411460158432106	-8.906049011605269	7.071678813888724	0	0
0.1740947837841631	-3.4964665761309988	-32.40194557068695	0	0
2.3887454660214686	14.596307365951915	0.48043909050502975	0	0
-2.455054520092702	1.4749526308504315	3.052727574999466	0	0
0.15734904307998931	19.23416210160584	-2.1778357517403606	0	0
3.417098383063255	-1.1998120330223685	3.4222911701503023	0	0
-5.50695484388897	-14.162396557032118	-23.629615089619236	0	0
5.324160653811681	7.687803219918308	12.867404362433305	0	0
-4.275235810273394	-4.294548743348514	-4.260885712662656	0	0
2.9588780080171944	-13.464813106195066	1.386562452884334	0	0
-2.2720805197413796	44.478085336646274	-5.9284644809851414	0	0
1.17161995644814	20.39685695419658	25.055810773620948	0	0
0.18456300403502013	-1.408785137368902	0	0	0
-0.004461513306885934	0.07534767593644887	0	0	0
-0.2795815785112552	13.906633746381047	0	0	0
0.33414797470118884	-1.050731451070348	0	0	0
-2.551866072655919	-0.9826615053457886	0	0	0
5.996893495716819	-15.720406715863383	0	0	0
-6.9666015537926995	-6.230890814017663	0	0	0
5.270916052615384	1.9407898402151602	0	0	0
-4.847830366992511	4.74693837868697	0	0	0
6.790181035495834	-18.076310775393175	0	0	0
-7.724207655547573	16.353514884395445	0	0	0
5.10295299435009	14.442097413680635	0	0	0
-2.795415297868253	-0.6440004729568614	0	0	0
2.4723405392537856	11.701826701182412	0	0	0
-1.7093669675836622	8.051931610802043	0	0	0
-0.8893762591791798	-5.410038281835369	0	0	0
2.7468839940768817	13.553753384633175	0	0	0
-2.978012972213101	-13.86787462392877	0	0	0
2.330285784741605	-1.0126512905657705	0	0	0
-4.74299806519948	25.75290973079494	0	0	0
8.571163318301736	-3.0080740104591257	0	0	0
-8.485494886815061	-0.7535065870371227	0	0	0
4.226388589221372	17.93504914639896	0	0	0
-2.1151529812667462	-9.927282830374722	0	0	0
6.517086479800362	4.841315476606788	0	0	0
-11.600426374355209	0.6702998479317088	0	0	0
12.365810393311484	3.1524010841207613	0	0	0
-9.64176293604445	-6.280605585746898	0	0	0
5.122019585939093	1.2805961600700542	0	0	0
-0.5772490998936988	-3.772132040128078	0	0	0
-0.7990810479860571	-4.697081722428969	0	0	0
0.01631939725208298	1.5755648844470045	0	0	0
-0.08634654154865018	-11.408997912050658	0	0	0
1.1208803072831017	-2.5391894959704544	0	0	0
-0.8920121439745898	13.412963662396166	0	0	0
-1.106968920481961	13.578559467913657	0	0	0
3.3656945315372013	-5.379147513832386	0	0	0
-5.748784605670252	16.100993126991256	0	0	0
6.017992947982222	13.2485602630626	0	0	0
-4.822616343778023	-9.618608120943058	0	0	0
3.647173529501515	6.232853891221367	0	0	0
-1.0666378039487725	-13.602032473498433	0	0	0
0.17456839721893402	23.746897335054136	0	0	0
1.9910989399101169	1.3478038656728017	0	0	0
-0.9445914893314225	-28.10115921368802	0	0	0
0.8878691298378598	-5.6203003922601695	0	0	0
-2.839740222981874	31.90721748213757	0	0	0
3.9543025662364926	-27.612070331083366	0	0	0
-4.131053468782383	15.167311064012338	0	0	0
4.408069823218142	-1.7327376120914906	0	0	0
-5.111302473701194	-2.301173549263474	0	0	0
5.603778157001415	-23.90590434475134	0	0	0
-3.162258984034473	-3.338119480756305	0	0	0
-0.9779793669275421	-18.910373911269446	0	0	0
3.222452196692302	-10.58824815124651	0	0	0
-3.3580778002946587	-7.823692808564509	0	0	0
0.1707493434303302	3.6747424492143708	0	0	0
4.576797803205231	-1.6950367573226401	0	0	0
-5.882884968255638	5.023448191815611	0	0	0
2.7049698187911773	8.914189724254875	0	0	0
0.9550669670015424	-13.937132646114982	0	0	0
0.6980530810520875	-0.25623473480656855	0	0	0
-7.662319508052015	2.0420206058110253	0	0	0
10.552012014965733	0	0	0	0
-5.79510484917445	0	0	0	0
2.6786143428460676	0	0	0	0
-2.1626654560926823	0	0	0	0
-1.241381226863652	0	0	0	0
4.034832835992248	0	0	0	0
-2.368306181695992	0	0	0	0
0.6441093768281334	0	0	0	0
-0.3758605259118468	0	0	0	0
1.4751408693346875	0	0	0	0
-4.801512236513709	0	0	0	0
8.254463592358803	0	0	0	0
-10.909791499416599	0	0	0	0
14.088351917172972	0	0	0	0
-15.832630291428686	0	0	0	0
14.124694596273194	0	0	0	0
-9.642403977776993	0	0	0	0
4.49328166072587	0	0	0	0
-0.988410107416307	0	0	0	0
-0.6300645137619085	0	0	0	0
0.2387890955973404	0	0	0	0
1.010202458079334	0	0	0	0
-1.497894833757755	0	0	0	0
-2.1765051571303147	0	0	0	0
8.239367014963854	0	0	0	0
-11.510837038137261	0	0	0	0
9.558656668447753	0	0	0	0
-4.4016658435002896	0	0	0	0
-0.9480920615883548	0	0	0	0
3.5162116110922526	0	0	0	0
-4.011320638598974	0	0	0	0
3.1450463945639484	0	0	0	0
-2.196619866344278	0	0	0	0
2.2366555033287625	0	0	0	0
-1.3401918553056191	0	0	0	0
-1.2914015908391647	0	0	0	0
1.8572651920079224	0	0	0	0
-0.3618400243640636	0	0	0	0
-0.7977878068950304	0	0	0	0
-0.281997826259186	0	0	0	0
2.2098805915886075	0	0	0	0
-4.115258501541376	0	0	0	0
5.471416631032497	0	0	0	0
-3.8877294971778937	0	0	0	0
0.6992792545317243	0	0	0	0
-0.15100533756152856	0	0	0	0
3.0363672786563143	0	0	0	0
-7.805149184982952	0	0	0	0
10.083236727278972	0	0	0	0
-8.781094574635695	0	0	0	0
7.530943344280267	0	0	0	0
-8.01641418285378	0	0	0	0
7.6902968529836215	0	0	0	0
-5.8964021747101185	0	0	0	0
4.546879069588023	0	0	0	0
-4.456302113606604	0	0	0	0
2.0701599673891664	0	0	0	0
1.7383614141044959	0	0	0	0
-1.4740661064168492	0	0	0	0
-1.2754854798927795	0	0	0	0
3.491626499465511	0	0	0	0
-4.166536370131006	0	0	0	0
2.179129775826638	0	0	0	0
0.5226139115191586	0	0	0	0
-0.2334155174601733	0	0	0	0
-1.3637695234784744	0	0	0	0
1.2756821645856462	0	0	0	0
0.867451668018866	0	0	0	0
-2.988478425968168	0	0	0	0
2.8029991194000274	0	0	0	0
-1.8165443252224733	0	0	0	0
0.24228800676446127	0	0	0	0
2.4445070319440987	0	0	0	0
-3.7492212352909036	0	0	0	0
2.083915375291248	0	0	0	0
1.1677075749839503	0	0	0	0
-3.2702094386124116	0	0	0	0
2.874602391449031	0	0	0	0
-0.9319399782403508	0	0	0	0
-0.4868924808082369	0	0	0	0
-1.362556189824467	0	0	0	0
4.113042349195773	0	0	0	0
-3.249905939510654	0	0	0	0
-1.0804666508435403	0	0	0	0
1.5248745702459487	0	0	0	0
1.328539977088127	0	0	0	0
-1.79530620723947	0	0	0	0
-1.13713183645104	0	0	0	0
2.0423030928848007	0	0	0	0
0.7292209862913097	0	0	0	0
-4.901658375343651	0	0	0	0
8.274984052084584	0	0	0	0
-9.066910724788066	0	0	0	0
6.492055271366489	0	0	0	0
-2.540124148374993	0	0	0	0
-0.5287496151901792	0	0	0	0
-1.0723433177357151	0	0	0	0
6.678921031196815	0	0	0	0
-7.2055657556758845	0	0	0	0
-0.3539209284437703	0	0	0	0
7.597945566168612	0	0	0	0
-9.055641049860554	0	0	0	0
6.526498544397107	0	0	0	0
-3.4858339185609637	0	0	0	0
1.0227210811725342	0	0	0	0
1.9264603633412563	0	0	0	0
-4.585391838863721	0	0	0	0
5.673292084950674	0	0	0	0
-5.475046598213936	0	0	0	0
6.331788903382808	0	0	0	0
-6.2218876200121755	0	0	0	0
2.8127538331425512	0	0	0	0
1.3489415811721557	0	0	0	0
-4.036533630467076	0	0	0	0
5.028208386710347	0	0	0	0
-5.264089051616537	0	0	0	0
2.9627137926463334	0	0	0	0
0.18330643156529902	0	0	0	0
-1.666169497946143	0	0	0	0
1.1198450763041805	0	0	0	0
1.1017837309407525	0	0	0	0
-3.6992447602320198	0	0	0	0
1.1815942212836816	0	0	0	0
-0.013438504377987215	0	0	0	0
-0.6653854951174054	0	0	0	0
4.044131275273237	0	0	0	0
