-0.4203467071879743	7.180623222746689	-4.573059090050535	-0.25159761302418815	16826.3663725264
-1.4228470007594254	22.243456084545812	-15.511253854605428	-1.386597310503916	16822.847447548593
2.461906020063857	-10.399695426881287	-9.51530897067147	-10.346851614668253	16828.248326332498
-0.6464554132502371	4.364934014266041	19.857971453297438	0.6157137650832141	16826.65780795659
-0.6307955225757453	-11.665919119148917	44.656786001920864	20.032567038671758	16816.998241730384
0.7972246887434764	14.080773728667154	16.112844061869538	32.38824917390677	16850.662320215317
-3.6968661161668166	2.1632067787825378	-30.39826537635993	38.57835611451213	16958.19334313862
5.88517207516184	-9.77745294394353	37.05074108288261	13.18459492391608	16827.12726879885
-4.434520894855261	29.60466970611693	21.567613559399845	48.569315849438	16644.046676169215
4.10935940424627	-20.971079207595082	22.014148625135448	-10.589372968459102	16632.38953931079
-5.513717748751311	-11.018974672900136	-8.848354500510908	19.570701516723005	16685.622134670797
3.426733093896992	8.03992427984818	-3.8025013529507135	-19.65953438644452	16645.969825443026
-1.0037437106290383	-10.397930298231621	11.554024350213297	3.1535362295743283	16738.29360236224
0.04257682795230977	-22.302838830976874	19.259215063758816	32.540432857240006	16806.351158089903
5.623672545578799	46.958670044585276	53.37480171161563	-19.02080755224516	16854.204400056013
-14.294138693520296	-4.248142377885351	2.60066771628874	3.8377224854912555	16967.046035237556
17.360248373712324	-11.277720014894626	-40.56832227671998	-21.878369504992833	16941.42243650143
-13.673212072943045	-16.354035728680593	-20.003098288822002	31.08791858946853	16895.659786467935
7.249612067884492	8.626380303602694	18.310340785176365	-5.757252630823146	16858.364358259845
-2.3381250031078338	-1.3339412764274385	-20.274727385183112	-13.773113662029232	16949.874909981318
-0.2707866244422803	-4.124474360446847	23.48232744834793	8.098930487822301	16972.52652889914
3.816943551702451	17.10541047541662	-33.67806753924076	15.31153443600357	16921.646920781008
-7.355495868996066	-8.624827155526589	39.62316272210944	13.442714393389082	16856.900296855772
9.945726295016406	8.724532713875114	13.142227351074808	-0.8525810589184033	16896.44417588978
-14.533544945152613	-14.044234938730213	-21.14023928801815	-25.26259971198374	16894.646158873693
18.189602146455208	19.647403395980206	-22.733468163531683	-5.950683050736046	16873.154557835936
-14.141738468319204	10.092827816433669	49.50389934246377	-0.03861403889929704	16898.4613990321
2.98123116152874	13.80993026633108	20.550400765070208	-17.487957090654945	16895.276920322965
5.118155961837509	-15.783679235090425	0.2376984879466164	-14.193179280498143	16948.876978851356
-4.791295540985317	20.218573885757365	17.457487646265704	5.773692909170393	16985.930849858327
1.6483042922824467	-16.61440973345958	12.858764313021894	13.32996809326714	16968.48858434513
1.7721259990175469	16.613021059329846	25.021592069429346	5.391129491010787	16843.148063187426
-5.28877421962023	28.789321150471913	35.45558902840742	16.08504662884772	16901.95815556233
3.6292419978487374	-5.389886569242066	-9.894499299365279	21.971887375441227	16963.890023527227
0.852595930816328	1.078896553595463	-14.797131495987301	-10.263786440285358	16953.527968042334
-4.185996556788361	-4.602996336738563	-20.191049513716038	3.7703728912556898	17018.9767697308
5.648994336377548	3.807895655157459	-20.37334338188346	0.727364727443188	17042.51191672653
-2.089483695198851	3.540811682781076	8.51510660186733	-26.58813174421421	17032.232049983366
-3.981853140206134	-15.043141602303777	13.559154511246518	0	0
4.56778759013676	9.464408694406778	1.3298252397885904	0	0
-0.03833835353953674	-25.463712208118785	-13.955911000660365	0	0
-3.437419148021995	-13.484335082834406	17.095990327310645	0	0
2.454624569995765	4.271049344776358	26.130468843814683	0	0
-0.605325741281753	12.567794037984164	3.9133508850328838	0	0
0.816570376190775	-30.541954853159687	-41.94622228465762	0	0
0.39751513613276046	-6.20398812658479	18.390576855550165	0	0
-1.677955682771561	1.1023320027093604	0.7364727891224163	0	0
-0.3528791761819505	-26.87269498643255	9.122230137859589	0	0
3.805864149968059	11.72020615328772	-42.755653320224184	0	0
-2.4594349990432676	6.680946837981828	9.601467775245524	0	0
-2.511479744300928	-18.585470711259212	6.4725304810265385	0	0
1.4963425114857216	-9.630596845245293	24.900387561180665	0	0
3.6492546193151583	8.392013619723862	0.32492657798260893	0	0
-4.5722741586473035	6.091797242263269	6.1531148364964565	0	0
2.135171847613357	-9.624817035879936	19.95428950536585	0	0
0.7562138169272075	-9.989788741547649	-13.393977210911771	0	0
0.11793968629453389	-7.633326985291184	-8.989322171415381	0	0
-4.6825493845299135	-10.320145083456694	-2.2364298629031367	0	0
6.283321541371215	28.1641636646777	-8.551127365471345	0	0
-0.1292512702246924	-7.111702634299768	-4.282237497066788	0	0
-5.4753900773220465	22.386581485484157	33.77220994665713	0	0
3.4057779620671056	-18.3324435933448	28.36205081272918	0	0
1.5281874518916467	4.629172924373748	-16.84654497162633	0	0
-3.5515165649552642	-22.57546890959309	20.423233371689165	0	0
3.05227853072401	-3.0804551334721637	8.759420737521282	0	0
-0.6841067395164728	-34.263919663809475	-11.707758790279016	0	0
-1.7508855150710971	29.409246429349622	2.308394696835549	0	0
2.483120641825302	12.117887876172126	1.861667773631325	0	0
-3.121621598202239	-1.5519132709486314	6.929098020254486	0	0
2.9628371258750406	-12.916670901960124	-17.297442481358402	0	0
-0.49083929260795855	-13.496467176325275	0	0	0
-2.7878758312072662	12.415042139068206	0	0	0
3.4810179101473864	-20.34486896468495	0	0	0
0.16158242973190085	-8.59422944594418	0	0	0
-5.562382116413161	-6.800846909927884	0	0	0
7.24223053405764	-7.070860449816145	0	0	0
-3.1090638894820017	-7.930117939540743	0	0	0
-4.456605031185767	-0.8258059436713339	0	0	0
7.889445152897274	7.476304659224489	0	0	0
-4.35742100231154	-35.819061455610935	0	0	0
0.1019596858490317	-30.914385973317025	0	0	0
1.5331148965751495	16.11932393879998	0	0	0
-0.6908617142435247	-3.2678632599841038	0	0	0
-4.939988769029682	-17.936497670441177	0	0	0
12.985197423114435	10.034463177605957	0	0	0
-14.21061589277329	17.20612270153042	0	0	0
9.152521955011466	15.13411097933922	0	0	0
-3.885328667377159	0.9600971948714658	0	0	0
1.918309665226218	-4.714230057073031	0	0	0
-4.5704942040666126	17.021777985749672	0	0	0
9.58329316501127	-1.3107988954627174	0	0	0
-10.15110639978547	-12.435018989861348	0	0	0
5.736456683789619	-19.275667747398053	0	0	0
-1.9931829258517624	18.462796446320574	0	0	0
2.9257672912807635	-11.029490958928655	0	0	0
-7.928843335408892	12.67824363836602	0	0	0
15.156514777155003	-2.9137909318312865	0	0	0
-17.547651773099375	-17.637658235052136	0	0	0
13.680332950506077	18.060667098169567	0	0	0
-9.90808241163841	-28.957796586425488	0	0	0
6.193519578176399	11.191772353065211	0	0	0
-0.765703949984271	29.498034134288616	0	0	0
-1.2767739524274901	-3.0452571696070336	0	0	0
-0.1690053730373009	-26.34431236035124	0	0	0
0.7279132506348489	-6.4530022748879645	0	0	0
1.6505974490508493	0.39007124709299745	0	0	0
-4.912296415418005	-8.159365799939266	0	0	0
6.569342185365059	-3.476644015139918	0	0	0
-6.427428350281268	-2.991504373403579	0	0	0
5.126865744636795	19.102811909612235	0	0	0
-3.2291788577933147	4.187184528547569	0	0	0
0.598677922604729	22.14696527621136	0	0	0
0.8565270882095106	-25.048564697583785	0	0	0
0.2481402901786609	2.0055232216408925	0	0	0
-0.6203285115119357	6.417625710974889	0	0	0
-1.291448519335006	8.76493203813994	0	0	0
1.831050737607768	-7.491915886562836	0	0	0
-0.18788575929537643	-5.902588514773022	0	0	0
0.7352877348678248	-34.32858314668839	0	0	0
-5.640492331913158	-7.33763552644114	0	0	0
7.302725776015038	14.518842946409855	0	0	0
-3.2286352536266563	-7.1184150034489235	0	0	0
2.4696345218817726	-18.686029025868237	0	0	0
-8.698936013461015	5.591341797782917	0	0	0
11.714485824248506	-6.434996904097773	0	0	0
-10.111535560222578	-10.955141857212858	0	0	0
9.818414390789258	43.26185623947962	0	0	0
-8.456931025999232	-16.883160930975173	0	0	0
2.2217049545382253	7.073549289351838	0	0	0
4.107893002321411	-17.94155615896993	0	0	0
-5.2010989823236216	21.190318764817896	0	0	0
4.639338516204496	-7.607541474840247	0	0	0
-3.138700293389441	4.702699019664536	0	0	0
-1.9251033608183903	0	0	0	0
7.5086887379636025	0	0	0	0
-8.376475484826656	0	0	0	0
5.865468612619516	0	0	0	0
-4.0702353209989965	0	0	0	0
2.4211815446573652	0	0	0	0
-1.5584320418902138	0	0	0	0
6.619459525718121	0	0	0	0
-13.490594712847724	0	0	0	0
15.938559319670993	0	0	0	0
-14.635911548588894	0	0	0	0
12.117158789573502	0	0	0	0
-7.729659467706973	0	0	0	0
3.2504091058821203	0	0	0	0
-1.7413794464552623	0	0	0	0
1.8578506790745521	0	0	0	0
-1.267826585381954	0	0	0	0
1.9219276210580176	0	0	0	0
-3.1810783741417836	0	0	0	0
3.4885745690015213	0	0	0	0
-6.1457932611552835	0	0	0	0
10.540657283059495	0	0	0	0
-12.803181340365661	0	0	0	0
10.906493960527385	0	0	0	0
-5.46317236636127	0	0	0	0
-0.7520494274593688	0	0	0	0
2.4878355758333797	0	0	0	0
2.470880205263853	0	0	0	0
-8.457049203807891	0	0	0	0
11.144779023974465	0	0	0	0
-11.38936173890282	0	0	0	0
8.513184115782565	0	0	0	0
-3.28828838969703	0	0	0	0
-0.3129391520865994	0	0	0	0
0.6820652953975994	0	0	0	0
-0.5541327877707687	0	0	0	0
-1.1469228459398053	0	0	0	0
3.564921703767155	0	0	0	0
-3.3970572012876374	0	0	0	0
2.4221673967491455	0	0	0	0
-2.5743590490125	0	0	0	0
2.234451534937058	0	0	0	0
-2.570109006156379	0	0	0	0
3.80761559020209	0	0	0	0
-2.8915708455742575	0	0	0	0
0.3842855010196402	0	0	0	0
1.1618829056194215	0	0	0	0
-1.854080593980683	0	0	0	0
3.0420249877473537	0	0	0	0
-3.4923691523721203	0	0	0	0
3.369617022788532	0	0	0	0
-0.24042039003666105	0	0	0	0
-5.01035919685183	0	0	0	0
5.467795368494244	0	0	0	0
-0.12830463923802427	0	0	0	0
-3.1718792072553867	0	0	0	0
-0.5990601304478744	0	0	0	0
6.813940093103248	0	0	0	0
-10.066684165040883	0	0	0	0
9.584492171423598	0	0	0	0
-7.794829785279795	0	0	0	0
6.979014889299592	0	0	0	0
-7.364849237147595	0	0	0	0
5.243675941583	0	0	0	0
0.5618690810603937	0	0	0	0
-3.380911164355993	0	0	0	0
-2.4294486916064386	0	0	0	0
9.988982335177298	0	0	0	0
-12.786714040937078	0	0	0	0
10.960164748385758	0	0	0	0
-5.981456878123943	0	0	0	0
-1.4712982201011187	0	0	0	0
7.8775023514679745	0	0	0	0
-10.112056800784536	0	0	0	0
8.309440589385318	0	0	0	0
-4.878894323225865	0	0	0	0
2.9232726897210384	0	0	0	0
-1.1892663422484944	0	0	0	0
-1.9540997601925838	0	0	0	0
5.060249126278222	0	0	0	0
-4.974012626604853	0	0	0	0
1.3038027837793251	0	0	0	0
5.120195820591562	0	0	0	0
-8.755552354350321	0	0	0	0
8.95809717605652	0	0	0	0
-9.567268325121141	0	0	0	0
9.600533133670474	0	0	0	0
-5.3987373817334685	0	0	0	0
1.0593588939396739	0	0	0	0
-0.4654743637673988	0	0	0	0
2.946448107306267	0	0	0	0
-3.8375827360351593	0	0	0	0
2.5623864973670436	0	0	0	0
-1.798077898502136	0	0	0	0
2.2319950863881886	0	0	0	0
-2.139449379433124	0	0	0	0
1.3871097177779532	0	0	0	0
-1.2533979945645726	0	0	0	0
1.668818358579074	0	0	0	0
-2.056497482593862	0	0	0	0
4.053260649433909	0	0	0	0
-6.746553148583899	0	0	0	0
6.609845246182907	0	0	0	0
-4.978390565043782	0	0	0	0
5.213151809088494	0	0	0	0
-4.5215487074015	0	0	0	0
0.7715919874803703	0	0	0	0
2.5650038144655625	0	0	0	0
-2.862874466728684	0	0	0	0
0.8798870860671215	0	0	0	0
1.0627966918063123	0	0	0	0
0.951378559852408	0	0	0	0
-3.5631108324775838	0	0	0	0
4.17739700118053	0	0	0	0
-3.6039517632045985	0	0	0	0
1.6156074122020883	0	0	0	0
0.6628304806016772	0	0	0	0
2.6629529434077384	0	0	0	0
-8.015399197625712	0	0	0	0
7.645573756958953	0	0	0	0
-3.609771569325595	0	0	0	0
3.002766523601295	0	0	0	0
-1.4880815971237524	0	0	0	0
0.2699565021951855	0	0	0	0
1.072711205808801	0	0	0	0
-3.4395085430202244	0	0	0	0
