0.347838554498729	3.827133297134168	2.4398546747249696	-0.6049593584262141	17144.773897966366
-2.427765350322993	12.873246722679411	6.961135744909797	-3.779155361452041	17142.25075870999
-4.568912493956795	-0.1103493434642644	-15.183761456678667	-24.361265942389196	17142.484041928463
3.8431612767109016	11.989790731534356	30.364756489442087	7.7573842707081155	17147.275037562926
0.38423533544515465	-2.0012662410572943	64.2370210509863	63.866004026204166	17128.01462893457
-1.1709978967326435	-3.9721216162921564	14.517510870932611	13.322968070780377	17187.17081224674
-1.0231329855301396	-14.111611000094882	-41.359604902674505	69.13192012074327	17220.92898495781
0.29116948673681264	-23.209362510660355	29.349091103515363	-56.2218593425969	16878.29098483337
-2.067185158277141	34.862412066518644	45.44928924020304	68.738775009163	16729.008566246815
10.456949265929232	-33.72089746911662	72.42777792543737	-36.44879769684326	16799.89467473764
-15.21708307335556	-17.393349447665408	-44.52746410096378	28.139534701891975	16867.107814778006
11.365511013804458	-2.290484133670347	-1.0013143225800007	-66.84189334135458	16868.057363004504
-9.325636431866428	-18.34552581896783	51.344548190420184	9.497089111477052	16954.56922778956
6.183737306756342	-18.73110667005769	23.478841805917597	7.187360920127588	17060.38877787204
9.030338904932599	54.24788246436153	110.71202782991055	-30.657069237882425	17081.64572014878
-23.096323208681817	26.82256519412087	17.79510008463849	30.75484625762593	17180.995960004944
25.045662444440012	-49.17942967601741	-98.35311629366593	-14.802727501040096	17083.715853622314
-20.98308539680727	-49.72336088282726	-10.132234607981573	46.29643209665669	17026.725806404953
11.683665884531166	1.3999462067437207	1.4416387224673315	32.956738922976825	16940.40658927241
2.3900459765437247	-45.240167995220986	-31.618847099441197	-88.04649561482982	16957.226953283025
-11.518794652348937	20.371903182035815	38.60878096241643	44.51212753255146	17060.046365473292
15.46798338348681	51.32617875956831	-24.687561386223706	14.40879261050489	17027.508560090573
-22.42041818997491	-17.683968237502164	80.93848154905653	17.30971228988078	16826.950610048858
28.485355374488442	29.044819499888526	18.91529604731126	23.421811501777853	16904.609057217924
-30.14136006869132	-44.29631042484291	-27.27099388894804	-17.592775573281614	16927.199513872365
33.332992154454516	4.04085358779917	-32.79208126002305	4.854469131614081	16896.857215144068
-34.96465254639436	16.814819772744926	63.08179582607346	-38.6216900054895	16944.43073094424
20.15811886656948	17.056131293559396	58.8149478823934	-61.54801156955938	16957.937013572093
3.6975229361585633	-51.71806994625154	6.960332255281941	-55.574426625193325	17031.30121523069
-12.800563365676766	41.64735119795225	43.764725773198194	24.558650495969218	17108.149616452465
12.685981565444102	-33.16384625875529	25.655083002594125	5.756364385510636	17175.853217607295
-14.870004238774598	62.738729474847105	30.82555763278191	26.478639291487895	16920.207058377055
6.7586479370613475	48.121256046104165	67.92876473481085	19.420556515927757	16926.586204066545
10.435408967191137	3.011098448079352	-12.614324876636118	33.13266166512285	17004.498052376788
-17.323197509781167	-17.184982090480275	-27.325695355965422	-13.946501675108522	16967.530724495515
12.419100322816483	-1.4605034945405606	-54.10082985747431	3.3097848586369025	16997.157795782197
-10.102387142784671	21.230950809327915	-3.5860648902835806	1.7141604929283716	17068.299591662795
6.5478263082425485	-40.368600467344976	-5.109788447300232	-38.12722212813978	17073.97364352711
3.921849009074961	-4.033521689518068	34.179703671002784	0	0
-10.923437063467794	17.676461666912523	4.260810526855366	0	0
15.144124918813176	-45.84590799516762	3.8024783387888874	0	0
-20.230405613980544	-51.27689487356214	36.3158222488987	0	0
14.95081609622379	-9.460351456807004	39.45143290409493	0	0
-3.699512862768607	24.128621574545647	-5.932834931176387	0	0
3.1019668081996272	-38.67857390260423	-105.824419449162	0	0
-6.257927008924646	-28.018168951392667	43.96653690529578	0	0
2.2640615010969967	18.583766771120395	-7.818544764169232	0	0
-0.7792670446597967	-30.675390122649375	3.5528439121082442	0	0
6.347302434109288	24.865340355725777	-46.75723970932572	0	0
-4.225689607592635	6.51725037264606	-2.726717434117276	0	0
-6.7928430762785865	-36.72258184903458	29.24532689359235	0	0
2.5659883456774253	-36.678813977184014	27.931687393079002	0	0
13.23796485871113	12.362625872882312	-15.630709451245494	0	0
-11.548077268710387	-3.7068118285759795	9.846921517291591	0	0
-1.945745423625759	-43.41128122015153	36.76189849833588	0	0
7.4385206049011785	-9.053790505273227	-4.835796375184842	0	0
-5.307299182376042	-20.10696682898086	-3.9267678222908557	0	0
-1.1063363409419154	-17.951721883229013	-7.021281889611686	0	0
5.2024873446128765	65.39601771766672	-14.420257153935012	0	0
0.523148203214042	-23.97826604613872	-22.759416170769853	0	0
-6.612089395344043	67.64169384016232	68.56011196663768	0	0
-0.7778441565303496	-48.000958123060485	56.59274754202798	0	0
15.22096919218	22.2486472209526	-4.698289448801688	0	0
-21.22927518946196	-51.2378941282535	41.2942089793045	0	0
17.768547189978115	-9.780375760014302	13.97344010303837	0	0
-14.367494922896796	-62.267146901895586	-17.237834983183816	0	0
9.735537900838636	58.40958702353941	-0.06803233196620795	0	0
2.4607900997103442	18.660778360542942	6.775753499641326	0	0
-13.97348233052675	-12.704415746724763	8.360279114491448	0	0
10.596765605713777	-17.05100014165083	-29.206227772456288	0	0
0.37519703741822497	-24.22595804478742	0	0	0
-5.433055840916019	20.229753784960522	0	0	0
4.770070946446722	-39.93284285925247	0	0	0
3.8565619038521533	-18.84747598200221	0	0	0
-16.584962140082737	-9.217634084881126	0	0	0
17.90215786381402	4.143359167610811	0	0	0
-4.423504084856972	-25.54015225604941	0	0	0
-7.8038565942270495	3.442745576434767	0	0	0
9.008008798956915	-1.6249119438576898	0	0	0
-7.60514293787314	-61.19605608150993	0	0	0
6.344007128217662	-44.473154966046046	0	0	0
1.1500140302134483	10.567773153755475	0	0	0
-5.046126893638437	-31.491559623630856	0	0	0
-4.840655798759933	-31.00320492127208	0	0	0
14.65257140524762	0.11224100549999605	0	0	0
-12.764639325395763	49.831785123187075	0	0	0
8.171199599312573	38.761590520104185	0	0	0
-4.08847277026868	-20.91221963413721	0	0	0
-2.284853100092313	-3.7478544696964917	0	0	0
1.7920887711825202	9.42199969918078	0	0	0
8.776930158275135	0.9965814793779515	0	0	0
-13.35833227729428	-33.84475179407022	0	0	0
7.338495910626847	-20.296332386580325	0	0	0
-5.373997496957429	32.49112040252774	0	0	0
12.159405960618116	-21.859015071078545	0	0	0
-20.88506060653878	3.7030872017096996	0	0	0
34.39515219985106	-11.943376581322696	0	0	0
-44.609487784192616	-37.00415279910223	0	0	0
38.26547394928167	26.370560265842855	0	0	0
-24.43489351721778	-44.411248467751896	0	0	0
15.322836760064085	20.067996409490874	0	0	0
-4.954145032464382	70.1866678630831	0	0	0
-2.9209064145124657	-12.088318596950664	0	0	0
-1.4750023660681606	-43.067938620408114	0	0	0
8.857150742040574	-12.670267686636464	0	0	0
-0.9853923623254346	32.576234945081765	0	0	0
-12.520252520344549	-33.56427121000473	0	0	0
14.467906989430276	-7.5109792166960005	0	0	0
-11.034970162629541	8.377035965243856	0	0	0
11.427595321760123	6.5827854250427436	0	0	0
-8.04100355763979	16.897372481430324	0	0	0
0.07244167491661102	29.48720887472072	0	0	0
0.9146565142340819	-59.91088464467493	0	0	0
4.269135985963175	5.454093212728928	0	0	0
-1.1566746453830064	19.03636155382854	0	0	0
-4.0486354206357476	-12.704234601219326	0	0	0
-1.1964963265113298	17.121272035709474	0	0	0
5.8249853946437256	-29.82885541603511	0	0	0
1.3056835815635566	-70.64844745985928	0	0	0
-10.106365486521518	1.332152748757899	0	0	0
8.643863480626422	13.893909789933524	0	0	0
-2.7835507245640088	-11.69760834819904	0	0	0
4.664863643238363	-26.18420384775669	0	0	0
-15.748227729473506	23.12265500937616	0	0	0
23.909357178743	-8.90191109430475	0	0	0
-23.363028871661648	-15.156632206650002	0	0	0
20.016357092732818	73.6754381950727	0	0	0
-16.259751440809204	-49.390664217543645	0	0	0
8.76825347112306	21.36625460862649	0	0	0
3.078824114551473	-36.960680714311636	0	0	0
-9.938621496412892	41.58676767666971	0	0	0
8.497037593905027	-17.44680671133311	0	0	0
-2.311079967186245	29.692742756330375	0	0	0
-6.28687882704935	0	0	0	0
15.871658609848069	0	0	0	0
-21.57628135019292	0	0	0	0
18.587636561057565	0	0	0	0
-11.15333126199885	0	0	0	0
7.574694953968475	0	0	0	0
-7.393496213804632	0	0	0	0
11.708151675812609	0	0	0	0
-21.5690069067983	0	0	0	0
30.283793020821633	0	0	0	0
-28.63069121728025	0	0	0	0
21.47826633197659	0	0	0	0
-15.368544775777536	0	0	0	0
7.622163709555231	0	0	0	0
0.16502912701353978	0	0	0	0
-0.5727136998803886	0	0	0	0
-2.644700907753311	0	0	0	0
2.1189317850701457	0	0	0	0
-0.6842453112760793	0	0	0	0
6.643281400864041	0	0	0	0
-16.346832725237817	0	0	0	0
21.54783269059478	0	0	0	0
-26.417827833914778	0	0	0	0
28.032633286878664	0	0	0	0
-16.56100669870616	0	0	0	0
3.321803419978231	0	0	0	0
-4.858592309844887	0	0	0	0
14.073205658923442	0	0	0	0
-17.130581371579666	0	0	0	0
15.636495654113816	0	0	0	0
-15.303561075592135	0	0	0	0
11.38861324094158	0	0	0	0
-3.540969027572217	0	0	0	0
2.371519775963904	0	0	0	0
-2.916596010676244	0	0	0	0
-2.0066873771396416	0	0	0	0
-4.523223191701781	0	0	0	0
16.52588845673621	0	0	0	0
-12.315014282945405	0	0	0	0
3.7604247155695916	0	0	0	0
-3.7800178425815574	0	0	0	0
3.300049668590603	0	0	0	0
-0.8772259508752072	0	0	0	0
0.6244525112976831	0	0	0	0
1.596179150576944	0	0	0	0
-8.832709866509362	0	0	0	0
13.788156845334505	0	0	0	0
-13.50519978954351	0	0	0	0
14.154579214699588	0	0	0	0
-14.605277874313636	0	0	0	0
9.471207901132345	0	0	0	0
3.0188315337068303	0	0	0	0
-13.514019029742997	0	0	0	0
15.200730945090115	0	0	0	0
-11.436721278371422	0	0	0	0
6.832234364959476	0	0	0	0
-8.215115524341968	0	0	0	0
19.364569115639917	0	0	0	0
-29.2160380700044	0	0	0	0
25.87508594389778	0	0	0	0
-17.98329958556846	0	0	0	0
15.228716229902957	0	0	0	0
-11.782764419225686	0	0	0	0
2.8308877043001317	0	0	0	0
5.471287609839486	0	0	0	0
-7.323245964987748	0	0	0	0
0.8464248652956812	0	0	0	0
11.44692408401042	0	0	0	0
-21.76708226557666	0	0	0	0
19.06041358242812	0	0	0	0
-3.2300013649561095	0	0	0	0
-12.231444062038747	0	0	0	0
23.12125186611396	0	0	0	0
-31.81013451234518	0	0	0	0
28.32585880372102	0	0	0	0
-11.532094449943727	0	0	0	0
1.6168149471887787	0	0	0	0
-1.6016039761151362	0	0	0	0
-2.56455974563805	0	0	0	0
7.281201471537365	0	0	0	0
-5.016469086501999	0	0	0	0
2.5239707417832236	0	0	0	0
-1.0400175428554235	0	0	0	0
-5.285662858479384	0	0	0	0
12.398619134178212	0	0	0	0
-13.35174127257114	0	0	0	0
9.828852472134642	0	0	0	0
-4.029910476514594	0	0	0	0
-3.6868211424151625	0	0	0	0
6.552682307180461	0	0	0	0
0.49776946618748497	0	0	0	0
-6.577130633863099	0	0	0	0
1.314984970548295	0	0	0	0
4.6826717185291855	0	0	0	0
-0.7287216496671292	0	0	0	0
-5.229711418259015	0	0	0	0
5.488869564972546	0	0	0	0
-5.280520516452732	0	0	0	0
4.392160405488049	0	0	0	0
-0.8576509550633844	0	0	0	0
5.30279134078684	0	0	0	0
-17.752755642206424	0	0	0	0
17.583423280394896	0	0	0	0
-8.21347292410453	0	0	0	0
8.227265191273311	0	0	0	0
-10.215294158279164	0	0	0	0
2.108534493465939	0	0	0	0
3.3025389294536183	0	0	0	0
1.223721294401372	0	0	0	0
-5.626035185990624	0	0	0	0
3.8595864956039136	0	0	0	0
0.5900791723929046	0	0	0	0
-3.874458456811489	0	0	0	0
6.975221800379188	0	0	0	0
-6.267798714632761	0	0	0	0
0.2191265421914821	0	0	0	0
-0.00781372528134483	0	0	0	0
11.729256406726066	0	0	0	0
-19.184614490554928	0	0	0	0
13.566119544747153	0	0	0	0
-5.661615188082365	0	0	0	0
3.93555898167228	0	0	0	0
-1.9932201945889716	0	0	0	0
0.563223426703864	0	0	0	0
1.755101680038294	0	0	0	0
-5.831037908373943	0	0	0	0
