-0.03601981863481285	0.7708858091742101	-1.6418587013169343	-0.007279183795404265	16938.436195415918
-0.20421165442685663	2.30528630625502	-5.158705370866215	0.22029359615208932	16938.205392346696
0.5064128516597677	-0.21871172613190026	2.6471563897424915	0.7922323666047362	16938.977626949596
-0.5161633240267136	0.9632096559661463	7.403363290737644	4.9644658212869786	16938.690443796117
0.8269710478613916	-1.7433137849921607	-5.509297068552854	-2.5043400369947193	16936.837555018574
-0.6539361109940316	1.7933511557458672	-8.78153319104176	-3.1337661918595643	16943.608874993493
-0.43966964042710543	-2.211961139239044	-0.038213885552821125	11.380387254751724	16939.696347128276
0.8344888460851152	-4.115309374291762	-3.440985911001391	5.400358464706699	16945.697123740985
-0.0015865022816754504	3.683524628832018	0.8502884842017551	-3.7606860056659315	16955.012601865
-0.8188395077017105	2.688218136342826	-0.5394935869772155	-2.2624262335732936	16943.162111285677
0.9375572885366381	2.2094770122380822	10.141396273925082	-5.592853015196994	16938.457970291707
-0.649623613362877	-0.8350739329277204	4.480541250184743	13.924947349175568	16949.492712972093
-0.3345368033352827	3.893227826525809	-4.5842498733249215	-8.203442621207358	16943.45111788393
0.8826184387614902	-2.4402572676295833	-2.377485877939691	15.458453568622133	16934.433583818554
-0.6202480465240612	-3.235923417052163	4.178193181176624	-7.851750349323751	16933.282115688784
0.7717886975479971	2.6240553496079926	-2.600038749300566	3.4288707371140674	16925.925773813044
-1.135309756704686	1.5007625744022448	1.8702560697533386	-6.150059541510615	16897.551663594284
1.080255735497559	0.034527386068496924	6.297673963558637	-5.448934381417288	16867.859196728008
0.04823911536507808	-2.1887342539688817	-1.0817623067036237	2.1050946950433627	16865.356374656083
-1.029041762125054	-4.98280977942246	4.594228359711465	11.400196512743321	16886.020993915306
1.0473144481886862	-0.20346106373794015	-0.05701746117395601	4.974585215361728	16868.27229495237
-1.2562615029653657	2.2447727713850867	3.403022738364527	-13.400562871754843	16856.3277595815
2.172424752619065	0.4926564044700683	-3.875681883487431	11.422563306359194	16878.006993614963
-2.2869275779827944	-1.8538907010216832	7.196252777356463	-2.1739868651426235	16873.3284168611
1.6202055352147724	-2.3842284274856738	-5.722001676697374	-1.921502051969867	16946.129197761282
-0.6764297769127054	-4.400624952800648	8.130139779592099	-0.3454739288646209	16960.954115691224
0.07988199455843414	2.7562052280663565	-3.465613066924405	2.075515755218987	16950.097562779953
0.3835379602015294	-0.5114349619525953	-1.4012682994301997	-7.78515918992035	16917.17418061529
0.03604423723849948	1.334336464168146	3.0533959997919595	-1.303944411342627	16923.670962107146
-1.4611247539309744	3.019091470438852	-3.5887508872204847	-5.562816569350119	16956.924763307914
2.168872027298555	2.962225325267042	1.7920321322481527	3.9099839207535325	16958.481821205623
-1.8512288713928484	0.3552319698249491	1.881194984869012	-5.053787511317694	16951.10521050488
1.6816211721853591	-5.858282982097705	-6.592577756484431	-0.11509266248363303	16928.624714710808
-0.8488970137758898	7.33114852086328	2.5659982739912124	1.1308078376374482	16920.792658827835
-0.49721175715032473	1.1901796112756386	-13.458699588482574	9.308109587165816	16938.48057933151
0.5109895648217773	-1.4041062323499602	0.1008562116674625	-3.2296475991513773	16900.02901426356
0.005679710070005228	-4.660534389646266	-3.6100421991197464	-8.372410942619936	16883.912865662576
1.1029024266355094	-1.1995790670790072	-1.2546986429518938	1.9737440790221683	16912.053749979408
-2.3652021263179677	-1.502375891335305	-2.85860134441252	0	0
1.8929674015108873	-2.998520996696179	7.259411672003068	0	0
-1.1272834899046202	3.0528145360369052	0.39449973696649465	0	0
0.5249261808210406	1.142839187674582	3.117300845058338	0	0
0.21179337151735922	1.9915020931715617	-6.977905685091741	0	0
-0.7517422025297691	3.623811337057255	-3.4240350392212093	0	0
0.5877185223778341	-2.2168885923716957	-0.48796728994364	0	0
-0.6259907159262355	3.1156614546900556	-0.07186737461601922	0	0
1.3447865683486384	-2.6627000315738485	-2.457742050498254	0	0
-1.458746212717429	2.116668809069459	1.7306520432292416	0	0
0.8703201147572059	1.1436334743599872	5.32239978415565	0	0
-0.32449029113556094	-0.8767339811621468	1.057776387219647	0	0
0.6411080140796486	3.502189693194886	-9.127094992055476	0	0
-0.9242873975867525	-0.4721825549551184	-2.705150437600139	0	0
0.5364142959160958	1.8069285960047523	1.4466187796667498	0	0
-0.22717391833125333	3.8115287825168167	4.31404959512021	0	0
-0.17602383482636696	2.7162386917134995	3.038275076522396	0	0
0.8357930147210197	-2.8561611772158386	0.018383554987664752	0	0
-0.6213748500872072	1.2895731685340692	-1.0646815438627328	0	0
0.06624824127349882	-0.5879069461810289	-6.3265193312985275	0	0
0.07890283046684488	1.2254196061454579	3.975352124850616	0	0
-0.23324121926302865	-0.8700650330086219	-0.31514512399397177	0	0
0.9446552428657995	-1.2294987814150389	-0.7398582662920745	0	0
-0.373228255094439	0.38351490966379487	-2.3517277128416936	0	0
-1.7258012575112645	3.3984681981682883	-1.4388124415505672	0	0
2.5258394844190235	-2.967031770220302	-4.240400766240796	0	0
-1.8415036114388315	1.024577924259475	10.613899804680756	0	0
1.0416889533050764	-0.15850615066641893	1.882300640686779	0	0
-0.5248189277096316	-4.24010180186206	-1.6570657125828774	0	0
-0.42222150009963855	3.5283018496780656	1.0892671219568797	0	0
1.0460120192270352	-0.4729529252881193	-5.699874552509428	0	0
-0.6603913928959457	-1.1428367751883926	-6.389925963092921	0	0
0.21603452248395882	-4.663525287339958	0	0	0
0.10480941296287938	-2.700785965550203	0	0	0
-0.40889480687526714	0.12169362106135395	0	0	0
0.12110612292418921	-1.2137939410265304	0	0	0
0.3705552694828782	0.9104329539791394	0	0	0
-0.5008917315630725	2.3723513350232963	0	0	0
-0.2151957618629794	0.44154275700469725	0	0	0
0.956574634808689	0.9652949485916054	0	0	0
-1.0365408027037972	-2.118484158712498	0	0	0
0.9704007605628036	2.891711463065647	0	0	0
-1.000276268107271	-2.7154729541439266	0	0	0
0.8994801679043434	-2.2768523068811675	0	0	0
-1.020092698574416	3.1469522318688163	0	0	0
0.9821950096785912	1.642466223600664	0	0	0
0.10851027744906361	-0.4908883442583232	0	0	0
-0.8055684946575425	1.2228617460229287	0	0	0
0.32090236194057553	3.0235717139389067	0	0	0
0.07760930333547122	-0.2571367061127461	0	0	0
0.651396319643041	-0.2677363003190649	0	0	0
-1.1536680759061966	-8.025072509515837	0	0	0
0.6027213546615258	-3.476429377744388	0	0	0
-0.21735492948337054	2.141040262529849	0	0	0
-0.02085956883473017	-0.4992896945571417	0	0	0
0.4655730386601462	-3.3695402038681337	0	0	0
-0.5514015573679885	1.1100471475264015	0	0	0
-0.016795621914745595	-0.6138096997046745	0	0	0
-0.35998126131219976	0.003907997083288706	0	0	0
0.7912887742402077	1.0086221228442582	0	0	0
-0.37615784071668656	0.12378444891833595	0	0	0
0.15588557369259348	0.5460586190856844	0	0	0
-0.631772429236733	-1.3443253094285836	0	0	0
1.1310173215135606	1.5906737528635375	0	0	0
-1.0977279491824206	-5.182012568028014	0	0	0
0.7598883511598942	0.07121517370454455	0	0	0
-0.15454776463942466	-1.4675112803849473	0	0	0
-0.9955378017015306	0.14741960262885812	0	0	0
1.9136318747839525	1.7146637014100534	0	0	0
-1.7619249903149807	0.41239201018488103	0	0	0
0.90475775145147	-0.5128141665392789	0	0	0
-0.24473156363987414	-0.13819361490386228	0	0	0
-0.6263997811668816	-0.33155595336278765	0	0	0
0.8650562918693225	0.46088734476365545	0	0	0
-0.6917399823497519	0.9620709448619493	0	0	0
0.09108990389291449	-2.4015661612441193	0	0	0
0.09543621729375218	-0.7342100021840352	0	0	0
-0.5727320277832746	-0.6495545128551825	0	0	0
0.7652043352383799	-1.5869263852763567	0	0	0
-0.08989318838629146	2.0145896690869165	0	0	0
-0.5472167104335597	3.5108673972303777	0	0	0
0.2998602978724776	-1.4151791109304384	0	0	0
-0.025669637074585694	0.5129375536173981	0	0	0
-0.01929995668909612	2.5354798664613654	0	0	0
0.9961029725996937	-1.3983816784002272	0	0	0
-1.283898373417827	2.0378437900805864	0	0	0
0.4194861333956865	-1.1696374595379098	0	0	0
0.4077379336813607	1.55456684656059	0	0	0
-0.2171747637012018	-1.8795550186121233	0	0	0
-0.14897491734353707	1.7048888896570347	0	0	0
0.5283836077412474	-1.172909577833046	0	0	0
-1.6904010442492279	1.073902505995406	0	0	0
2.277818216805265	-1.5344983427398802	0	0	0
-0.8686601912104877	1.6908073449733294	0	0	0
-0.5302545226498339	-1.7987007720519799	0	0	0
0.223608484651713	0	0	0	0
0.031177678351376414	0	0	0	0
2.742696506395255	0	0	0	0
-5.6652748677380345	0	0	0	0
4.729785054683518	0	0	0	0
-4.053118634007781	0	0	0	0
2.5101360598876994	0	0	0	0
0.792680178343879	0	0	0	0
-0.7224156831727271	0	0	0	0
-0.6762658268784278	0	0	0	0
0.0401711798135338	0	0	0	0
-0.5746096656074826	0	0	0	0
1.4319083154558783	0	0	0	0
-0.9174999370399632	0	0	0	0
0.23892755300008162	0	0	0	0
-0.11044853344647265	0	0	0	0
0.08595807408413236	0	0	0	0
0.3629534632141187	0	0	0	0
-0.7330716998307949	0	0	0	0
0.39930921601405345	0	0	0	0
-0.2975936341862706	0	0	0	0
-0.1696016451025173	0	0	0	0
1.0078761577206592	0	0	0	0
-0.9234141488921992	0	0	0	0
-0.3975540770028658	0	0	0	0
0.1909783891616641	0	0	0	0
0.7198738264113942	0	0	0	0
-1.1556109285727558	0	0	0	0
1.1489540850727948	0	0	0	0
-1.3258111067874339	0	0	0	0
0.7309702850190405	0	0	0	0
0.46409056619935996	0	0	0	0
-1.3686273250543692	0	0	0	0
1.4388545105485733	0	0	0	0
-1.4870795205756124	0	0	0	0
1.0931778059675636	0	0	0	0
-0.5323329089057012	0	0	0	0
0.7295803402411138	0	0	0	0
-1.2653109762724668	0	0	0	0
0.6040349315493074	0	0	0	0
0.3330484245896699	0	0	0	0
0.26926203878004173	0	0	0	0
-0.6674784904155544	0	0	0	0
-0.40872225232213566	0	0	0	0
0.8843685422973593	0	0	0	0
-0.7761142244048926	0	0	0	0
1.1536479156289232	0	0	0	0
-1.3580397797118025	0	0	0	0
0.15604002060889854	0	0	0	0
0.45375215273917036	0	0	0	0
-0.08731260856077228	0	0	0	0
0.18394351917214635	0	0	0	0
0.07778104003704556	0	0	0	0
-0.9696357584908952	0	0	0	0
0.7989659469083747	0	0	0	0
0.44401065518625416	0	0	0	0
-0.8315346435575037	0	0	0	0
0.2726464764599683	0	0	0	0
-0.13885320790691935	0	0	0	0
0.22969336045311906	0	0	0	0
0.4511661527447117	0	0	0	0
-0.45310225007679605	0	0	0	0
0.2850461461159597	0	0	0	0
-0.28219177621635083	0	0	0	0
0.09982413949631308	0	0	0	0
0.8874383709394351	0	0	0	0
-1.2579987127500303	0	0	0	0
1.0980252149101872	0	0	0	0
-1.1029040931472949	0	0	0	0
1.5244042748506956	0	0	0	0
-1.30409455211894	0	0	0	0
0.9332097962650536	0	0	0	0
-1.3326202544526922	0	0	0	0
1.1009021237674617	0	0	0	0
-0.35638412787537277	0	0	0	0
0.24541223654721733	0	0	0	0
-0.461571944412718	0	0	0	0
0.2543557576672626	0	0	0	0
-0.0642377619241401	0	0	0	0
0.7746497807246655	0	0	0	0
-1.3372662935498099	0	0	0	0
0.7413324171033437	0	0	0	0
-0.5445550444422267	0	0	0	0
0.8498428331705341	0	0	0	0
-0.38854149815396255	0	0	0	0
-0.4500805718186953	0	0	0	0
0.20798135500921688	0	0	0	0
-0.4310683960205779	0	0	0	0
0.1284039096079468	0	0	0	0
0.854515167021944	0	0	0	0
-2.047405185496416	0	0	0	0
1.7532973561307301	0	0	0	0
-1.0195015856442566	0	0	0	0
1.0159776648930645	0	0	0	0
-1.1083341264685203	0	0	0	0
0.30857192134411093	0	0	0	0
-0.11499473939703364	0	0	0	0
0.22588972553297282	0	0	0	0
-0.1450339010314181	0	0	0	0
0.01937130583075941	0	0	0	0
-1.3533136890343656	0	0	0	0
2.1929594242622414	0	0	0	0
-1.9444439513246294	0	0	0	0
1.7295315399853664	0	0	0	0
-1.591402506089345	0	0	0	0
0.23038904087763257	0	0	0	0
1.0794287267065883	0	0	0	0
-0.9231722716009685	0	0	0	0
0.6429647216351242	0	0	0	0
-0.9562647537783775	0	0	0	0
0.8575848171901868	0	0	0	0
-0.5616979903779509	0	0	0	0
0.9314961565015949	0	0	0	0
-1.5704710277474305	0	0	0	0
1.639104298101394	0	0	0	0
-1.5163065210756699	0	0	0	0
1.9049849248788036	0	0	0	0
-1.4405190992855097	0	0	0	0
-0.18461163755690535	0	0	0	0
1.230633413340513	0	0	0	0
-1.3581535189462954	0	0	0	0
1.1378035197708911	0	0	0	0
-0.2831212310178586	0	0	0	0
0.0671133246434934	0	0	0	0
-0.10474985838512652	0	0	0	0
-0.6853337499158556	0	0	0	0
