0.018947357271940746	-0.8124224331151382	-0.32557677024796305	0.19304929286133188	16830.263344836832
0.2014540587747291	-2.691402426599147	-1.0808178500205514	0.7334434870002013	16831.024478519026
-0.5362244165025984	-1.0383121723025468	-1.0609895290006506	6.537183379065169	16831.5395302232
2.235043476320506	3.6334219690048073	-17.416294773707662	1.17346777250782	16829.70014903312
-3.3186959921594905	3.487854382384235	8.280030317586295	-1.3377239828709122	16835.65575064818
1.9228525034706436	-1.788306796191712	-4.284856517300085	-14.440316850013957	16814.118146935314
0.4491131899616647	1.3384614921943339	-3.7102801877136216	31.38513679184082	16768.125616745423
-1.4059948415169572	6.779491964336543	-2.7706483914660254	-61.87318645366069	16767.88903674726
1.2096879766375537	-8.578059413490955	-15.233791311229368	21.769158474504337	16884.372546850864
-0.6711965582345059	8.439372705122885	6.966598712411923	-7.331771699912807	16767.834027631085
-0.5394079582621742	1.7378159497660661	-10.53929199756557	18.09570201826378	16723.037444037258
0.25275021677121856	-2.9608248563919375	-15.324067858582438	-6.302638118326328	16861.266645283562
1.5564191624626105	6.872172259164422	9.539376120556057	25.971069961449743	16855.758470495985
-2.1043988978218167	-7.324480234720404	7.147463028167422	-28.86309293885013	16863.47691509899
0.46455705196363084	2.127073823871477	-12.945305654692675	-4.064162022424512	16708.95695880286
1.8579139626224546	-2.175583688319726	6.440512876343163	-4.638704240450792	16721.587213314688
-2.233133781488206	-0.9415149899590105	-7.209778867617217	5.784008463111746	16734.202129361598
0.802303021707722	-6.131761939548092	7.034023895673187	-6.899120092745221	16745.32517655253
0.9385633535218076	-4.475086119308088	16.146729872196786	0.15885748786625697	16754.415202351556
-1.035737422502777	1.1876773161600696	1.1017168463210538	0.8901326384479944	16787.859730531185
-0.8446371677981475	5.31867306153584	-15.868737803890468	-5.427948887167361	16862.765355501415
2.180055337599498	5.977052018338512	1.9757041021531876	-17.47731537623308	16892.630529420112
-1.2736198180275835	1.197993917594438	0.9541038619030076	29.54717952735632	16944.100684598925
0.40958857119359493	-1.254141436269009	-18.325583224560333	-15.27880986221949	16920.63253628229
-0.9214635598747876	-8.598550399356391	6.87702243417003	6.055770239375903	16942.68673492616
0.2528578623097957	1.7711167041194003	-8.308942251681245	-1.6416304705691829	16923.972750313173
1.6628422505982599	9.843729383791796	-5.303034136969558	1.9219799721653175	16934.46659001767
-1.9390015142233992	-2.265691030602909	11.647040417954443	-11.195235623440766	16946.70915495082
0.607127966892179	2.5453062628143144	-17.379597162080373	6.697698271498439	17019.879325174523
0.201088421180323	7.748983336021723	6.780569831894155	-10.034918247007184	16924.20036255189
-0.755027479883843	-3.221606747735869	6.101775788685899	-9.822017027992075	16903.07967554993
1.1848807855525934	-3.071889243407959	-6.604393960517157	-1.3786182472786948	16876.490458666012
-0.8299884817307159	1.363611849793628	-5.9740858186866035	26.46580862532906	16929.117730057525
-0.14367475620574055	-4.228954983572137	-10.994162587915682	-38.16413480902179	16925.138391719993
0.9246623056395578	-3.9510392765692046	3.7078305808152834	36.53041681502927	16904.603068036697
-0.627347166561961	-10.971089472783653	12.09549871894852	-12.840468184556954	16817.96070724067
-0.08114092602194489	11.007069326024848	-19.3164725784317	-20.35544948445481	16802.23443298135
-0.44089777594992796	9.63643949111102	12.402782816052564	39.01569891780849	16886.227113733563
0.6305475329852399	4.853197327545544	0.3620395367369298	0	0
-0.1485490190697618	1.5909553610102876	11.006381837926355	0	0
0.46136317528080895	-3.1259423287463832	1.8796577376123054	0	0
-0.7068531324049303	13.928523342453389	13.864376236713156	0	0
0.9793073125705689	-11.161784396376362	1.6545280947893417	0	0
-1.3146445222667253	3.93064877576861	-5.670439785662282	0	0
1.4568339692365058	-0.4484605568578104	4.641160578438516	0	0
-0.19509951800928604	10.054220692345652	12.25118372969608	0	0
-1.443860029109615	3.263688362532477	23.750205891323688	0	0
2.053121115467647	2.312071593490394	-7.959223203057704	0	0
-2.2167728865871936	8.589773450348886	20.09688595442067	0	0
1.0932285745631631	-1.7090570976311739	-8.970706814162767	0	0
1.378680740338453	13.147196681946532	4.123365656171515	0	0
-2.3097911090591907	-10.172736077310788	-13.996034167084787	0	0
1.8813514033434942	-1.8181855706985317	6.666603011279932	0	0
-1.6932892562869029	-4.082013131432639	-7.226435338577488	0	0
1.7790753323766708	-7.423019260079258	16.396156886470507	0	0
-2.016363021143192	0.9587282228682739	4.88550605975658	0	0
2.2645765060849	0.6252671788401116	13.870720796125042	0	0
-2.650929449181035	-0.7970273591411399	-11.670644563571173	0	0
2.24937585780345	6.216508609020842	-12.428811544964077	0	0
-1.28914225909228	1.4116557550892566	5.401419935205283	0	0
0.4355603140762838	-2.5681971797584993	-16.38081068168917	0	0
-0.03146803539888765	1.1542170374448588	4.025678182930889	0	0
-0.09800674838737677	-2.908714289332451	18.985915099302275	0	0
-0.36195786834748844	-2.9607795482460304	-9.20798608509962	0	0
1.1675751205316018	4.846844944483863	3.504686776387885	0	0
-0.823566984082845	-2.827156187464155	42.163641183812814	0	0
-0.32200391041951093	-2.8514726450773864	-18.24420916846482	0	0
-0.059850310199635715	-2.676973188671859	7.782471437014067	0	0
-0.0958891226901386	-2.131161285762637	-44.032409703634315	0	0
1.999701732064473	2.5328028322139176	16.086452988649683	0	0
-2.374836473031472	-6.418031857498654	0	0	0
0.5667570115457039	-1.521226093995125	0	0	0
1.1849767367619677	-3.3907736093408403	0	0	0
-2.82600327120754	1.403463156686641	0	0	0
4.002908844051724	-8.478530292125512	0	0	0
-3.6594505917487226	2.965604114358136	0	0	0
2.098519363425858	-11.221109209339865	0	0	0
-0.18880084756090554	7.923601352312069	0	0	0
-1.406899086054814	-7.61395664565395	0	0	0
2.017160978208146	-1.2471843306338712	0	0	0
-0.4735246196910552	-1.0711338541957716	0	0	0
-2.2437059897056457	1.2159567059279581	0	0	0
2.288319731084478	3.3020350210108234	0	0	0
0.4775837667759646	2.8434283804516483	0	0	0
-1.7318621577584565	0.2369377553407901	0	0	0
0.0814808577254098	-2.7355191301502444	0	0	0
1.7106235836914934	8.123214292654545	0	0	0
-2.2612885622671257	9.73151292168125	0	0	0
3.0014220401114926	-6.530284466274487	0	0	0
-4.445008192729929	-2.676202508123673	0	0	0
4.602466692687209	2.2231832581126554	0	0	0
-2.9871157860216897	4.265457945833674	0	0	0
0.9685732101406828	1.823336611410646	0	0	0
0.03234956056982696	4.723760928405689	0	0	0
0.014983797524457998	-2.081993536543699	0	0	0
0.24386856882323116	0.14741607823673064	0	0	0
-1.5848737343724935	13.001008597457513	0	0	0
2.4791852084221517	5.398429064940295	0	0	0
-0.8853892870810895	-0.8497923305391879	0	0	0
-1.7609047511106581	2.6748241447910814	0	0	0
2.304200325769038	-4.129044509078298	0	0	0
-0.9389452154168936	5.2925961189435	0	0	0
-0.022090652231540275	3.2840411098398334	0	0	0
-0.4514482484329605	-4.553189849267859	0	0	0
0.8076920842957236	0.09222749428143118	0	0	0
-0.9073604220479083	7.552532229794366	0	0	0
0.47117242256459946	0.5554634431012033	0	0	0
1.536383006863204	2.827711182046599	0	0	0
-3.1453437093635586	0.9781694282978961	0	0	0
2.4512401162793935	6.9201792437907415	0	0	0
-0.8229588687196383	-2.2463097118114987	0	0	0
-0.14949730833765784	-7.106266224131012	0	0	0
-0.36652541425223006	1.0144589502646824	0	0	0
1.584936704117247	-2.0014594451729124	0	0	0
-2.601302620756286	0.010162131368581129	0	0	0
2.7106209243326163	-6.361527539751336	0	0	0
-1.9825029084450634	-2.9188253855344826	0	0	0
2.291716214172652	-10.240366116069161	0	0	0
-3.4747910342338244	6.4375358654259855	0	0	0
4.611276431296986	-2.12441087183376	0	0	0
-4.161900223290431	-1.237551834056248	0	0	0
2.1680160158168533	1.2127039185227346	0	0	0
-0.12298482670893662	-3.7370411306762605	0	0	0
-0.3052903200300534	2.3098604042850255	0	0	0
-0.4907062568544873	-11.784919443118199	0	0	0
0.7834640547430283	4.6547290230665865	0	0	0
-0.5481242563378785	-5.6124334259914335	0	0	0
1.1737681668290136	7.2584621746046025	0	0	0
-2.407366871814297	-8.958200361766252	0	0	0
2.901004266524886	0.997972949182298	0	0	0
-1.8870544207822348	0.8164306716569172	0	0	0
-0.6416856560154116	6.582596505766396	0	0	0
2.6037055816327452	-8.289333818958468	0	0	0
-2.4852458514424782	0	0	0	0
1.46078708258257	0	0	0	0
-0.7374614053399782	0	0	0	0
0.38218263575024736	0	0	0	0
-1.1715520934162313	0	0	0	0
1.201188959060687	0	0	0	0
0.9127553520772054	0	0	0	0
-2.289143045606771	0	0	0	0
2.159451535183443	0	0	0	0
-1.9131676307713263	0	0	0	0
0.9845493425137661	0	0	0	0
1.1476688130873995	0	0	0	0
-2.2062786495622007	0	0	0	0
1.583644783900013	0	0	0	0
-1.5721118328713715	0	0	0	0
3.4297331261811834	0	0	0	0
-3.363849492134854	0	0	0	0
0.7576136987015971	0	0	0	0
0.8241876169269844	0	0	0	0
-0.15150273075459353	0	0	0	0
-0.9686311478060148	0	0	0	0
1.0906671017986227	0	0	0	0
-1.6897234975435182	0	0	0	0
2.470453787951911	0	0	0	0
-2.385913785650409	0	0	0	0
1.951758263165793	0	0	0	0
-2.036729555196672	0	0	0	0
1.2596676286484936	0	0	0	0
0.450246753957515	0	0	0	0
-1.7850400262249053	0	0	0	0
1.6437524952437101	0	0	0	0
-0.7126621261846751	0	0	0	0
-1.043643428834855	0	0	0	0
2.706873267985266	0	0	0	0
-2.7243629526711857	0	0	0	0
1.694378429450488	0	0	0	0
-0.719951884598963	0	0	0	0
-0.2554631107210952	0	0	0	0
0.0069010802039528585	0	0	0	0
1.4433764153426267	0	0	0	0
-2.405571732379734	0	0	0	0
1.3516867854833805	0	0	0	0
-1.3552197927229415	0	0	0	0
2.161275221688129	0	0	0	0
-0.5166817345947976	0	0	0	0
-1.6611024887797399	0	0	0	0
0.49478399382245186	0	0	0	0
1.0120794514924398	0	0	0	0
-0.3414196595090573	0	0	0	0
-0.7746371527041092	0	0	0	0
0.6324017017581767	0	0	0	0
0.41074037535008046	0	0	0	0
-0.6820967788814372	0	0	0	0
0.15504445899522068	0	0	0	0
0.08195625415881835	0	0	0	0
-1.246014453192366	0	0	0	0
2.547299962961823	0	0	0	0
-2.342284235071496	0	0	0	0
2.167558548828751	0	0	0	0
-2.1375018822106213	0	0	0	0
2.268221424159975	0	0	0	0
-2.791003919372919	0	0	0	0
3.61672384232039	0	0	0	0
-3.402927458479759	0	0	0	0
1.9843256504605549	0	0	0	0
-1.2536580303846634	0	0	0	0
1.680117763880233	0	0	0	0
-1.5357902064353013	0	0	0	0
0.6951160127528624	0	0	0	0
0.1864664989747169	0	0	0	0
-0.5686148449052553	0	0	0	0
0.5561648635932315	0	0	0	0
-0.2941317291999468	0	0	0	0
-0.19001656081076845	0	0	0	0
-0.31770330664650714	0	0	0	0
1.3340937352474356	0	0	0	0
-1.0273859808499353	0	0	0	0
-0.2916259133756043	0	0	0	0
0.4896986419748828	0	0	0	0
-0.012517590706544013	0	0	0	0
0.777415729143776	0	0	0	0
-1.522257835069091	0	0	0	0
0.7581637491736117	0	0	0	0
0.7997450470747722	0	0	0	0
-1.258783944008563	0	0	0	0
1.124830391646249	0	0	0	0
-0.5724728602584079	0	0	0	0
-0.8270296749511061	0	0	0	0
1.5389797336463715	0	0	0	0
-0.9031244554823274	0	0	0	0
0.7418431919346631	0	0	0	0
-0.7405836814331224	0	0	0	0
-0.418022458817326	0	0	0	0
1.7234516147289085	0	0	0	0
-1.2286798768791911	0	0	0	0
0.1801917814489542	0	0	0	0
0.3298374871853724	0	0	0	0
-0.5026720702814131	0	0	0	0
1.0472122561944417	0	0	0	0
-2.1212041544491456	0	0	0	0
2.6718870938983272	0	0	0	0
-1.3885404460536535	0	0	0	0
-0.13818848906070968	0	0	0	0
0.5445861948850492	0	0	0	0
-0.5436978498996865	0	0	0	0
0.8790912040473344	0	0	0	0
-1.8156280702449052	0	0	0	0
2.247107358813075	0	0	0	0
-0.4323578545039055	0	0	0	0
-2.3095671981869472	0	0	0	0
2.676441124839606	0	0	0	0
-0.7406516321261236	0	0	0	0
-1.222013248403023	0	0	0	0
1.4234399644794422	0	0	0	0
0.0909297179798827	0	0	0	0
-0.5337016875837222	0	0	0	0
-0.3717167980487801	0	0	0	0
0.7116779990513962	0	0	0	0
-1.5900727035747977	0	0	0	0
4.299655308198645	0	0	0	0
-3.794657002287181	0	0	0	0
0.1768121504282334	0	0	0	0
0.5062433654437797	0	0	0	0
0.045765992063245164	0	0	0	0
-0.04724093834829546	0	0	0	0
0.4852231210435036	0	0	0	0
