0.4985505968702668	-7.935865741781285	24.771852816115782	-0.9305756542896404	17326.428179273145
0.4278883097913493	-22.00352903039483	78.42888496584264	-7.681750778288887	17324.69430003367
-3.379709427698316	16.012393320405366	-32.94142882371041	-62.914544408699214	17310.328670047995
2.9039365369775965	-9.628572704200096	17.21864996497601	46.96877169251698	17334.263476323635
-2.3030445806518003	4.792972053447556	-4.898256962078094	-101.31521625115798	17268.09351180873
0.9581319735322609	-1.534372254815807	3.148413343241998	-55.6966732992926	17516.497901575156
0.8257790592973251	-8.746411362388457	54.26769195327084	9.543720594134044	17652.74684478079
-3.27286079970483	7.914011388445218	7.49685556997585	16.028844182421892	17715.20255194862
4.894558414172366	-6.187823598106689	-20.042039544590054	28.077642283060953	17146.06561162651
-3.6789287554805483	2.058919442553517	65.42223884708207	-22.767879217342426	17026.485981648155
0.7323221398976756	-5.512826353634978	-12.540687992441335	-9.8646398246173	17127.773971447008
2.2026198673567947	-12.385285586034925	-12.692768740774198	7.368178114254164	17173.882435937863
-3.7429573789863113	-3.2928996145765126	-12.862198977339347	24.691813767815063	17061.38548099426
4.156658685018527	6.192676589768723	11.067808758052763	37.52014943942234	17116.98746823611
-4.757740335828274	14.599302267949682	-32.565996470535694	3.0307138827668325	16988.331036947086
3.273309867758364	-1.1614287373685812	-7.7494947752395404	-24.48265462142325	17097.37214554886
0.1163059168615348	-1.2552555464303765	18.810983402256312	-27.81258553764033	17032.906574367695
0.9269010458351303	-0.17504924799541755	-5.8211681600412675	38.51216791155379	17110.88323257239
-3.7804106775963575	7.779316526713551	6.230930098218948	-27.18336526847864	16783.11640923271
3.625678558405383	-0.4567735896031593	-39.40364964305911	21.24179501615157	16616.812834755387
-3.3428431201157878	4.360012575128081	23.53036368474791	39.836873402472506	16617.979219209607
5.402090493441605	0.9250489930407184	-1.0448828420403657	-28.145524711373596	16611.974243146342
-7.391132961021178	-1.248111906448898	5.807907110346633	21.075808364742983	16786.168283506064
6.490366038884133	-1.538648325597272	-8.427024543044965	-39.40053880225162	16823.333862493004
-4.256243668015678	7.128976296322676	1.8791863405796931	60.68180925513791	16961.860351288535
2.3706367377524273	1.2547566512224577	3.397872296553601	-29.502012666520443	17120.178296174883
-0.3757136746347598	11.401418824782667	24.03787558962142	25.754480235938743	16930.14726979912
-1.7129282580068121	-9.15747232120981	4.672056514457978	-8.100718312999746	16973.996419954194
3.2423097223225597	-8.086624628569155	13.875944529284325	22.17897267881537	17044.874899150644
-0.8349185725411488	-2.2063337051054788	8.330038404397243	68.57086040593592	17301.60674294267
-2.546781342845911	9.814311137073346	4.9708434961547425	-46.451171193028785	17231.369278583166
1.2252511797815444	-1.1070373928137514	6.203153993343335	52.04120955652701	16982.98933865425
0.40257414195912844	-8.487449467352718	16.05415586833388	-30.149596859951515	16588.59583100779
1.4844785677057928	4.234760520134344	-13.294330431130021	14.51761217688285	16698.226132943462
-2.7436713123645404	1.7508296736658195	30.031351880158283	-11.055677937323154	16964.954944291243
2.5465658009717984	-8.980702802410235	27.37477546902933	14.30105932822795	17015.804898569062
-2.2962130655829256	4.440207907569729	-24.569794014424886	2.9650746151451557	16595.018489883485
0.9249186020638476	14.342338560885182	23.526577333064438	-14.424648748202557	16383.861061027823
1.0157723845954791	-2.6712832447131234	-8.20739240471704	0	0
-0.5692873363697757	5.045719443496118	21.32685797581037	0	0
-0.7860707688890471	0.27365260265682423	19.08905595532775	0	0
0.3133325468550865	-7.0154728130173325	-2.042978726586057	0	0
0.9680943228459995	12.439621252537258	-10.085870060548416	0	0
-0.661272614157518	-6.194152551474339	15.00059907803221	0	0
-1.047661798657245	3.333360384997647	1.3848727344021512	0	0
3.0978565044123556	-9.716233441856872	18.85245549772958	0	0
-3.700173390701245	2.2190704695561365	-10.795316676726529	0	0
3.945819750687292	-2.5809707438180283	-16.424690134775304	0	0
-4.800927533415717	7.62209898951744	13.023367238818423	0	0
3.222863857415099	-7.037283143322469	13.229857222881265	0	0
0.24864118742722496	17.542254698080704	-11.969689568264371	0	0
-1.4424454902551744	-6.044343393802649	12.927343814035368	0	0
0.7572605417319522	1.765215672212392	-42.6807417277808	0	0
-0.7984319367945645	15.49262431755966	21.069344621602042	0	0
0.2456578581225557	4.576958925127997	-22.52615446351517	0	0
1.7707544570392884	-5.375300818330601	10.25388955645704	0	0
-3.113627797562593	7.158834857301343	32.802608180153314	0	0
3.431276670910897	-9.512388763662798	-17.478102694951886	0	0
-1.831782355662348	5.550973179205904	15.909964418569984	0	0
-2.0627865775663636	6.664169957239999	2.9200466056664	0	0
5.304140704235451	9.04391732295229	22.689787696883712	0	0
-5.6176548290780985	-10.927958728719702	-9.733131094381676	0	0
3.687841876252051	0.6511745796860993	24.729271506131525	0	0
-1.3658924353459767	0.3657836157089207	-11.510641646379227	0	0
-0.23356435919518503	2.5896414075094185	-3.8641576845618886	0	0
0.7232057937988898	8.842951061653949	15.670515382019772	0	0
-0.16336399276148228	-17.097260529291184	3.761875382576406	0	0
-0.01461458827052553	5.086948002345046	-6.515360105904179	0	0
-1.9152716997792396	-1.2424541839956689	-11.808161557434119	0	0
1.8427509703385923	1.735820749825983	9.835408231721587	0	0
-1.3243538412527869	4.511752940284609	0	0	0
2.0074422006449666	-1.5638329997635907	0	0	0
-1.324367346829483	-5.126225836005652	0	0	0
-1.118114322619597	4.54387522890859	0	0	0
1.8654528908849173	-8.834402056475227	0	0	0
-2.4093889608889327	4.848622553107781	0	0	0
2.934778194734754	4.904087731556281	0	0	0
-2.2486400498176096	-2.081600455845951	0	0	0
1.415669070160959	-10.268135495888849	0	0	0
-0.09256479612557911	-4.489266985269175	0	0	0
-2.521397377486373	3.786621418343721	0	0	0
4.402004379836164	-8.50916734995517	0	0	0
-4.681822131842509	7.395554079336328	0	0	0
4.16682982463076	-1.5610227049623404	0	0	0
-4.349803218005405	-17.714661408299918	0	0	0
5.15499393891448	14.012925524506116	0	0	0
-3.8825351717441094	-5.811282702294747	0	0	0
3.0608550694507812	16.132922674680415	0	0	0
-3.8155182623676254	2.937038521039341	0	0	0
5.03507885543096	-2.0436657952912185	0	0	0
-5.459306834790958	10.254379369814707	0	0	0
4.763357467675284	-5.704583464361413	0	0	0
-4.25263871760901	0.5436102092774391	0	0	0
4.8893760229936944	-6.017239615630409	0	0	0
-4.117434258946325	-1.2383333459555104	0	0	0
2.7141023874714136	13.038882853349655	0	0	0
-2.628181912841754	-8.435182318519502	0	0	0
3.4643316907097557	2.7370524764028588	0	0	0
-1.7330089681962306	-3.521500143524044	0	0	0
-2.5041988173561407	4.108358475255997	0	0	0
5.115905882752898	-6.53648270842767	0	0	0
-4.0480598595729305	3.850544328735353	0	0	0
2.3528351097173186	-3.1934853924895634	0	0	0
-2.869622624460696	3.276231847551756	0	0	0
5.328464974285424	-1.5657060024531262	0	0	0
-5.888770898578159	0.8014855217265477	0	0	0
5.3084909953478245	-3.5423183738631963	0	0	0
-5.011810639603482	1.6276684616377253	0	0	0
4.0972218840090235	-2.767228496761504	0	0	0
-2.2154289539436647	-5.449492040376505	0	0	0
1.6352195299650205	4.448212584257789	0	0	0
-3.0471462656495945	-8.186867798845647	0	0	0
3.071551372461421	5.1463377284505825	0	0	0
-0.47505915677319877	1.1391824956611245	0	0	0
-1.4899475167659446	4.294409679600506	0	0	0
1.409099812235759	-12.901402492341795	0	0	0
-0.5320609725543974	2.9249000994667327	0	0	0
-0.35634765473989916	2.210798258667012	0	0	0
1.647535395041281	-0.5490566880934935	0	0	0
-2.9771446891697195	7.007956045443699	0	0	0
2.1591703512338327	-9.849559910728871	0	0	0
1.052480289375893	4.280577771295441	0	0	0
-3.3314773132758404	4.909887668652267	0	0	0
2.523841145201388	-7.3288913095622235	0	0	0
-1.071276767203834	4.1240222261101565	0	0	0
0.04289152247861949	-13.292183857004602	0	0	0
0.48997182133959427	10.122204914878857	0	0	0
-1.4081126728608737	0.4854816786700056	0	0	0
3.169348821190205	-6.501935291192346	0	0	0
-2.47745079647396	9.074696557678763	0	0	0
-1.734790224271734	-9.83777775133916	0	0	0
3.5509475108071626	10.24689866355218	0	0	0
-1.8019848180906024	-6.9426077838094855	0	0	0
1.2166538562458697	0	0	0	0
-1.7484762334876152	0	0	0	0
0.19228954742495574	0	0	0	0
0.9958394215436073	0	0	0	0
-1.953089879445777	0	0	0	0
2.534257116244113	0	0	0	0
-2.19963437607894	0	0	0	0
1.519528487568131	0	0	0	0
0.4266769512588624	0	0	0	0
-2.2873473598042153	0	0	0	0
1.8738460728967183	0	0	0	0
0.9947140977951179	0	0	0	0
-3.0672049433492674	0	0	0	0
2.718081693035927	0	0	0	0
-0.7860888851063805	0	0	0	0
-0.671899002351438	0	0	0	0
2.6545574983490496	0	0	0	0
-3.9747183329305926	0	0	0	0
1.7652946924769495	0	0	0	0
1.5928468772530309	0	0	0	0
-2.685375617624736	0	0	0	0
2.8174042463646316	0	0	0	0
-3.918931132114345	0	0	0	0
3.989643339299498	0	0	0	0
-3.2456129614592086	0	0	0	0
3.1004466902131327	0	0	0	0
-3.1135043943571787	0	0	0	0
2.7799766905116456	0	0	0	0
-2.92858405130675	0	0	0	0
4.439320347867408	0	0	0	0
-5.721282447475126	0	0	0	0
6.2921284350372915	0	0	0	0
-4.059847791996376	0	0	0	0
-1.336688527323389	0	0	0	0
4.297798033081953	0	0	0	0
-2.372147968887653	0	0	0	0
0.33261942678947776	0	0	0	0
-0.20814247404253194	0	0	0	0
0.20335327785834778	0	0	0	0
0.733641510561398	0	0	0	0
0.20518661370479663	0	0	0	0
-2.426574216627749	0	0	0	0
4.883238731016682	0	0	0	0
-7.129841971307137	0	0	0	0
7.365400944959745	0	0	0	0
-5.187988000931263	0	0	0	0
3.9467543001341383	0	0	0	0
-4.683115987874061	0	0	0	0
4.6763644949127965	0	0	0	0
-3.0867132023763233	0	0	0	0
1.7142506075130655	0	0	0	0
-0.9286512919657497	0	0	0	0
1.136445288029762	0	0	0	0
-2.632542007870768	0	0	0	0
2.1581088448720536	0	0	0	0
0.3227954957781449	0	0	0	0
-1.6915804258005238	0	0	0	0
0.4413558545684708	0	0	0	0
1.4210330880729458	0	0	0	0
-1.9922753099021904	0	0	0	0
1.3976038417190537	0	0	0	0
-1.0191509307002207	0	0	0	0
0.112063031724972	0	0	0	0
1.8148667062575825	0	0	0	0
-2.9150288238108857	0	0	0	0
2.7633956629024894	0	0	0	0
-1.8512555857316286	0	0	0	0
1.0928379384810611	0	0	0	0
-2.1289901201813066	0	0	0	0
2.592028196111521	0	0	0	0
0.18576223532364367	0	0	0	0
-2.662803364842169	0	0	0	0
3.2716207632939103	0	0	0	0
-3.7423572795951756	0	0	0	0
4.4012620115170265	0	0	0	0
-4.6977625626474335	0	0	0	0
3.1036857294307723	0	0	0	0
-0.6956796951818731	0	0	0	0
-0.37818881551814343	0	0	0	0
1.1113891753548018	0	0	0	0
-1.8193664137148176	0	0	0	0
1.2053608095519195	0	0	0	0
-0.2346393720266633	0	0	0	0
-1.4757642943424472	0	0	0	0
3.8840467427014715	0	0	0	0
-5.30409263754904	0	0	0	0
2.676468562479556	0	0	0	0
-0.6275226205622957	0	0	0	0
2.0773623613280776	0	0	0	0
-3.5870514804395057	0	0	0	0
3.1828509367461066	0	0	0	0
-2.1714815199600324	0	0	0	0
0.29516788800699345	0	0	0	0
2.2884790392596486	0	0	0	0
-3.5990217750382953	0	0	0	0
2.231830802212187	0	0	0	0
1.2080244660310484	0	0	0	0
-4.38504128227347	0	0	0	0
5.126668075303151	0	0	0	0
-4.753434610535756	0	0	0	0
5.661410637217529	0	0	0	0
-6.727111784848226	0	0	0	0
5.051253401486946	0	0	0	0
-2.580165325983664	0	0	0	0
1.6074391136670698	0	0	0	0
-2.5066477120334056	0	0	0	0
3.2891777818046606	0	0	0	0
-2.3228224173041525	0	0	0	0
0.5548756498810405	0	0	0	0
1.042629972377135	0	0	0	0
-3.7482090406675965	0	0	0	0
4.807570977959259	0	0	0	0
-4.202068719583991	0	0	0	0
4.44280473861545	0	0	0	0
-3.3874120569096178	0	0	0	0
0.15761034032626497	0	0	0	0
2.2819824736348195	0	0	0	0
-2.3832605834856366	0	0	0	0
-0.1780760567799291	0	0	0	0
3.2024887140869964	0	0	0	0
-2.7571940867824054	0	0	0	0
0.3653269916874322	0	0	0	0
0.717748174367081	0	0	0	0
-0.1226278128597329	0	0	0	0
-0.6512517343874791	0	0	0	0
0.7639090620563707	0	0	0	0
