0.05427699635760064	0.7608879991112829	0.16289240297706442	-0.2658293742024256	17046.34423240272
-0.1816806637409769	2.6787696719712244	0.7444442268759275	-0.14307087321000722	17048.282472897958
1.5479691919650804	3.2554752410359953	6.390499920261192	15.201799034206473	17048.029673835583
-2.2728404431301996	-7.566749036217132	-15.829556101043366	2.772143617729185	17044.967937294998
1.331274381015355	6.204586480634369	2.6517356455782988	-16.665885272721155	17057.52679948888
-0.4444182196115989	2.621165447359708	-0.9037009880609048	14.80619287349387	17016.80366659125
0.14635610684198497	1.1617096245031675	2.464539791383743	-19.245968143166593	17019.34488987613
0.4886648843368704	8.494634089314502	1.8954086235929708	28.43550003529036	17045.05277685828
-1.8138158431942983	-7.519371690453092	-6.0443704909800005	6.269110781097254	17049.211394334267
2.2983719331319463	2.1466515904897605	4.054673005483934	11.39458228465324	16982.517781412364
-2.1444309111602067	0.7336134902186657	4.085943703801306	21.86254443750734	17053.740088716426
1.368286434636218	2.147537538404002	-13.155977417820608	-8.349268462670082	17027.002353704316
0.5343924276328167	-9.008047405772238	-12.48479353084818	30.375749736833313	17041.404854721575
-2.077781841769408	-5.371349228490033	5.77622668229256	-76.12635527430946	17009.307598743733
1.7501578332188998	-0.9590838059050171	-2.007884291190848	11.171560929137954	17028.44865757335
-0.6762027229704302	-3.6858006422296086	5.836542169169249	-30.509671892171852	16962.44824911519
0.367655953876465	7.67618653283224	6.785799254027751	14.952601202758856	16753.88432667216
-0.9118498096547611	-6.926211160640399	8.235852267947934	-8.000526454447979	16771.55117639571
1.3643960247761484	15.967094246354627	-7.031366350986275	31.89546903822456	16733.12516167823
-1.70283870074325	-12.977195396648533	-1.920683599940304	26.792392958465413	16703.87004827919
2.1812708572335637	-1.2643716185977993	-11.630426983888839	4.663559805592797	16623.724373275647
-1.8005760511905464	4.917591602574738	7.1216997238258415	-9.63315808977984	16705.6405340448
-0.3503480391694467	-0.26082004517159163	-13.296424021309946	-65.08744543900248	16939.1853780433
3.175378056270091	2.8816213354318023	15.081189000848113	5.647619707352888	16931.77902134396
-5.385671726546164	3.785805373641878	-0.7659673033836469	-21.789740999061323	16910.781778271303
5.933409789588623	0.44147237909813697	4.183307709325476	-41.36699039892912	16865.281415972226
-5.088602009811481	-2.436105654642141	-23.436709668245626	-19.19701607240451	16789.87370323286
4.642637264704291	9.567691180867293	23.101950678924766	68.14133581677338	16941.140405845785
-4.808537610419201	-4.825648067996347	-4.193617579292692	-29.190923214475475	16776.907963848396
4.593135743668789	-1.464156508018874	-9.98983175567949	35.795470570686135	16816.49331242106
-2.9915225801624388	0.11685956269364794	-7.647460586652841	-17.036673727077414	16962.6364340514
1.4041142110647442	-0.9133799751315124	-5.092696232589233	-31.828317525160273	17011.15024552375
-1.8366358019716031	13.135905224324901	-30.462183365836324	-63.30509957635775	17067.193625212927
3.123699741909519	-9.153304352183625	3.491062394732481	128.09077525331375	16826.741683102817
-1.7662899342518656	-8.892414002595451	25.997910644809963	2.7775990683503267	16596.197993765098
-1.0321333535745723	7.420153300754919	2.515093010463417	-30.786431926621475	15763.215675012905
0.6149762356506372	-2.85573595872485	-8.25328555929211	-17.421490969921223	16500.316910031535
2.2498487109539695	-0.30530527545431596	-19.347565550460445	-91.94255758381021	16940.80388167462
-4.5208820542116825	-6.797452582489164	1.9789624153823695	0	0
6.44208684200963	9.84010952939672	-17.17475805788729	0	0
-6.923759991318505	-0.948433881109402	12.641999069499306	0	0
3.729338526091688	2.243967409839726	-22.70718127375727	0	0
-0.3479275505825612	-4.355790936887182	12.446991631246405	0	0
-0.9368546923392245	10.90639616281667	-19.05838249874651	0	0
1.8674879454358475	-0.9365682883411708	13.8528947473865	0	0
-2.89216945719685	0.5007886372364609	8.786199959327064	0	0
3.5584660062609146	11.018839049149143	16.134304228337598	0	0
-3.911700581047832	-7.592479388685099	-5.47127700877472	0	0
4.449776755455588	3.4901594834215643	-15.861695064859248	0	0
-4.613722894710534	-4.981437525370616	-6.177364196142307	0	0
3.825566502935459	-5.018061438560785	-0.14796035872817015	0	0
-3.123558949681268	0.8870251135694502	2.1194506077428343	0	0
3.253727648246155	-7.8551475968231514	14.776893673609237	0	0
-3.008058105900929	3.266941442943555	5.578939252355866	0	0
1.861527053700243	-1.4492900198040815	-8.849776938055626	0	0
-0.9975093469937732	-7.2181411231403985	8.087804556907486	0	0
1.0230139827968827	5.878237904865173	11.560945831012361	0	0
-1.172839436296016	-5.343187257305836	-17.15054132064546	0	0
1.7343540958547052	2.2681641301918347	-18.898788997901733	0	0
-2.7174875778728023	4.943253915286611	3.0288457858179925	0	0
2.7687078720391796	8.78914439322324	-3.7770884884518807	0	0
-1.4502827482213263	-9.22065807482113	-10.07131279592656	0	0
1.1933993777840612	-8.542458040874891	-99.50242345994396	0	0
-1.853282159461628	3.4682811238277864	82.73009932811529	0	0
1.2401244828713303	-7.743302253914933	23.716550254170173	0	0
0.6746481400658837	11.971995891327907	-62.43334515999946	0	0
-2.50653504521663	-10.600886837110018	3.248719537609375	0	0
2.6189615037904517	6.742783080272524	9.979154710731606	0	0
-0.3850387289949495	6.479207841896773	43.03787700815475	0	0
-3.191843401774072	-15.311326146727936	-55.583345226479054	0	0
5.603939932015592	5.5167702909520315	0	0	0
-5.4312678250439035	-2.7576645287403494	0	0	0
3.629060003462584	-5.470712610406849	0	0	0
-1.9427074039758878	-5.692257237079026	0	0	0
-0.4877831154848451	4.845425758834551	0	0	0
3.098556558625397	-11.628686979144021	0	0	0
-3.0906133653998467	-2.9768184690816213	0	0	0
1.6207183935609706	1.5877159611257596	0	0	0
-1.0362845464039552	-0.847916768649327	0	0	0
0.572910083662201	0.9259423592961937	0	0	0
0.728734538938248	-1.943042628677155	0	0	0
-2.8795531124566196	4.248782493085606	0	0	0
3.9415874952381955	1.2381839428082344	0	0	0
-3.2537451481824036	-8.315750977436508	0	0	0
3.0974066467364594	3.493072712866656	0	0	0
-3.061429884244376	5.3990772017010755	0	0	0
2.2170274248046553	7.106461927391301	0	0	0
-1.9253093364597547	-14.666152762874972	0	0	0
1.577989414637507	4.73502335467208	0	0	0
0.05897677604995266	8.924235900021273	0	0	0
0.26453571115163754	-4.3254719882032475	0	0	0
-1.1575135843866278	-0.657034450208279	0	0	0
1.0259271135826324	-0.6397107838148699	0	0	0
-0.7434596575748813	-20.94208948720115	0	0	0
1.0795277731998425	12.055200481833253	0	0	0
-1.0940589917857793	1.9770242748134024	0	0	0
-0.20706513299570872	1.1052104078190723	0	0	0
1.3591411948224703	5.818010391399476	0	0	0
-1.76456583569761	-10.34732219097382	0	0	0
2.970281592510929	3.4694797026678614	0	0	0
-2.8549080999461722	-6.896106809273995	0	0	0
1.987739106146968	0.23167491978202293	0	0	0
-2.2985663725464818	7.804235345397409	0	0	0
1.5121145528638564	16.215368864643672	0	0	0
0.5198338481429161	-5.800433090333968	0	0	0
-1.593335929446603	-1.211859343546756	0	0	0
1.7078540356789773	2.185346063452485	0	0	0
-0.7696337263183182	1.322500472004478	0	0	0
-1.5255332187523507	0.9028873861495939	0	0	0
2.7203973514289785	-4.355591596347352	0	0	0
-1.736486675880485	7.121811692363366	0	0	0
1.2227093920774195	-8.09965274434407	0	0	0
-1.8740711985261456	5.5434884023191415	0	0	0
1.8263188873456855	-14.104731828994588	0	0	0
-0.9079857788418764	-5.288220734365979	0	0	0
0.06813073783751378	8.834274891456964	0	0	0
0.3891289788160819	-9.913637054964028	0	0	0
-1.8777519777108864	23.193103628593057	0	0	0
3.9346295386203494	-10.768092358730058	0	0	0
-4.344890862640931	6.242117502124771	0	0	0
2.805900734279021	-15.413912127804082	0	0	0
-2.0138260285515344	36.64754592582519	0	0	0
1.2762597343785558	-26.42467394600714	0	0	0
1.3547132922584169	21.62141325609855	0	0	0
-3.132292615892162	-12.579650778440154	0	0	0
1.9515830155278877	-8.963964508132939	0	0	0
-1.7850822489820786	13.47406107987348	0	0	0
2.0539320305829776	-15.874432062049074	0	0	0
-0.23669252112815542	15.815043213154233	0	0	0
-1.062536990758403	-8.674863577386184	0	0	0
-0.30561286679062505	5.088857739038922	0	0	0
0.3769124836117115	-11.759255705479653	0	0	0
1.0014573410340404	15.084659693816988	0	0	0
-1.4169479651579309	0	0	0	0
2.244977139823348	0	0	0	0
-3.3743038814572373	0	0	0	0
2.075349397772108	0	0	0	0
-0.07407096064829233	0	0	0	0
-0.16123128902870576	0	0	0	0
0.08688847972145197	0	0	0	0
-0.15256017668507127	0	0	0	0
-1.3634056379847266	0	0	0	0
2.488339206023774	0	0	0	0
-1.2167575803920556	0	0	0	0
-1.3703622124211563	0	0	0	0
2.1618861638948985	0	0	0	0
-0.5096669784097543	0	0	0	0
-0.7022193715763692	0	0	0	0
-0.3658891999105478	0	0	0	0
1.722357167297588	0	0	0	0
-2.4973815435267994	0	0	0	0
2.861134176371813	0	0	0	0
-1.8967817999180454	0	0	0	0
0.47573701004781555	0	0	0	0
0.4111621546489488	0	0	0	0
0.6186076790075745	0	0	0	0
-1.9730905787860493	0	0	0	0
1.613319977784208	0	0	0	0
-1.3722167271565482	0	0	0	0
1.5404967550078084	0	0	0	0
-1.0439308638554436	0	0	0	0
0.6341853942823832	0	0	0	0
0.40119638152725656	0	0	0	0
-0.10628570667576298	0	0	0	0
-1.4415770902094138	0	0	0	0
1.970708463001614	0	0	0	0
-1.5194349557427032	0	0	0	0
1.3788656807808124	0	0	0	0
-1.539652856824958	0	0	0	0
1.1726142518955385	0	0	0	0
0.3128806689292176	0	0	0	0
-2.364237158376284	0	0	0	0
2.4292556303817463	0	0	0	0
-0.19647186419795304	0	0	0	0
-1.1327933825368177	0	0	0	0
-1.2238510908245956	0	0	0	0
4.933151146864695	0	0	0	0
-5.480493481461004	0	0	0	0
3.9545835023568188	0	0	0	0
-2.0522440063780962	0	0	0	0
0.6655281129898398	0	0	0	0
-1.2196275127347604	0	0	0	0
2.6533540411177015	0	0	0	0
-2.5619744164918004	0	0	0	0
-1.0035816798145092	0	0	0	0
5.641721307410634	0	0	0	0
-7.140810041405089	0	0	0	0
7.301988362236415	0	0	0	0
-6.619076892305365	0	0	0	0
4.233253637439461	0	0	0	0
-2.1157072025375285	0	0	0	0
0.6870168839266455	0	0	0	0
0.9319366343880873	0	0	0	0
-2.048938027043455	0	0	0	0
1.6310035221441268	0	0	0	0
-0.8526867518715378	0	0	0	0
0.7115201760242726	0	0	0	0
-1.3173180354185234	0	0	0	0
0.8651345168009072	0	0	0	0
0.5102145926945951	0	0	0	0
-1.48193083648966	0	0	0	0
0.9684430458849178	0	0	0	0
-0.1813696200374011	0	0	0	0
-3.607961174239115	0	0	0	0
7.937090671156405	0	0	0	0
-7.859513606970765	0	0	0	0
4.675166296412911	0	0	0	0
-1.3369744447926166	0	0	0	0
-0.44809775875184954	0	0	0	0
-0.8631338467661607	0	0	0	0
3.2085523296689615	0	0	0	0
-5.009529438915521	0	0	0	0
5.401913658897342	0	0	0	0
-4.704337904571311	0	0	0	0
3.3918864405411213	0	0	0	0
-2.1040964368216493	0	0	0	0
0.9034538088612081	0	0	0	0
0.04034542702455468	0	0	0	0
0.47531574833223544	0	0	0	0
-2.3095243713644393	0	0	0	0
2.4789706464768315	0	0	0	0
-1.2847973722840464	0	0	0	0
1.2619351450701757	0	0	0	0
-0.7836858320126368	0	0	0	0
-1.8779309290232504	0	0	0	0
3.2025051636384134	0	0	0	0
-3.52409708693866	0	0	0	0
4.254619468626011	0	0	0	0
-3.629137837430534	0	0	0	0
2.285106988393345	0	0	0	0
-3.4153737181735337	0	0	0	0
5.497568563831969	0	0	0	0
-7.623391885681329	0	0	0	0
10.436699106842674	0	0	0	0
-17.49468871435348	0	0	0	0
23.510523726634517	0	0	0	0
-21.340185783440283	0	0	0	0
12.680215573890685	0	0	0	0
-5.6869500227655365	0	0	0	0
2.3229761653260894	0	0	0	0
1.1488101118175464	0	0	0	0
-8.81773970956904	0	0	0	0
9.986519294822891	0	0	0	0
-2.2707155115154407	0	0	0	0
-0.9522331068493841	0	0	0	0
-0.2474021186918165	0	0	0	0
0.04126072956073301	0	0	0	0
0.453876502509047	0	0	0	0
-1.5021395114666944	0	0	0	0
4.345865179883901	0	0	0	0
-4.230820385002119	0	0	0	0
1.37856931774445	0	0	0	0
-2.178173638885724	0	0	0	0
2.661998625617329	0	0	0	0
0.04893635988998568	0	0	0	0
-1.4031401941763235	0	0	0	0
-0.04822350012680232	0	0	0	0
0.7214940053749146	0	0	0	0
-0.9433502308151134	0	0	0	0
