0.20180954931231554	-0.0774651230961041	1.2525461637016804	-0.24175712267668814	16937.964579871237
0.3162934535304771	0.18976039962191038	4.1303799542399275	-1.3532746882665947	16937.2026197213
1.9397417723033996	5.2524503344648465	-5.023275712799958	-5.13723840703976	16937.605135021666
-1.8126239548347343	14.795007023202572	-2.6621042186307733	-9.72594173664325	16937.638546164362
2.129893816776537	-18.643970520932385	16.120433601943503	0.5120074962795513	16937.16347041305
-2.2112811151178775	7.089187193316086	-3.4123649450127544	-25.31882322384554	16937.68960562
-0.8016674705508322	-22.32896877114608	0.9263951170278091	-44.86336845509669	16970.314978938626
3.781819166615236	-13.702948710169345	7.941975975273451	24.714151167326264	16915.203767717754
-3.355383114325406	3.291201355017897	29.092459505738745	-4.075592920675419	16779.108376776
1.6511148976744323	3.5634550141599988	-6.7355474700949145	6.70308420927357	16624.52693261879
-1.944619982964305	-13.209639290683889	-12.481667187738879	0.5747317001450511	16523.313174387382
2.764740378189167	0.011421735012881129	19.76449589704771	17.764203899756694	16620.015226259715
-3.185351781367892	-0.4072868529368776	-13.214297235890868	-6.828745338534915	16806.522488961295
3.0224904381679067	17.282797788090306	-1.2028158592134446	26.30284808678084	16973.0876252524
-1.8844405643872832	2.6491295580689638	2.865827846420501	98.42568952314514	17115.011236338305
0.7420254565398494	8.0913136363503	6.025960322540044	-40.23790766753254	17163.371930622874
-0.5329020960752544	5.153696591521118	-10.499813318464263	-33.440508086852475	17107.61553225567
2.503769032819328	-0.8334899235385151	12.605590106588949	26.837375093520507	17507.425923452123
-4.901056882921459	-3.639758883617297	-1.863801938212788	21.707122999262253	17267.83034076564
5.970938598791754	-16.265558576860784	-22.294881144485018	-12.821520042782169	17142.747279190895
-4.796908379122343	-4.7397108716427425	2.729807683274018	40.461088212305185	17277.422835568854
3.7192321167181035	0.09315993606806217	4.280747700843236	-28.485321541130446	17057.551283499793
-4.921938112568526	6.526519622466722	13.172917621333355	-12.703723400653033	16930.791605413433
6.156453050102876	-0.5698681158236027	0.914639592171838	-46.93531262814922	16865.32933307215
-5.1401125048744305	0.9845805922169504	7.1699074693260485	20.88031778231141	16932.85461632259
4.9644814665873085	3.955288365127565	-18.967218171166422	-50.84634296319362	16888.10401281633
-5.017609685892218	1.4417728035541373	18.437206011641265	1.489191495439627	16868.79912354937
2.884731896665997	4.7026931623859625	-5.104209728819356	-33.13666963782066	16903.4547987544
-0.3151668252767905	2.26829918241053	-0.76061110436126	-73.95642613054345	16605.195155942296
-0.8143989754895031	-1.3636990521894674	19.947419384535763	9.245477440212397	16855.746638068966
1.056283417274905	-12.880614454239215	1.5774995787863162	-8.715048688583238	16967.132225273224
-1.898723902618272	7.800697536522719	-3.0480128233110264	-5.163795699628238	17245.39174450366
2.0491092068296908	-9.672756972511614	-4.6576712717100435	3.6996895341591483	17379.14160094824
-1.7271375625220315	-4.494526486411836	-20.158615482149003	-23.158890016042903	17361.999784011918
1.5367377352660796	27.08472686137973	13.22505409185419	-13.585015159995407	17202.754562726775
0.6859631003494968	-9.440287636442037	3.0903925635322054	9.091322816784725	17252.28063275831
-3.373244193152672	5.182155120120747	6.432754658720938	14.933044266744332	17086.435912379216
5.1887417794332364	8.800692694440748	10.636351538706919	18.00986668448934	16966.943433449873
-6.2608190113245215	-7.130609610688687	33.38185023406322	0	0
5.076626216562815	-3.7410351120366556	-21.898880683730212	0	0
-3.1552229874204016	-16.152418828798176	18.432359796006267	0	0
1.625318001118444	-6.936950622968723	-2.6885553464779406	0	0
0.4252881111203024	7.580604359633568	19.685843738603523	0	0
-1.4893990288843568	-8.634620214797309	14.046249298168277	0	0
1.0695892106701876	-12.179086028330786	-20.85500790506994	0	0
-0.2709060076564569	-2.9064391872025936	-0.9748296302050363	0	0
-0.4447657140549879	-6.513679736719169	-6.391853901493789	0	0
1.4347172178803689	-2.494833427854971	-12.108073557915645	0	0
-3.1055982393506696	0.030162748414142015	-12.683359171278752	0	0
4.579214921144867	-0.42457156687740394	1.970407711452438	0	0
-5.530090364530658	-8.69719738217075	12.521401394073095	0	0
5.6422339643767145	-7.39786004379917	-32.04792219041259	0	0
-3.6907221918258983	-6.811675570886919	7.6116325856600895	0	0
1.7825560774656495	-3.7266055732798122	11.93558559550037	0	0
-0.7789962416482936	2.1488880274793445	0.4851577952709931	0	0
-0.35365964091306523	14.919678914020807	-12.84460063064195	0	0
1.0968596164296116	21.965071136021436	4.814640409115114	0	0
-1.4641559546487457	2.710352432390607	-13.588612579636873	0	0
0.2144506490518694	-10.897288411635799	-2.901372007271192	0	0
2.1229994732780355	5.732713533854451	-2.625728016387967	0	0
-1.9614306370714232	-15.483539131285326	4.793970471696994	0	0
0.6069223502247851	16.054040009280456	-0.6481103293073431	0	0
0.024399476586388857	6.3963564880712624	9.823939935835512	0	0
0.2225458100510025	-2.7410876921208285	14.393474682878903	0	0
-2.8961295980055723	1.2911386657043664	9.709859118889042	0	0
5.698144663193624	4.898240281579234	-9.665746169417403	0	0
-5.673394241191261	-6.338682614378897	6.916194039055469	0	0
4.121212741536745	0.3561654194373176	-4.524370903158143	0	0
-4.015777081410874	1.2933083701086474	9.451926526630999	0	0
3.4117496888109002	-11.40953545633667	-20.665207572712404	0	0
-0.832449353168343	20.264227806788043	0	0	0
-0.8159218249927847	1.9439532878694337	0	0	0
1.3559321676244949	9.378453506672827	0	0	0
-2.111035049071191	-11.800828012492595	0	0	0
1.5683009231207095	6.162431924503387	0	0	0
-0.5354971222828624	12.151971559656943	0	0	0
0.8632335263619879	-3.907804453562129	0	0	0
-1.2363379311135603	0.9166889465767127	0	0	0
0.024571013274652387	12.289888422490002	0	0	0
1.637484479961934	-15.789887922900697	0	0	0
-2.9779583940963477	-0.37606654817553675	0	0	0
4.666722136634263	12.312006099402033	0	0	0
-4.95294700964584	-0.9596991213547454	0	0	0
3.385119390304176	0.13928938467829965	0	0	0
-1.3450363547501354	-3.643171720281437	0	0	0
-0.01908332052716588	-6.355845851575097	0	0	0
1.65636334591008	-6.879382600487752	0	0	0
-4.454765627415476	5.134338604402792	0	0	0
7.84117793461526	-11.128975363914243	0	0	0
-9.42624589290805	-3.584575967215436	0	0	0
7.887410561856832	7.776112523106633	0	0	0
-4.946016780514427	-7.8655098878475656	0	0	0
1.3504727878974236	-2.8075660412470924	0	0	0
2.570100308173515	5.66911217317989	0	0	0
-3.3912224740961676	5.526674504674659	0	0	0
3.981436126455769	1.5461503460961552	0	0	0
-3.9710619010829973	0.8404254594525327	0	0	0
1.3368466238775838	4.34122348256907	0	0	0
0.22565935793490866	15.46549453698129	0	0	0
-1.6537349511694543	-8.17961329919708	0	0	0
3.608185721087068	-8.7093167748722	0	0	0
-3.459725085310872	5.591176362031966	0	0	0
2.7416405280900378	1.201966285074576	0	0	0
-2.0822017446024077	17.513330313109627	0	0	0
0.37604588727825927	6.097402806316616	0	0	0
1.767302846322508	-4.843950071341773	0	0	0
-4.111392261639047	3.8901694484078746	0	0	0
5.378514728630726	-8.790289027154387	0	0	0
-4.6335433688440375	7.472252211348184	0	0	0
3.2674892566616265	9.769030309021929	0	0	0
-0.6819677567790521	1.3822770416225296	0	0	0
-4.916827601547489	-11.533080837654097	0	0	0
9.66264390840719	-0.33990706162676076	0	0	0
-9.879919171616699	20.696743417107868	0	0	0
6.4900102276721086	-21.250706634079165	0	0	0
-2.6546047853543797	-6.392493589260511	0	0	0
0.9638532197079499	-5.629743520900988	0	0	0
-0.4771741329057946	14.539560259515795	0	0	0
-1.1910529605961173	-18.826662107054588	0	0	0
3.3735896316709457	-2.071848349468368	0	0	0
-3.4928212876315214	-7.660221202833412	0	0	0
1.7772405202742405	-5.993178631007012	0	0	0
-0.7674054243287998	18.273709826877464	0	0	0
1.9397048106922412	6.390273221428444	0	0	0
-3.8712586719798594	-13.33864499310073	0	0	0
4.051854697271402	-2.526223832026062	0	0	0
-2.4644494203963703	-10.926973594562838	0	0	0
1.459790994578242	-3.8898960447589275	0	0	0
0.5747257854200001	-0.6043313477063492	0	0	0
-3.060802580085074	-3.1534673724480484	0	0	0
3.7997175630870643	4.966072697101268	0	0	0
-3.4853344365449814	0.43635362394107347	0	0	0
1.9837931066692107	6.166824452803539	0	0	0
0.6155388373926698	0	0	0	0
-2.697642161493526	0	0	0	0
3.8430340923076045	0	0	0	0
-5.184844719952359	0	0	0	0
6.157841137315117	0	0	0	0
-5.397616175966753	0	0	0	0
3.7355031895286857	0	0	0	0
-3.7022997118953356	0	0	0	0
4.237383916368756	0	0	0	0
-2.1732780143593473	0	0	0	0
-2.380566336065428	0	0	0	0
4.1753977720580195	0	0	0	0
-0.604748752374114	0	0	0	0
-3.8699085808434788	0	0	0	0
3.145186324908501	0	0	0	0
0.019783994750142142	0	0	0	0
-1.9006573524480785	0	0	0	0
1.7705707934147696	0	0	0	0
0.009742467772348107	0	0	0	0
-1.3051309926725878	0	0	0	0
1.0723299536496995	0	0	0	0
2.0168349063798345	0	0	0	0
-5.319021001658861	0	0	0	0
5.561791855136207	0	0	0	0
-3.3257370562425663	0	0	0	0
1.4330794089107215	0	0	0	0
-1.271460024317257	0	0	0	0
2.722025328511151	0	0	0	0
-1.807527137911542	0	0	0	0
-1.0142734120411774	0	0	0	0
2.1778844994575053	0	0	0	0
-1.4554146427050725	0	0	0	0
2.143373002612279	0	0	0	0
-3.0980635283466924	0	0	0	0
2.2207221934676653	0	0	0	0
-0.8505690350554147	0	0	0	0
0.060718530008031735	0	0	0	0
0.825350876274328	0	0	0	0
-0.11227449250230848	0	0	0	0
0.2862468658949737	0	0	0	0
-1.526781486127689	0	0	0	0
0.6092694766434477	0	0	0	0
3.0115261443606727	0	0	0	0
-6.6139605648620545	0	0	0	0
6.325260653496393	0	0	0	0
-1.7644672468125364	0	0	0	0
-2.4602965904876797	0	0	0	0
4.391375675730153	0	0	0	0
-3.7401924810090534	0	0	0	0
1.5940219624119436	0	0	0	0
1.2964264119940196	0	0	0	0
-3.3233767521412503	0	0	0	0
2.703168821799956	0	0	0	0
-1.634400282739179	0	0	0	0
2.497615268794611	0	0	0	0
-3.837465129735037	0	0	0	0
3.197413189668964	0	0	0	0
-1.9040255426054529	0	0	0	0
0.596114842488376	0	0	0	0
0.30108998093454886	0	0	0	0
-0.6754447846394172	0	0	0	0
2.6999037431700046	0	0	0	0
-4.981799785217412	0	0	0	0
5.221679443460381	0	0	0	0
-4.612518657976786	0	0	0	0
3.0275471241568894	0	0	0	0
-0.33340724972931923	0	0	0	0
-0.9439673831185544	0	0	0	0
0.05952048774642549	0	0	0	0
0.4254072139703027	0	0	0	0
0.0849082875041347	0	0	0	0
0.5318847288523116	0	0	0	0
-1.089983551760909	0	0	0	0
0.6571440386694647	0	0	0	0
-1.754575876346216	0	0	0	0
2.57873724379062	0	0	0	0
-1.8037987534178228	0	0	0	0
2.6722142346185365	0	0	0	0
-2.4841166900978138	0	0	0	0
-0.27129415004645807	0	0	0	0
1.735790821889104	0	0	0	0
-2.812722152742303	0	0	0	0
3.9194169418315425	0	0	0	0
-3.7138533039006916	0	0	0	0
2.6830969479432767	0	0	0	0
-0.7334402177598278	0	0	0	0
-0.5390082663932532	0	0	0	0
-0.5161799811109802	0	0	0	0
3.288045979460769	0	0	0	0
-5.688642421106238	0	0	0	0
6.212331080208379	0	0	0	0
-2.2737156561116763	0	0	0	0
-3.309214390888357	0	0	0	0
4.9378191310261315	0	0	0	0
-2.890883522460996	0	0	0	0
1.1985872087777452	0	0	0	0
-1.3208536669903381	0	0	0	0
2.124353150509485	0	0	0	0
-3.4933256328926063	0	0	0	0
7.435248906978607	0	0	0	0
-10.90053201618737	0	0	0	0
10.56705408042378	0	0	0	0
-8.06227349420081	0	0	0	0
5.566076568154045	0	0	0	0
-3.1509065631262345	0	0	0	0
0.5284517250274519	0	0	0	0
1.6892786445920933	0	0	0	0
-3.8215165519596184	0	0	0	0
4.142441457809902	0	0	0	0
-2.272807164657877	0	0	0	0
-1.4699152505702742	0	0	0	0
5.039804775928687	0	0	0	0
-4.670638577369381	0	0	0	0
0.7271167324792032	0	0	0	0
1.7011098197490284	0	0	0	0
-1.5904018771855206	0	0	0	0
2.1688379644036218	0	0	0	0
-2.581745601577694	0	0	0	0
2.320357690251356	0	0	0	0
-1.5599290373830996	0	0	0	0
0.644894009841444	0	0	0	0
0.4291552336238169	0	0	0	0
-0.24043199404768956	0	0	0	0
-0.04600518643347584	0	0	0	0
0.3986365349585199	0	0	0	0
-1.0700000495463442	0	0	0	0
