0.7843752963252442	1.9051120262138994	-8.967919694531503	-0.29419833214112145	16546.74578606032
-2.6271810953669075	6.183731034118814	-27.723080771292388	-0.6112147955792864	16543.874179866616
-2.9087274717704474	13.659078087712814	3.533108271428574	-2.2593689054367303	16549.97356203178
1.676685051313278	68.38258464086549	24.959145463709405	-19.587561769090442	16545.69407970269
6.229430762397577	-37.37113624037033	13.503515268203245	-6.308408900829207	16546.340836106632
-7.57826096252888	12.679260141777107	-14.098939044115355	-9.371155442795043	16543.88064285677
-4.947057934214101	-3.8677390711029815	-18.29725889501789	-8.048686524745506	16638.060333936373
18.740276802429328	22.760792280461374	-4.253196907984403	-26.936805022224803	16775.13000465162
-24.22806937168287	91.32404869670687	16.56200120685041	2.1125848725580596	17014.358530885802
23.04694999468922	-91.3808304872316	25.32016439766224	-34.13859194038736	17121.57038173229
-19.77723859240008	20.290750729916326	45.82301256245516	-12.84073811190649	17203.64868206577
19.913259490363224	-13.586500946654219	28.353762558528288	0.2893039776768944	17254.936346888247
-24.735117732979	11.1565828987626	-13.72167565444407	-8.063735746245754	17185.97545794733
25.815843034772413	11.260405801650215	-11.865080665112615	-1.016831832788256	17151.39537932554
-16.510078313471823	6.767931995240929	-3.6238451103057656	-0.1405548867495554	17122.676873799675
6.263271612074071	-5.268290542343799	-15.091184155427683	22.000553981939362	17000.416244509444
-11.123556332856026	-14.345672182995969	-4.983862118044229	0.10956791203426519	16891.55986959602
21.97584636873207	-10.098979280977304	15.107198667814046	18.40957275028734	16800.81681401121
-21.695461927842757	10.3820315884348	-30.401658551373416	3.2854208741230906	16762.145065049393
15.651984131354482	-3.171176561830876	-7.477559517142083	37.2818109634655	16722.507394978315
-12.468644125356946	-17.977080843871477	-1.0810884220956751	4.916033987084504	16819.582717670444
10.096872038553947	-46.90665982386024	-3.238047988702405	9.86646088416525	16828.205252821695
-4.402925232832345	-51.85443818840221	-38.44323037621221	-11.434728980546083	16740.592806248438
-3.610623875747926	-19.55206343056696	-2.502047079222251	-24.134650329872144	16672.44937917187
11.566182452875822	-17.748793230074924	-21.51770197968861	2.833988599813381	16740.514003608085
-16.35709191032781	-15.142979024649264	-31.58582359152068	14.066861408350661	16756.90048128072
16.620796528809002	-16.373848343135123	-22.400111429073405	9.89766495965624	16791.418031187444
-14.079193796767086	-44.33840552852793	-3.0817197111037444	-3.967531452529329	16726.643815083855
9.454367181830087	-12.173037665034244	-10.366043414344247	27.078837505920205	16745.29483114145
-2.059314025196187	-43.18835879482563	-56.72627228108662	-33.23000142264483	16671.69843745136
-8.124153883613857	-37.737920193298436	25.609723407899324	24.33726536740778	16697.2480721815
14.142743702202765	-9.230139389823108	35.768839494893	21.613295305701243	16680.660914039516
-14.75249933294333	0.2868050287395931	22.775109937589065	106.00245400141817	16638.823744744008
13.244574901635751	24.242335043174847	-2.243190123350331	-113.14585664887927	16630.31731922044
-8.02405170840018	3.7932476270702864	-9.315106876168812	9.869105177266903	16774.88245820893
-2.493175663342349	-6.148215780909865	-28.819549768538806	8.71481441969236	16170.402912203737
10.312476748825844	1.6594787755270346	24.357396932814837	34.79707361280792	15283.54960554854
-8.667637118420032	11.073274629753598	-37.965788440450524	56.841803831081265	14963.497162356263
4.777648915451849	-24.63913414465823	-14.362699601550503	0	0
-7.7937650613789415	-5.207801372389156	16.67176640942111	0	0
12.077975621044494	-9.348174650974343	-10.059948721735054	0	0
-10.644927327827062	8.081823077604618	2.404624429714204	0	0
5.740179629750578	-26.777649263275663	-8.873841397161286	0	0
-0.7308194692963568	-13.459868742412638	-7.154943564771514	0	0
-1.8282782363355352	46.469428264239326	-1.879312256084546	0	0
-1.1357899137085283	-12.14247483906324	-2.9887265169758166	0	0
6.193498010628986	8.137905671395906	4.294888660406542	0	0
-8.14750605862011	26.34971502865082	-2.632454166370408	0	0
6.200223099703898	1.781056391864908	10.148457376575536	0	0
-5.0241593875149135	22.337586995330547	15.791530498843954	0	0
7.156838335981256	-13.01009921993682	-38.41714437354588	0	0
-8.072885772414061	-5.45086626646453	-15.093283125943046	0	0
6.221870247348207	36.35677725366308	-14.976397192914249	0	0
-5.952497930104762	5.822301707383673	-10.765795075512514	0	0
7.965894381364386	-17.126937771561323	11.331170492748242	0	0
-8.38206854949675	-0.20932863610522645	18.99191511736177	0	0
6.225730539516405	16.989955167517913	37.61561160606769	0	0
-3.520365042618913	-33.29996884462221	1.0790552662027295	0	0
-0.2969712928904258	-24.353876166154294	-7.816839593424916	0	0
3.1361922021309	0.22286436917771368	-26.44225852789485	0	0
-3.243840130392549	21.263836771941193	-24.389083387501728	0	0
3.235826878788153	2.8081520203202857	6.496791531872745	0	0
-5.474628705527422	56.02697238197747	18.338641123831408	0	0
6.584502998579573	3.2384602203523016	-113.09735063307532	0	0
-3.99193221406496	30.851151165818877	113.57995838326026	0	0
-0.9634428582920904	7.5003294650771934	-62.14330652391095	0	0
4.773999654949222	-14.881630042182735	24.306728534491782	0	0
-4.106637383426282	41.4537314009721	-11.499420554079535	0	0
0.6126654094725978	9.435434018251392	31.2860964007546	0	0
0.04564261776439338	5.238658080225797	-81.62073151006972	0	0
1.5224085659386049	23.790191220293366	0	0	0
-4.362637691235534	-23.136796170616407	0	0	0
7.543674987013091	61.181318191620704	0	0	0
-8.52827283465534	8.373275815267846	0	0	0
5.66808448387183	31.974714243130244	0	0	0
-0.9000540288054708	15.38938657129983	0	0	0
-3.5668774952339533	2.9977980406507854	0	0	0
5.9018067686127225	2.8064875912931626	0	0	0
-6.664752479748813	-4.6827166117837535	0	0	0
6.8841780064520535	1.7271595782433877	0	0	0
-4.459040195365326	9.271034900960608	0	0	0
-2.787446107288794	1.6949070225183718	0	0	0
5.739622281483079	-9.487177989866908	0	0	0
0.5243678203694557	2.2281621962965943	0	0	0
-8.056418077776016	14.756279577829844	0	0	0
7.239465873488648	-22.62356609421331	0	0	0
3.048295379965822	-11.98538506240709	0	0	0
-13.35468908941479	7.115117618348222	0	0	0
16.84701384679066	17.710262218419842	0	0	0
-15.614526845564967	30.151819828657096	0	0	0
13.268451463420696	6.636582968266119	0	0	0
-13.106908022937098	-21.941815071993297	0	0	0
17.779913978320536	-1.8046386516032058	0	0	0
-25.832826974712845	2.8183107265774723	0	0	0
30.148523656894994	11.218123068686005	0	0	0
-26.32737399465622	-1.2496721625289027	0	0	0
21.243025162966454	-2.06300654485635	0	0	0
-18.89224571173383	-28.226676061237754	0	0	0
15.445310329753497	-28.580791240387455	0	0	0
-8.225288171333077	11.171311920544738	0	0	0
-2.7456011761186048	-17.811404310807355	0	0	0
9.85208201282348	-28.862762455631433	0	0	0
-8.409881506925785	-19.225090909177638	0	0	0
3.759511734404292	40.45958111532643	0	0	0
2.743135328998683	-22.450844161338743	0	0	0
-9.93001822199664	-15.947163418877913	0	0	0
13.122288007450386	-13.646638646646181	0	0	0
-9.516011658224919	39.99940975505147	0	0	0
2.2035700650520766	13.959917019891584	0	0	0
-2.008426769746748	-24.230259080613102	0	0	0
7.995660380613231	-63.67214315555321	0	0	0
-10.181369280303905	-4.934472406706369	0	0	0
9.075306431697555	19.327653498474525	0	0	0
-5.596235227132013	0.9376535516023807	0	0	0
-2.579850671702303	-13.046157137098156	0	0	0
10.173279190256181	-0.6241719064861968	0	0	0
-13.912096627910913	-17.581609982750358	0	0	0
16.438901012012543	-15.747607395882468	0	0	0
-15.083252697751703	0.41991402486809903	0	0	0
8.05971070541952	-2.5985253419862175	0	0	0
-3.93334025414741	-3.690739031863501	0	0	0
3.0959823312223733	-26.82196435104421	0	0	0
2.6941719025896873	-7.392334067710614	0	0	0
-13.468697495773178	12.267287162476357	0	0	0
18.921024695544695	35.32246626782021	0	0	0
-15.656342202935555	-24.610915688065845	0	0	0
11.760936855671844	54.54691395096538	0	0	0
-9.47081675182725	11.687104585420961	0	0	0
4.29597766086853	-18.756205475255896	0	0	0
4.119989685634756	-47.54245376268857	0	0	0
-11.747751079292073	69.73735962302523	0	0	0
15.54848680194825	-5.234116104930173	0	0	0
-9.017781841345226	-31.057125162436357	0	0	0
-5.9732547150786175	0	0	0	0
16.8573379740604	0	0	0	0
-14.318374953445023	0	0	0	0
4.7215465439755775	0	0	0	0
2.2108308242905466	0	0	0	0
-2.505905573567965	0	0	0	0
0.887693560472691	0	0	0	0
-1.6389063765107608	0	0	0	0
1.709221521517442	0	0	0	0
4.33764763359536	0	0	0	0
-10.480182144645454	0	0	0	0
9.703291715911533	0	0	0	0
-6.182069980022696	0	0	0	0
3.719621354090222	0	0	0	0
-1.6765530880311204	0	0	0	0
-0.1684988142810937	0	0	0	0
2.380782927779528	0	0	0	0
-4.646459926042681	0	0	0	0
5.757247595515864	0	0	0	0
-6.071523145387481	0	0	0	0
5.557013699577851	0	0	0	0
-3.7943128622642917	0	0	0	0
1.7442225409795427	0	0	0	0
-1.1667260977943101	0	0	0	0
0.6830821388930772	0	0	0	0
1.9840007474831793	0	0	0	0
-4.651911054277427	0	0	0	0
6.0676584392923445	0	0	0	0
-5.124840414643785	0	0	0	0
-0.3301224966373937	0	0	0	0
9.443917060643749	0	0	0	0
-16.28727963564446	0	0	0	0
16.135724132317442	0	0	0	0
-12.596918978699755	0	0	0	0
10.543477924868391	0	0	0	0
-10.18848519482028	0	0	0	0
10.156767035696106	0	0	0	0
-9.311506472083558	0	0	0	0
7.353405789939451	0	0	0	0
-5.538219515569573	0	0	0	0
5.489138414313018	0	0	0	0
-6.439007951964783	0	0	0	0
4.984068766916472	0	0	0	0
-2.709941774642793	0	0	0	0
1.8641438812635087	0	0	0	0
-2.168978513330728	0	0	0	0
5.3246244474551006	0	0	0	0
-10.41002104288333	0	0	0	0
14.39088858275526	0	0	0	0
-15.369770667626362	0	0	0	0
15.004319742147914	0	0	0	0
-15.653301096977927	0	0	0	0
14.355096973447544	0	0	0	0
-9.192836339333368	0	0	0	0
1.5273108332336633	0	0	0	0
3.7532485516541456	0	0	0	0
-3.0939239565397543	0	0	0	0
-1.874019434945275	0	0	0	0
8.194494153780646	0	0	0	0
-12.483529074768093	0	0	0	0
12.19120844613039	0	0	0	0
-10.294113509640646	0	0	0	0
8.808788747498483	0	0	0	0
-5.145351443570753	0	0	0	0
-1.5174736791886616	0	0	0	0
5.189566100967767	0	0	0	0
-4.3577143875021775	0	0	0	0
1.666153991584146	0	0	0	0
3.752938958968933	0	0	0	0
-11.855577809694246	0	0	0	0
19.798833178376164	0	0	0	0
-19.854266994642458	0	0	0	0
11.67958275731521	0	0	0	0
-4.0020909596427	0	0	0	0
1.0506248482377956	0	0	0	0
-1.2576514256870794	0	0	0	0
5.319823403599919	0	0	0	0
-11.943391630503562	0	0	0	0
17.78214113717219	0	0	0	0
-18.807130078991598	0	0	0	0
13.858572330616347	0	0	0	0
-7.095990683199275	0	0	0	0
-1.3320054221152944	0	0	0	0
9.35727372231564	0	0	0	0
-7.2325595740386674	0	0	0	0
-3.9014842428874417	0	0	0	0
12.358764757670599	0	0	0	0
-16.62158065513355	0	0	0	0
18.78365961463375	0	0	0	0
-18.497697239040356	0	0	0	0
16.266588901076922	0	0	0	0
-12.243001934093513	0	0	0	0
7.662347562532588	0	0	0	0
-4.557418002863528	0	0	0	0
3.082222785848174	0	0	0	0
-2.4161420334090877	0	0	0	0
3.625361074005646	0	0	0	0
-5.638716571993108	0	0	0	0
8.825265543380887	0	0	0	0
-11.33656170113327	0	0	0	0
8.042637274458883	0	0	0	0
-1.916552695504393	0	0	0	0
0.24176613577436967	0	0	0	0
-1.395106968714913	0	0	0	0
0.5416022759333003	0	0	0	0
2.102243779410145	0	0	0	0
-3.2755141699808235	0	0	0	0
1.739436017940335	0	0	0	0
-0.2272850563042681	0	0	0	0
2.8600816658190737	0	0	0	0
-6.578748447001921	0	0	0	0
8.61252018327486	0	0	0	0
-15.279756820940072	0	0	0	0
20.798842810655252	0	0	0	0
-16.193349672715122	0	0	0	0
7.000213774969076	0	0	0	0
2.256680050932715	0	0	0	0
-2.508236003670511	0	0	0	0
-9.08421976214948	0	0	0	0
20.92564558363447	0	0	0	0
-26.695145574880122	0	0	0	0
27.451237302455823	0	0	0	0
-8.67224410711222	0	0	0	0
0.913064183204277	0	0	0	0
2.455621717070521	0	0	0	0
-21.55260169406712	0	0	0	0
