-0.13981857136303688	-0.7945872347456415	-1.79347175020294	0.40284072889286904	16845.470188554435
0.7261224274728235	-3.1069184569132915	-5.6845655976631235	1.201738379894877	16844.665022648795
-0.5434802381220791	-4.083445028462037	-1.5408198383056515	-2.188594826140715	16846.316077984524
-0.2812065190970543	2.4211643747857536	1.547639993574137	-35.87674608532848	16844.113707330904
1.3529823277583333	-12.192755781055027	5.4373270502807145	8.272307819291811	16852.703697812995
-1.4587074988447242	18.469744095097262	-4.9920865130739855	19.13159742685835	16819.813771106845
0.12743536501236008	5.048406050090193	-1.9718752629404008	1.2026462733332295	16855.184404314416
0.5475463101393245	-6.747306680183868	-11.323317576029723	-4.000528528811216	16825.802107461932
0.4601914643868952	-14.781354285678859	9.274678886632614	-16.94889800914406	16822.889270438514
-2.0652181305412185	-0.019787067441363604	2.893255437625953	-30.534249130810494	16845.986788661496
2.412327216606421	20.300126901286923	0.009286984353295225	29.289980858011916	16813.30908896002
-0.8091086318968763	-18.415243173609937	-23.194406047502298	-12.378335836262167	16800.018058174144
-0.7748318893260517	1.3477902195053844	25.072300173756986	6.365227836778587	16757.558042790868
0.951386975725633	6.693582777850011	2.5034362610674634	5.0866178239447635	16852.442786343214
-1.7751206716017904	-4.776841466896855	-1.778705050386705	-22.62462384780865	16813.06032165133
4.512838340101887	20.841378971052755	12.744456547447982	20.91143215146802	16840.691890336624
-7.029185080213239	-1.2173444072721082	-23.901799976862378	-18.017904960487073	16919.666863144328
6.235627344670078	-8.283114353301578	3.0862821485205245	27.375727424954476	16968.237191109867
-1.6639083535336638	-2.167927800393201	4.786447121997924	21.73169774354875	17046.375026458456
-3.1653257078703803	2.0250741972485784	10.123436267274542	-12.287102643301068	17019.62003647055
4.40332161387375	1.3998452990302752	-6.189031731602199	-3.9988863862239015	17019.492453525694
-2.962268096024779	-0.4150224075153872	-1.7413428190472473	4.113148256658988	17080.487778048613
1.3928552716883473	-1.893171745633424	-4.9617007795604735	-0.47379860226264725	17050.66982908017
-0.8184406835533409	1.3287254663187866	-31.165401960934815	30.04945220209767	17054.4479408701
1.724714182724128	8.708195255234145	11.375975212737487	1.2519014802108615	17024.004460812026
-1.5956550945549424	-4.901042645445848	-6.217163825103199	15.64203125443862	17024.79068528755
-1.1604971574764633	8.577948471566103	2.6354917325111984	-2.669540959708513	17011.120453408206
2.9742953247172466	-18.26935730739403	4.59531676167596	9.975855881100813	16987.30206891879
-1.793110602287129	9.874942987008005	-7.88705982048171	-7.681200212133447	17007.287195265024
0.7074179983812741	5.877064172435588	-4.8592544636102275	2.273866703246	16955.848561614213
0.15855129612020136	4.061525741237993	19.936173918651534	-34.94179746411584	16925.05745162034
-0.3712300642343038	0.10391586719700996	1.152539991738081	-6.7921188463274405	16934.23509374797
-0.8470534616017389	-7.063248036910238	-24.49430792954118	3.4380275710656463	16920.039774338606
2.5961484654817255	15.95559352918913	-4.296443381551413	-7.199313861501821	16850.42067902394
-3.0725009345907495	1.0877698980754005	42.66206185103982	16.298598917003943	16870.176386601637
3.268488251055537	1.7875990918328881	9.718309679895953	-4.739954389449849	16822.968746452134
-2.994003277913883	16.7374301146249	5.496687999085609	-12.59913429589858	16768.77937064356
-0.4672915402955553	-2.4903718351967754	8.079266044681745	9.854014043790613	16801.1949497564
4.342235451801308	21.866758289049493	-12.77546517654055	0	0
-5.182460200056539	-4.093197349633982	-18.450643067290244	0	0
4.65757978581658	9.727904996550336	7.202278130498598	0	0
-3.5062278806693286	-6.982809101695807	2.9551311019445734	0	0
1.569061165535473	8.634109206137843	-11.156008403858564	0	0
-0.7692000870970332	-3.0633934487074654	13.020029062756521	0	0
0.9268161942156041	0.8598559205640512	20.02177306788097	0	0
-0.699064818607404	11.604821062091737	-19.707127135485706	0	0
0.6699221773626718	2.912077745127945	17.90572349430633	0	0
-1.168970961670638	-5.1741677631400975	10.821389834485089	0	0
0.6725563183204457	9.316152434218232	12.489475441865196	0	0
0.8079333784448366	-19.238511587366396	-2.4898545143199016	0	0
-1.4836585153485373	22.26392884786835	-3.276601852298782	0	0
1.9637502476836417	-0.08854097425067664	10.760284407994064	0	0
-4.863902338839999	-3.8868014200973775	-9.263585646297187	0	0
9.337304355346326	-15.908132708501427	-3.082944422003891	0	0
-11.026534279544755	11.651361816082265	-6.042679627373815	0	0
8.518348117831707	4.902648539959536	-2.646310211713299	0	0
-5.989595520375637	17.579451705232195	9.674369342135037	0	0
4.661627404141925	-29.185728713836795	-4.716747301029557	0	0
-2.916224384371098	13.788082861537134	-2.1934040127366217	0	0
2.84396979574651	2.539822546821263	-13.81129339661392	0	0
-3.516552874013975	5.867316322498517	-6.080881737756513	0	0
3.5428697463718493	-18.961677315004685	-19.63280188890677	0	0
-4.599752987164898	6.347960359973236	-8.246270211714858	0	0
6.446557827519129	7.876117577303887	-29.20452446618455	0	0
-6.352555121412308	-1.6788360536086486	8.320007169391232	0	0
3.9186528697207734	12.58664254912997	3.296368854392526	0	0
-1.6314391186929953	-0.3564166900438579	-1.9158820492193058	0	0
0.6164232250857182	12.257455240977471	0.6980680296231014	0	0
-0.7625496335637436	-5.26951179132007	-5.790781644931911	0	0
0.22442306832290626	12.564332904831517	4.475761618632873	0	0
1.6520884543312846	-9.744491482848062	0	0	0
-3.7717323124568694	4.066108874533526	0	0	0
3.4800766234333196	-7.467524327866101	0	0	0
-1.2467178785952981	13.343613853431734	0	0	0
-0.17967723905762512	25.785335283460647	0	0	0
0.32782978706372035	11.633435613776747	0	0	0
-1.175700730751693	-3.565473584730512	0	0	0
2.1079029253370933	-12.984378216010072	0	0	0
-0.5180142515330672	2.4266711902811124	0	0	0
-2.3235284279835113	13.167715172703971	0	0	0
3.331424752088921	12.645283617037443	0	0	0
-3.025757587887057	0.08331463193647437	0	0	0
2.613119453470482	1.0908812724338404	0	0	0
-1.3581299763204342	14.39319827965128	0	0	0
-1.7085772640176273	10.54182547399639	0	0	0
2.724410307823355	-0.7214597479649854	0	0	0
-0.9598870544639269	5.750902279842705	0	0	0
-0.20396097866498053	-1.8867912176904866	0	0	0
1.765412788912137	-7.206152002961254	0	0	0
-5.10047484753342	4.4830585916883905	0	0	0
7.128636432406729	0.4536654998467782	0	0	0
-5.3053824737815845	6.876490820844708	0	0	0
0.4811166102291722	-2.737557374937154	0	0	0
2.8189672751120085	10.963109168761129	0	0	0
-3.5521756439551453	-12.809160349222324	0	0	0
4.664718570557405	1.1199751622703928	0	0	0
-8.680655827119473	-1.1378010122702733	0	0	0
12.17557291733251	12.328408152602307	0	0	0
-11.228703150833198	1.0423127766902311	0	0	0
6.9246437905525084	2.098910777442292	0	0	0
-2.971740755198425	-1.548083769948363	0	0	0
1.6943131525753756	4.284777880331525	0	0	0
-1.7949451640373582	5.20810088939902	0	0	0
2.0386920169708347	12.229973558224998	0	0	0
-2.5976842526557604	6.426944412973832	0	0	0
2.277370181306985	-1.4907743176143953	0	0	0
0.5087212641807994	3.253970304350652	0	0	0
-4.168962726923915	8.241474382548589	0	0	0
5.717155078707819	-6.984575037616075	0	0	0
-7.316451133525163	11.13934102184362	0	0	0
10.775279593797386	4.309282145056656	0	0	0
-12.505752837547156	8.428561805730645	0	0	0
7.992867421617262	7.332470446252209	0	0	0
0.004749213894356785	-1.9102748281501718	0	0	0
-3.8402727473677984	-9.623718846640543	0	0	0
1.9698370779385073	-17.44114364990523	0	0	0
0.8552526689430664	-6.758688636245857	0	0	0
-3.5295454644487307	-14.260039835969934	0	0	0
6.829041589820399	19.057368150040702	0	0	0
-8.419595173219712	3.5919935822253493	0	0	0
6.748752894514375	1.7878933873226615	0	0	0
-6.165659247798949	-5.7532471197202355	0	0	0
7.97807153803614	12.776499245323947	0	0	0
-8.630343328708513	-0.41367147027060014	0	0	0
8.023409424667136	-16.78505239908425	0	0	0
-6.800649155611779	-0.764416120485059	0	0	0
3.863885399397823	-0.7572008976885982	0	0	0
-1.7375386489166402	4.482375840070105	0	0	0
4.039751500544753	8.01859317051364	0	0	0
-5.468686246148451	10.705122722110886	0	0	0
2.8143088264805485	-17.403423866730186	0	0	0
-2.1579935731074116	-3.4116218207855766	0	0	0
2.7758732152663086	-2.565663126963308	0	0	0
0.7933743304289322	0	0	0	0
-4.510634000249205	0	0	0	0
3.2234700219224095	0	0	0	0
0.26506177625699934	0	0	0	0
-0.6830387375232618	0	0	0	0
-3.347886233453792	0	0	0	0
7.304317788723466	0	0	0	0
-8.293416314038978	0	0	0	0
6.502713011818415	0	0	0	0
-4.589207411956913	0	0	0	0
3.2831509879147944	0	0	0	0
-3.6027174594579137	0	0	0	0
3.4742608009207316	0	0	0	0
-2.3598485549444277	0	0	0	0
2.830202136369266	0	0	0	0
-3.0988942335241703	0	0	0	0
0.3674307021890044	0	0	0	0
2.282173933017127	0	0	0	0
-1.6005940566740549	0	0	0	0
-1.2753451393674382	0	0	0	0
4.404296975641991	0	0	0	0
-6.843023234430618	0	0	0	0
6.378009738368206	0	0	0	0
-3.760032701586354	0	0	0	0
-0.23079380537194538	0	0	0	0
2.929385359512345	0	0	0	0
-3.7341304003970777	0	0	0	0
2.377190538128403	0	0	0	0
0.735565621781376	0	0	0	0
-3.2967500688575484	0	0	0	0
3.7408059774984252	0	0	0	0
-2.313569078142514	0	0	0	0
-0.08276937995987765	0	0	0	0
2.593334603538132	0	0	0	0
-4.834169385346307	0	0	0	0
4.850263116888122	0	0	0	0
-2.317496955444817	0	0	0	0
0.6515996699050532	0	0	0	0
-2.0203030267140534	0	0	0	0
4.03579323364432	0	0	0	0
-5.105559352092627	0	0	0	0
5.464634630404092	0	0	0	0
-3.424208368710083	0	0	0	0
2.3531506368285378	0	0	0	0
-2.903901905425144	0	0	0	0
2.1384328444071414	0	0	0	0
-2.1983633426448748	0	0	0	0
3.3667811344685745	0	0	0	0
-1.6752588074218124	0	0	0	0
-1.3469140795200616	0	0	0	0
1.8389496660266147	0	0	0	0
0.9380775254971496	0	0	0	0
-2.0418967842769007	0	0	0	0
-0.18669714440962792	0	0	0	0
1.3567481667488508	0	0	0	0
-1.3624965804774334	0	0	0	0
2.720229938553665	0	0	0	0
-4.713799426822945	0	0	0	0
6.488889636289315	0	0	0	0
-6.712107148386302	0	0	0	0
5.629756619017641	0	0	0	0
-4.400765096466415	0	0	0	0
3.5712951941281545	0	0	0	0
-2.7550240591302924	0	0	0	0
2.1154934883548933	0	0	0	0
-1.1578062703130314	0	0	0	0
0.0672275508716993	0	0	0	0
0.8013529805274189	0	0	0	0
-1.7754160903753444	0	0	0	0
1.346382948119576	0	0	0	0
1.4049102025550937	0	0	0	0
-3.8911221778137914	0	0	0	0
3.8272465199635803	0	0	0	0
-3.2994753445489238	0	0	0	0
3.283613898801015	0	0	0	0
-2.916696047340942	0	0	0	0
2.7869068846175793	0	0	0	0
-3.4127870560037508	0	0	0	0
3.6351799562347864	0	0	0	0
-2.712323087619396	0	0	0	0
1.6235525387893759	0	0	0	0
-1.0738524964530143	0	0	0	0
0.5750339151423418	0	0	0	0
0.024461603004510835	0	0	0	0
0.5406912401284742	0	0	0	0
-2.6842011533277486	0	0	0	0
4.89299992665277	0	0	0	0
-6.106987231404652	0	0	0	0
6.388221867309063	0	0	0	0
-4.914699011105874	0	0	0	0
2.4161351384421863	0	0	0	0
-1.4352945561377197	0	0	0	0
0.6851139255212857	0	0	0	0
-0.19938120730402886	0	0	0	0
1.9743392435200988	0	0	0	0
-3.9011420177790868	0	0	0	0
2.1617701191723384	0	0	0	0
0.9353323596357157	0	0	0	0
-1.6692569927592587	0	0	0	0
-0.12015217342624851	0	0	0	0
1.0646883438129038	0	0	0	0
0.3689846612637524	0	0	0	0
-1.8368011622548508	0	0	0	0
1.5064751054687093	0	0	0	0
-0.7526913097253498	0	0	0	0
-0.3922276941780112	0	0	0	0
3.5603812674429065	0	0	0	0
-6.742481242646797	0	0	0	0
6.186662090870904	0	0	0	0
-2.0903854925125245	0	0	0	0
-2.9129244304916	0	0	0	0
5.292894963011101	0	0	0	0
-5.945987222742019	0	0	0	0
4.129315827530867	0	0	0	0
1.3168007754472342	0	0	0	0
-5.8603349266280915	0	0	0	0
5.674807170420962	0	0	0	0
-3.6989935220184194	0	0	0	0
2.5374356205428583	0	0	0	0
-2.360497649909263	0	0	0	0
2.902412532495177	0	0	0	0
-3.82493428178649	0	0	0	0
1.4294261568062439	0	0	0	0
0.06188379220247242	0	0	0	0
-1.2442754161530516	0	0	0	0
4.135528207417735	0	0	0	0
