0.01017053454146577	-0.3069555602162026	0.8457062122037087	-0.018169509140918194	16905.922233386
0.05366449630204073	-0.8887877145633851	2.6662023086913678	-0.2631184494291716	16905.947022933153
-0.15171492683003152	0.3690046800966087	-1.6428933615083139	-1.7378159587758688	16905.589925667264
0.06974689789939248	0.3403004813697166	-0.9826185370263545	-0.06473354572533196	16906.104104495214
0.3520164526032801	-1.042465786320733	4.273123573185984	1.1405059231734782	16905.088792143804
-0.9590807201747893	-0.28356678188642803	-3.259027457296412	-0.7235633232071166	16908.33588324771
1.4471272833532893	0.33708708139812416	-0.7520562623794831	0.8017326045494713	16909.719485442543
-1.2687659730494332	-1.0431805394774187	3.410320699237076	-1.4182879883584576	16913.37930058352
0.7342172682773764	2.0208826151448136	-0.28050200800409186	-1.4268381075296048	16908.210299913044
0.031971644847828884	1.05815093389689	2.5298703764281214	-1.3668177292145458	16907.38124676921
-0.26028126991400313	-2.1276833470235132	1.4445602883084092	2.8198499278464766	16903.129758710227
-0.042088926661762116	3.580840106554213	2.1509759002460243	1.7577133023647633	16909.77304552181
0.37808135303884427	1.313876889635452	-0.5532402656193938	1.059302314964313	16907.32665464767
-0.6166038718778069	-1.2804573331645912	-1.5110146872581112	1.0909912030564328	16911.57453670147
0.5259958139348058	-1.7141016081555378	-3.714991127970279	2.895903748569836	16909.764662122463
-0.25871331759907434	0.6247117492365106	-1.2062671409562995	2.6659437152174945	16907.888241201294
-0.20946740781396045	0.1750416379662738	-1.4341761339730965	-2.617927778640393	16909.733346563677
0.30506993647201597	0.2885528930199541	2.743934316784177	-1.8290229415283648	16908.399353533085
-0.700710406012341	-0.692172467450149	-0.8090275638033688	-2.0811183016857484	16910.646017577383
1.0219454364952156	0.8618809397071985	-1.1365748952255643	0.054646098645037	16909.169721783466
-0.6681149664773471	0.9490986895765374	-3.2287184297039744	0.02212542779005844	16911.016672866743
-0.21410062229320914	2.4747716653940444	-0.07271546858837041	-3.345154650538447	16911.784276918675
0.7263885988402308	-0.06012116361470987	1.2171124468896863	-1.492580168213678	16907.484664822667
-1.2629264512241392	3.117884574601888	-1.0455534865184433	4.838368565289699	16911.772523128
1.4299074869372532	0.2682541771587452	-0.21888059321189246	-2.607057679066912	16910.918038887485
-0.8681233937726063	-0.7435602018602552	3.105580651043965	0.03569471396950519	16912.885691262953
0.15019139126869163	-1.5854691572558934	-1.151451119470039	3.7984265440409786	16912.911304446745
0.13866712093898315	1.880228720085526	0.876012590106825	-0.5305748156381895	16916.11446205277
0.08295086742958091	-2.805070892470411	-0.7223655104941571	0.5670901774194448	16916.08128415905
-0.0993271039752841	-0.7200038155159731	-0.49577633547860955	-2.070842522975525	16917.134952068383
0.15931002512891723	1.6437938338285818	-0.9953643611550405	0.10124243020233337	16909.793603819468
-0.5601005861834878	1.6242564260540746	-4.187198038719146	4.550610146993108	16910.953625720515
0.6793822834316288	0.7800282732334267	1.3244420940788757	2.563606017452031	16915.228233519767
-0.36939315714692356	-0.9987922293906806	-0.9060251747649488	-0.17197620344740017	16912.99218684969
-0.19235612911607092	0.30619756075062554	-0.23919578467375402	-0.05872152062521252	16909.444626836892
0.5403736450387768	1.194963639056489	2.899652712640787	0.20141879979894384	16917.08588190894
-0.7074947233455049	1.5807924082901366	-4.033519066040498	-0.17117493447371146	16914.194128991712
0.6616871108113642	-1.1943264392586102	-0.23103813018803976	-0.6064727163415427	16911.670231771397
-0.7228580180151809	1.8825688419042734	-1.0192752961493028	0	0
0.5049407431015425	-1.7389428656719517	-0.8216544394740168	0	0
-0.24644753253073048	0.3728289109475469	1.2884047233245184	0	0
0.02597661053074063	-2.141231165049753	2.2844431124861018	0	0
-0.2621252154905278	0.06392762560790288	0.6500448198296738	0	0
0.4958817326855396	-0.876542932414722	0.6547170987378905	0	0
-0.25935593018084546	0.4270886084921841	-0.4676459469636285	0	0
-0.41303974450535463	0.06705550775185998	0.8339398878588611	0	0
0.7510972792047639	0.04704945525993054	2.9636909304784638	0	0
-0.8099414415949227	-2.715090125043936	-1.1359883120526035	0	0
0.6532023225984247	-1.3140651591339108	-0.7575473804328539	0	0
-0.46895675625420097	-0.6027328685028763	-0.2521630820335474	0	0
-0.12867991001129298	0.9458211052646774	1.2973935559589052	0	0
0.746110378106863	1.2428745072386818	-1.5305858544715107	0	0
-0.8118394492698329	-1.8161603965007984	-0.6057631135079049	0	0
0.1969945742354966	-1.6750471473408197	0.03287256603672972	0	0
0.5775509725088952	1.6707580472406107	-2.153876672234148	0	0
-0.16995015150727966	-1.5495169402472087	-1.355487186008645	0	0
-0.28987787870123327	-0.25654435323394154	-0.10304912675150035	0	0
0.7141366273328558	-0.12074212430820808	2.3988637565305737	0	0
-0.6672060164543296	1.6814841460832923	-0.5294472863324415	0	0
0.4033131409475459	-1.294021564123895	0.7911390942975345	0	0
-0.1495987174859863	-2.052905477232912	2.0174532962598164	0	0
0.14543300856205832	0.022356591964090455	-1.0762430836443286	0	0
0.20821897248761445	-1.5535814417167586	1.995359718917257	0	0
-0.2022145656600003	0.36486893943212095	-1.1421448988003107	0	0
0.12347065068389185	1.5845614115061153	0.015984803597405062	0	0
0.08838862128442315	0.3723191796915657	1.9881643027258633	0	0
-0.18690564034211832	-1.9225087554448947	-1.0257218989692234	0	0
0.15559737454240974	1.6790318737321357	0.7751119867386933	0	0
0.2563624927915882	-1.4190025353794837	-2.247987655699518	0	0
-1.0462984428154414	1.1368996077106885	1.1122425981178452	0	0
1.623046146649088	1.1283208991099514	0	0	0
-1.8092576762131856	-0.4067652817082461	0	0	0
1.2324567770062416	-0.9923332507967615	0	0	0
-0.8328555179247488	-3.762041815507878	0	0	0
0.9010664787201463	1.0849569151810314	0	0	0
-0.7147580353521263	1.6125298377141632	0	0	0
0.5546230558130816	1.1721678686897192	0	0	0
-0.3861407556973262	-1.4506670375270048	0	0	0
0.4747856725919277	-0.018555619254776445	0	0	0
-0.8463374720676597	-1.1583375238845193	0	0	0
0.9292367295435824	-2.6712229949152757	0	0	0
-0.71864516033434	1.310466269239278	0	0	0
0.7234905306867248	0.9128187204664258	0	0	0
-0.7989281346473973	-1.7372770269921674	0	0	0
0.47290192714600465	3.4493687930308212	0	0	0
-0.3567109247812965	5.604951241495172	0	0	0
0.32238085738436695	-0.15759563083361172	0	0	0
-0.7527910957950752	3.2933168423410635	0	0	0
0.7959911582639805	-0.6608529647538575	0	0	0
-0.8952436128492778	-0.7388546780234577	0	0	0
1.12192227221054	0.5538266062017456	0	0	0
-0.7231866031165097	-3.1403184416194065	0	0	0
0.5103433839637788	-4.122876429084172	0	0	0
0.00960082157659059	1.4111450608131406	0	0	0
-0.5576494493955053	0.3029562470199778	0	0	0
0.5425928342150215	0.3000189979398016	0	0	0
-0.651438583368062	-1.137568127663279	0	0	0
0.41147208569492477	0.09003573825554412	0	0	0
-0.299569421793791	-1.6957762946197334	0	0	0
-0.07138385132618197	-0.3425268674636399	0	0	0
0.6186087181029478	0.5247726837218991	0	0	0
-0.7190798746231195	2.0556329339813146	0	0	0
0.3202053345036262	2.4854518049457326	0	0	0
0.04078402763339284	0.8943364191430447	0	0	0
-0.44528864933687373	2.0447633568277155	0	0	0
0.4496688562367339	-1.8767147756313989	0	0	0
0.0014809019132471235	0.3595943836908688	0	0	0
-0.5845521897525927	-2.1890986551995297	0	0	0
0.7405559641147974	0.04695086150522343	0	0	0
-0.7808422863615405	-3.8909777821070435	0	0	0
0.9146522256936436	0.3031210404882856	0	0	0
-0.9699938008074369	-5.468490137370964	0	0	0
0.5727145300958014	1.6523451691563267	0	0	0
-0.23098007207654803	-7.285941254831592	0	0	0
0.20444505567567006	-0.33111921621976137	0	0	0
-0.37916621008942286	-0.6569430754930821	0	0	0
0.15859793198390548	1.0289284610990563	0	0	0
-0.39545510301183384	-0.548043858138314	0	0	0
0.18527067923556473	-0.9976057894509509	0	0	0
0.374336531950199	1.1003832420959228	0	0	0
-0.6860220516362432	-1.5653929261927715	0	0	0
0.35288570150412113	-1.3380153021076069	0	0	0
-0.14573171360155612	3.8839351910540287	0	0	0
0.39852173005324687	2.3730377530647004	0	0	0
-0.511910905322047	-2.2894574070174585	0	0	0
0.42831429331087634	2.348870259310573	0	0	0
-0.2237621330925066	-0.8821922478865858	0	0	0
-0.26855227467531506	2.0386257830880155	0	0	0
0.6638316420973212	1.909253198845164	0	0	0
-0.7454994260106815	-4.900544232287025	0	0	0
0.3320566490308252	5.844759795384185	0	0	0
-0.45481466977002327	-4.423364573655988	0	0	0
0.7961970739371296	-0.35140168176609876	0	0	0
-0.9920810075871671	0	0	0	0
0.6331176119033728	0	0	0	0
-0.037966744754250215	0	0	0	0
-0.3059260134951245	0	0	0	0
0.29418904725465467	0	0	0	0
0.21393620741019959	0	0	0	0
-0.37045955889255566	0	0	0	0
0.11711471943753793	0	0	0	0
-0.41225729813594825	0	0	0	0
0.7877963080124957	0	0	0	0
-0.8045995279385565	0	0	0	0
0.35895719513330704	0	0	0	0
0.0834578578212728	0	0	0	0
-0.152973005736861	0	0	0	0
0.21477662382825002	0	0	0	0
0.013729140527807715	0	0	0	0
-0.4730389584855601	0	0	0	0
0.8261232718269582	0	0	0	0
-1.1066013860519703	0	0	0	0
0.9318107824203636	0	0	0	0
-0.5084664143377182	0	0	0	0
0.06888366966206405	0	0	0	0
-0.33604073890062836	0	0	0	0
0.7516784880669718	0	0	0	0
-0.9154195288245006	0	0	0	0
0.5177065372628675	0	0	0	0
0.02703104646563048	0	0	0	0
-0.22309579971712168	0	0	0	0
0.544935501023744	0	0	0	0
-0.4200407859845612	0	0	0	0
0.2324231724931849	0	0	0	0
-0.7706821492954887	0	0	0	0
1.4961972600070013	0	0	0	0
-1.5217142212760777	0	0	0	0
1.0931259329005911	0	0	0	0
-0.07011638210054372	0	0	0	0
-0.6338873131380467	0	0	0	0
0.4030020441601323	0	0	0	0
-0.0732404651728018	0	0	0	0
-0.0753541902232513	0	0	0	0
-0.0932548417697916	0	0	0	0
-0.13629611132896002	0	0	0	0
0.5472273023449858	0	0	0	0
-0.2642420778457577	0	0	0	0
-0.08450135065922382	0	0	0	0
0.45438206561851757	0	0	0	0
-1.22756334656804	0	0	0	0
1.4099072241972266	0	0	0	0
-0.7897660235401744	0	0	0	0
-0.17136247367029966	0	0	0	0
1.233527251487459	0	0	0	0
-1.2469161202212646	0	0	0	0
0.7562858987208543	0	0	0	0
-0.09120797754692944	0	0	0	0
-0.39994368727860774	0	0	0	0
0.2502134026403766	0	0	0	0
-0.09809377259471574	0	0	0	0
0.2860855925954411	0	0	0	0
-0.21846804821345245	0	0	0	0
0.3552347617416629	0	0	0	0
-0.4274028135827663	0	0	0	0
0.05693943977210125	0	0	0	0
-0.2998584527082926	0	0	0	0
0.20297933556354764	0	0	0	0
-0.3587263873154143	0	0	0	0
0.2246336307644583	0	0	0	0
0.27037995169769147	0	0	0	0
-0.6301450268839233	0	0	0	0
0.3106522990221947	0	0	0	0
0.1082001753343036	0	0	0	0
-0.43593090913511645	0	0	0	0
0.63091920911139	0	0	0	0
-0.6398115916314282	0	0	0	0
0.6460875084590327	0	0	0	0
-0.6181844080507304	0	0	0	0
0.2453877620866578	0	0	0	0
0.17566296502590717	0	0	0	0
-0.23525533922666853	0	0	0	0
0.18023481009673503	0	0	0	0
-0.587723104012241	0	0	0	0
0.612065128428199	0	0	0	0
-0.13086969540845672	0	0	0	0
-0.26717369412465786	0	0	0	0
0.0831517752936719	0	0	0	0
0.02936063339375039	0	0	0	0
0.18406791981291803	0	0	0	0
-0.03677224640981791	0	0	0	0
-0.7253185614957474	0	0	0	0
1.2810753919432614	0	0	0	0
-0.9823163804358046	0	0	0	0
-0.11152063264772494	0	0	0	0
-0.04072163481555435	0	0	0	0
0.6548388326917944	0	0	0	0
-0.9336621744924685	0	0	0	0
0.9032412403395895	0	0	0	0
-0.5673079100367318	0	0	0	0
0.4674909402235059	0	0	0	0
-0.5539164238826899	0	0	0	0
0.35248332079058287	0	0	0	0
-0.0472081782369429	0	0	0	0
0.059902502101870425	0	0	0	0
-0.33042161836758055	0	0	0	0
0.4994430383069641	0	0	0	0
-0.36480087062560784	0	0	0	0
0.6146548777516969	0	0	0	0
-0.626550885299487	0	0	0	0
0.7608433096626115	0	0	0	0
-1.199582784338297	0	0	0	0
1.4651504023646922	0	0	0	0
-1.02958816921619	0	0	0	0
0.27914338200600497	0	0	0	0
0.8181125694724685	0	0	0	0
-1.328380238861861	0	0	0	0
1.2362180627294919	0	0	0	0
-0.8904024867097533	0	0	0	0
0.9221961861142915	0	0	0	0
-0.9668163545412156	0	0	0	0
0.7985215200289772	0	0	0	0
-0.05752764094422247	0	0	0	0
-0.1345493401242024	0	0	0	0
-0.25124133691274153	0	0	0	0
0.921590836988095	0	0	0	0
-0.33405613147336055	0	0	0	0
0.14893389597240514	0	0	0	0
0.0513881547072117	0	0	0	0
-1.0153032383179905	0	0	0	0
