-0.0860908273494374	-1.083446495911197	3.71254966544538	-0.19707383753495833	16781.08190369629
0.031338904675806134	-2.923133008623239	11.847426451481937	-1.127287877557265	16781.573432561916
1.2936746302145252	3.351589060247065	-2.9027467907447004	-4.2786334086510465	16779.33584470036
-1.07793410504231	-3.932137058713039	-2.831077788302082	0.3867278136587089	16781.52501241287
-0.13173169061867185	-1.4542747688350275	2.5625738426195994	2.2164945411438453	16779.29453903774
-1.3034619490433599	-8.929998569390314	-3.715989010482531	-10.193874161384826	16786.341205968958
2.277433535180279	-2.8782786719982383	0.23723748698373015	10.562310853860154	16798.970191476485
-0.7747789925357296	-2.3532287393419367	-0.7738992647348653	-0.3228325922707569	16811.690736329616
-0.17010019180672487	5.216777194598194	7.813273517534128	1.9922761085561973	16821.823631849493
0.10048955447814478	-2.8756532163732516	5.642924432501104	7.036305875566711	16803.554292806653
-2.032631670584422	-2.652788620964415	-16.983450507312753	10.068474507447164	16793.96356801316
3.265765036381225	-2.8778795247908704	-4.412054789863802	-11.847965036085867	16805.720771258628
-1.9103750470433667	1.4353418061838	-1.6784656883104816	11.64784749683868	16815.911120866564
0.6897941745976368	3.365996812975119	8.342363311790464	5.934605732881778	16863.707379986117
-0.2193157259905263	-2.3812553185669714	-7.41208381620261	0.25869135208399996	16890.280022642968
-1.9152353375744653	1.8160729476516337	-9.329106807451296	0.8157697459594715	16892.866756244373
4.0030599601483345	2.344974996144856	1.6542592148590103	5.024311302655491	16872.97336038698
-2.9818901293849933	-2.3473255536294957	12.3360282745288	3.998058335324231	16869.366636933304
1.1598981756079638	0.6458812249707435	4.315913044881114	-2.667626814811115	16886.38287841606
-1.5184732704240247	5.074276048992935	-2.325467377402049	10.927046315660789	16887.8795653916
0.9834269103555187	-1.9527723961656775	-0.05526424478243541	-6.753479859031657	16898.502861244677
0.40437515621241715	8.540534265493058	-1.2325783871362432	8.71249463603111	16898.716867749372
0.48437776739331184	-5.867314979188642	-3.1765923797052693	3.312189803763232	16889.50863145443
-3.072739968674604	0.684601677583693	-2.411590203635768	-3.666148701157752	16905.26833594475
2.77652099821519	1.8008794169461666	-4.270952529165754	-0.4822084007955567	16904.853808877277
-0.42582849342218054	-1.5619475009887296	-2.5527393805456597	-4.82809714478995	16890.888707506496
-0.3161848302755885	0.4503379660552085	-4.203148552505326	-2.256106724608088	16849.919448617387
0.4272204503008439	1.3790450565833012	-4.269269355452167	-3.7777356162949047	16874.440378452728
-1.582301283214683	-3.114975697364585	-2.693080506156406	9.427314832192067	16893.059497578935
0.08227834438454096	1.7963355772457206	-1.8331528573163638	-3.0390635629467653	16874.561618647243
1.8895039162212441	3.945155314619157	2.379379177001937	2.4178881314732905	16881.704573278214
-0.7637854514259956	-0.8689193424912958	5.785488462506876	-12.473682684339408	16880.32499149058
-0.5701655710476743	2.5940704312162026	6.0799472788158795	4.439226241314401	16888.012157864774
-0.72777820520853	-9.98984588039567	-11.705731880779496	-0.7232606707092373	16881.38149084372
0.9557932256287529	4.513466193830375	1.21411085788516	0.33168478458533457	16878.42022373942
0.9874239629602997	-6.8949237009855295	-0.021443779519572104	-0.9240292438805113	16889.86052354521
-0.7306306623837671	7.901976675699565	1.0915660488293213	0.13516760823470975	16931.657843473607
-0.9126422296676893	-6.309516767173754	-11.873754645354808	-0.5021911932579428	16948.425143094253
-0.336122250526941	-4.178625857130676	-1.630408210071252	0	0
2.4467036244986247	-2.370701871520126	0.6695455798635948	0	0
-0.9167871612362717	-0.053571371098350085	8.59126523252614	0	0
-0.8303638272168996	-3.629402691165609	15.828216750275459	0	0
-0.1315880621426615	-3.3117398785660015	7.5535236216899335	0	0
0.24535876137012025	-2.6096529462143323	3.908815468938215	0	0
0.4237800873327231	-0.7662121864659923	3.077875907695997	0	0
1.5901229433937445	-3.3767057189129517	-5.4818836561235145	0	0
-3.0950432898666307	-4.493520524299761	-3.3900882522812736	0	0
0.8853767786443214	3.0633529928073315	-6.787156504380619	0	0
0.2080214030324754	2.359194832740151	-1.1473367796085228	0	0
0.8404740887280724	3.9734875473235007	-0.6128265364261978	0	0
0.3704263176026643	2.364858505028131	-3.321524661618767	0	0
-1.0574145148484746	-11.582236725962133	-3.7131989419261657	0	0
-1.583234085274178	18.303833724796384	-1.3843556679553473	0	0
2.3097063314797595	-5.963509545431236	11.862481227654357	0	0
-0.6258989867432021	0.039416499863776266	0.4640437244692919	0	0
1.865337023904047	-6.611321380826823	9.694891728990385	0	0
-3.8539596095397286	5.373281844427396	-4.315716705712973	0	0
2.3714254774632693	0.33171696004023943	3.263830010592514	0	0
-0.5654760933241931	3.4323745213881196	-7.408224870290226	0	0
1.659601430352403	1.9664126253142484	-1.2648233015208348	0	0
-2.5978669738853384	3.710403139222599	-6.394345402746069	0	0
1.6199752908851508	8.250930265087455	-11.611981170717655	0	0
-1.261419201108545	0.6504536475441896	1.1160145664018017	0	0
0.9863156982747654	-2.0660890867626804	0.8262546754222058	0	0
0.2229674248937883	-11.407451512446748	-3.280848953840305	0	0
-0.007289374622871492	1.639754515240739	-0.821191469357089	0	0
-1.8691965738506156	-7.719981434481255	-0.40191243598070514	0	0
1.930285285503743	-1.292908010588114	0.570496231597005	0	0
-1.296964165046255	-9.383695464806237	1.5943866108046905	0	0
2.7648378580943103	1.0612754070288233	2.6638899533918874	0	0
-3.7101453128530295	-5.413142958394069	0	0	0
1.0852575842919734	-2.9498398046961256	0	0	0
0.7369959027621391	-2.916329090887565	0	0	0
0.5137925659052414	-3.8327688014955115	0	0	0
-0.990951770002674	0.7318618092136333	0	0	0
-0.8545763911030164	0.9344488028047451	0	0	0
0.9402594124175181	-1.7522571778021927	0	0	0
0.08595847324024675	-2.0415348596892215	0	0	0
1.1478397107486487	-5.425088726339126	0	0	0
-1.661690262033801	-11.164448828764073	0	0	0
-0.5794073563850404	9.69976425457132	0	0	0
1.7312112961909634	-9.801249412445898	0	0	0
-0.3774076539333606	1.9948853859558398	0	0	0
0.4298438928185959	2.4905355527157838	0	0	0
-0.903526324249917	6.201205093975517	0	0	0
-1.6010315884249096	-1.0189319041724048	0	0	0
4.3634122680454155	-1.3539707311543197	0	0	0
-3.878043167465819	2.4299402607482747	0	0	0
3.365694709928185	1.4282411477324644	0	0	0
-4.556201654663688	3.2112804692310846	0	0	0
2.7221141222254417	4.067791447476353	0	0	0
0.5945283521519329	4.559456255849881	0	0	0
-0.32519419052043474	1.7947319436839493	0	0	0
-0.8712529996161251	2.4025143440797123	0	0	0
0.1164195593204127	0.6004392422182363	0	0	0
-0.6255926895968074	-5.22957869919702	0	0	0
2.622952359051901	3.1282660253223753	0	0	0
-3.1301622153313886	3.4528662384453668	0	0	0
2.9170979615204757	5.565532570912588	0	0	0
-2.7741243278753487	-5.303324481684285	0	0	0
-0.265714486413934	1.5913477053969416	0	0	0
3.945094430404467	-10.989033170509742	0	0	0
-2.2422883363942603	6.27259039602842	0	0	0
-2.623503680417919	-7.364533326617149	0	0	0
2.99458588832254	3.2209453000542823	0	0	0
-1.0777854112340677	-7.906996077599004	0	0	0
1.7925892232874077	1.9821618425861303	0	0	0
-1.5768338013170151	-5.944997699647466	0	0	0
-1.4464812589046616	-0.3388259538764018	0	0	0
2.3639047230713786	0.7868091551892462	0	0	0
-0.48947286639039334	10.749658373536398	0	0	0
0.8952347855026872	-7.851642230701721	0	0	0
-2.3487616553694366	-7.053622772241006	0	0	0
1.4851281915394026	3.374386941382326	0	0	0
-0.9794484115557083	-0.431762267992859	0	0	0
2.1274000716923496	3.618053026838936	0	0	0
-1.5043035274956935	-3.58442424293262	0	0	0
0.6855643497992503	8.386365975479293	0	0	0
-2.5880404770598275	1.9785829033231934	0	0	0
4.0119410056571425	-1.3351759321524028	0	0	0
-1.7759916074201598	6.591241469507743	0	0	0
0.857319640256506	2.0395639647503288	0	0	0
-2.7505488874324016	-0.3827177145708518	0	0	0
1.9872752349322766	-5.767105631136637	0	0	0
0.4057882235213839	0.2759489624701459	0	0	0
0.17901206819263393	-6.179132613972278	0	0	0
-2.1172677170340535	6.515385019657884	0	0	0
2.2949742065584573	-5.883893330234621	0	0	0
-2.164765968729114	4.293909630009871	0	0	0
2.23510218775872	4.067587360997507	0	0	0
-0.9676929993071539	-6.754179133263982	0	0	0
-0.8514001308959465	-0.3496216425518952	0	0	0
-0.07240601648466338	4.005193033350473	0	0	0
1.0128807530771624	0	0	0	0
-0.42810927285449196	0	0	0	0
1.2309035858167547	0	0	0	0
-2.8050842101735682	0	0	0	0
1.4452754587423726	0	0	0	0
0.5615790947723127	0	0	0	0
0.3915398521460176	0	0	0	0
-1.0368528997971964	0	0	0	0
-1.666253316229259	0	0	0	0
2.873934245546586	0	0	0	0
-0.6383669535239562	0	0	0	0
-0.532783096933521	0	0	0	0
0.28456394025958787	0	0	0	0
-1.4134323832385576	0	0	0	0
1.8433180124948194	0	0	0	0
0.9352543252776186	0	0	0	0
-2.410983169212791	0	0	0	0
1.9170048119747563	0	0	0	0
-3.5338923669489617	0	0	0	0
6.114789763114715	0	0	0	0
-5.48315528587684	0	0	0	0
4.482002743725694	0	0	0	0
-4.919209208051733	0	0	0	0
2.845899837160985	0	0	0	0
1.5503865467758828	0	0	0	0
-0.45562539906637056	0	0	0	0
-4.44254409181719	0	0	0	0
5.36153553616591	0	0	0	0
-3.369721442372658	0	0	0	0
3.337841394501247	0	0	0	0
-3.4664823899614703	0	0	0	0
2.0971803639448297	0	0	0	0
-2.2295829333186816	0	0	0	0
2.753641157793105	0	0	0	0
-1.4822998274837573	0	0	0	0
0.8616505223823907	0	0	0	0
-1.5853372734110565	0	0	0	0
0.20641673329436827	0	0	0	0
2.2799540327625607	0	0	0	0
-1.7912439446282136	0	0	0	0
1.1241651907311265	0	0	0	0
-3.0383919100485173	0	0	0	0
3.8649929633477598	0	0	0	0
-2.7005568272107894	0	0	0	0
2.5367855362015064	0	0	0	0
-3.350194500934869	0	0	0	0
2.120961400361324	0	0	0	0
-0.9327388670097463	0	0	0	0
1.040509410106246	0	0	0	0
-0.51855109871439	0	0	0	0
-1.0325875538583489	0	0	0	0
-0.02554078365993462	0	0	0	0
1.8917728882716673	0	0	0	0
-0.8640654823397398	0	0	0	0
0.24491385943797894	0	0	0	0
-2.6239590990601727	0	0	0	0
3.03635249632449	0	0	0	0
-1.0851099509100237	0	0	0	0
1.2133545275749356	0	0	0	0
-2.8325218132998913	0	0	0	0
1.7929724729766932	0	0	0	0
-0.3506026023843489	0	0	0	0
1.8953744142483586	0	0	0	0
-2.864513379646276	0	0	0	0
1.0612187473540473	0	0	0	0
0.2591938662780606	0	0	0	0
-0.5130274392754401	0	0	0	0
1.5593530686465087	0	0	0	0
-1.989038157483705	0	0	0	0
1.2008006857611306	0	0	0	0
-2.1152757744192385	0	0	0	0
3.6092249114475337	0	0	0	0
-1.9343853729705103	0	0	0	0
0.6416768649604379	0	0	0	0
-3.541615025520386	0	0	0	0
4.934055753852498	0	0	0	0
-2.404470232617747	0	0	0	0
1.9254573823813317	0	0	0	0
-4.183447077667033	0	0	0	0
3.505496690710288	0	0	0	0
-0.7977815809628481	0	0	0	0
0.7047889648889978	0	0	0	0
-0.6906723515874162	0	0	0	0
-1.3183068914611695	0	0	0	0
0.835542855468475	0	0	0	0
2.9523387583458103	0	0	0	0
-4.7991009056812715	0	0	0	0
4.523935583239123	0	0	0	0
-4.5081905669458635	0	0	0	0
2.664310773785118	0	0	0	0
0.3257919886316927	0	0	0	0
-0.10868381749882161	0	0	0	0
-2.405038346153283	0	0	0	0
1.7092498650421533	0	0	0	0
0.15009707220506385	0	0	0	0
0.4598792944817518	0	0	0	0
-1.2218149179780085	0	0	0	0
-0.5275058496728278	0	0	0	0
0.4816000061821768	0	0	0	0
2.347786908414669	0	0	0	0
-3.0912052837191766	0	0	0	0
2.3932811193233334	0	0	0	0
-2.157715181598121	0	0	0	0
-0.9340387152615861	0	0	0	0
3.8410784118116723	0	0	0	0
-2.4969910635708175	0	0	0	0
1.1341788158102233	0	0	0	0
-3.0283654799172197	0	0	0	0
3.7469931867245094	0	0	0	0
-1.9198414368014483	0	0	0	0
1.6537983759280976	0	0	0	0
-3.4723036880962894	0	0	0	0
3.5624376466166865	0	0	0	0
-1.6971462793991918	0	0	0	0
2.3768597817428088	0	0	0	0
-3.758028646630848	0	0	0	0
2.1147772928366706	0	0	0	0
-0.2720310846758167	0	0	0	0
0.38642059769708936	0	0	0	0
-0.016278887101115913	0	0	0	0
0.4820616110197875	0	0	0	0
-2.7752773825884844	0	0	0	0
1.1049425509390858	0	0	0	0
-0.1506356221206886	0	0	0	0
-0.4895877840757663	0	0	0	0
2.91718227920898	0	0	0	0
