-0.056214126823093125	0.18163011953474495	-0.32682213433281504	-0.0015094154592247833	16928.138472622042
0.09331946122723878	0.49966121565338284	-1.0237216497663582	0.07848913255210732	16928.08495085986
0.4920942694401589	-0.3904575092129292	0.6939466380240304	0.6267153819756999	16928.2628639031
-0.838933367404664	-1.1744882500703469	0.6068837438350272	-0.4189872447112464	16928.02724842267
1.1516849865834686	-1.6973083768817432	-1.7581871593866936	-0.08998562209535521	16928.512961845245
-1.0616779029355286	-0.994501514712077	2.289899353670563	-0.30638858759178333	16926.89728373824
0.6333321387321149	-4.215403394617056	0.9068755271350852	-0.8944490454019274	16924.664341690164
-0.17990877762688484	-0.0603463505498496	0.42961699522972197	-1.0678211835483609	16929.470645725938
-0.2287645881573539	0.0475492033238325	0.7571863106942374	0.6502015539655872	16925.97501830377
0.4366338427885168	1.105741231332253	0.9905887047871573	0.022268796197366214	16928.030155971566
-0.7139325415370976	-0.40523121821664887	-1.8986767466319492	0.20670232251615062	16929.470713303064
0.8538761356893616	0.7278112395184806	0.04910506270059045	0.27045539416987197	16927.658935785188
-0.4006713357025973	0.5427038938112219	-1.3871329876936471	2.1493782429168107	16925.202511077354
0.11792704064430382	1.967491544508384	1.3644005126999872	-2.17758939335819	16927.63773051741
0.05716958237655234	0.46349541423532514	0.4919756660690382	-1.2338720054349182	16927.934505525915
-0.3015931736681452	-1.3003880192238668	-0.16399939706421662	0.08073120733774886	16926.510198189964
0.596936065066842	-0.13607821042242563	0.7282039896737871	-1.4819532123262888	16924.815396893406
-0.8818258524185012	0.09943821643928175	0.20613321384607275	-1.1931674579135318	16927.72056263847
0.9399313216986371	-0.12687725805210448	0.9578700635588433	-1.7164629161086538	16928.185712426115
-0.9029132649144955	-0.04989849447242989	1.6954761986166318	0.24870920332432433	16930.078103217194
0.7612137190084383	1.4489088146086573	-0.6237395128175507	-1.171718680792324	16927.615712108505
-0.38322553321051345	1.9360726325666135	-0.8008403272654334	-0.30208178640678796	16928.816896389533
0.06615105954192302	0.6380483707583338	0.1859873157858658	-1.6711116944045585	16928.743333325478
0.21734329594997348	0.7598073400352874	-0.33022773631576285	1.3616061460619733	16929.327001858783
-0.16749168932864222	0.9775091968698106	0.019138968699948578	-0.8159905534029974	16926.823569285538
0.07624057848016008	0.2570968801254949	-1.4522006128042761	-0.6398244182702513	16926.720625476046
-0.07620719089788253	-1.0785119412944155	1.339812329807458	-0.7484940272027529	16928.686000445094
0.05512442161387554	1.1586415401901249	0.0743624812864141	1.6001437268740943	16930.022437409683
-0.010282382243261168	-2.2312499440085745	1.3831558321656416	-1.4033917857767335	16924.49101265302
0.024839422547799472	0.3726978127665106	0.9343049501613194	0.2632203079345601	16926.19265934106
-0.11360125156425482	-1.3879009361965018	-0.8642157439806653	-2.7980259131979324	16927.69092254459
0.02765424337620459	0.6484928176439766	-0.1873886219104577	1.5881240283397062	16927.908502382525
-0.14489013212983792	0.5525979405398616	3.5604076242804297	-0.07538224247176117	16924.59648464271
0.15435417315291033	-0.3025250578229475	-0.14736725830334763	-0.6917366140229717	16930.55474861072
-0.13456434548412943	2.2886788011303807	0.14615867240581792	0.5153778135523766	16926.514343943472
0.20793315045862215	1.9707026655871758	1.1122532616381307	-0.1330270965925422	16928.621997947397
-0.04265229163079454	1.7205061726460045	0.1314729949375959	-0.40873843550656375	16928.491879027268
-0.036367306379219144	-0.08814643305171188	1.7653092585464663	1.1089968137180222	16930.596065494872
0.42132722763039965	-1.7916196428319537	-0.4605319323710688	0	0
-0.45696521945148305	-0.8128365305359964	0.12551166818603576	0	0
0.5768703988179595	-0.017985873987200307	0.7864068255634749	0	0
-0.5780793663870938	-0.44485266557743586	1.3930515757506328	0	0
0.5230172906987605	0.8416230152885049	4.714322849653968	0	0
-0.568976879745783	-2.8385132420944714	-0.5265661063037754	0	0
0.48610484658780706	-0.42349698972063266	1.3446879833049792	0	0
-0.5228282867801326	1.3629804841080002	0.04534618840256144	0	0
0.4804159332238669	-0.4669847785686372	0.7997282354334203	0	0
-0.30696343738996745	0.17112585968907013	0.4117888401549976	0	0
0.16475808105922596	-6.983935463173985	-0.20726229277838115	0	0
0.24259598798156645	1.5328918106171443	-3.0447416977952884	0	0
-0.7722192173793374	-1.2621162427133967	2.5132620210274155	0	0
0.9323578597687145	-0.5369620638238217	-2.3666022279022343	0	0
-0.8613882435167	0.40670734407257214	0.34817726102708946	0	0
0.5891572147899495	2.2523189293540185	0.18560468032740118	0	0
-0.5432863923896178	-0.5528542134119547	-0.6666980651084913	0	0
0.5212702083383718	1.0034133764836426	-1.2995206113562574	0	0
-0.13177276222982215	-0.1547703700444032	0.2782269987489343	0	0
-0.4246359215861162	-0.9227624101374801	1.0593343937873385	0	0
0.6337441421256855	1.1967722477995437	1.3242657112574392	0	0
-0.6162338163911869	-1.6494250223927764	1.4158139844802093	0	0
0.6497207461928696	-0.07508460340181244	-0.6024303578567469	0	0
-0.6701594085453948	0.6718469705526289	-4.392043226996947	0	0
0.5916408799013411	1.050165476257824	-0.7264787430273572	0	0
-0.5806459830654163	1.8527583473293419	-0.6534818937956715	0	0
0.3923462417441499	-0.6928447217528273	0.4891760441748545	0	0
-0.13133473370247373	-4.576279614091895	-1.729250040979096	0	0
-0.021156193521733258	2.5570303648358674	0.5837160302507414	0	0
-0.22801916864542449	-1.2549292941451213	-0.2405505724916992	0	0
0.3161763471433332	0.9265044209995565	1.7041771309507396	0	0
-0.25523080377580953	0.9581117144535014	-0.8468040625919144	0	0
0.1806895913062121	0.23902013584621074	0	0	0
-0.31407803667201506	0.27312950192921903	0	0	0
0.6450085894648439	-1.3823500425198674	0	0	0
-0.6331442547038222	-0.021438145150128207	0	0	0
0.5174153185554289	3.100860900479894	0	0	0
-0.017551368079296026	0.6375913941367415	0	0	0
-0.5459863507374294	1.7803746894090082	0	0	0
0.7209135264141509	0.8594380037440601	0	0	0
-0.5577441239194698	0.972273515636445	0	0	0
0.3710317862538375	-0.25112411023592784	0	0	0
-0.3614183416057344	1.0000874637279082	0	0	0
0.3587356036039182	4.285191208683742	0	0	0
-0.19400370579472082	0.3613171970481659	0	0	0
-0.22619356165815674	-1.1186403652027792	0	0	0
0.3531046796545638	2.196232499416361	0	0	0
-0.44434418336921055	-0.8238420975285052	0	0	0
0.34380955615282005	-2.927928586448175	0	0	0
-0.28573013818476056	-1.3170414873220793	0	0	0
0.5421412625088777	-1.4380333491865684	0	0	0
-0.736652149123131	0.44633099635566253	0	0	0
0.7269557634477835	-0.8067404910913041	0	0	0
-0.5718297758930504	-2.2811118094250844	0	0	0
0.7963802644368414	-1.006076414703756	0	0	0
-0.8865139947730185	0.7303541781936786	0	0	0
0.5298258806190788	1.5531109686636313	0	0	0
-0.18819568106911788	-0.12591947399927506	0	0	0
0.2502589984898975	0.16059078445614716	0	0	0
-0.5323993765612585	2.5101268466972613	0	0	0
0.4710233358978826	-2.4547631241642165	0	0	0
0.07157593362335746	-1.0750200309996387	0	0	0
-0.4538776589601241	-0.2982963083784824	0	0	0
0.7406437504974477	0.7158874388986973	0	0	0
-0.9250058273913453	1.3036612995409556	0	0	0
0.8903443210585493	0.7320347628335853	0	0	0
-0.6141686096054499	-0.9056665628866298	0	0	0
0.4081801280998931	-1.60913527453517	0	0	0
-0.6377194491936891	0.8500417050981568	0	0	0
0.8798463461477866	-0.9334900941970261	0	0	0
-0.7767056702051818	0.7283828319066714	0	0	0
0.6410650089915606	-0.7676536944557739	0	0	0
-0.20400701246584418	-0.08933996294614133	0	0	0
-0.03897874056047357	-0.9708664897184818	0	0	0
0.1413245162148229	-2.5435190573147466	0	0	0
-0.1687712227892817	-0.20090797114477965	0	0	0
0.4210147998778595	-0.028614511228163053	0	0	0
-0.7079261610910805	0.6007500639632539	0	0	0
0.6547979502568353	0.9926881139083576	0	0	0
-0.5029707782806341	1.8898151577326772	0	0	0
0.07626315606710676	-0.5076637793162533	0	0	0
0.21941747554051005	0.525884065570871	0	0	0
-0.2847708779812521	-3.0492266099030942	0	0	0
0.5394732463932783	-0.6411008876463882	0	0	0
-0.6722890776714792	-0.784588382412835	0	0	0
0.20702380798291387	0.7150983265427371	0	0	0
0.31744932440616935	0.5612889074470075	0	0	0
-0.45480471642415665	-2.643053837654932	0	0	0
0.36649628903268905	-1.336378914914377	0	0	0
0.20565080196696783	0.7199061943437712	0	0	0
-1.216118299075461	1.1274348317502074	0	0	0
1.8408879307997807	0.7368569172905097	0	0	0
-1.5206973145274318	-1.3566175638523674	0	0	0
0.7310619259876532	-0.9241662131858206	0	0	0
-0.32984432860059343	0.07049189229645947	0	0	0
0.424116713609223	0	0	0	0
-0.5054383242995684	0	0	0	0
0.21119611230047752	0	0	0	0
0.09068120652364797	0	0	0	0
-0.46500455775597516	0	0	0	0
0.3728938363290979	0	0	0	0
-0.5091659247123559	0	0	0	0
0.6333707894327105	0	0	0	0
-0.5898449294146957	0	0	0	0
0.34356682142266237	0	0	0	0
0.1962544693855861	0	0	0	0
-0.561061117079305	0	0	0	0
0.9386670112425506	0	0	0	0
-0.7886554728900705	0	0	0	0
0.23362281432714838	0	0	0	0
-0.2873547082631944	0	0	0	0
0.42452311602775694	0	0	0	0
-0.7607483807863886	0	0	0	0
0.8735545504446804	0	0	0	0
-0.643776794402342	0	0	0	0
0.5185172600929633	0	0	0	0
0.040179200014136995	0	0	0	0
-0.43605924767724247	0	0	0	0
0.6237179448376509	0	0	0	0
-0.1916939716811541	0	0	0	0
-0.47930228461576974	0	0	0	0
0.8460850221106284	0	0	0	0
-0.49912274300983483	0	0	0	0
0.26690412481092807	0	0	0	0
-0.04664041512975814	0	0	0	0
-0.23298409174915236	0	0	0	0
0.3935690811837418	0	0	0	0
-0.36113044759098045	0	0	0	0
0.3226499835431369	0	0	0	0
-0.7328460656106444	0	0	0	0
0.9539109513847706	0	0	0	0
-0.802201453151369	0	0	0	0
0.27509898899332086	0	0	0	0
0.21794020479888587	0	0	0	0
-0.49318466774527536	0	0	0	0
0.8071656642668827	0	0	0	0
-0.8935626295254551	0	0	0	0
0.858436390880982	0	0	0	0
-0.5265337104798604	0	0	0	0
0.26840791046542023	0	0	0	0
-0.15356037026251812	0	0	0	0
0.01715317269326988	0	0	0	0
-0.043545696597462324	0	0	0	0
0.09611625372266275	0	0	0	0
-0.17035563719081637	0	0	0	0
0.11505733386392336	0	0	0	0
-0.25155506393342364	0	0	0	0
0.2521134828941669	0	0	0	0
-0.059285586637365384	0	0	0	0
-0.41208664574335074	0	0	0	0
0.39997361319053937	0	0	0	0
-0.4238867080802464	0	0	0	0
-0.17176293027531386	0	0	0	0
0.8604817535910456	0	0	0	0
-0.8428895361578128	0	0	0	0
0.1021111830455439	0	0	0	0
0.2751844320420602	0	0	0	0
-0.6459346919486961	0	0	0	0
0.546035192651928	0	0	0	0
-0.4635479151613282	0	0	0	0
0.2998636322057209	0	0	0	0
-0.038428188703917954	0	0	0	0
0.026005192770931274	0	0	0	0
-0.03280064519696424	0	0	0	0
0.4389008196675448	0	0	0	0
-0.559265208584165	0	0	0	0
0.7708517353925401	0	0	0	0
-0.6656754288449278	0	0	0	0
0.16805120523640937	0	0	0	0
0.2848980245687045	0	0	0	0
-1.0335146869073881	0	0	0	0
1.1935058695084493	0	0	0	0
-0.9256628251638048	0	0	0	0
0.3825115597495312	0	0	0	0
-0.3086539225852647	0	0	0	0
-0.005079952293591816	0	0	0	0
0.2214028743821146	0	0	0	0
-0.5187744866849968	0	0	0	0
0.55213764630561	0	0	0	0
-0.7385718574542395	0	0	0	0
0.6006461187573038	0	0	0	0
-0.42276695495299066	0	0	0	0
0.17964407264996396	0	0	0	0
0.10542824380668492	0	0	0	0
-0.41835792309882436	0	0	0	0
0.4548868768561434	0	0	0	0
-0.3762926787455996	0	0	0	0
0.42127534304469094	0	0	0	0
-0.5815096672055375	0	0	0	0
0.12862258221372969	0	0	0	0
0.2547394001860255	0	0	0	0
-0.6000671665106267	0	0	0	0
0.41100465265794384	0	0	0	0
-0.34783116964921135	0	0	0	0
0.3202254502747053	0	0	0	0
-0.2734434650823019	0	0	0	0
0.1091532780414255	0	0	0	0
-0.31231208176890135	0	0	0	0
0.9549314854955568	0	0	0	0
-1.947477129651766	0	0	0	0
2.704947989131014	0	0	0	0
-2.2085680524521507	0	0	0	0
1.4054153821540254	0	0	0	0
-1.1980903190037964	0	0	0	0
1.1177194629928735	0	0	0	0
-0.8458451114326238	0	0	0	0
0.5376022629803998	0	0	0	0
-0.427941382979526	0	0	0	0
0.5577570954157309	0	0	0	0
-0.46651473715225933	0	0	0	0
0.4447426743259797	0	0	0	0
-0.08299355204452041	0	0	0	0
-0.11560215332132628	0	0	0	0
0.40134253967799793	0	0	0	0
-0.44771493994488054	0	0	0	0
0.5456117007092942	0	0	0	0
-0.45900326678305703	0	0	0	0
0.09065201930579292	0	0	0	0
0.004698939607528985	0	0	0	0
-0.06774974427974456	0	0	0	0
0.42707187424157667	0	0	0	0
