0.02916710234729436	1.4477752504703645	0.8670895344392164	-0.3024774988368648	16915.948578981028
-0.8203178359859464	4.942108388942572	2.5800226984253385	-1.2949833038263705	16915.29832596863
0.2958963905142227	1.4145294712563157	-4.0125083357058315	-2.97927662175276	16915.68959451235
0.3041248567016268	4.6026806113905465	-2.3821545226217893	-5.395946698972125	16915.56980482884
-0.274757003279575	-0.13729073955430238	7.1453189235864585	5.346472790312504	16915.53224550291
-0.28475007980551226	9.773155429749082	-1.3357773449363322	18.134127649399474	16916.32562302902
-0.030078227722789563	1.5405230547442414	6.960237638538231	4.721166500762166	16910.405836141024
0.8447348596704103	1.5770992155200858	6.795186484458682	-24.16854484596321	16909.310669019706
0.08755608469029141	-1.181214569185073	3.9306568324658855	12.802241796192789	16917.154126670033
-1.2748727487534026	4.001057025273916	3.4482679959392613	1.6489667840799456	16876.628194823432
1.3549627921889424	-4.684632928805939	-1.4151390937335862	11.352719309751336	16856.186926063867
-1.6754734877484907	-1.0231752228875877	-1.4137777324660163	-5.064306917804828	16868.518576929215
2.2921296350933034	7.867252430681354	-5.3396035067837175	-15.126416003917726	16842.484426963463
-2.1570358364688573	-4.58667198633259	-3.9888030427067207	8.04608586381299	16833.454319337678
0.7055417194582176	-11.115089010419716	-10.757324253924835	-11.80278910378017	16848.328126681132
0.3697935613908143	-7.484308610703216	-7.9998837011684	22.45647753201385	16850.925014184777
-0.5345392124937405	14.371069270887176	10.422647734914477	2.7204814896783063	16804.20970991898
0.3100735880485672	0.7864375407268298	9.621561477863864	9.797353480622789	16812.970188970954
-0.3109553711347246	-4.826458072186121	-3.3883478519889962	-7.111655398796984	16771.882921260654
-1.1074166450461789	2.6105410464603764	-0.871135509757039	-10.637220707854766	16789.93614214756
2.010712925025537	-0.6270898126050213	5.967749637926289	21.10903089887637	16787.179537124855
-1.9422462040422843	0.7952855145424564	-0.25185078303157127	15.244418162163427	16809.958020885813
2.6067117891564067	4.637937665506975	9.353802351846298	4.714236267196753	16787.84766556865
-3.8906904449203665	-2.6306874234230406	-5.109699118322453	11.246001378835473	16766.49591195333
3.5572043399565914	4.869497539637919	6.345257139302291	12.681484861626075	16733.604579958384
-1.8615774784630972	-5.693279353650738	2.8552240178301105	-12.091322726778358	16697.096752494348
-0.2852347730281508	-1.4672089645475808	-4.545010264651268	-12.1220858740852	16690.129138117427
1.7127150012244385	2.8896640793799335	-13.2357196423862	22.194630324406333	16712.401856489254
-3.0124400758272856	-9.71301058832664	21.16581278251779	-4.667564299565271	16659.57075565553
3.7378965682662724	-3.9382548726616164	5.61163124882377	-1.9848936362150482	16684.60259236302
-2.4238532888735733	-3.6324481872151537	-1.2705453464635355	-18.275096363364923	16696.868131848387
0.13634915826202842	1.1609959475968807	2.7594495358130757	12.951494986484633	16719.347862912127
1.5751256595216816	3.43280964614501	-6.579603509861386	-11.355582951787483	16726.29519852418
-2.4173227184200314	-4.731160148284452	-8.40827588901999	-3.005690127342703	16725.647161755405
1.884384506893717	-0.3543155703596952	10.734139425994286	7.233827372145242	16688.375760439056
-1.1376922611181683	-3.735607250947197	3.291569467875462	-2.9093641238641936	16659.283257477782
1.2803139368228145	-6.79720069898751	-3.031970129057541	-5.780513066047519	16664.19350918243
-2.104384141129813	7.265638365991549	-0.2335645285894401	10.327825811297188	16693.07986135225
1.687267155796711	3.086236598423696	3.4613563822865103	0	0
-0.8853384329139828	4.24278131631263	-9.200624606703641	0	0
0.25779043552036995	9.422201962940584	-4.696964462830181	0	0
-0.41684913314922056	-5.8030424135510685	0.5313629480538538	0	0
1.5576823957680617	5.956414638163714	10.298149215988857	0	0
-2.52425017097395	-6.964669900970719	-10.274590571557809	0	0
2.033010674197115	8.278262339824593	13.797421522044203	0	0
-1.6619094848247755	1.272740678727736	14.96700719619001	0	0
2.474761862067787	1.897948829806289	8.174006351242753	0	0
-2.8502081164148763	-4.330006030668606	-6.247473970885267	0	0
1.9361841491797023	4.949717052994721	-11.130481178607326	0	0
-1.1435605901233572	-2.49049393337566	4.113459688368664	0	0
0.9070038133814009	7.332235862245497	-6.408660282456168	0	0
-0.5774100195045335	-8.829849350973873	-8.338307309440964	0	0
0.6138963472151033	4.441041083916218	-0.6159568503516084	0	0
-1.8969802293233187	-0.9120891243395093	2.530352056288379	0	0
2.632349727306263	-5.538775526458103	4.00499525281262	0	0
-1.1504489236000666	2.3222616154416755	-4.673656074448658	0	0
-0.38617682304500534	2.0195193958837407	6.2296434919145725	0	0
0.8224313705711168	-0.33594405645835934	0.4446533372979786	0	0
-1.0323728130862335	5.118415337320201	-11.05654993369933	0	0
0.6779164606043793	5.67789070018226	0.7100583031284629	0	0
0.0009898203094849123	-3.500543416418921	16.727054917114415	0	0
0.08064760960484563	9.097927716395269	-10.181621502861645	0	0
-0.7000083066001039	-3.586042557954954	-1.9858813069744343	0	0
0.25451570207237495	5.621221502817612	1.5553127302674312	0	0
0.34690259721524086	-9.560086511301463	-0.452520602056353	0	0
-0.2711929514046858	9.571653407497642	-5.534915197880281	0	0
-0.13737342821721654	1.1179244570010027	1.4061944320528994	0	0
0.258151504735622	-1.0571890463187188	-0.6525897964593241	0	0
-0.5351518147088044	5.840030533546916	6.368333192699424	0	0
1.3541455310047397	-0.08054694674783747	-2.194039790233475	0	0
-2.7160738596519067	-2.553609158258169	0	0	0
2.788673109725501	-1.1086926797722683	0	0	0
-1.3037530236791284	0.14815674225400244	0	0	0
-0.10782051790560132	2.3631607527376985	0	0	0
1.1039403009283362	-4.24132626006368	0	0	0
-1.5348072255723935	0.023909920009522523	0	0	0
0.6577846374046104	5.1603523850796265	0	0	0
0.18253766713005604	-0.19920202764161843	0	0	0
0.3974303580962655	-4.392709935771684	0	0	0
-0.818530988588968	-5.853993816447321	0	0	0
-0.11936724811393873	1.364801047799844	0	0	0
2.351515304210352	11.526775693743637	0	0	0
-2.9825670355973486	-3.4108177561931967	0	0	0
2.5516559158443144	7.368400285524018	0	0	0
-3.094518490415304	-1.1650725647430349	0	0	0
3.491290294004834	-4.145250971388229	0	0	0
-2.537400577650196	-4.913102081691356	0	0	0
1.3030600978937557	5.361874373433565	0	0	0
0.056920290474899105	-0.9142882739143801	0	0	0
-0.7366208697589656	-9.742383027431167	0	0	0
0.681463949564872	-7.213153576374445	0	0	0
-0.5500674373463923	-1.1723415370652077	0	0	0
-0.33146563974352006	0.25115851121611854	0	0	0
1.6465533285632148	-9.920084746135842	0	0	0
-1.9093684650976925	0.6214188694042946	0	0	0
0.358902133877983	2.3641688441263895	0	0	0
1.006019974021612	9.11099007979707	0	0	0
-1.8236246748869505	1.241569024579107	0	0	0
3.5882641585337964	-3.6977404489639056	0	0	0
-4.307055284440551	-5.293938321978779	0	0	0
2.4857360440922562	4.99564839548399	0	0	0
-0.5590654524186007	-3.3873900961828483	0	0	0
0.046113111720224254	6.680556993389963	0	0	0
-0.1712761255522821	-9.16056594793291	0	0	0
0.3606833201046271	-0.07167505132634489	0	0	0
0.11503729017267972	-0.9060551533545151	0	0	0
-0.834028364668292	14.478156244751567	0	0	0
-0.13221634515034708	-8.530856955120086	0	0	0
1.4195863806350744	7.968399987287185	0	0	0
-1.4870301822409289	-10.81853815822452	0	0	0
1.0757851331155166	-7.587033288664237	0	0	0
-0.7899337834813807	-6.866630862461349	0	0	0
0.06731114669493365	-4.156155014043989	0	0	0
0.7979583795997129	0.40550210409726617	0	0	0
-1.608544606276098	-8.856871312311	0	0	0
1.470499060563398	-0.21452393337028042	0	0	0
-0.03735916009773632	-8.220737242404375	0	0	0
-1.0760079951721337	6.2165322729644785	0	0	0
0.48668032319077525	-8.505785239118126	0	0	0
0.4255233940993861	6.462121989914856	0	0	0
0.17955666496996514	8.167572646285834	0	0	0
-1.3253478663850657	-2.1507233849294636	0	0	0
0.9177984320602519	-7.70020203051282	0	0	0
-0.12930485764461963	1.043788824368363	0	0	0
0.12609278526291234	1.4057811844780304	0	0	0
-0.6401693993064583	-3.505652850767774	0	0	0
-0.15047818609205876	8.46727216937633	0	0	0
1.491771978314354	-0.12329149509156423	0	0	0
-1.548295433036543	2.877359802374251	0	0	0
0.5601724901197542	8.136582562598399	0	0	0
0.35530020602811163	-11.858391168584461	0	0	0
-1.018980190869307	0.8975000699961626	0	0	0
0.7541912804722131	-2.6720721522286155	0	0	0
-0.12289224264073795	0	0	0	0
-0.22885989728092682	0	0	0	0
-0.1998426397746016	0	0	0	0
0.042231593103281284	0	0	0	0
0.3329167222340814	0	0	0	0
-0.24872550684288797	0	0	0	0
0.78570203246624	0	0	0	0
-0.7190195076562418	0	0	0	0
0.21510489452795412	0	0	0	0
0.20302901158311926	0	0	0	0
-0.5695266800577983	0	0	0	0
1.4588706970783747	0	0	0	0
-2.002252606770611	0	0	0	0
0.9584957279852446	0	0	0	0
0.32409330821853644	0	0	0	0
-0.9516585619487046	0	0	0	0
1.3336313733164005	0	0	0	0
-0.5223199136469745	0	0	0	0
-0.4200356324914978	0	0	0	0
1.2825744109587944	0	0	0	0
-2.9178818994409994	0	0	0	0
3.8535464111579287	0	0	0	0
-3.2200505016684673	0	0	0	0
1.7868008875567654	0	0	0	0
-0.38215829356630593	0	0	0	0
0.12285032755563208	0	0	0	0
-1.4335762349293262	0	0	0	0
3.1732364981411934	0	0	0	0
-3.780070754248733	0	0	0	0
3.1265501406195213	0	0	0	0
-1.9032514624219132	0	0	0	0
1.5861477843851546	0	0	0	0
-2.243579067272229	0	0	0	0
2.169440971465974	0	0	0	0
-1.072940162009914	0	0	0	0
0.7072136557201318	0	0	0	0
-1.0289683641275573	0	0	0	0
0.35889436412693954	0	0	0	0
-1.0688482893586837	0	0	0	0
2.7525996320962705	0	0	0	0
-2.3586495186368737	0	0	0	0
0.979388368254547	0	0	0	0
-0.8789507435801696	0	0	0	0
1.4886087976100342	0	0	0	0
-0.5222036632495772	0	0	0	0
-0.13658286573836165	0	0	0	0
-1.1541529233632062	0	0	0	0
2.239580286276741	0	0	0	0
-2.1886924450394147	0	0	0	0
1.8548091878929966	0	0	0	0
-1.0621121754304923	0	0	0	0
-1.0796540040023643	0	0	0	0
1.7569649193212555	0	0	0	0
-0.23256767808914702	0	0	0	0
-0.8459954469373656	0	0	0	0
0.8409397333484918	0	0	0	0
-1.3901447499504158	0	0	0	0
1.7301268175757016	0	0	0	0
-1.4594062955754694	0	0	0	0
0.4252134323084391	0	0	0	0
0.7388756037273083	0	0	0	0
-1.078863392152023	0	0	0	0
2.041474038284356	0	0	0	0
-2.7963082826652936	0	0	0	0
1.354843850421922	0	0	0	0
0.3986799462275883	0	0	0	0
-0.896715715566998	0	0	0	0
0.8573130349213756	0	0	0	0
-1.5912738570791873	0	0	0	0
3.48381094618275	0	0	0	0
-5.019405743254808	0	0	0	0
4.500411350123301	0	0	0	0
-1.5064610024412772	0	0	0	0
-0.8781090666563713	0	0	0	0
1.5434052770273894	0	0	0	0
-2.388305891166823	0	0	0	0
2.6012705257597517	0	0	0	0
-0.3857349621050403	0	0	0	0
-2.646672590954836	0	0	0	0
3.288718105283131	0	0	0	0
-3.7775661609276128	0	0	0	0
5.444708646113085	0	0	0	0
-6.931633938842211	0	0	0	0
6.06512697796078	0	0	0	0
-3.7518045669547533	0	0	0	0
1.954735553925211	0	0	0	0
-0.6328390505574362	0	0	0	0
-0.9276138141786063	0	0	0	0
2.316070320638829	0	0	0	0
-3.578856535363464	0	0	0	0
3.558720339308941	0	0	0	0
-1.7782293806211555	0	0	0	0
0.012550253261991884	0	0	0	0
0.08793531060621262	0	0	0	0
1.3581342071092095	0	0	0	0
-1.9430352236727728	0	0	0	0
1.4460929367090642	0	0	0	0
-2.577277126275632	0	0	0	0
3.903263833550106	0	0	0	0
-3.3541072799222746	0	0	0	0
3.47964301973154	0	0	0	0
-4.666010718824843	0	0	0	0
4.0581480750331025	0	0	0	0
-2.42372163344924	0	0	0	0
0.9275877644463861	0	0	0	0
1.6586701988087427	0	0	0	0
-3.2258403278511523	0	0	0	0
3.331513178438719	0	0	0	0
-2.801130401748317	0	0	0	0
2.0738263728729436	0	0	0	0
-0.19202131255823218	0	0	0	0
-0.5417473950996836	0	0	0	0
-0.2973553281561294	0	0	0	0
1.3874607053924422	0	0	0	0
-1.383065684368951	0	0	0	0
0.5572929364993868	0	0	0	0
0.36814225996945993	0	0	0	0
0.1342169159475901	0	0	0	0
-0.8903385514815767	0	0	0	0
1.6215893057995814	0	0	0	0
-1.7196678353270443	0	0	0	0
0.43920890671274293	0	0	0	0
0.4370689054734598	0	0	0	0
-0.012372155760324688	0	0	0	0
-1.1610833066722037	0	0	0	0
1.168264725142862	0	0	0	0
