0.09894153604087563	-1.2616786125858184	1.9252414469693093	0.11157627077596999	16890.40352004102
-0.4544261429483072	-3.7847174723201533	5.993527497924262	0.06317308514587694	16890.703712008242
-2.7447012513824447	-0.45779277754066783	-3.6021019144722715	-1.6053023823558732	16889.707044930452
4.80565387068809	-1.8247721170891325	-10.391563799087677	-3.9275465490308505	16890.39224654516
-5.688291819031143	4.8416332955399355	-3.733320824796735	8.631601327512769	16891.47529435003
4.134533748730512	-2.821742959112484	-11.056823249429712	-16.10105626117874	16885.402785024417
-1.8090943199690344	0.8712906367553828	-0.059531661880711795	-0.9337110988822985	16866.00694868634
0.2837219078411337	-5.012533527016075	-3.544672498415224	0.2499167768677637	16871.584066509517
0.06645180908724058	4.158122295052287	-6.579609764749449	5.194803829162851	16878.577886422278
-0.0937493684421824	-3.956475001121433	-3.9850716063651817	0.837507044896455	16899.938705592405
0.011088019106630043	-0.26995309107616805	-5.087821169900067	-2.309863732705381	16913.499746214227
0.14470290607114578	1.5062851654969904	-5.438041636976692	6.936277118847158	16911.60299728436
-0.58073857417385	-1.6796539662090169	-7.093357994386892	-0.4567705970921594	16923.565165636708
0.053362227769525816	11.118435846615569	-4.074719857463606	11.8653588827694	16907.68746391823
1.7462358142169023	-3.69334883477363	-5.685871875345526	7.547013149873223	16874.965198327507
-2.5609089199486093	3.156337204855319	9.939152954753027	-14.399057313738282	16868.841977514276
1.9538583743344304	-3.9220577779261916	-12.500778369553942	2.4030647435399857	16902.257412022773
-1.1936101708355764	-2.762525668376007	-2.1214121637912484	18.598088205307974	16945.35425297623
0.9751736135060867	0.3662887964020598	-0.3279769739128966	-3.3149053562803203	16929.527751401623
-1.3599156277141518	-2.7801546572400255	-7.573428873574684	-7.270210047757175	16932.703732556445
1.3439779940876306	-8.876802065773653	11.975699678174777	-12.996719852896263	16952.637929139477
-0.9899480749082201	6.261667337370284	-10.017025351006737	-5.157643578942043	16959.795909210465
0.21994897924655987	-2.6720693883143483	-9.558748647303474	0.015426247413486749	16948.438238888106
1.171104338983838	2.4373157999296637	-0.1254937825586353	-0.1272508818569804	16956.36991081001
-1.461927102650911	-3.5461890434779804	-5.761966217978397	7.400835393803078	16952.748940754067
0.388710173865519	3.3391756769268923	11.015288244601763	2.6141611935507427	16954.17404193149
-0.05273110380225887	1.6242000542670212	-8.28025548735431	-13.079577370841506	16968.60671109326
1.193577070583956	-3.4467068237615237	-3.7422184002168706	15.260957386956193	16971.021506349378
-2.104419676545419	1.3858714167566077	2.9220091110561697	-8.616276169443765	17011.135317476466
0.5160267582356042	-3.02728971293228	-5.469229462136099	1.5048869554471622	17022.36378405551
0.5321651684203772	0.4321706787672639	-13.731053054433687	-2.156720458826655	17020.608122473786
0.369835244171135	1.2485569849861733	0.4303938739995914	-1.3330289530145336	16980.730854760885
-1.0016805684214916	-1.81725493943037	3.6353550059072006	-11.127575176145527	16961.647325704216
0.6950423191962258	3.9389533052849615	7.037204651919936	-5.601677771656313	16950.79078499504
0.018585937512952455	-4.309972941106771	2.4986473650273098	13.094050965723568	16937.975103014232
-0.5200810386250367	0.006611826354706807	3.952623037979066	-3.2191287930334767	16927.736067800688
1.1425777681029885	-2.4133070803047403	-1.4950563455188899	-11.484000641505503	16876.787782821295
-1.3516358276862874	6.742699371679663	-9.491616963577513	14.121907315399653	16899.11175406631
0.364454932452567	-2.400178614165	0.5509357576829785	0	0
0.9321049948663642	4.155880281137783	4.626180860987191	0	0
-0.30842369707055894	10.663115924923076	-9.29013608308341	0	0
-1.0459290516521236	-1.508711125771633	6.396210043971067	0	0
1.6822547939022243	5.287647592936523	1.6501507204934285	0	0
-1.2745541086348595	0.7217721828450436	-1.8424558401841722	0	0
0.37847444932805985	-2.172548768697709	3.8096883580338385	0	0
0.09741820873317408	1.759931292508412	-6.8207396174541515	0	0
-0.6023104550485243	-8.043588594620346	-6.015870915180187	0	0
2.048156053054285	7.502006126815218	-15.428109650551463	0	0
-3.0206245325040655	-1.087194077556937	15.761465163236693	0	0
1.969536260888141	0.7219511284312432	-13.177793188737795	0	0
0.29650718235612317	4.74780297369329	9.008599326894569	0	0
-1.0391346017873673	4.18848555514213	-5.397370207245203	0	0
0.13927335811103347	0.4104960363599872	5.208780001323262	0	0
1.3253545958505626	0.9568575923180234	-6.2536526525860126	0	0
-2.193700963970848	-4.006134466447357	-2.4630441196893145	0	0
2.363296466197248	3.7100011394447705	-1.371702312272717	0	0
-2.2686602078633555	-4.950593557642108	0.8183823591586901	0	0
1.8247470411447821	-0.44162774726659393	1.8363492824193344	0	0
-1.6487263511331776	-5.765317127122721	-0.8493725353081345	0	0
2.806562800742732	-3.286387516857282	8.135405312227604	0	0
-3.631980571096122	-5.137469093921133	-0.2626681023287887	0	0
2.770362283122843	1.9168951934939074	-5.817753214123627	0	0
-2.35278639084099	-4.637596034633589	3.5633781296085374	0	0
1.7029846487678952	8.965062393668525	0.3501584987770343	0	0
-0.0806852828195943	-8.252345802609817	-2.3906361648676864	0	0
-1.3525100798913527	0.4295498650210945	-2.204055778614105	0	0
1.3800885945051817	-0.09112184717092475	0.9087536993564669	0	0
-0.844008487607546	5.039779700569049	-0.9656066640043122	0	0
0.11797446058874783	1.0337141437678454	4.142333631195001	0	0
0.5522043327109643	-1.6122730133328673	0.9222904741135522	0	0
-1.0211456795357279	-0.5826661936148625	0	0	0
0.7198944758729411	5.030795718554991	0	0	0
0.5862336831154664	-9.417947914478837	0	0	0
-1.507043518111736	5.34966594309622	0	0	0
0.9847797702441881	-8.329349788109376	0	0	0
0.22870860500941603	12.157212090058586	0	0	0
-1.943298397261806	-0.6995633691779162	0	0	0
2.6205587282027807	2.52934287078007	0	0	0
-1.1420905036300582	-0.04624997731399105	0	0	0
0.359946468107168	2.018316867771347	0	0	0
-1.5180008115257309	1.582385021688708	0	0	0
1.5210302391790478	-0.7764344876741518	0	0	0
-0.66343207030895	-3.6201486966131284	0	0	0
0.8491737806628805	-4.70632916599827	0	0	0
-0.836149307561314	-11.225890234565654	0	0	0
-0.023750145180208904	-4.542561262786336	0	0	0
0.3901500686015922	-3.752616389612548	0	0	0
0.13741186702875297	-0.0910288609871941	0	0	0
-0.08586102465528	8.095013012992332	0	0	0
0.14129245781466437	3.6298167035464743	0	0	0
-2.188913677532483	-5.537431190135081	0	0	0
4.325054326935806	6.527761635282168	0	0	0
-3.6611114510982503	-8.452672765759488	0	0	0
2.383282180908658	17.877962879447928	0	0	0
-1.1954166348301243	-21.405470899187343	0	0	0
-0.5370225641682467	6.8681495346988655	0	0	0
1.7241666623081642	-9.506318810979053	0	0	0
-1.8838384723019246	-0.3561233557051011	0	0	0
1.7410971434245681	-2.6734910717789617	0	0	0
-1.1162857594276119	-0.8658776251840123	0	0	0
0.11985399447308254	9.022152760748135	0	0	0
0.17771620044757697	1.478146675976049	0	0	0
0.18491234342924656	1.8220640121934437	0	0	0
-0.1662746772144743	-0.9911338919260828	0	0	0
-0.2131169284229273	-1.1470875657370385	0	0	0
0.9373462417590446	1.8561039859152473	0	0	0
-1.4833558864879848	-9.630270416110669	0	0	0
2.37739091365156	8.678149740506946	0	0	0
-2.265227460567395	-4.511616773535124	0	0	0
0.9902997326312644	-0.20906949020314158	0	0	0
0.08096665927362778	1.2016023110433238	0	0	0
0.3705881040850514	-1.555141831317023	0	0	0
-0.6692443402032495	6.555346068432122	0	0	0
-0.5033487423264589	3.6753297399739466	0	0	0
0.7026677436932189	1.423966471403098	0	0	0
0.45018649302700453	3.6340606380442466	0	0	0
-0.47993155700551426	1.3742580759420022	0	0	0
-0.8237649913729044	-5.479949242777394	0	0	0
1.581565739076332	-0.9344403826572858	0	0	0
-1.3805948550544898	-0.4803675477166749	0	0	0
1.5407345682870783	-8.437643088558374	0	0	0
-0.9512674319218632	7.320179915956182	0	0	0
-1.1648152710514452	-8.43802849753014	0	0	0
2.0067263732791716	1.1880135248929946	0	0	0
-1.044134276907542	-2.4176642740693026	0	0	0
1.1191673133730333	0.45289098464221667	0	0	0
-2.2047419749400063	-2.3227296572442526	0	0	0
2.9865394670122356	7.967062634446833	0	0	0
-3.0486488726618504	1.209860443563933	0	0	0
3.3692630670458783	5.126131659604532	0	0	0
-3.1143441361197617	-7.494985899042142	0	0	0
2.3956598201619244	-1.4232239682374228	0	0	0
-1.742765373650336	-6.2273314461733165	0	0	0
0.9076475755696265	0	0	0	0
-0.36215252377079565	0	0	0	0
0.2978665001631171	0	0	0	0
-0.8246138079760783	0	0	0	0
1.586987777453281	0	0	0	0
-2.252213937728037	0	0	0	0
2.1662351674508002	0	0	0	0
-0.25039072699357945	0	0	0	0
-3.005709482684381	0	0	0	0
3.8396317558029125	0	0	0	0
-2.6536409354185793	0	0	0	0
2.5702874291119215	0	0	0	0
-2.7432490878668006	0	0	0	0
0.9876772497933501	0	0	0	0
0.5001523255712712	0	0	0	0
0.6316193631125273	0	0	0	0
-2.6007670932380194	0	0	0	0
3.4070229660553224	0	0	0	0
-3.625889134007622	0	0	0	0
3.4741753025525597	0	0	0	0
-2.7873797947487304	0	0	0	0
2.070873337534323	0	0	0	0
-1.0144437041115424	0	0	0	0
0.08293640680596326	0	0	0	0
-0.06344271769281562	0	0	0	0
1.0802078843910294	0	0	0	0
-2.1698704465893783	0	0	0	0
1.9587468258150054	0	0	0	0
-1.2806165596067984	0	0	0	0
0.41567171325493746	0	0	0	0
-0.04844758475087474	0	0	0	0
0.6814632632725903	0	0	0	0
-2.1260688447200238	0	0	0	0
2.871553639994765	0	0	0	0
-2.3070595449152123	0	0	0	0
1.9276500508842886	0	0	0	0
-1.3795076093805605	0	0	0	0
-0.03443418980732815	0	0	0	0
1.3494065473589245	0	0	0	0
-1.9850718934589153	0	0	0	0
1.5817297209868428	0	0	0	0
-0.2484293183327253	0	0	0	0
-1.4830810248956752	0	0	0	0
2.8920003639791076	0	0	0	0
-3.17376432414558	0	0	0	0
1.6927002044281707	0	0	0	0
0.47067701894034286	0	0	0	0
-1.4275894515438594	0	0	0	0
1.1236564816106238	0	0	0	0
-1.3605999480348032	0	0	0	0
1.242537529138417	0	0	0	0
1.4947794578226237	0	0	0	0
-4.195586862222825	0	0	0	0
2.58506835886876	0	0	0	0
1.1974563250363417	0	0	0	0
-2.9192889402519455	0	0	0	0
2.0574208314239257	0	0	0	0
0.2963165094920015	0	0	0	0
1.0672549783589886	0	0	0	0
0.5173208836373391	0	0	0	0
-1.4631549806383077	0	0	0	0
1.4865221790994667	0	0	0	0
-0.9018951230390115	0	0	0	0
0.21801522978460497	0	0	0	0
-0.20020631936222344	0	0	0	0
0.5371333242715153	0	0	0	0
-1.0744008904735836	0	0	0	0
0.7837311396151776	0	0	0	0
0.9602251113829539	0	0	0	0
-2.599898158785223	0	0	0	0
2.3638391793849536	0	0	0	0
-2.0757099301875215	0	0	0	0
1.8100166263408752	0	0	0	0
-1.2091009649528672	0	0	0	0
1.0237017112023779	0	0	0	0
-1.104747455672289	0	0	0	0
1.3809352372919008	0	0	0	0
-2.1366865094853225	0	0	0	0
3.0963449653892994	0	0	0	0
-2.2924614900021254	0	0	0	0
-0.4828308285329044	0	0	0	0
2.422523782826211	0	0	0	0
-2.4548649563263396	0	0	0	0
2.5700173537612514	0	0	0	0
-3.4707686442130736	0	0	0	0
4.171945649418767	0	0	0	0
-3.7220442314731272	0	0	0	0
2.570052003443223	0	0	0	0
-0.9156220102691677	0	0	0	0
-0.4239086650357251	0	0	0	0
0.6245942165381422	0	0	0	0
0.15907855549355787	0	0	0	0
-0.17285185004113401	0	0	0	0
-0.7125309537799183	0	0	0	0
1.2815350515381922	0	0	0	0
-1.0588935130989228	0	0	0	0
1.0391465819840562	0	0	0	0
-0.789309309035815	0	0	0	0
-0.48984765380124884	0	0	0	0
0.48710685921471253	0	0	0	0
0.7946285263556092	0	0	0	0
-1.5956930436138492	0	0	0	0
1.6748166062161332	0	0	0	0
-1.941827072870936	0	0	0	0
2.375169369821627	0	0	0	0
-3.0175007981855444	0	0	0	0
3.887212229012192	0	0	0	0
-2.6093875831675177	0	0	0	0
0.054426117062959634	0	0	0	0
1.3235228124126124	0	0	0	0
-1.1732817740148178	0	0	0	0
1.280677897204754	0	0	0	0
-2.093861549505071	0	0	0	0
2.001217269342966	0	0	0	0
-1.3883004916771071	0	0	0	0
1.6287643280187396	0	0	0	0
-1.62782100939355	0	0	0	0
0.4195721444730367	0	0	0	0
0.963460196525304	0	0	0	0
-1.0473192563600193	0	0	0	0
0.7655666323681913	0	0	0	0
-1.255155954913164	0	0	0	0
0.34163925400321915	0	0	0	0
-0.06339884680163266	0	0	0	0
-0.41808550144137513	0	0	0	0
1.8698835674127565	0	0	0	0
