0.1883210974530627	0.5261830218638863	-2.2062674232409876	-0.04126058087447859	17393.429969361645
-0.7032508823493302	1.6843064527971592	-6.624909799314338	0.9006723815932105	17395.26426145219
-1.1425218414317229	2.453411891181034	9.902804988073242	17.400373032670814	17396.05037536255
0.7164038640431087	-6.136777616397481	-9.023849692552446	-28.538382605265213	17390.6112904336
-0.8038830339750263	-2.110397847508196	4.425287856965355	8.217991670829463	17414.687150325994
1.0106939852756085	-2.638166843294684	7.599267210435926	33.10270998722939	17328.500529600504
0.3270683437722255	6.1647725624695795	-6.794761436214998	53.1436432564733	17298.386428830134
-1.6077021073319528	1.5069664061464323	-5.454620356938776	32.38499018114928	17306.005740696306
2.003265576576176	-3.689584941125119	37.22206272014179	-45.89216340839185	16463.83600587886
-2.794859856991323	1.4673440205406507	-24.002955490341435	45.24674181468151	16559.581104958022
3.8450905735982346	-3.3625088105362266	29.298753945941158	14.888592476972804	16790.379318044506
-4.130750294117554	-2.086188169427402	-40.8872347450541	11.614615441260653	16703.035089452802
4.240216011369085	-2.5689544008004077	27.964152673468377	18.182767147620183	16761.656765424286
-3.941881889217356	20.20720243422784	-16.556069632423828	73.90765445031325	17026.099785589016
2.339849496657685	-5.3431430992716145	19.46061320544159	-67.88081807192873	16373.343565485457
-0.6795953551039702	-6.603004174011275	-75.451517448794	44.28875002278646	16403.801738308448
0.04426121912282355	2.3203682255088083	13.953965269945854	-10.458199631925567	16704.797954293943
0.32397965627944814	-6.655436265580477	11.189797171609356	21.727946977213904	16726.163445970604
-1.1327872071667997	-11.937717867657533	-6.192248724287438	-73.2947065589299	16671.437762259946
1.899573476035215	-11.918235870853977	4.833496062692774	71.01426463835098	16803.747014553952
-1.6696942579887661	-0.20885897734117265	-9.143746073347529	-7.069329652379821	16904.911520957423
0.8638103991185275	8.388595008083485	18.24756210492238	8.351954055714074	16960.94438554522
-1.5888722597813398	1.6201851493511157	14.07697037299576	5.06708442773045	17047.555622322532
1.2039851623754672	3.1661009942820186	8.75365840647423	6.189495445036243	17275.87569692437
1.581119195156731	-1.11806867970337	0.853820440516813	49.99074369187315	17259.23840167906
-2.6444297154892666	1.6635196601845195	-18.392828420442484	-33.54920387283434	17152.58903594331
1.4867807792672352	8.631398089211551	-8.31968853483994	-6.461472130048847	16882.20674416431
-3.5435287560512663	43.814832220452146	-11.522874335723316	8.101535033583275	16858.149773306457
4.976976210998309	34.11806807710472	26.569309021693343	-2.312645645219945	16891.46247995487
-2.8806474366978847	-13.998519048280393	8.737954331729412	27.745040298911988	16977.107416673793
2.033905953697605	6.711937191650414	12.327020345977573	1.9339888535846796	16995.38271804801
-0.6313927710704661	6.836556372113954	-3.813378217586177	10.881087602666682	16926.249338426223
-1.5622526270756723	-17.20738577448148	-1.0452263243846573	-17.888672051920167	16889.062209911568
1.9683812251196642	-20.719856249634105	19.467017180771705	-19.978273042223137	16871.352773139242
-2.0807584359991154	19.73895865911566	23.494268341298536	58.896470800424865	17158.645714246562
2.8995005275683994	6.150222175850189	-2.2411709362131376	-16.919195807819563	16999.24489500405
-4.640308238366984	-2.1572675252340616	-5.501652515116433	-44.14816568991431	16801.368400623323
4.36973776026084	-2.9425551314908702	-12.20031723739973	36.80255846245349	16898.90740605169
-3.23427616695664	-4.6557445488658615	4.752497877323151	0	0
3.6051410117503764	-5.829860861143381	-13.850215216055275	0	0
-3.0222290767380926	8.620649925054401	-28.423355855908994	0	0
1.3296750270521684	-12.345369189551853	16.185779451457748	0	0
-1.1317506425592114	0.5972760291254602	1.5502491967125138	0	0
0.6897102642377675	16.076688843559623	22.981588746938172	0	0
0.753941830348829	16.30747403102309	-14.274346352647342	0	0
-1.4025041422492421	3.807524766066365	19.080077773133155	0	0
0.7125707199570428	-3.747688329667511	-2.098074315584995	0	0
-0.7770458145677352	-0.798614242355363	-12.626582442482245	0	0
1.4209663377585997	4.848281184458692	3.020882812379398	0	0
0.21040526165943163	-8.372032795603438	13.950307905553643	0	0
-2.076130573798949	1.4753073203257046	-0.2246883536643196	0	0
2.989281361640508	5.900372786021265	10.360052085950429	0	0
-2.999982967572059	-7.9186891579536365	-3.34346765997617	0	0
-2.2346437829388535	12.756500224797016	-8.679484786045577	0	0
9.350893841080975	-4.936176020919831	15.065402218330973	0	0
-7.913930709317299	-2.4072113524729133	5.843376222672916	0	0
1.084456224741615	11.058854846260168	-1.3063184850471146	0	0
1.9924449699748763	4.02147319462231	-22.024785357911128	0	0
-0.7364030433216584	8.158733408078824	22.991573487273342	0	0
-2.3669038662225006	-5.3335902262851675	5.134043467960396	0	0
5.976568440654589	5.498021189872247	6.387291996922656	0	0
-7.112585070424885	-3.8227413847044858	-6.909574148707563	0	0
5.51584233190988	-3.917658395880359	5.69247641105126	0	0
-1.2346419353514335	20.23432919513715	-4.225838723217976	0	0
-3.9339290012765815	-6.442560322797988	-0.15579376241740306	0	0
6.045950879448284	7.593971379411784	31.27160991817351	0	0
-4.49789146087322	-6.387971126068074	-12.831210866121083	0	0
1.0192201763138584	-10.141137005229183	4.1092946218785045	0	0
1.7166039579330743	13.183224039823322	-30.69975718649927	0	0
-2.4640249751650884	-12.611963647027167	15.682436612977853	0	0
1.7082950967735187	2.872171486680621	0	0	0
-1.5935020174377001	0.5681036903472219	0	0	0
2.666797577092737	2.45926349249104	0	0	0
-3.886696815215707	-4.047547798389196	0	0	0
3.441476893470991	-1.466195431112716	0	0	0
-2.57186439671959	-8.33491864907365	0	0	0
0.21036237468537422	6.010580305710803	0	0	0
4.719553388329473	-7.150016645697264	0	0	0
-6.602673977767175	14.04309993968134	0	0	0
5.4875237310478795	-8.921118924987013	0	0	0
-5.591562205974775	-3.6161845250144324	0	0	0
7.747868819933828	4.616547072699063	0	0	0
-9.240424851569507	9.247012300989951	0	0	0
7.8469361093182854	-7.388519584975938	0	0	0
-4.986518138625527	0.30662369491500385	0	0	0
2.3922601627550932	-3.2811149729163134	0	0	0
0.3145001355081902	-8.814399608844184	0	0	0
-1.7823481492659425	4.604483001910097	0	0	0
1.8900091708178053	-9.064277896844516	0	0	0
-0.8567036998415816	18.99857627584116	0	0	0
-0.9058340901761426	-9.965633617802645	0	0	0
2.1328417272073494	0.22878868015394005	0	0	0
-1.7716769069656024	1.0688485676237462	0	0	0
-1.3105155517610285	12.459088987017381	0	0	0
4.992184929378794	-1.4890021503368018	0	0	0
-6.383020714212108	-6.038154526155388	0	0	0
4.986630025739281	-9.010089675482249	0	0	0
-2.2766713389745235	1.0637917612213528	0	0	0
-0.6631342876963586	9.326173912801359	0	0	0
2.7408170544186774	-12.943268452566556	0	0	0
-2.250516498283922	-0.38498042015205414	0	0	0
0.5083936901825226	-6.983235597601158	0	0	0
0.22764291816305615	4.903108161431028	0	0	0
0.12646277131702277	3.9165381315256766	0	0	0
0.7701375781498001	2.6513538362853097	0	0	0
-2.1772924839313745	4.3725093149554795	0	0	0
2.684149271575393	0.8106508668066539	0	0	0
-3.6174885703698934	-5.983713262069756	0	0	0
2.4889354916059574	-0.9578138689789242	0	0	0
1.3285753117256078	2.393559133218922	0	0	0
-3.7605289988912176	-0.16056373268116175	0	0	0
3.1213272223013178	-4.024852964099637	0	0	0
-1.250255403732261	-1.3691887583695248	0	0	0
-0.14365548294517794	8.76163061536922	0	0	0
1.5763041116070724	-5.409061421060777	0	0	0
-2.155019283857719	-4.021048225489913	0	0	0
1.1170644184179892	17.647988364349466	0	0	0
0.5278713107968542	-10.573574534002354	0	0	0
-0.9824654045574306	11.08985034539485	0	0	0
0.6059927548639195	-4.126579968497417	0	0	0
0.18355375780841854	-8.62125364648449	0	0	0
0.4866785236351845	11.24128437412223	0	0	0
-2.9935353124260615	-9.769533863906318	0	0	0
3.8477686189580638	12.40864548247437	0	0	0
-0.8757127186426317	2.3996782171956	0	0	0
-0.7848460206116314	2.0748561440649382	0	0	0
-0.7786636704748844	5.60702799967634	0	0	0
0.3273452231611458	5.711823048786002	0	0	0
2.4014100576449806	-5.767422913853196	0	0	0
-1.8906664443963166	18.510606799880982	0	0	0
0.2888318648262711	-24.21848031939475	0	0	0
0.6455958932498405	12.381100549560905	0	0	0
-3.0491241239499445	-10.926146972799863	0	0	0
5.156349802941207	0	0	0	0
-3.1971508634911885	0	0	0	0
0.3429469720104521	0	0	0	0
-0.46178122192316806	0	0	0	0
1.0282919993672408	0	0	0	0
-0.6749738547001272	0	0	0	0
0.5643992924608767	0	0	0	0
-0.8520996392903442	0	0	0	0
0.3206086538337658	0	0	0	0
0.3838227091968065	0	0	0	0
0.4858649241944164	0	0	0	0
-1.3654025836099493	0	0	0	0
1.0894198659660432	0	0	0	0
-0.45493700009033944	0	0	0	0
0.02440362957043618	0	0	0	0
-0.05536031089012994	0	0	0	0
-0.36176599155056977	0	0	0	0
1.8072183189554565	0	0	0	0
-1.5970427987924438	0	0	0	0
-1.2647488838790295	0	0	0	0
2.1336477389155775	0	0	0	0
0.5799603042688872	0	0	0	0
-2.302598026949994	0	0	0	0
1.4141777379689415	0	0	0	0
1.2118467871958103	0	0	0	0
-3.045197885821679	0	0	0	0
3.1216611537530596	0	0	0	0
-2.5183924258032135	0	0	0	0
1.465263310459072	0	0	0	0
0.25645308613179196	0	0	0	0
-1.172072278268267	0	0	0	0
0.48410221970507195	0	0	0	0
1.4964250328552282	0	0	0	0
-2.4437871267832847	0	0	0	0
0.5148141468326699	0	0	0	0
1.8516151357895723	0	0	0	0
-2.5548249865229593	0	0	0	0
0.15890133420170827	0	0	0	0
2.3200926709073073	0	0	0	0
-2.0622690101824475	0	0	0	0
2.641204707017735	0	0	0	0
-5.842434232034321	0	0	0	0
7.024459024740814	0	0	0	0
-4.825658165986361	0	0	0	0
1.9790986538834616	0	0	0	0
-1.286029652701906	0	0	0	0
1.4498130530047035	0	0	0	0
-1.886259176653347	0	0	0	0
1.749888723312388	0	0	0	0
-1.5559949259088484	0	0	0	0
1.409510718414822	0	0	0	0
-0.776829806712378	0	0	0	0
-1.1077567137049869	0	0	0	0
3.021069724907548	0	0	0	0
-3.7300919959043313	0	0	0	0
3.4083749273082375	0	0	0	0
-2.3218551382835173	0	0	0	0
0.22089740015134396	0	0	0	0
1.9258840917265942	0	0	0	0
-2.7633926803896927	0	0	0	0
1.8511851704546203	0	0	0	0
0.7638311583131028	0	0	0	0
-3.1273575285483304	0	0	0	0
3.1694391908950337	0	0	0	0
-0.45492366946587737	0	0	0	0
-2.7290160736041926	0	0	0	0
3.523846036459652	0	0	0	0
-3.3757075372631604	0	0	0	0
4.020582622961172	0	0	0	0
-4.172885607135733	0	0	0	0
3.040502279157849	0	0	0	0
-1.8182100034767572	0	0	0	0
0.6029603650297943	0	0	0	0
0.8922982708558038	0	0	0	0
-2.0493765117108182	0	0	0	0
1.6161364602940367	0	0	0	0
-0.09753300022759248	0	0	0	0
-1.3587598312601727	0	0	0	0
1.547469932801775	0	0	0	0
-1.9262877119502022	0	0	0	0
2.781440349582738	0	0	0	0
-2.3146820611955334	0	0	0	0
0.7391882481579799	0	0	0	0
1.4468045895919985	0	0	0	0
-3.82757247254208	0	0	0	0
5.081378108360454	0	0	0	0
-4.141770810761955	0	0	0	0
2.073201015146502	0	0	0	0
-0.6859323924231262	0	0	0	0
-1.4961101673055524	0	0	0	0
3.9985557202868875	0	0	0	0
-3.6026104899095586	0	0	0	0
1.9847658051859582	0	0	0	0
-1.3387024620929253	0	0	0	0
0.03305472744891347	0	0	0	0
0.9570240160389858	0	0	0	0
-0.7543238954668823	0	0	0	0
2.6427266215248153	0	0	0	0
-6.479282843595151	0	0	0	0
6.001287273642241	0	0	0	0
-1.669832034472016	0	0	0	0
-0.7927138492436967	0	0	0	0
1.0234645133164477	0	0	0	0
-1.189795345052751	0	0	0	0
1.1717979663938678	0	0	0	0
-1.278986889814206	0	0	0	0
1.3085104773778653	0	0	0	0
-0.34151439661852123	0	0	0	0
-0.5778872293802593	0	0	0	0
-1.0344395788661345	0	0	0	0
3.0636066677936924	0	0	0	0
-2.0060290207019094	0	0	0	0
-0.8668688662025943	0	0	0	0
2.015190191820146	0	0	0	0
-1.0308002036207498	0	0	0	0
0.052727847152169716	0	0	0	0
0.21492676909087294	0	0	0	0
-0.10663785745523313	0	0	0	0
-1.1617857652004986	0	0	0	0
3.5452999458460113	0	0	0	0
-1.5504997728492285	0	0	0	0
-3.0409865721430904	0	0	0	0
1.8864486585941762	0	0	0	0
-0.3223017730796798	0	0	0	0
-1.3033630896216835	0	0	0	0
4.566252194012108	0	0	0	0
