0.10124827676251869	-1.2122047071237887	4.4055758749459955	-0.33943871649491086	17046.22530452169
0.05341031260616802	-3.073510789131454	14.366659574301522	-0.9295834539810386	17048.910153130742
1.1500672061441009	6.4685365672146915	3.442820597543232	12.010469326881164	17046.249359345766
-2.2584012292803806	-14.508261882381781	-21.42446382741764	8.070890082394712	17045.416859680277
1.2621555970619127	0.6081958627372259	17.22527148344409	-15.56040134735801	17055.53029768225
1.0123611203054992	1.7850815951597596	15.366591584700757	-1.5768695173743907	17022.716225153104
-2.3696412886482534	-8.271605403856242	-14.938829511022107	22.32064459671051	17025.437287960034
3.071184365996153	-8.037649377480271	2.8258245709520082	-60.23484675277521	16990.384668980532
-2.4557857988230793	-8.860767179359385	-4.427075160457321	3.628415319926731	17034.12416823957
0.8683810360893389	5.722262400689836	-17.291727663208903	6.873109336583923	17047.057370520495
-0.93778175743752	18.268349770943274	-10.768123463005765	25.16866992086942	17031.277009623755
0.7474047242492503	-11.031226038253962	3.5449440412206314	21.275167382232738	17052.280352883456
-0.557843952338132	2.5146591454605485	-31.579981085790266	13.567573957432828	17103.901214783284
2.887060998118095	-9.17097980995706	-6.960021080737533	-69.33588390506344	17200.811704365056
-5.31033369079033	4.557472894486537	7.71367390920021	1.9759535823154124	17083.73834411876
5.494714076877358	1.9992706109872387	5.082316887843561	55.96832635483426	17069.467859109976
-5.200167480044875	5.311761353194733	1.878960553811396	-29.061261371842235	16983.182947322835
3.654563365890901	10.07591638941512	27.81456971939069	-25.56223648278963	17023.070768473353
-0.10121422496176535	-4.8017035639506105	0.8715971714811843	-9.759454345124624	17011.71653833361
-1.876155141899261	3.2497533985639038	-26.022278746176795	1.439936376207271	17025.620606838213
-0.19421023528862236	2.7432416250171627	3.578612832576127	-7.705373418543417	17011.909321772353
2.7508563062510873	1.2638579861574257	41.116350471859775	-5.749876125391538	16981.751902212247
-3.6909375613599025	-6.4891233408032605	-23.009096981075444	12.336600123472081	17002.289726943924
3.6501875102688075	-3.8787902372847114	-17.38786456896611	8.003573012541636	16962.417890336386
-3.9435904968974143	-14.151453465265924	3.0171689581906236	-17.78940505353907	16974.042845195196
3.8342318284292674	7.7517937266468735	-32.65900079543643	17.54761384035055	16997.150217693743
-2.6948082155770905	-10.338597630256814	9.041255356717002	16.888774747050363	16885.41170272116
1.3457731037061436	2.1926128733841637	-10.548496125720689	-3.9519435607209346	16915.54114420912
-0.4007059386381471	-4.688678188576176	26.35764268539478	4.389069700229214	16914.2449905273
-1.4184363406071299	-4.426369800316358	-12.204725418157082	-26.232230795016605	16889.04445602409
3.08860330930694	7.655818356925472	-3.279708208600681	29.564355940160155	16874.776287199948
-2.559887613261914	-8.869861074838212	-4.8000723599915744	-18.82124281248052	16952.816982394757
2.2035398120679375	5.481094327950856	-14.443331257412495	-0.8958218557537094	17007.346699308935
-3.706315327340704	4.752805915015287	2.969945824297497	-14.62363334452209	16994.846232894062
3.883264600728708	6.761246726209507	-4.8836935440170635	15.889330810881944	16996.25086150728
-2.48230513840754	-15.22263189513707	-1.034316222828835	-5.686226553839035	16971.74037451133
2.2917598604167466	12.613429551965439	6.7297251303580055	-9.470514524989312	16977.45100409156
-3.1661393855932687	6.709663447975359	-6.79720617092913	18.878727290325088	17015.767002923498
3.883069717206183	-14.644381950060037	16.981923151842224	0	0
-4.181131720364668	10.373051682491223	-39.08911891122831	0	0
3.297556693979246	-7.252115575038985	14.951104730691284	0	0
-3.6199372373344048	12.09798364645905	-4.674037146700101	0	0
5.2239484052599465	-5.159755279773194	20.563901848532737	0	0
-4.623956242047392	1.9995374142608568	4.482181161989985	0	0
3.8817655175032755	18.07910551973623	-4.284785223522107	0	0
-5.285984496716026	-4.951012532382563	-3.6936610565534096	0	0
4.929304208331992	7.477598430506703	4.886956792098999	0	0
-2.1167174794188455	1.4226499727607802	-21.14274022229857	0	0
0.9022511800823239	-12.169934556301186	-9.431234613530009	0	0
-0.7798779053315315	-4.040956559075433	-14.33334291764939	0	0
-0.9746878302251716	-13.022229359672615	19.181776303987434	0	0
3.1347163719978113	5.57050407794096	-8.241939903506989	0	0
-3.426101474909615	-4.727509144102427	-2.062695764148046	0	0
2.0853000841644658	-3.1473301477055386	-28.546799918394868	0	0
-0.1173323344933408	-1.1382987172593388	4.866579763266273	0	0
-1.4216162010407416	0.3089853690307436	9.34238917033018	0	0
1.6667534707317273	-5.621739158263068	-12.394397430765807	0	0
-1.2870423764052674	3.893127927138451	11.53860613947515	0	0
0.8305707436512435	-1.750573831163507	12.647390411237495	0	0
-0.8362630204955934	-1.3266522080774976	-0.3907310319331998	0	0
-0.3835061540765068	9.592094520101313	6.235805590559366	0	0
4.950818297738522	-10.84816414259273	-1.2814883884937842	0	0
-8.613068959605094	4.46816671734679	5.4516560293735665	0	0
7.401873879538918	1.232561888372608	19.644104139909217	0	0
-4.632644187641851	-7.416166407748747	-26.192854372025238	0	0
3.1956779016814565	-3.5667761362593353	13.713411206470496	0	0
-2.2120450633734237	-1.41812180147992	-6.280441642547828	0	0
2.1096318868669783	-16.001657826923264	2.7084852863122677	0	0
-5.306603921485525	4.272468427768857	-5.065004838846761	0	0
7.675170866403462	4.300850335745864	21.694084248931972	0	0
-6.310274687302318	-7.503733130674888	0	0	0
4.177271659085228	14.206907864868576	0	0	0
-2.271516313292672	0.20423262878110648	0	0	0
0.8837246938357737	7.910322064679882	0	0	0
-2.7542120502191736	-3.69949422810884	0	0	0
4.594503133755779	11.06014532087481	0	0	0
-3.569067737912988	-2.6178696665959222	0	0	0
4.396906926218165	3.7000485561025087	0	0	0
-6.805650837710779	-2.9066637627615606	0	0	0
6.245652745675358	3.0086791815822096	0	0	0
-2.564189611229388	-10.751407561360274	0	0	0
-1.593404148424277	5.092406054437035	0	0	0
4.217879660440445	5.502339224628038	0	0	0
-2.2953609398709744	-6.257391455971224	0	0	0
-1.3658986171913128	2.058694304595754	0	0	0
1.2694972062890812	-10.480826732882235	0	0	0
0.18738990196919048	5.04975769852048	0	0	0
-0.478811248867018	5.243847347066726	0	0	0
-0.847359670466858	1.511091187041174	0	0	0
3.333491338859787	2.493468398125543	0	0	0
-3.8497929423590946	0.28943406848920006	0	0	0
3.3122727270724965	-4.330447611490804	0	0	0
-2.9342359757551506	-1.3248354037725392	0	0	0
0.16033650138120947	-3.019709567948695	0	0	0
1.908867448828211	7.794350708513306	0	0	0
-1.204018361135354	-8.448408634128121	0	0	0
0.5589273971931377	-3.2890143869864588	0	0	0
-0.5233552178157339	5.199482033480166	0	0	0
-0.3232961963650496	-0.7874713487191727	0	0	0
1.1555086170468343	-6.503835482772814	0	0	0
-0.7952563952771357	4.586489709553405	0	0	0
-1.0480020868306994	-4.048825273235671	0	0	0
2.101608449342635	-11.646861239631825	0	0	0
-0.32472150346711004	12.061240127644716	0	0	0
-1.5127702449761529	-16.48848745772986	0	0	0
3.091764624065746	0.4397398378620636	0	0	0
-4.511403071868465	1.8834585503418921	0	0	0
3.6656205767225103	6.4434574914605705	0	0	0
-1.8439571915296682	-1.003049479069638	0	0	0
1.8252466036492194	-5.165220370527173	0	0	0
-2.4805330979617892	0.29230829706568073	0	0	0
3.3039796235278445	-0.757238110771226	0	0	0
-3.2634295893433958	3.681785820465393	0	0	0
1.9122129481694046	-2.1991321373195873	0	0	0
-0.6016698194555232	5.093320888841504	0	0	0
0.6494682751647503	-9.545234375489173	0	0	0
-0.7860744764030869	11.959070492106562	0	0	0
-0.5682005701568968	-10.096871393647191	0	0	0
2.593198572767058	11.954320237407174	0	0	0
-3.622957784672259	-2.9455196343185293	0	0	0
1.6032390192822632	0.04096847926953018	0	0	0
0.8748849761265234	-1.5306489008809834	0	0	0
-1.5015053047105127	-4.878097526068679	0	0	0
1.5110657530523994	-11.058003035887417	0	0	0
-1.4141619424810443	8.27149506847384	0	0	0
0.38256008388228224	-2.718416071054655	0	0	0
-0.04577471030091118	2.104908252097303	0	0	0
1.1869229341356302	3.157852561626889	0	0	0
-3.106301189440771	3.4875942873590304	0	0	0
4.005018930516293	-3.581549848446741	0	0	0
-2.9725728858786127	3.7372848552025317	0	0	0
2.2298063322863158	-6.794618689369585	0	0	0
-2.978038634996942	-1.0645044089999587	0	0	0
4.01685128376527	0	0	0	0
-4.238059172798614	0	0	0	0
3.7117532563478335	0	0	0	0
-2.3222748139242526	0	0	0	0
2.4105953336294874	0	0	0	0
-5.076770937288039	0	0	0	0
7.406417584552436	0	0	0	0
-6.742962882627786	0	0	0	0
3.86909946628883	0	0	0	0
-1.926986698236739	0	0	0	0
0.7126903538232412	0	0	0	0
0.9914734275635908	0	0	0	0
-0.7801240505059894	0	0	0	0
-0.5741650933235292	0	0	0	0
0.47564893074968495	0	0	0	0
0.925157362148596	0	0	0	0
-4.390423531476841	0	0	0	0
6.504323086554827	0	0	0	0
-4.9143188387451815	0	0	0	0
2.7960417107594893	0	0	0	0
-2.215048225799549	0	0	0	0
2.156403687356132	0	0	0	0
-1.996948959751279	0	0	0	0
2.571761828278447	0	0	0	0
-2.706480470471547	0	0	0	0
1.132146452336798	0	0	0	0
1.1629536521859123	0	0	0	0
-1.5630172951322123	0	0	0	0
0.9983658830423465	0	0	0	0
-0.49271532427159315	0	0	0	0
-0.5228526596891712	0	0	0	0
0.30073798648071204	0	0	0	0
1.497264365139685	0	0	0	0
-1.9305948403830087	0	0	0	0
0.5954434280512189	0	0	0	0
0.17866746126034627	0	0	0	0
0.1641698665118554	0	0	0	0
-0.7515499750540329	0	0	0	0
0.19074605814379453	0	0	0	0
0.042966169232791174	0	0	0	0
-0.09228331663564404	0	0	0	0
0.308675464014442	0	0	0	0
-0.4347144011534567	0	0	0	0
0.48152928339382584	0	0	0	0
-0.18167948039720727	0	0	0	0
-0.15677053911951333	0	0	0	0
0.9574177415568812	0	0	0	0
-2.597907812981454	0	0	0	0
2.1997281919525875	0	0	0	0
-0.7643090936772126	0	0	0	0
1.6400631924122706	0	0	0	0
-3.723705483216982	0	0	0	0
3.4437101692867884	0	0	0	0
-1.2058255204483928	0	0	0	0
0.4468498285588254	0	0	0	0
-1.3308457331818104	0	0	0	0
1.7058799310590658	0	0	0	0
-1.650978711760537	0	0	0	0
2.3302646505751454	0	0	0	0
-1.8709156425503366	0	0	0	0
0.718158578242523	0	0	0	0
-0.6150849362039565	0	0	0	0
0.37303989198367304	0	0	0	0
-0.33320412846003933	0	0	0	0
1.176717729582606	0	0	0	0
-1.0757487020531968	0	0	0	0
0.09618887352444716	0	0	0	0
0.40126170197984123	0	0	0	0
0.3561381519284694	0	0	0	0
-1.8687836535263074	0	0	0	0
2.882484368513019	0	0	0	0
-1.2039300191985731	0	0	0	0
-2.9137829035854566	0	0	0	0
4.597049906768987	0	0	0	0
-1.37082186094176	0	0	0	0
-2.1879649228669606	0	0	0	0
2.597037318863734	0	0	0	0
-1.770993252880956	0	0	0	0
1.7897270261195573	0	0	0	0
-1.468529026371833	0	0	0	0
0.9830603288793824	0	0	0	0
-0.4866925625945413	0	0	0	0
-0.31107213195384276	0	0	0	0
1.0241786740947774	0	0	0	0
-1.1049706075028638	0	0	0	0
1.3856853191106353	0	0	0	0
-1.0304157602138844	0	0	0	0
0.6815646246818403	0	0	0	0
-0.7359020510899583	0	0	0	0
0.8954738270756408	0	0	0	0
-1.5431103829136603	0	0	0	0
1.9125034920372386	0	0	0	0
-0.6468311178163972	0	0	0	0
0.27979979740388927	0	0	0	0
-1.5532865009347674	0	0	0	0
1.6543374943067093	0	0	0	0
-0.2841147545769047	0	0	0	0
0.8145781723751924	0	0	0	0
-2.6802689933093546	0	0	0	0
2.2373358659896425	0	0	0	0
-0.45686160912583773	0	0	0	0
0.9824351308949062	0	0	0	0
-3.0644243584787603	0	0	0	0
3.660180458811027	0	0	0	0
-3.0427954941935837	0	0	0	0
2.52191428476236	0	0	0	0
-2.021835988123925	0	0	0	0
1.672110790116001	0	0	0	0
-1.2048952474463661	0	0	0	0
0.403708776420153	0	0	0	0
0.03551839784920219	0	0	0	0
-1.114130603158344	0	0	0	0
3.0958773390838203	0	0	0	0
-3.58249614847589	0	0	0	0
1.7743583628913981	0	0	0	0
-0.22760252337189968	0	0	0	0
-0.4025357677290984	0	0	0	0
1.1000958074769827	0	0	0	0
-0.8417690586119235	0	0	0	0
0.3193651839997642	0	0	0	0
-0.38916833118221916	0	0	0	0
0.6978222135328451	0	0	0	0
-0.1806293808432784	0	0	0	0
0.2631308993699193	0	0	0	0
-0.2855059209505839	0	0	0	0
-0.40070672290570997	0	0	0	0
