-0.06851868846545983	0.10806201891406886	-1.6998144112643416	0.12986365298901603	16904.62531841662
0.04226114650407453	0.07822527061106399	-5.390933465384563	0.561944650467538	16904.314662726083
0.18447724749552208	-1.2157879635191762	0.8513244863807188	0.5855725226089419	16905.273225685516
0.16338854032878203	4.2649922435651035	2.6462031619739577	0.41126170057968636	16904.641263549212
0.09431176743630232	-2.2145517300824196	-0.5534742553069805	-1.597991412701333	16904.225600174723
-0.8052953010038664	-0.9447352546781715	-0.12278882962851867	-2.285442446850965	16905.669523960227
0.62321708737705	-2.0126949265329372	-0.45632581128266736	3.062719509436576	16904.423842912627
0.0018644687385460657	2.025402753611054	1.9855094039293988	1.1275501027662926	16903.082562445732
0.23832860899211994	-0.7153923481697007	3.0687432251904454	-0.19960342428366573	16901.703898818185
-0.6080767526177056	-0.8909575877381002	-0.0527805420556291	-1.695385821082553	16903.210175817
0.03538184497782737	2.2102675983486293	-0.3812363697771701	-1.6971708048668717	16902.982776338926
0.6317590649187252	-0.48525414968435143	-0.17610235956759368	-4.17611953670513	16905.269848771397
-0.4360830010976571	-1.5487594115970538	1.6663515603814858	1.4075555746933475	16901.824787179896
0.34501745986771226	0.6954160746224431	-4.24451337114067	-5.050341759298092	16905.350584563173
-0.6445200160810174	0.05949899260919267	-2.429098969758769	1.3464955026345393	16905.295279891612
1.0362600550353775	-0.5079596551396577	2.4392121886986473	-0.208673213856585	16905.268353711526
-1.0868006133658952	0.32860492471151304	1.1989412111525155	0.1703424746442721	16906.210455577708
1.6025366259019194	1.0248144319831383	1.6930235480751747	1.366781202108001	16907.24281154261
-1.528530112263283	-1.6981228737496608	-0.5528057427184336	2.747439477324818	16904.61199740002
0.5831792377133311	1.7362332682664672	2.1839170566605475	3.2033877737012943	16906.92205569699
-0.28143088120629045	0.41038498812454094	-3.588679291701524	0.3879252682864234	16904.11029566654
0.6427858972196603	-1.023787421230395	0.572609887189941	-0.10414849964807615	16900.40974148836
-0.595187847985656	1.2750240201636274	-2.6244982147775033	2.486278608136587	16904.615866396303
0.24333460494292325	-1.1850872748516963	3.002223662092149	0.7908519232050111	16901.097482835117
-0.24561626091523436	-0.06483305646389681	1.744367996544284	-1.1526245310270582	16901.752241968294
0.6305345557443687	-1.4153412665455036	0.7750964346882512	0.43181801659216035	16902.83006749325
-0.8022054099826192	-1.03752452893265	-0.11992162289732278	1.2376186575200592	16899.85672434768
1.0154985357244044	3.3214564047387896	0.0864016391262652	-5.078209346723554	16899.491282982377
-1.4328383315104034	-2.1184753419480558	3.990465815226983	0.35234177025935765	16903.767086342854
1.6129232772770834	1.0558882473911808	-0.5407270161713882	1.5420467593787208	16901.280574538167
-1.4358102586780106	1.9053734415899797	-0.6071701734145307	-1.5340167379199983	16901.32255110042
1.4713085944863664	0.43271239102445236	3.6262613041360083	-2.7403939584369255	16899.83210689307
-0.908120506457422	1.3542005551938203	2.2081765264016013	-2.3787847131633555	16900.78155226628
-0.09910198761290445	0.8409670759686563	-2.367235222872708	-0.053663346589303274	16900.39969523561
0.16143177717307822	1.3164040667913923	1.4258467787857683	0.20502583413838238	16896.938006043503
0.551004798708469	-1.961220266076424	2.417241747185969	-0.341442334412946	16893.0114161035
-0.7626300571627382	-2.2783460206410453	-0.6577432229290423	0.009875543876674442	16902.139592910666
0.4335171608206352	-2.063593816200047	-3.0537962938649628	0.9773696613661116	16906.242453267667
-0.5645080668156552	-2.126092027233909	-0.5472792086121672	0	0
0.7930224562784787	-0.1344801082683631	0.5186301865120981	0	0
-0.49386509880184803	1.8791705143639987	0.16852822068398154	0	0
0.8383299249064109	-4.776057552390888	-0.5225235304538955	0	0
-0.7652833044324723	0.32014916081332956	-2.724074065528299	0	0
0.003484679060797191	2.024785467111755	2.770221139880803	0	0
0.7296360809124707	1.49052358134238	-0.5618509436624208	0	0
-0.5389406697273174	-1.3251421114963904	1.0384233398124252	0	0
0.4233131333278024	1.815071092960899	-1.2360818986206539	0	0
-0.3939683997726249	0.46848479519234587	-2.576691078083158	0	0
-0.27398128566495217	-0.34503607632810684	0.18076507412293097	0	0
0.8254824891437025	-0.4062789629517738	-0.3586807280633053	0	0
-0.917773120712539	1.985468520957646	2.636160109804223	0	0
0.970469730846041	-1.7382290220367622	-3.0368013166009007	0	0
-1.1425635735891504	1.1372804149056392	0.7643626692727423	0	0
0.7773717703494611	-1.1716087503941708	1.0176943725085437	0	0
-0.29725088479547424	2.8693978557441184	-2.797211119853131	0	0
0.6734000760480683	1.194363771245591	3.5231024927859522	0	0
-0.9718362372017282	-0.5266841752819502	-0.5432644552153647	0	0
0.686995509843932	2.791201807439066	-1.0734669860290182	0	0
-0.31669575296609054	-2.2380119646373586	-0.5277106879473479	0	0
0.4719011779366795	-1.0934858240715855	-2.689001085233869	0	0
-0.3538308619707493	2.1413608051936492	-1.3578000394225427	0	0
0.20017386971544937	0.22337305811615238	2.363525443935629	0	0
-0.2872518057887561	-0.001020269300809673	-3.935677397954464	0	0
0.22045610993752973	-2.047913470850304	-0.8108640174385471	0	0
0.2804066501581275	-0.6189513061219358	0.11977397131906287	0	0
-0.539839906320779	0.103123114794613	1.1233016575294528	0	0
0.1759732307793982	1.6974674749677234	-0.5299007370565079	0	0
-0.32650824023436087	-2.193187999089922	0.24295987670534203	0	0
0.6898199712236419	0.5988848266208677	-1.2107114160728827	0	0
-0.2968625892633341	-2.647850150774964	0.46411097096124365	0	0
-0.38143886449555	-0.37721461504515474	0	0	0
0.26685949649395013	-1.9002122395568364	0	0	0
-0.7272926162706383	-0.11349327431632616	0	0	0
1.4001659987732467	0.07609049088416242	0	0	0
-1.843872650680673	-0.2841502306713153	0	0	0
1.9127390691474986	-0.7852147654410118	0	0	0
-2.389251861082421	3.080420447859723	0	0	0
2.1842937431964558	-0.4139679285544773	0	0	0
-1.0461245454928019	0.3941437418746787	0	0	0
0.14381592314151703	-0.8387500714321803	0	0	0
-0.5162557378415045	-2.365109916144732	0	0	0
0.4838341609585868	1.1404492994916708	0	0	0
0.2090978705406954	1.2288992016459233	0	0	0
-0.35495093675847045	0.31444274007278494	0	0	0
0.5951014816732112	-0.5198452484887213	0	0	0
-1.1012547431097985	-1.0175181517399778	0	0	0
1.0712030057155815	-0.4993191601634379	0	0	0
-0.6537747938724152	2.748219472853826	0	0	0
0.5955855091266073	-0.9150334385753851	0	0	0
-0.37279455881046886	0.4962437819766734	0	0	0
-0.11071406222939828	-1.1196737956071559	0	0	0
0.209845532294068	4.024587904124992	0	0	0
0.14469862518581067	2.316188556224816	0	0	0
-0.09122506200024816	1.4429907395214983	0	0	0
-0.16654944668562166	-3.1691510102786253	0	0	0
-0.10322144456211646	0.7735215991055142	0	0	0
0.49868674344770625	-0.5905840521989063	0	0	0
-0.07046202913537769	1.5847432137998467	0	0	0
0.0759223202183108	0.3961245592382667	0	0	0
-0.42722896293593493	2.927761250657639	0	0	0
0.2765867581980359	-0.5846396853521085	0	0	0
0.24157969424148007	0.12562235378810982	0	0	0
-0.1563691898777293	-0.42424583860021414	0	0	0
-0.27641448336393637	-0.8965585884820726	0	0	0
0.1850903838192295	-0.1768831695118962	0	0	0
0.38319093695089634	1.1141662883036503	0	0	0
0.02493888993691229	-0.5783141632112105	0	0	0
-0.6976799608245869	2.081449212429604	0	0	0
0.8474949687986566	0.4448708546741784	0	0	0
-0.925981384858396	-0.25882216566682104	0	0	0
0.7222592490903494	-0.7216071107258131	0	0	0
0.2748346378209092	0.9156912309495482	0	0	0
-0.4913458222264211	-1.5065900150960303	0	0	0
0.10451791893673601	1.6269467521655088	0	0	0
-0.37580979053099384	1.2584666424344704	0	0	0
0.9540693732801842	2.0162219852490537	0	0	0
-1.2982931009606702	0.9740444625216185	0	0	0
1.3384046959713771	-2.199809984673763	0	0	0
-1.7599682654198645	1.5325070567146	0	0	0
1.2310329709303929	2.347949114095641	0	0	0
-0.07972985739191785	-1.1246316256379316	0	0	0
-0.13680148855917906	1.5084056414457905	0	0	0
-0.10280244789196047	-5.311837051577314	0	0	0
-0.09331725501115073	3.8598683975352657	0	0	0
0.13217314238200117	-1.2765614876505254	0	0	0
0.34104976673152265	2.5380836127707838	0	0	0
-0.4776705111533559	1.6754607605303349	0	0	0
0.10539493155054203	0.3078027288755578	0	0	0
-0.37220217032157876	0.8809763681147942	0	0	0
0.6714382930794045	1.4212876096227944	0	0	0
-0.3261052866793932	-2.1782121271779076	0	0	0
-0.3496312788882676	-0.28235769293375057	0	0	0
0.0751055432113148	-0.7967282179161543	0	0	0
-0.022395369984415936	0	0	0	0
0.6118171653867108	0	0	0	0
-0.8425996946255054	0	0	0	0
0.5439107850510112	0	0	0	0
-0.3029580758128674	0	0	0	0
0.18983022604246713	0	0	0	0
0.286676426442817	0	0	0	0
-0.5406345723410411	0	0	0	0
0.450263329124617	0	0	0	0
-0.6876253043346381	0	0	0	0
1.2480611416612888	0	0	0	0
-0.9802445146992866	0	0	0	0
0.40346521854048945	0	0	0	0
-0.24399119224197108	0	0	0	0
0.12862853477847125	0	0	0	0
-0.4687392919631961	0	0	0	0
1.238178116679265	0	0	0	0
-1.6391023917410408	0	0	0	0
1.0527142867368369	0	0	0	0
-0.2858709639488808	0	0	0	0
0.012787242520829523	0	0	0	0
0.7878273683697472	0	0	0	0
-1.9054441105840496	0	0	0	0
1.8846304663254685	0	0	0	0
-1.3671246833344597	0	0	0	0
0.9662345762149442	0	0	0	0
-0.4489876664553094	0	0	0	0
-0.05131863261273395	0	0	0	0
-0.44555062583511784	0	0	0	0
1.0045403068941923	0	0	0	0
-0.5143728299178747	0	0	0	0
-0.08727936828807259	0	0	0	0
0.026801976394246196	0	0	0	0
-0.36844788313892707	0	0	0	0
0.908398325312703	0	0	0	0
-1.123782824710453	0	0	0	0
0.9765747283963293	0	0	0	0
-1.092705729421887	0	0	0	0
0.5322465997488877	0	0	0	0
0.8337365723258685	0	0	0	0
-1.3340724869767087	0	0	0	0
0.6976753407998189	0	0	0	0
-0.12107592739024398	0	0	0	0
-0.1594966287387436	0	0	0	0
0.8249016151687343	0	0	0	0
-1.2764558195317193	0	0	0	0
1.277685086759078	0	0	0	0
-0.8343293130198077	0	0	0	0
0.3677519101506945	0	0	0	0
0.3931530946237203	0	0	0	0
-0.44064842816447225	0	0	0	0
-0.2509400651099014	0	0	0	0
0.8084760646065163	0	0	0	0
-0.7955142248451637	0	0	0	0
1.0522610694202754	0	0	0	0
-1.1505404006239885	0	0	0	0
0.30229484650272553	0	0	0	0
0.24085245560453217	0	0	0	0
-0.04515270913180558	0	0	0	0
0.2143399800816681	0	0	0	0
-0.38065387076999	0	0	0	0
-0.1380786611709368	0	0	0	0
0.7943681312170057	0	0	0	0
-0.659127296015896	0	0	0	0
0.009958063982622889	0	0	0	0
-0.19804273776209413	0	0	0	0
0.3221736640556614	0	0	0	0
-0.05391305241448663	0	0	0	0
-0.17452829149988958	0	0	0	0
0.235414191397183	0	0	0	0
-0.7114546289571209	0	0	0	0
1.140177371180414	0	0	0	0
-0.5296413944764211	0	0	0	0
0.104396259356065	0	0	0	0
-0.2626117252910447	0	0	0	0
-0.21128458729591415	0	0	0	0
0.8196556682947431	0	0	0	0
-1.0328020748232802	0	0	0	0
1.0157944876621698	0	0	0	0
-1.2760493199450025	0	0	0	0
0.6048399003481038	0	0	0	0
-0.09745313654821786	0	0	0	0
0.008499255005425255	0	0	0	0
-0.21759861129217484	0	0	0	0
-0.03306164653551491	0	0	0	0
0.11013369452929567	0	0	0	0
0.2361090774999468	0	0	0	0
0.03461749656612767	0	0	0	0
-0.7666124449409111	0	0	0	0
0.5245618121129567	0	0	0	0
0.15353787756638582	0	0	0	0
-0.10208776898583238	0	0	0	0
0.20270459918405948	0	0	0	0
-0.5504975944279877	0	0	0	0
0.5156667255671223	0	0	0	0
-0.11423301856320478	0	0	0	0
-0.01549485276224516	0	0	0	0
0.35771354412154466	0	0	0	0
-0.8446065208028699	0	0	0	0
0.7627514816477543	0	0	0	0
-0.14649269963880585	0	0	0	0
-0.05355492877553303	0	0	0	0
0.08320153094314264	0	0	0	0
-0.5542381786406736	0	0	0	0
0.8860661138195596	0	0	0	0
-0.6643992249044004	0	0	0	0
0.6318056152127127	0	0	0	0
-0.44908465202892245	0	0	0	0
-0.03820412813880836	0	0	0	0
0.06329851967485212	0	0	0	0
1.0157706182965924	0	0	0	0
-1.2686189337849	0	0	0	0
0.3622185506999287	0	0	0	0
-0.30272673609842116	0	0	0	0
1.2151508370838044	0	0	0	0
-1.3149607314473428	0	0	0	0
0.7999026000038398	0	0	0	0
-0.70158351002204	0	0	0	0
0.5041224876530208	0	0	0	0
0.22187801578639466	0	0	0	0
-0.0707456947819125	0	0	0	0
-0.38822722685675615	0	0	0	0
0.2751069261471244	0	0	0	0
-0.009898813536764806	0	0	0	0
-0.2613744784688947	0	0	0	0
0.5963798897513399	0	0	0	0
