0.09864109754261108	6.2301300184708595	5.327465203013077	-1.6753718457554214	17179.2408896969
-1.3960011998357231	21.505331041255346	16.74506486191055	-5.872901158722215	17178.997131399512
8.198008725681113	11.449011095855653	-4.08860452068113	-2.048118052987803	17177.639963746224
-9.4572370126619	-3.420051598608694	-3.880540243013627	-12.989602387630526	17177.639425368943
7.269543419678769	-1.6954232390046968	2.5253305714200422	-4.8261298584919246	17182.499441028962
-4.651957880351645	5.472024307953561	-25.87541324721043	-12.87742469299451	17167.72504525926
2.2859496448461982	6.794609568034474	23.715830910756964	11.325467696353257	17065.879768308772
0.13167669885002908	5.559424043196302	10.517168156860464	16.24585609346005	17198.459482285034
-2.391030960659087	-13.519067536592146	-7.00019560882933	41.57968041094554	17237.445129351625
4.003162498187251	-4.497327812563256	12.343248920279308	-10.720462351192168	17341.974945802678
-4.779642124796425	-6.4487633858920645	12.905065519296713	3.9507722819022035	17334.788915092493
4.807306771702478	-5.510739429935178	-19.992960868266053	20.7466888480794	17165.154485933926
-3.1292795005142864	2.290270709217836	10.607645754175607	8.845101315814432	17021.32976543912
-0.6265112623723539	-4.817599247101555	-5.486074444503515	-38.98511323693691	17032.974705656765
2.7843805010995055	0.8839996832613224	-3.7148159789183524	19.455998664848963	17043.363792546887
-2.121017502438761	0.6351741453131723	-29.089618809811796	-19.369874652651177	17097.586579987328
1.8057828875460658	-3.813598088855457	23.783655435914653	52.95923277125742	17008.51290761675
-2.003469126914652	2.554965546513074	1.7122751602185105	-51.630750169879846	16876.732520914313
1.5035194056037184	15.733311652024042	29.56103973109238	74.97965672803713	16954.42606516671
-2.6539046227047294	-7.000381211044655	-16.845937808222047	-70.4570672325163	16778.93470100775
4.052883435020171	8.69410390371425	23.22195150392615	52.44768403937579	17015.890824991424
-3.1754897639533155	3.2209124326065535	-7.152097394058202	21.18263260111749	17060.648400028284
2.070231121375514	0.8431795496610874	12.999564924639344	-22.54653401859295	16736.644427318413
-2.2095843579678203	-3.2106196568621215	-15.837253068162369	-16.61962408870386	16627.977710212217
1.8953487344153217	15.404985818717662	2.223783558454798	29.51468482642568	16563.1819223291
-0.8877830504775872	-3.942321717087168	19.57158888952479	-54.79919847416413	16516.956490484175
0.9485523706838563	6.355893825367573	-4.969898328309853	70.08923429841829	16662.975950208067
-2.177358401091439	2.25129617627897	12.575590743802778	26.02656078298375	16801.346003210827
3.084079052641833	-23.95654959389671	-15.703739930555429	-19.933350050602172	16753.77292906398
-2.350319415890567	-0.6750553745653463	10.257839029811137	1.738215326812906	16632.104409692
1.1972387260429826	-7.686233927783363	-4.05046936553714	-34.039186204983494	16438.215231758837
-0.5400109792335925	0.6234211250722268	22.732235039206955	70.36801398557125	16441.515535899736
-0.09056884916044794	-6.650661467821166	-33.55003450290606	3.149170203119695	16377.094670295857
0.3073661179041096	0.06404596677546692	-25.9655680972063	-32.208963179652216	16289.987911340402
1.4711612393851397	-12.444670406880888	-8.880142730749824	-23.02943547457332	16138.779189146597
-3.8498405301114857	2.3655250564586296	-3.9440824297793853	8.022610025108662	16190.786318336599
4.237266488907579	-0.999750115638598	2.489185491594057	29.939150846703	16202.044095108076
-4.690555114667042	6.773491764904591	-10.362342289815516	20.797007112098683	16106.315179110255
6.533803158104895	-9.798760030297885	5.201150781110385	0	0
-7.9781414304379865	4.933776205767522	-11.09189333733201	0	0
9.260951265223468	0.8932520096573882	27.54263763159166	0	0
-9.363076068707542	-13.075022574807285	-14.130230962772416	0	0
7.356442761335238	1.8928782182806785	-25.31175350400852	0	0
-4.511554675989437	15.958177520534733	-16.946147615437198	0	0
1.8629220783806701	-7.807978832728679	-2.971912659583495	0	0
0.0341920652588783	7.940092666784906	7.377625146972122	0	0
1.1369560848086806	-14.601366642584168	-25.172832105980973	0	0
-2.6983692880007695	3.7483095630248755	-16.131743476015572	0	0
2.087794554126468	-3.6150945768323552	-27.497044274618588	0	0
-0.8320492175178984	9.028996811425202	5.505774848316122	0	0
0.3985489491125733	-5.2026159926833415	-51.75753931348086	0	0
-1.4012083547081744	1.2835382590162467	7.946983808334565	0	0
2.5658558255104538	-10.90018465536047	1.468509261701925	0	0
-3.766513107666782	9.027200435544621	-28.727621968131857	0	0
3.3191146465823635	0.6034796777664226	28.413433018858868	0	0
-0.2572397417271759	-3.1429587003578163	33.978106309078484	0	0
-1.8816164367206056	-8.001488787095937	-10.43022633295729	0	0
1.9250998742591605	7.16242930493204	-0.4099444807025918	0	0
-2.436214991702805	-27.023737384993836	0.4802788613124278	0	0
2.43435318658166	7.6175745218736495	6.4112909022829285	0	0
-1.1633687641617314	9.465129686457537	-20.06289405216144	0	0
0.13379482364261008	4.580468351349502	19.530759566606875	0	0
-0.46631313843271016	28.47225485676165	6.291655056746251	0	0
0.014296204805027912	-31.031805054908062	-7.105943897226297	0	0
1.989186037884906	28.07941114490982	-0.9299869345834253	0	0
-2.0226897876953416	-6.347513081154581	10.96493776476693	0	0
0.16852298947258504	14.989125510905424	-1.120305348803683	0	0
-0.3886779422574165	17.170225323764484	-1.4413809417502677	0	0
2.0583691974779796	1.3811716288388425	-8.919688666372153	0	0
-3.2112422945625667	-6.172031653273493	2.8362896341054977	0	0
2.4947772962667116	7.039449796625277	0	0	0
-1.314426106572192	6.494329945706895	0	0	0
1.6357771349154575	5.82492789804008	0	0	0
-1.4342757557745358	2.238302799704286	0	0	0
-0.8580421581529265	-9.76782702723041	0	0	0
1.3677125289233345	20.11130174279124	0	0	0
-0.28369978942897944	7.31153341068061	0	0	0
-0.6997727816719816	3.26068619196149	0	0	0
2.1804458321121203	-3.026500789475641	0	0	0
-3.1923995397760976	3.025862476554458	0	0	0
1.3918142462269856	22.17468209641528	0	0	0
2.5707077574888473	-9.484845178577118	0	0	0
-5.398757659664156	1.3764842906023276	0	0	0
5.12967391452252	6.155228882560898	0	0	0
-1.9658835022691932	0.14640841260697357	0	0	0
-2.2914928883522805	13.256499351254668	0	0	0
3.4863170084649298	4.229804530511927	0	0	0
-2.3580257359651355	6.996033426387697	0	0	0
1.7149589069876328	17.909420250661967	0	0	0
-2.3499989830393417	-10.546884691050039	0	0	0
1.3377749948340636	18.717239623092517	0	0	0
0.39941499876322695	-10.377718613313995	0	0	0
-0.3945657585119591	7.662670490255898	0	0	0
0.11388608829362568	-4.32757778463035	0	0	0
-1.8850968498724328	8.60790020571563	0	0	0
2.3382231537839573	5.319270494308718	0	0	0
-0.49497946423350214	1.409115394722356	0	0	0
-1.7757468021292624	-3.1327640341379066	0	0	0
2.335405307637224	-5.001975862762542	0	0	0
-3.1683090497607864	2.3800600763007154	0	0	0
4.352312102981543	1.2986215349809171	0	0	0
-3.188402402112523	13.655218706023525	0	0	0
0.005606873027133474	-2.2629835688943487	0	0	0
1.2926632623112368	-10.55319492204125	0	0	0
-0.24974198694552285	-15.02709068229678	0	0	0
-2.1406947140898325	18.527763316443355	0	0	0
4.674083803961793	2.8812192724828734	0	0	0
-5.5412066544075955	2.51267151011659	0	0	0
5.735377932854462	-4.3589650322942575	0	0	0
-5.832985613301986	11.615918021518056	0	0	0
5.329964275667081	3.675823128764378	0	0	0
-5.2955828814686186	-0.5088980071285647	0	0	0
6.790801941000808	-12.614181886254066	0	0	0
-7.790778096344702	4.454724662418528	0	0	0
4.6924405572388395	7.589359783993231	0	0	0
-0.39805082565889194	4.2904707352486895	0	0	0
-0.8776047516845011	-18.599760536608024	0	0	0
0.2721106149750838	0.47542259823465827	0	0	0
1.2125292248656336	-8.876744393733077	0	0	0
-3.0776607418263	-11.681449334671903	0	0	0
3.2080254621770976	5.736956720317835	0	0	0
-4.87589481825303	-11.837206472951358	0	0	0
10.615262833608163	2.093764025009939	0	0	0
-11.662806723344985	11.449796431202174	0	0	0
5.556257308158997	-20.88886755059285	0	0	0
-1.487991830487843	0.45846523213207035	0	0	0
2.5079563725975405	-12.083713582135665	0	0	0
-2.427929815348847	13.371287048064595	0	0	0
-0.1808078450543178	-2.8546119355249573	0	0	0
1.7695101474802541	-1.3145369079600755	0	0	0
-1.7379665186208513	3.9307076551867866	0	0	0
0.8126178846434655	-3.586045057958003	0	0	0
-0.04888803580825396	-9.597354808848351	0	0	0
-0.4775644072450973	0	0	0	0
0.7073613848125717	0	0	0	0
0.019581730680947373	0	0	0	0
-2.418757918071286	0	0	0	0
5.016495043213133	0	0	0	0
-5.869729327082105	0	0	0	0
6.411073380408368	0	0	0	0
-7.387167065044721	0	0	0	0
7.083361850016182	0	0	0	0
-5.585023151770756	0	0	0	0
3.9803854460285706	0	0	0	0
-1.3726829491126935	0	0	0	0
-0.7700162533105583	0	0	0	0
-0.399940203989928	0	0	0	0
2.729923782900215	0	0	0	0
-2.1097796403495153	0	0	0	0
-1.1594597333956642	0	0	0	0
4.250240894146302	0	0	0	0
-5.383165381365863	0	0	0	0
6.090299332070764	0	0	0	0
-5.284958752273788	0	0	0	0
2.640634656620648	0	0	0	0
-1.5101249876964573	0	0	0	0
0.7606503434684626	0	0	0	0
0.08250156388350405	0	0	0	0
2.634763804740068	0	0	0	0
-5.894791388310303	0	0	0	0
5.500397189780628	0	0	0	0
-4.572279481237686	0	0	0	0
4.938973201681399	0	0	0	0
-3.3897050272601277	0	0	0	0
1.1692373722418097	0	0	0	0
-1.2704776663583743	0	0	0	0
0.6455951121083814	0	0	0	0
2.670960731071034	0	0	0	0
-4.59173341680259	0	0	0	0
2.3919052711844344	0	0	0	0
0.6319859144702207	0	0	0	0
-1.8322806348170886	0	0	0	0
1.8912202994405476	0	0	0	0
-2.4666601758770312	0	0	0	0
3.820315359412902	0	0	0	0
-3.3261037562500135	0	0	0	0
-0.5809569593135535	0	0	0	0
3.3478947869266875	0	0	0	0
-2.5367479856692157	0	0	0	0
2.121124243319926	0	0	0	0
-3.8101980462555076	0	0	0	0
4.0713663704265315	0	0	0	0
-2.3885992583709097	0	0	0	0
1.88779781202917	0	0	0	0
-3.603162836393011	0	0	0	0
4.425778140622292	0	0	0	0
-4.087194839929431	0	0	0	0
4.827269133958239	0	0	0	0
-5.773523786107077	0	0	0	0
4.2253506202692535	0	0	0	0
-0.7059957382076831	0	0	0	0
-0.05745229375173011	0	0	0	0
-1.2812712782998688	0	0	0	0
-0.7523333715537248	0	0	0	0
3.6650524420954866	0	0	0	0
-3.7730457107028883	0	0	0	0
3.865657867384165	0	0	0	0
-5.6052280437804	0	0	0	0
6.272684928478242	0	0	0	0
-3.948563157686692	0	0	0	0
2.605827474991642	0	0	0	0
-3.419825744108742	0	0	0	0
4.176302391300879	0	0	0	0
-4.129633545466191	0	0	0	0
3.8598998098707114	0	0	0	0
-3.3683160249902073	0	0	0	0
0.6394502587813164	0	0	0	0
3.0594721492979318	0	0	0	0
-3.410940360106679	0	0	0	0
2.098911828060288	0	0	0	0
-1.8468825389450103	0	0	0	0
0.5066688693926622	0	0	0	0
1.2207791446504785	0	0	0	0
1.305959931161297	0	0	0	0
-5.732606439255626	0	0	0	0
5.590390991948361	0	0	0	0
-3.619218560992131	0	0	0	0
2.7394590353422146	0	0	0	0
-1.3801725721055504	0	0	0	0
-0.6093259938989064	0	0	0	0
2.838156639549915	0	0	0	0
-4.8526694466276155	0	0	0	0
3.899485066947186	0	0	0	0
-0.5024991361560964	0	0	0	0
-2.3390129993687836	0	0	0	0
2.864692172339282	0	0	0	0
-1.4656576786389905	0	0	0	0
-1.0743345627667082	0	0	0	0
4.518910462007177	0	0	0	0
-5.705889344341848	0	0	0	0
3.4679548323297453	0	0	0	0
0.3874084840368539	0	0	0	0
-2.4949437222661857	0	0	0	0
1.22893407838054	0	0	0	0
-0.38043603902761447	0	0	0	0
1.358440828860111	0	0	0	0
-2.768636757686764	0	0	0	0
4.868182785649523	0	0	0	0
-4.34103074206574	0	0	0	0
0.7379853515616546	0	0	0	0
1.4954167243642758	0	0	0	0
-1.0780204520367107	0	0	0	0
0.25578916181738975	0	0	0	0
-1.6558022348124481	0	0	0	0
4.212286097401481	0	0	0	0
-5.367392177636276	0	0	0	0
3.5039732564623804	0	0	0	0
-0.528897801034276	0	0	0	0
-0.4521136209055001	0	0	0	0
-0.48685477905195995	0	0	0	0
0.16347382969197355	0	0	0	0
1.5834259981910819	0	0	0	0
-1.7433718117984967	0	0	0	0
0.0025125537949932664	0	0	0	0
0.8168349223605347	0	0	0	0
0.04523625911456719	0	0	0	0
0.2563622743902627	0	0	0	0
-0.28847441220423065	0	0	0	0
-0.47810881622846324	0	0	0	0
