-0.3283480890428834	5.580869333821866	-13.336827012965472	0.7643212526151189	16936.42504887173
-0.8681588964954301	15.745402126415563	-43.11268592524584	3.6068141111261838	16934.330049763597
-1.1687373344828984	-17.394810197010628	2.99732406628101	11.024016706916157	16943.404806544495
5.910869802804989	12.928069412598546	8.329829220486914	8.474770549799857	16935.925562722805
-7.1936041826052985	1.0068782804279763	17.813233849778626	8.111089686778456	16938.588162586522
5.429096290167301	9.11910300610991	-20.614040758726773	27.092131378509862	16928.676403892892
-4.005609065466835	4.2857653693028155	-19.16319844896178	-41.091643164121166	16916.378845742485
2.804289334391875	13.111859083012817	28.338434728967457	-5.475887547116201	16940.504651242263
-1.0429443946011006	-1.7962502100224143	-10.474108032190884	-15.439180916226462	16959.80228031288
0.2278960297337136	6.381471036054812	-2.803396999332918	-6.6009561733469155	16924.52552829375
0.5262847273736568	-31.91573304936086	1.7846253495807076	15.09475923821384	16944.027168105004
-3.8136632057223494	39.84956422645574	20.939914345668967	-3.5405568944958503	16928.699424760427
8.13403425778462	-10.865921544582037	-22.527232302795923	46.213513268616396	16946.35424989908
-9.600141254001095	4.758660464158645	27.6122845493083	7.432921838696245	16934.815003216285
7.349097371758823	1.86036286067322	-11.843581983289411	-17.944249718873337	16781.093099971546
-1.7381488995344156	13.58581163620218	3.4450447904375068	-16.65803930304979	16844.450140705565
-2.866849847842964	14.390333643145489	-6.184132195470241	0.6839758170565773	16879.18065417034
4.633638442720752	-25.018391677719812	-15.823601191268068	0.47890795822117127	16886.976322124774
-9.208761407621736	15.592920789531064	0.6266532548431343	65.85531427446888	16853.585105663784
12.745281888251533	2.885465921912072	1.6202295869157126	8.21409173188826	16746.560869011064
-6.90760842282166	-11.595466102243222	45.831719642511544	15.510087539187452	16661.073907652946
-1.7250827391428913	-6.376091398632838	42.85284680396107	37.41512852788543	16592.270510982547
5.298656605631017	2.5086782387708624	-9.572183249363775	-0.8947011826905396	16701.966468360482
-4.796448228669739	14.926990034125808	1.8185803478576048	-5.871593841185685	16660.542112898136
2.1624628362887677	8.38029884148527	-7.312394952518844	26.052162548475792	16632.217396379114
0.46246384540165764	-9.04155619380817	-11.626133967636079	51.60829894249399	16692.35633932705
-2.6590785974294207	8.079671615966447	7.530892388293012	-3.2902710272990845	16631.48038754899
3.9248196552799186	-3.622874002160053	3.2027865727926894	-22.738052657711137	16554.938452006347
-2.5643503607453155	-7.118683011196502	16.595190877164328	25.38340752671634	16623.863913046986
-2.0950251614127566	-6.581528304137699	-6.427927763516635	32.48249311209568	16640.70301547698
7.730624368413032	-2.46477412101153	28.902461593447455	-16.669846112367324	16671.53386871001
-9.664772547716602	2.2688963664028847	8.366476133569435	-0.6564090961386029	16741.864614052334
5.62811267031946	20.8292280517285	1.5837487139048818	-2.8334871954390763	16784.506956085173
-0.23533882924342464	13.313821842322447	-5.778037255762413	67.71746952937079	16823.457416541114
-0.11957243899360037	-9.140889313363438	-6.797201396764763	-12.421124001388208	16819.745729549548
-3.8501186176006996	1.5032657320957838	-36.52048630985415	3.545434437176354	16727.201994758147
7.565325425918871	10.992481799769294	24.52299879819705	-9.023304687554258	16689.59720252839
-7.03700987227154	6.968501544185372	3.6172233874065682	-63.51322014852289	16675.59238859365
3.22372848069584	18.731020672358696	-18.76065982949642	0	0
0.02779650370995057	-41.425478632016286	-12.924565656438475	0	0
-1.9961139566593502	6.7510664309362625	8.183176963793471	0	0
4.104553527864255	-7.048369409010476	-5.0573176671904605	0	0
-6.277403271372727	3.377793512594998	17.055921029918082	0	0
8.245282114621219	-14.85915538932612	3.014062498411107	0	0
-7.566313607564176	3.8702586971958297	-16.51687096569161	0	0
4.018849193270228	-3.192482590278466	-5.856004907730167	0	0
0.9369574821690918	1.1430728430626544	0.9021763292831366	0	0
-5.69480575085327	0.33785398857031623	13.388308479145607	0	0
6.611756787965724	-7.592434990968314	44.90059261231687	0	0
-4.385654618799855	-8.346016701918536	12.0773302709229	0	0
2.9103514955233436	14.983189387742534	0.18587870024322228	0	0
-2.5075686852395265	0.12275086719051131	3.6724450430440783	0	0
1.7016319788902123	-0.5913915783138393	-2.176907930940075	0	0
-0.39719841194087024	3.998593435684313	4.406837918065008	0	0
-0.8512980666717738	-6.035576858953178	-7.358591404210799	0	0
1.8464613626607829	0.99941114538872	4.341755740939192	0	0
-2.3934293674123097	-2.8486214205097795	-7.136205096618923	0	0
2.5168339066188494	11.105519229330227	-9.533392879408964	0	0
-2.5958359577347423	6.985528323949701	11.88627564562627	0	0
3.4493466961945174	-9.621656430465151	7.171931860177992	0	0
-4.7780446383371356	8.796967072122214	-16.614739156214313	0	0
3.8306650343672928	-0.22349625923329342	7.482841557156931	0	0
-0.9037213270551376	-0.6328504101178964	0.7137459363220131	0	0
-0.7208346138134942	5.072143154092899	16.745841029740205	0	0
1.9437710323385318	8.432801397709284	-1.6194763577619398	0	0
-2.993051333006356	8.741734095673948	1.1238292634715208	0	0
1.9358392056060225	3.683393369717635	2.418679173174084	0	0
0.6349818505762528	21.8361218918766	-1.7860682281120432	0	0
-2.263272389274235	15.897048697436468	-3.245561593053509	0	0
2.0183178575833622	4.959190406304472	-0.8984841901509668	0	0
0.2615090949610561	8.359289788469404	0	0	0
-3.704180491217876	-11.984005481467833	0	0	0
7.000487218967493	16.7890453070588	0	0	0
-7.974792048268	-6.552776754019625	0	0	0
10.85247740748406	1.2515288077793087	0	0	0
-17.607290698286135	10.397214063484945	0	0	0
19.13968862851275	-16.988047416183655	0	0	0
-10.193053893275504	-5.765939030851094	0	0	0
2.340327176319633	-1.950626942086224	0	0	0
-1.444999055608605	5.517029773163834	0	0	0
1.5183406712080654	2.9578736492584383	0	0	0
-0.2528185132253995	5.06398284680057	0	0	0
1.453878748098191	-15.604300426024167	0	0	0
-4.050194530776082	-6.620467263049861	0	0	0
4.332965839262577	-5.4243988638003415	0	0	0
-2.558014790797344	7.878070933203176	0	0	0
1.3508267164050807	-5.855103483639688	0	0	0
-0.43871605259100477	-2.9357207765246613	0	0	0
-0.7484415329425502	28.27902058427035	0	0	0
1.5071230896507615	3.0978837931235503	0	0	0
-1.7003814909190353	0.30291376704204254	0	0	0
1.556232821252756	10.925730402536992	0	0	0
-0.8811443956626519	-1.744832364241553	0	0	0
-1.2579561615166455	1.4356367049717207	0	0	0
2.7881541728608994	15.273891336262786	0	0	0
-1.8339035240327348	8.08907063679952	0	0	0
-0.5544056919974523	-1.2371832401432172	0	0	0
1.7073746329597839	17.72015134934093	0	0	0
-0.27195723875585287	-19.448388443693084	0	0	0
-2.423954904499432	4.238053518285135	0	0	0
3.6778184864212022	-0.08148142010874437	0	0	0
-2.7728870027014523	5.082755972637038	0	0	0
1.4672202817572213	-6.685741594586176	0	0	0
-2.472985809328435	4.3612154295050445	0	0	0
4.768794043449333	2.809591712253294	0	0	0
-5.22247805944675	2.0526603645302046	0	0	0
3.0686809916442286	-1.5130295734018588	0	0	0
-1.3687934692852295	-5.87518730869553	0	0	0
0.7248855738142694	-12.696674678660486	0	0	0
-0.34430729774554436	6.317165847449772	0	0	0
-0.3795141223343137	-11.372400459584483	0	0	0
0.8063845920850454	-0.9744976649449626	0	0	0
-0.5990363034779378	5.454788082760544	0	0	0
0.9868153127677175	6.369078238224482	0	0	0
-1.3175832182464902	1.9983238874083753	0	0	0
-0.34638291781256925	-3.9097187087020515	0	0	0
0.6398273717958034	1.0073898975091637	0	0	0
1.7507577316725502	-2.941043176143488	0	0	0
-3.0077022582682815	3.1386939888340493	0	0	0
1.0241488870724353	-2.033038501022311	0	0	0
1.4956296522472812	-9.584177165477762	0	0	0
-1.7361557423196672	0.6447765600312039	0	0	0
0.3969094046452213	-3.1684585376051047	0	0	0
0.7036565889132973	30.12553558958058	0	0	0
-1.474944304905904	-9.655826721977867	0	0	0
1.418481034938715	3.3716987513492	0	0	0
-0.48890715140058916	-11.234891556905836	0	0	0
0.7475105448294812	-0.028647204825084316	0	0	0
-1.1690702302866782	-4.728496298963911	0	0	0
0.8454265098819462	7.0566407100245385	0	0	0
-1.3177064879034077	-8.508126235771314	0	0	0
2.1225066844083003	8.544182542585602	0	0	0
-2.581651055172415	1.6250337054608437	0	0	0
-0.2534029726909708	0	0	0	0
3.8116589769231197	0	0	0	0
-2.6737318607006557	0	0	0	0
-0.5081440446011385	0	0	0	0
2.5511660171960884	0	0	0	0
-3.20649374966883	0	0	0	0
2.55172554033318	0	0	0	0
-2.8887314948021867	0	0	0	0
3.5703516345997457	0	0	0	0
-0.796315884469827	0	0	0	0
-3.336698112437716	0	0	0	0
5.371445372409532	0	0	0	0
-5.207141778583477	0	0	0	0
4.322948968784587	0	0	0	0
-3.511912795722246	0	0	0	0
4.0646997964876945	0	0	0	0
-5.524231524379481	0	0	0	0
4.8727824148111125	0	0	0	0
-1.319629117007942	0	0	0	0
-1.6995733827225834	0	0	0	0
2.2508483936971615	0	0	0	0
-2.2275728311906278	0	0	0	0
1.604720258312554	0	0	0	0
-0.05506827207326381	0	0	0	0
-1.1931521192454895	0	0	0	0
1.6799146283935826	0	0	0	0
-2.4346095933636676	0	0	0	0
4.411635722567645	0	0	0	0
-5.441518676112722	0	0	0	0
4.4569372963447265	0	0	0	0
-2.8405661053894278	0	0	0	0
1.2797462312123713	0	0	0	0
0.6453955398242641	0	0	0	0
-2.5787566428776785	0	0	0	0
2.7582945757405923	0	0	0	0
-1.5863932944395174	0	0	0	0
-0.4471477523421328	0	0	0	0
1.8794745623640665	0	0	0	0
-0.7524036583261449	0	0	0	0
-1.450640548549245	0	0	0	0
1.18058028594713	0	0	0	0
2.0380249465897577	0	0	0	0
-4.283078770705167	0	0	0	0
4.349991790249717	0	0	0	0
-3.0655669676761335	0	0	0	0
0.5387800698238152	0	0	0	0
0.43500623166475094	0	0	0	0
0.5673117367084757	0	0	0	0
-0.8288012991459581	0	0	0	0
-0.5838069639294758	0	0	0	0
1.6528289605285096	0	0	0	0
-2.8028947813886447	0	0	0	0
4.906696780343694	0	0	0	0
-5.382311369101288	0	0	0	0
-0.447720705541542	0	0	0	0
6.581349488290279	0	0	0	0
-4.717830247786949	0	0	0	0
-0.7931531529734741	0	0	0	0
3.341380364682287	0	0	0	0
-2.2192012265560734	0	0	0	0
1.4427420472539296	0	0	0	0
-3.4115516778524295	0	0	0	0
5.665064632719286	0	0	0	0
-5.625813124306099	0	0	0	0
4.085141610622792	0	0	0	0
-3.3510241947751	0	0	0	0
2.8801475401341605	0	0	0	0
-1.7774457599934976	0	0	0	0
0.8408070601456501	0	0	0	0
-1.1564457396373982	0	0	0	0
1.511312745134667	0	0	0	0
-0.9669271867165818	0	0	0	0
0.4947981322083308	0	0	0	0
-0.7630315689536076	0	0	0	0
2.102151560428233	0	0	0	0
-3.30316938075007	0	0	0	0
2.7964956322770576	0	0	0	0
-1.0127560255819077	0	0	0	0
-1.679497580496701	0	0	0	0
3.9543249662736173	0	0	0	0
-3.9712955211280914	0	0	0	0
1.4815298314317005	0	0	0	0
1.480736262164612	0	0	0	0
-2.4264064058478496	0	0	0	0
0.7885575180650406	0	0	0	0
0.07400454507082799	0	0	0	0
0.18903823873156256	0	0	0	0
-1.0093919449986188	0	0	0	0
0.8203559253829127	0	0	0	0
-0.47745043059021697	0	0	0	0
1.1174010232710643	0	0	0	0
-1.3431570815243958	0	0	0	0
0.7475817711857076	0	0	0	0
-0.20787923323521085	0	0	0	0
-0.9289086954216685	0	0	0	0
1.1039057487273354	0	0	0	0
0.13136293080373918	0	0	0	0
-1.4889831097306825	0	0	0	0
2.033297953900309	0	0	0	0
-2.934982498639812	0	0	0	0
3.1077494778766024	0	0	0	0
-2.1361354192792845	0	0	0	0
1.8134311624243935	0	0	0	0
-1.316454071316322	0	0	0	0
1.138220085837652	0	0	0	0
-1.6246317799750685	0	0	0	0
1.555963351830421	0	0	0	0
-0.7227143417229129	0	0	0	0
0.9363759384536863	0	0	0	0
-3.7692607560379017	0	0	0	0
4.248357707583764	0	0	0	0
-0.058497495331664595	0	0	0	0
-3.5323084129741034	0	0	0	0
4.299170012355248	0	0	0	0
-3.137205526191181	0	0	0	0
2.4391459906053043	0	0	0	0
-2.572100257288831	0	0	0	0
1.4387494167961776	0	0	0	0
-0.34351881856429145	0	0	0	0
0.32901990137730763	0	0	0	0
0.4739665228295564	0	0	0	0
-2.5062044748239103	0	0	0	0
0.5832227165622754	0	0	0	0
-0.3405522906983265	0	0	0	0
0.3514443585307063	0	0	0	0
2.2918419622188324	0	0	0	0
