-0.00737344864786138	0.47922864554695366	-1.136077687147747	0.019177941594975323	17030.100353373327
0.054026841709202245	1.4145099297776724	-3.628326800883926	0.29788445374714456	17030.144743815636
0.6899048540546318	-0.5285831834050967	1.350595414159514	2.8545591096459475	17030.718804814347
0.04854486750758724	1.5648750014239567	-1.629587988810698	-2.888705831068364	17029.66008455752
-1.0097511030882274	1.67768505969957	-3.158471201841124	-14.459560155767065	17031.998698818483
1.329207104299833	-5.516378329736838	1.2229313278993175	-6.348975506694842	17025.530419422284
-1.3084636812291492	3.4004231543430095	5.054037410988897	0.34091936926245126	16973.563253176206
1.6659158143455102	2.478124951375854	8.589073126031082	-6.8434539085953645	16993.56932268707
-2.6492738762264665	-1.1013784780097566	-3.298289437335356	-8.587711245343726	17000.524753381236
3.563391156478268	2.1787360115504626	-2.5745659797331513	2.181737364617476	16976.776576599786
-3.6340774924355017	-3.136241842583651	1.0730102382832314	0.13344058016502913	16949.059180395783
2.592201763504086	4.43691749591423	6.822788633516666	-0.01460297149789369	16938.983253962655
-1.3435047044511776	-4.330484613792628	1.6417226568391925	0.6268853182993439	16980.628310015152
0.7179376539856079	2.9771631876593005	-5.663056078203951	0.01987101754343712	16959.92794789891
-0.7257712078069147	-4.981597489071298	5.481369487443857	4.106809671358974	16928.242868930854
0.2804486248721858	3.3780279949692655	-5.716760527212685	5.2272857273499795	16927.1778404515
1.1182286208749943	-0.8067853468100381	-5.355309022235119	-1.417431933865501	16920.7053350418
-2.0844707099140436	-4.620268531537576	-0.7704580939400216	-6.856021520215407	16929.59309567399
2.2764668835268793	2.147815135481821	4.149221830399185	-10.894011513860335	16901.456813921966
-2.2724069660495587	2.2830581509130354	5.4237809649745685	12.064163719886949	16899.987697706227
2.647792669174919	0.0908913694435256	0.36753552019291647	1.552762893921951	16894.872904663043
-2.11037133924124	-3.720203018622179	-4.647702164027734	-6.386815374061143	16901.539149763277
0.9313533733431782	5.930381257369461	-1.2265723356690188	4.703362936614866	16919.296933763515
-0.6219509548665556	0.362898640413178	2.7791244051287265	-5.328386800339345	16939.810826088367
1.0112750773755295	-3.6569290464763426	-2.0376962946530313	-2.6660006833754863	16920.222995665066
-0.6959954447683359	-2.4223818475392918	-3.4738446749547194	-4.051613893300953	16872.426411034794
-0.5835463705344566	-0.5572754173088157	8.371670202637233	-6.324748893309362	16857.4934881827
2.594711782144884	0.3322288014629251	-0.5651997640919291	-8.873955020241269	16873.044427621382
-3.628408825336919	-1.5921633424762618	3.0441750664218716	-2.3037709477881947	16895.06892552795
2.417621540251176	-1.1778003676913897	3.3588103895728523	1.797027240037579	16889.355489198155
-0.8998094919703945	2.3257645016624267	2.5085360369686924	-0.7412049574989652	16886.393019756008
0.3345690064749647	0.31488762616586286	-6.973041926550692	-0.3353948187570239	16876.491903560323
-0.38857246833830317	1.58868794571314	-3.151130199469108	-3.4005883941460127	16876.90927947857
0.5101896286313661	2.3943302381744616	4.798077902694715	4.656580766134084	16890.33949263605
-0.13104046521795	-4.2532647706144004	1.072585563635812	3.6679737218564554	16878.628267253167
-0.856677314182626	-5.768019802466483	-0.7338395419337047	-0.9309198866784243	16870.950577612424
2.4791763435040224	3.195855013426062	2.266480458137451	-5.341176593951914	16854.8142335925
-3.0960641097486246	-2.973402804014384	4.6796223809858475	-0.9533893369915774	16863.464177823505
2.5381322601543914	-0.3519979131581721	-6.9288334165455865	0	0
-1.8073301776882502	-1.059097741359082	-2.0215747651133995	0	0
0.03382401268423507	1.4315191506410088	8.32236898981391	0	0
2.113479433636435	1.3455186671300154	11.880129961444268	0	0
-3.0230111843378324	-0.4442208309251896	-6.2989838708467545	0	0
2.2255494365875137	-0.5695294420450026	-1.0829935274682612	0	0
-1.73524244499675	0.6595256890277739	-1.7595868999478341	0	0
1.6843404400775768	0.7234624081472489	2.1457705937062457	0	0
-1.6138744154104643	7.473981482741188	1.8841537921498883	0	0
1.518169034580886	-4.481721622582718	-3.30679040112328	0	0
-1.1820362658653494	4.527705237352123	-0.12282055663013125	0	0
1.392303982115628	-2.501438334494118	-4.543474297518657	0	0
-1.4631827092881053	-3.0346329151578857	2.1221868052783606	0	0
1.582672484785384	-2.3714937462067027	-5.122967011407113	0	0
-1.6869849184376946	-4.736016244996613	5.498377501125347	0	0
1.0747598485992853	1.95111382300324	-0.3027935042770764	0	0
-0.30109568769328376	4.406659265855801	-2.7884899926505966	0	0
0.7991899879923849	-10.25060789510173	4.692950122077022	0	0
-1.644079977940578	3.901861976906808	-2.9533585515331993	0	0
1.5774666296502673	-5.912478617575175	2.578157550517062	0	0
-1.3335934404670553	5.796666824419887	2.6637797054184347	0	0
1.5064734994484965	1.9998720617569248	6.009258469279075	0	0
-1.623196042090747	3.638127822306231	0.1041095990569687	0	0
1.1083614763985992	-3.401116288479173	-1.37317942446019	0	0
-0.7119053928264236	-2.7052295479066473	-3.6470327097516275	0	0
0.5080356722537118	3.681400562637812	0.5958021403144471	0	0
-0.1091911771884213	-5.493592215326835	-1.4368280500468984	0	0
0.05180188353839554	5.6117295316260325	1.270645687238428	0	0
-0.9381453206877026	-3.4436209955955306	-0.5360049853927649	0	0
1.430155876707211	3.999857405362299	0.28098054747290746	0	0
-1.878650964786715	-3.2378718834154796	-0.885517235795021	0	0
2.3441879234441956	2.1087681788256774	1.6739657422546088	0	0
-1.241190332952712	-5.114515148790439	0	0	0
-1.0246545214687544	3.663227228587729	0	0	0
2.152754211043103	-0.9586183200035947	0	0	0
-1.2716011691325804	2.214402741369142	0	0	0
-0.16555877363995108	-5.2955760773341325	0	0	0
1.4307493803998312	-3.296504873830642	0	0	0
-2.6109161269423495	-1.36857426115521	0	0	0
2.9433144735304992	1.633822654612743	0	0	0
-2.1293379053236023	-0.9141830378653282	0	0	0
1.6405113888412757	0.5008829035269429	0	0	0
-1.3766314763289174	-0.21935643964508955	0	0	0
0.8492349556391616	1.6409007367059587	0	0	0
-0.4367967591901092	-0.38770463573367664	0	0	0
0.7971368938701673	2.6857493877454317	0	0	0
-1.0914344669238076	0.9229632313182421	0	0	0
1.2006240809506465	2.9572464140170425	0	0	0
-1.1068128952998961	1.6243049731079466	0	0	0
1.2022298101532698	1.129019346036884	0	0	0
-1.0631853583473827	0.2940077008873203	0	0	0
0.6164467654909984	1.0678745312846516	0	0	0
0.28636775539771264	3.4453483353620555	0	0	0
-0.9221161538184006	-3.9708813433695482	0	0	0
0.5785688751351827	2.9046637825914203	0	0	0
0.4110632629298365	2.1385431871270697	0	0	0
-0.25338420809560347	3.1063071556966904	0	0	0
-0.7847411905556356	-1.9657045361719696	0	0	0
1.4605756717512932	9.028347511868212	0	0	0
-1.353581838256055	-11.479283217784733	0	0	0
0.6341126243639863	1.633332465084628	0	0	0
-0.6844728873284964	-3.948877379887392	0	0	0
0.9297311650043625	0.9729440651520136	0	0	0
-0.7609819124980746	5.129537356623011	0	0	0
0.687180315277935	-1.1477663176515307	0	0	0
-1.1418298885203413	0.573079837038236	0	0	0
1.2792666470775202	0.544670502005232	0	0	0
-1.822698868993733	0.5291415097680598	0	0	0
2.5909041601917693	3.497396902631394	0	0	0
-2.497652377746917	2.7336741251575205	0	0	0
0.5734634507142573	-3.86531829633595	0	0	0
1.731490115883723	0.5340714369258137	0	0	0
-2.4528864633307705	-1.5040558063767193	0	0	0
1.3622575287943945	2.0694416108018316	0	0	0
-0.8047411560561741	-1.9689714343387834	0	0	0
0.897780444853538	0.5713708681579632	0	0	0
-0.2378392799928406	-0.3129600778441741	0	0	0
-0.6586697549725145	0.07774930056223184	0	0	0
1.7223257927571822	1.946322535612552	0	0	0
-2.9345991660078425	-2.743050939464034	0	0	0
3.8810745063158762	-6.447818270228325	0	0	0
-4.116238082608405	2.4995243611764906	0	0	0
3.8006809080008352	-2.077611659513039	0	0	0
-2.5313799127082035	2.1172525973175027	0	0	0
1.373902443495055	0.39278604488391267	0	0	0
-0.42843467695214343	4.632526189857323	0	0	0
0.34298300424271133	-1.7021075207720102	0	0	0
-0.20260211687106278	0.8935490762859075	0	0	0
-0.8078801969461651	4.747621638930902	0	0	0
1.2657967094126974	1.5871021054355623	0	0	0
-0.4024036583049906	-0.20534332539083522	0	0	0
-0.19573487037547466	-0.7292819125713308	0	0	0
-0.03839609404848687	0.8356861937463052	0	0	0
0.5453789606257047	-0.4860032597878714	0	0	0
-0.47575628427689054	-2.7684529489248177	0	0	0
-0.1061628534452268	0	0	0	0
0.5299978222639723	0	0	0	0
-0.22242235289994028	0	0	0	0
0.27424309344689846	0	0	0	0
-0.8986354551080851	0	0	0	0
0.7501431686347715	0	0	0	0
-0.626769734504542	0	0	0	0
1.6349166365313152	0	0	0	0
-1.9016716783186283	0	0	0	0
1.1796093087740545	0	0	0	0
-0.36147490713581476	0	0	0	0
0.5526665663462964	0	0	0	0
-1.2389994660778783	0	0	0	0
1.611314649904429	0	0	0	0
-1.1727495318248131	0	0	0	0
0.8154054452456023	0	0	0	0
-0.7089468243386676	0	0	0	0
0.5701332583699283	0	0	0	0
-0.3626583239105301	0	0	0	0
0.5069268950246126	0	0	0	0
-0.13983761196875832	0	0	0	0
-0.1888074006338485	0	0	0	0
-0.6124229992898478	0	0	0	0
1.4228913010776552	0	0	0	0
-0.8328992005799947	0	0	0	0
-0.19504415536530217	0	0	0	0
0.3797947776771906	0	0	0	0
-0.29207254542152583	0	0	0	0
0.218035428296254	0	0	0	0
0.07158871865680538	0	0	0	0
0.07114894420065099	0	0	0	0
0.34653371875700856	0	0	0	0
-0.9305807356376974	0	0	0	0
1.2092500027835982	0	0	0	0
-0.6651420241829911	0	0	0	0
0.1422467240798042	0	0	0	0
-0.1582145441323206	0	0	0	0
-0.1760269077242711	0	0	0	0
0.6281739288692876	0	0	0	0
-0.7461439499286939	0	0	0	0
0.5448778571261954	0	0	0	0
-0.5783071793936259	0	0	0	0
0.007824289892283787	0	0	0	0
0.6075525299008362	0	0	0	0
-0.9537139594411954	0	0	0	0
1.7445384056971847	0	0	0	0
-2.6422334149274107	0	0	0	0
2.2157066544221777	0	0	0	0
-1.1231531084603503	0	0	0	0
0.35226577862722763	0	0	0	0
0.1466082790006027	0	0	0	0
-0.8196063187692388	0	0	0	0
0.6731462190629074	0	0	0	0
0.18529024818040796	0	0	0	0
-0.5380421123023496	0	0	0	0
-0.20252188654630032	0	0	0	0
0.14591705792719267	0	0	0	0
1.591065460130494	0	0	0	0
-2.3690295083254753	0	0	0	0
1.3552753274333256	0	0	0	0
0.18075368823621574	0	0	0	0
-0.7340105988062788	0	0	0	0
0.23945155654433137	0	0	0	0
-0.40387693455241447	0	0	0	0
0.47657370225173423	0	0	0	0
-0.6455443390240347	0	0	0	0
0.23874760391876748	0	0	0	0
1.153952947865612	0	0	0	0
-2.109500466810019	0	0	0	0
1.9614750155490839	0	0	0	0
-1.8193014608768863	0	0	0	0
1.2923600794399164	0	0	0	0
-0.39201618974889385	0	0	0	0
-0.3385410039375998	0	0	0	0
0.871173455871606	0	0	0	0
-1.1914366078903953	0	0	0	0
1.4228959867632582	0	0	0	0
-0.8233187564446212	0	0	0	0
0.04317904633239067	0	0	0	0
1.1628808463784992	0	0	0	0
-1.581657328674865	0	0	0	0
1.4942362889944576	0	0	0	0
-0.9225937987802979	0	0	0	0
0.4559118430667439	0	0	0	0
-0.34028299312713983	0	0	0	0
-0.03380314123236161	0	0	0	0
0.9072219047835972	0	0	0	0
-1.3216596422886866	0	0	0	0
1.5513554447579878	0	0	0	0
-2.250794857635107	0	0	0	0
2.7815014443293364	0	0	0	0
-2.3149629353068732	0	0	0	0
1.4320051347023863	0	0	0	0
-0.7597355500235707	0	0	0	0
-0.08941475572689228	0	0	0	0
0.5383804338379647	0	0	0	0
-0.33566763065989846	0	0	0	0
0.2025839085707446	0	0	0	0
-1.7412546039795203	0	0	0	0
3.143842190026078	0	0	0	0
-3.026511164838702	0	0	0	0
1.3796273988146979	0	0	0	0
-0.10286079930956049	0	0	0	0
-0.39257946541732736	0	0	0	0
0.20465854864576727	0	0	0	0
-0.03757940790800518	0	0	0	0
0.47629481642248095	0	0	0	0
-1.1147172797847702	0	0	0	0
1.1131752203697332	0	0	0	0
-0.9480469829348337	0	0	0	0
0.9835337592467823	0	0	0	0
-0.810775479657309	0	0	0	0
-0.0311533024298285	0	0	0	0
0.24527747453922188	0	0	0	0
0.28561670459568944	0	0	0	0
-0.5514359433659024	0	0	0	0
0.37835513899970863	0	0	0	0
-0.45262813084303133	0	0	0	0
0.6836790545639531	0	0	0	0
-1.0387649168967314	0	0	0	0
1.1205930448363262	0	0	0	0
-0.935159476258292	0	0	0	0
0.12772140748866434	0	0	0	0
-0.0768418492120091	0	0	0	0
0.2070394486706988	0	0	0	0
0.524985086808833	0	0	0	0
