0.24392340242885524	-2.8392651133467908	-7.6947832435224655	0.5892304591037316	16407.825514444707
0.4547881912641927	-9.944935383425843	-23.64340949186456	3.2029769727047466	16408.371594222208
-2.4263568674768266	3.9426038530393868	13.59424016164273	10.930072476950087	16410.653345382296
-0.23450111418291186	31.738606960778746	12.985745653415734	3.867434217907487	16407.764520006756
6.598273037543684	3.2063563989607857	-19.082898780815512	2.3825630299442366	16412.813640199613
-9.263859965384299	-2.76008549811219	-1.5473286380244673	20.303085754088357	16394.069756353296
6.876847425409139	33.81231838743273	-17.936683916284025	-1.8591897425274624	16507.726895517873
-2.040844633530341	0.6785179211505294	1.1037628831958557	-4.6216534701883205	16658.811117738333
-4.231577282488331	-5.843597190863868	-12.33957487262299	6.555898338086408	16838.34444783925
6.39580873549496	2.3828666089476727	-32.50328507571989	-14.08534708977541	16990.927574652644
-1.4201500161603633	-11.712729405760328	-8.87463471850819	4.502441748055773	17073.52697238744
-5.51708687135676	3.445066361647548	1.0886343936893468	-1.5450637156912705	17102.673120267253
10.048382702383357	-3.6026512154625365	0.7733773060495963	-14.404283075980686	17181.783856952454
-13.318108517388744	8.314948900592462	6.356732555179789	0.069496491805495	17200.992531740194
14.248872435786417	-6.6771083729602765	20.06391617609016	-4.955171537010585	17168.76539524494
-12.51896328254076	0.8969416268728736	39.50507552432427	7.722675956754955	17145.988305510655
9.535176421516994	2.4144988499568925	16.72496782162942	-11.769477989068491	17088.930652968615
-7.823229326985967	-2.2880318936904587	5.871385114468893	-7.238348820982026	17106.925960667788
5.057209035456012	-12.601782772164789	6.300701022217652	11.826045792148363	17099.776667550665
-1.0190973616712071	11.034073288922286	-6.252913512754091	8.209102206883117	16982.788923374046
-1.6959724517793973	29.054683964588158	-7.085433267880703	-5.785214982953093	16946.366857264322
2.1055705137012026	11.926211918940666	-6.79565225590369	16.461677068046882	16973.20772548491
-2.82173969788532	-5.199509574706404	-17.152896733355064	14.598158272495183	16959.32302303718
3.56888213866236	9.733706764642832	-4.576489993769442	21.286869476642124	16930.867363038902
-1.2260119989961282	7.085854913094067	15.496685913297327	16.16684848624496	16934.74291593168
-3.5443196947196043	14.804870444269199	21.449927622651458	-0.36864033114723327	16895.76967068291
7.161208044731936	-31.189807776956556	20.288168516982438	13.58831168935366	16920.504649961535
-7.367949869985516	-5.901460970928497	-13.220397270195335	-10.2768743514456	16909.777016779615
5.686739682459425	-4.163985279622025	17.520517749419824	-8.359868672518104	16949.679591331547
-5.155804563113939	-4.741930789603039	11.739698672306787	-23.215487967102604	16992.763857278598
4.979854022176575	0.6167329067255238	12.25380367740351	35.05577176849735	17029.608757115173
-1.0561186378598464	-11.431454358865992	-8.60425082082591	36.98954982115558	17100.275684262768
-4.2738690815125295	11.447898163155507	-14.230443907341453	-32.3208595618143	17147.59652633673
7.261421368279834	3.715690875096101	30.64372403047679	21.89286858542536	17173.297457205954
-10.286237042983991	-7.482804015855962	7.561497867577032	10.64665561901947	17244.98790284234
13.607630380148201	-12.402698723668792	-33.28736826083694	-6.0800107931231935	17159.244920968325
-14.98409391946717	-1.889331077628114	22.70947977139062	-13.516586350187339	17215.19184484341
12.9040511833228	-7.452037365885204	16.6375434985096	-6.527933122142116	17285.004467127615
-8.299617151741387	-5.234336830633779	-16.12900056929412	0	0
4.105200665698014	-16.97233152498565	2.0605536661134494	0	0
-1.119201476288815	-4.222764208965145	11.90881149330447	0	0
0.39103282280080975	-37.904911289655175	17.691985552629745	0	0
-2.449723132092174	10.723479718362313	27.58839455482473	0	0
5.01423208349572	13.933711139530487	17.357248513349717	0	0
-6.3367501141936415	30.669162369799068	13.068730820972348	0	0
6.16496766000693	26.42699392214405	-1.3687257564184847	0	0
-5.2737383012937755	-1.1597465281581236	11.86801352582792	0	0
2.7128074338649526	-13.521373504971876	-11.783649615364851	0	0
2.260335093727221	-1.16138216458927	-27.72322114294454	0	0
-4.086203343349155	-6.881585225486987	-21.569958288614018	0	0
-1.291185445133749	-4.896671091464867	8.358359986121513	0	0
6.403259687672509	-9.689058857799282	-11.51344783004626	0	0
-7.816061536614377	4.6090244138204355	15.952685514578164	0	0
9.69929256736711	8.199347272155833	10.686967728014906	0	0
-11.08948733874751	5.234300711490349	-0.8936537915158453	0	0
8.873723215859862	-7.458137343238022	-1.4659785037430737	0	0
-7.941963504407838	0.5566043705255197	-4.60263720902708	0	0
11.443008937365562	7.529117762501144	17.834526308883184	0	0
-13.640352078049744	-4.367552792810514	22.97873796773085	0	0
11.392828920214114	-21.428802589886843	26.60872496064856	0	0
-9.28190207496818	-18.517172278010825	2.1292195608352955	0	0
10.326275836187293	-1.7588589768461986	19.28780671809767	0	0
-11.124609369516584	-6.183089368106252	20.310164479789094	0	0
8.54062556035916	-14.070782682355642	-54.7825956915071	0	0
-5.31841630097815	-6.581928057772444	7.6801621333451635	0	0
2.7337407558332103	-8.074118705729383	16.717265205057927	0	0
-0.5406518360774726	-0.36676030971082696	-6.709333338655554	0	0
-1.0239812650412787	8.251886673658234	2.5131690844041685	0	0
1.2304647313354238	13.03231401157337	-20.613338824467093	0	0
-1.081923383460392	-13.7119544175725	18.258989351692648	0	0
1.889203510176472	-9.104407088145337	0	0	0
-2.3479579239122472	2.723980311897961	0	0	0
2.0432491930104533	13.455862347832458	0	0	0
-2.3457432540846668	-0.0672130085522582	0	0	0
2.973351125582546	21.508063318950278	0	0	0
-2.7959956404634525	-4.6616365190988915	0	0	0
2.585649981663778	-21.132384271501174	0	0	0
-4.915058268856406	28.998641589213037	0	0	0
8.632076622739277	9.881429642459416	0	0	0
-8.083518022029516	3.6343993437151667	0	0	0
1.2601479637831048	2.0796858644080842	0	0	0
5.818479236269553	-2.1933544342258244	0	0	0
-7.241964144662184	8.813019955166553	0	0	0
5.095264715576995	-15.396360971171582	0	0	0
-1.7227859026070504	-17.38430962779553	0	0	0
-2.822483690772131	3.3659910158533677	0	0	0
6.962135382856033	6.566097851379034	0	0	0
-10.647507356028235	-1.8858529394758037	0	0	0
14.262113277604541	-4.24050473084214	0	0	0
-16.25391493029997	-11.348112829205803	0	0	0
16.583178886144673	-7.439200037458079	0	0	0
-14.97796921367906	-31.300023566584045	0	0	0
9.89937182049048	6.960045041541541	0	0	0
-1.2554776066618345	17.85944355853971	0	0	0
-6.088553808212325	5.123314221644847	0	0	0
6.545540968914324	11.948564121255565	0	0	0
-3.3748136980571672	-23.199707887271735	0	0	0
1.6924542979448916	-4.860930169089372	0	0	0
-1.36627335972846	-2.957325840163527	0	0	0
2.021101176972479	-27.850726597085057	0	0	0
-5.582694108507127	-26.707127370130095	0	0	0
9.557756854745449	-1.1684350055483748	0	0	0
-11.788494829455765	-10.33587605229387	0	0	0
10.475538432951076	2.7459415364250432	0	0	0
-6.744737628760504	22.248911741263136	0	0	0
2.8409169196337416	3.5143220465179468	0	0	0
-0.8296517313389558	14.632065203210601	0	0	0
0.11813214472654465	11.583005221655881	0	0	0
-1.2238539129226993	-8.29669145172683	0	0	0
4.507291807732329	0.41731302204841825	0	0	0
-6.258113734696806	13.040223145055407	0	0	0
2.504778322885798	42.019653591499946	0	0	0
3.3054189213352743	-13.426817814760312	0	0	0
-6.378080405903255	10.646636195485755	0	0	0
7.2324697392593436	14.907262300077534	0	0	0
-7.648050682378205	-20.499644957346305	0	0	0
6.315844875413589	-51.87414104922013	0	0	0
-3.5524185960866816	-16.633109528142427	0	0	0
0.907339899739604	-19.02001737169394	0	0	0
2.3739579713472594	-29.801604093936234	0	0	0
-5.135274605524657	-15.161129023384206	0	0	0
4.792443298285669	-14.514721789255589	0	0	0
-2.291397914575384	-4.357300347538626	0	0	0
-0.9487674358833544	21.70749653846731	0	0	0
4.854080836262753	36.20460951506334	0	0	0
-7.2675804362359315	-25.29100018332086	0	0	0
7.708643370572027	-22.85544508873575	0	0	0
-8.296464248337578	12.991723150756641	0	0	0
8.220193274435914	-24.923706275170716	0	0	0
-6.5697300769853655	-3.8963933246136975	0	0	0
5.501753500327929	12.584075538844516	0	0	0
-5.110537793820917	17.031757515055247	0	0	0
4.565626902930902	-10.185729698982584	0	0	0
-4.644439149377085	0	0	0	0
5.281088289567322	0	0	0	0
-3.321960014052756	0	0	0	0
-1.107908274512205	0	0	0	0
6.328388782922964	0	0	0	0
-10.88268129971835	0	0	0	0
11.046095824325143	0	0	0	0
-7.676469332880323	0	0	0	0
4.695569343226495	0	0	0	0
-0.04988375590777849	0	0	0	0
-4.46560710452772	0	0	0	0
5.073544953274293	0	0	0	0
-3.9559295271609685	0	0	0	0
4.672329997224878	0	0	0	0
-6.196307737027517	0	0	0	0
5.742478174882862	0	0	0	0
-1.8845624379020975	0	0	0	0
-5.180431666703235	0	0	0	0
11.393846338172487	0	0	0	0
-10.35432506648754	0	0	0	0
4.4274434951333745	0	0	0	0
0.882021859717895	0	0	0	0
-5.9162519740770705	0	0	0	0
9.079003768755513	0	0	0	0
-8.873260027376674	0	0	0	0
6.884947247051542	0	0	0	0
-5.1510689997415895	0	0	0	0
3.26811648482866	0	0	0	0
0.2719371622054183	0	0	0	0
-1.9042522701859355	0	0	0	0
-2.4039274251243086	0	0	0	0
6.853917211243342	0	0	0	0
-3.8277163736898814	0	0	0	0
-2.7710228681286893	0	0	0	0
7.186665211617488	0	0	0	0
-8.976187501293836	0	0	0	0
9.68193159237157	0	0	0	0
-8.537854532661733	0	0	0	0
4.950287488609661	0	0	0	0
-3.0267264584097617	0	0	0	0
3.5113128821115396	0	0	0	0
-4.998255680470827	0	0	0	0
5.77300934496089	0	0	0	0
-6.120945358569912	0	0	0	0
4.941233830440623	0	0	0	0
-3.1353592379233888	0	0	0	0
3.4441064032469697	0	0	0	0
-9.35500792358912	0	0	0	0
16.860266144990568	0	0	0	0
-20.663535548324283	0	0	0	0
19.183858371960994	0	0	0	0
-12.798690268744984	0	0	0	0
3.190823747260154	0	0	0	0
4.4907265451945975	0	0	0	0
-6.862898495408693	0	0	0	0
7.647962171365677	0	0	0	0
-9.849390287081683	0	0	0	0
9.117512766918018	0	0	0	0
-3.0228675531387452	0	0	0	0
-2.0297746225817406	0	0	0	0
3.4120462988435776	0	0	0	0
-1.7999465232261258	0	0	0	0
-1.2997112068850356	0	0	0	0
3.3671121910983715	0	0	0	0
-3.2512656441709993	0	0	0	0
1.331904842151026	0	0	0	0
0.8606285281514374	0	0	0	0
-1.6232744877331413	0	0	0	0
0.9542822579641026	0	0	0	0
-1.4147884510998878	0	0	0	0
2.613980537064542	0	0	0	0
-3.6807546619779004	0	0	0	0
3.885639346329917	0	0	0	0
-2.4957825618149485	0	0	0	0
0.8345257952723202	0	0	0	0
-3.0587907725627517	0	0	0	0
9.03766395091722	0	0	0	0
-13.582766829522605	0	0	0	0
13.225846912962488	0	0	0	0
-9.022444197762994	0	0	0	0
3.4727081638386963	0	0	0	0
-0.313663211683334	0	0	0	0
0.14886748390846094	0	0	0	0
-0.6491714802874995	0	0	0	0
2.4500842565376644	0	0	0	0
-5.307550053523556	0	0	0	0
5.438173381084162	0	0	0	0
-1.2700462843926132	0	0	0	0
-2.349357646054422	0	0	0	0
1.0831152316763237	0	0	0	0
1.8091764458635424	0	0	0	0
-3.1545724076157953	0	0	0	0
3.454336156892417	0	0	0	0
-1.4235012728787453	0	0	0	0
-6.404138668847779	0	0	0	0
14.951514526029314	0	0	0	0
-16.094530096910347	0	0	0	0
12.935124326617363	0	0	0	0
-10.054964493135856	0	0	0	0
9.545441756893332	0	0	0	0
-9.452689541942249	0	0	0	0
7.938055145144233	0	0	0	0
-5.387482810927928	0	0	0	0
1.8277900767917572	0	0	0	0
3.876378911521172	0	0	0	0
-6.973754699993414	0	0	0	0
4.819865181283895	0	0	0	0
-0.697871049781206	0	0	0	0
-0.538047227271079	0	0	0	0
0.5414019588737418	0	0	0	0
-1.0330080579805028	0	0	0	0
0.9538599846950007	0	0	0	0
-2.842195563140592	0	0	0	0
6.137645070094429	0	0	0	0
-5.223664021985407	0	0	0	0
2.331508613325873	0	0	0	0
-1.036938551631735	0	0	0	0
1.8905890936124763	0	0	0	0
-4.5814604794544564	0	0	0	0
8.565073976443358	0	0	0	0
-10.161531684197918	0	0	0	0
6.74931940995053	0	0	0	0
-2.2417312629840254	0	0	0	0
-0.16593493054465114	0	0	0	0
1.5925674307243582	0	0	0	0
-4.670725327519847	0	0	0	0
