0.1108222820396989	-0.46481515672636675	5.2090393443402405	-0.4073221472775259	16942.85711733658
-0.21046754326012262	-0.6631949903644738	16.4280767383283	-2.035436772348575	16942.423923145834
0.15181725985160455	3.86012893219074	-5.229185580600202	-11.63287170173021	16939.229333451804
-0.23443942356659875	-5.562244021639657	3.234186008236577	-19.92131166097853	16942.749678101547
-0.8667086736975307	8.957869160024096	-18.49059442363189	16.66200268828922	16940.816252035314
1.804695744875616	0.24670991895492733	-1.233951591926072	22.666795393486794	16946.222474219303
-1.0480363655398293	9.0929755634087	7.182499078247673	12.331158370089582	16926.865983137734
0.1227682386948743	-3.80194074234808	-9.258240496541575	-7.579577121698819	16915.336727003232
-0.49254336052386094	-4.817081960906762	13.661064669841195	-4.7507350118081035	16942.198984128034
0.26316528476721857	4.300842185819782	-2.7601420286831626	19.4164431899235	16874.78038055582
1.4455391867349476	-0.1895317046576963	-10.47217668762778	-0.882182072912272	16888.826586932388
-1.6389265817307503	-13.940983255856395	14.463700604576843	-45.710476093806335	16895.35971017782
1.041827973482775	11.068420096013178	12.7533716637667	-7.287850280756899	16983.43756786606
-1.7793553971713933	0.11224036061071274	0.3251260639059268	4.421936888066213	16963.65408086977
1.713959903516816	2.175406322873087	7.739247925277539	-28.167416607756977	16869.851844088706
-0.25437817902271576	-19.07585130232868	4.236385908229636	-16.93386573973035	16820.61970651974
-0.27983485537438213	12.979302548622854	14.12239605397339	-27.93391640383402	16840.463239673685
0.24553467561511155	-10.16464156902984	-0.33583884473257797	0.14825609362908665	16818.456343247723
0.3633765037018364	8.66183265972716	-10.465814857625404	-14.274758222387206	16728.524679689832
-1.3433621369689845	5.466793052695635	3.4634826399188796	35.924565021879616	16656.16041866683
0.3368313520343378	-2.067345254380527	-13.501594354798598	0.20715019638218735	16539.174658099313
1.6910081737646863	-9.35528187929551	-1.567345145966101	5.65615146911999	16548.523596191815
-1.5700896500898907	-5.2872783347765875	2.184160486904375	-0.07048111358817266	16675.13577452586
0.2620886839589076	-4.059145383053142	0.23010501991004162	26.69029897938765	16755.02989891146
0.2797398306487153	-4.689713120733671	-7.765956017633897	-6.109472703183343	16813.197727690298
-0.2904145723516791	-0.6802211421620967	7.069112276442226	-0.5987455789550182	16832.047071455898
0.43231435911066995	1.4030631829995954	-6.418092824005825	-40.50685208962642	16931.170691214495
-0.6128785674826531	0.19071406757873888	8.292088183272867	29.516648273768908	16926.702963240976
-1.672481701096764	4.037116537636095	-0.4502989414781382	-31.336289308590494	16865.119333188657
4.510266423056706	6.691552934726303	-19.021533314714333	25.00666847488141	16982.537266751857
-3.0834383830524175	-12.404426282689144	4.693388475420107	-17.35388721204336	16931.70198289753
0.5270649166447825	11.799822109994281	-8.957685793413518	3.951749562438067	16935.170366643775
-0.735776959210618	-1.2968859853654635	26.709333914429138	4.118093428503954	16911.363613503945
1.5846096214811922	-7.722211666568619	13.111423421952225	-17.333121082816902	17008.442708527302
-1.0756855641940888	0.5984469978382592	16.157857862938386	6.8735564241776075	17071.844826140208
-0.5874382255619608	10.841686097157591	-1.0985656122851566	-2.9317390385042046	16976.338258928976
2.8709724593777324	-7.3723075407637495	6.283369768492463	2.6125017622767075	16944.998313554737
-4.750376602541365	-4.286804443584181	0.4700660006285631	14.84344188733968	16940.43007061667
5.419782784750716	18.63851785798375	8.26271089120236	0	0
-5.291777391288626	-13.310933912068016	-10.567973725815733	0	0
4.630189355352108	4.758914782160083	-3.897694832588627	0	0
-2.1388568610351015	0.6383743816844429	-9.33371928665342	0	0
-0.2951720758517453	1.9830689907231829	-2.5431601295160107	0	0
0.5250403182008725	0.5910474354616824	-7.047904742907093	0	0
0.6582464289104237	2.3201190444635458	1.822243950283962	0	0
-0.6109050594062069	-6.23650471516499	-16.003382165241902	0	0
-0.3801068999749333	-6.044768641530659	17.90548142310668	0	0
0.24684650153267995	-0.9581052893186737	-8.477542287743816	0	0
-0.31537164762939085	-7.0358564051269425	5.0562053410394014	0	0
1.7570459453216216	-11.515145714502104	-8.653086246645628	0	0
-3.567290442345943	-0.7248652586711302	-6.2154238514306	0	0
4.643805556172488	-4.036213645387107	6.518732387842974	0	0
-5.207597584215904	-11.389140400736032	-18.54111155001192	0	0
6.337815428582196	2.926173768513813	6.46241223095204	0	0
-5.985243658228576	0.10301493454700505	-18.392084829829855	0	0
3.6752641928783163	-11.848468711502939	9.95654326959243	0	0
-0.7697642679844137	-11.454104477082495	-16.97467314051285	0	0
-0.041112667303110584	3.7434496773135137	16.13636977273238	0	0
-2.164135565219759	-17.032467815578173	-6.291802346679077	0	0
3.6427326319434172	4.530407729837513	-0.9283122888300994	0	0
-2.5957481943812297	-11.87596075913524	-19.02121924932345	0	0
1.4801443646605321	18.030043511713195	-13.227892490866353	0	0
-1.3966188207126748	-6.847652737997073	6.3564395823880915	0	0
2.8434125091884326	-1.0391182756162323	3.789968388109884	0	0
-4.702007692651691	6.130860866053091	3.7936478559563085	0	0
4.675253184753203	-10.823295565012565	18.337942252529444	0	0
-3.8948437878066073	-6.431199171280113	-8.39636075065907	0	0
2.9118583742552175	-6.714911182905787	4.260857154768729	0	0
-0.8351976689395855	8.79438701134984	-20.37724738884212	0	0
-1.275848734816286	4.693493768672219	2.2675386316131494	0	0
1.1814193369844048	-2.2145923195942743	0	0	0
0.6896895895767585	5.508584081551135	0	0	0
-3.3320847125835797	-14.081580435498225	0	0	0
4.429290272789473	9.971114731466912	0	0	0
-1.7434114682966069	1.6466061879867055	0	0	0
-0.38359003663924796	6.240516414789731	0	0	0
-0.3599528303149171	-4.263900778059309	0	0	0
1.2623094386032818	-0.4374924331486483	0	0	0
-0.5876669987818204	1.3085967023126415	0	0	0
-1.0796972107380256	-0.8722988836069163	0	0	0
1.8917526529168285	-4.8427288978684615	0	0	0
-1.355679194365564	-4.20621997213977	0	0	0
0.7462986583506179	1.612423037946911	0	0	0
0.381180057818554	-5.5883994441609985	0	0	0
-1.8136507638677628	12.08157010760933	0	0	0
2.3397284506517337	3.365099790751785	0	0	0
-1.8058289229284128	1.7705382785608634	0	0	0
1.4233473024081107	0.18458382267527185	0	0	0
-1.1962558665310894	0.010924637937613113	0	0	0
0.8049500663959677	1.1953324528130338	0	0	0
0.06487511286461256	-4.477067230695923	0	0	0
-0.7265529985491597	-7.211621191616693	0	0	0
1.9340891879020674	2.09933645946667	0	0	0
-3.489385473765637	-7.265054084972903	0	0	0
3.9636158692826626	-2.0208406965357284	0	0	0
-3.491151777607662	0.6115586700468043	0	0	0
2.437899778110264	8.224641404801822	0	0	0
-0.13220083018026685	-5.675330138224979	0	0	0
-1.6331708777655791	6.666802009191898	0	0	0
1.6777759460034503	12.895625790010676	0	0	0
-1.011983947062845	-1.1650996382508438	0	0	0
0.36540927258916156	6.255137976274334	0	0	0
-1.0604300156191684	-0.40577980752058096	0	0	0
1.7106310646081653	-0.3646911022105783	0	0	0
-1.4644391548238005	-4.296752191288078	0	0	0
1.1509236812876154	-5.893741181476116	0	0	0
0.049431317353594295	-2.2182612051558124	0	0	0
-1.1682575132035211	-8.181040313196405	0	0	0
0.45706716893184307	-0.47807901739116687	0	0	0
-0.41845599408102885	-1.8143039392616913	0	0	0
0.3364592897123302	4.304357600337198	0	0	0
0.6560916370392107	10.728502515302502	0	0	0
0.3003245141219679	-8.608782458801258	0	0	0
-1.8448038030052416	-1.5961928327260395	0	0	0
1.2307127878478852	-5.4832932676339325	0	0	0
1.2602091107640376	0.8761340623708804	0	0	0
-2.394742521003458	-7.075236188448123	0	0	0
2.587014927198773	9.618238194617177	0	0	0
-5.266870252009625	-4.541867652239858	0	0	0
7.938662609788011	-0.651617171564105	0	0	0
-6.363561609739477	-4.030534073548125	0	0	0
3.578932043873394	7.695113445067733	0	0	0
-3.404915068163014	-4.382267966400036	0	0	0
2.2396642574989656	9.70483109377843	0	0	0
-0.6866646274254222	-9.381431468282486	0	0	0
1.0884376249436443	-2.1524266696808283	0	0	0
-0.8575699862404065	7.9670379774504525	0	0	0
-1.6720576271245662	-7.6658507970880265	0	0	0
3.2464209465101774	0.2764438333896848	0	0	0
-0.6359395144482178	-7.213888046831791	0	0	0
-2.262328483560445	9.540868275908721	0	0	0
2.63774741532378	-0.8219703692596028	0	0	0
-3.368901161104972	4.220887345604339	0	0	0
3.909308617414986	0	0	0	0
-2.601260553094555	0	0	0	0
0.5807594251009434	0	0	0	0
0.9298036679514965	0	0	0	0
-1.184512749360735	0	0	0	0
-0.14322048001585586	0	0	0	0
0.13232473729556915	0	0	0	0
1.369318081899678	0	0	0	0
-2.2886464253976726	0	0	0	0
0.6420030675122419	0	0	0	0
1.3912444677023856	0	0	0	0
-1.065601082729259	0	0	0	0
0.12349847646657253	0	0	0	0
-0.9739206896738466	0	0	0	0
1.611578406759321	0	0	0	0
-1.3640900898303485	0	0	0	0
0.8311581672712336	0	0	0	0
-0.8432051445919626	0	0	0	0
1.5647133373794233	0	0	0	0
-2.088405939717056	0	0	0	0
1.4585828585221847	0	0	0	0
-0.6298247788148785	0	0	0	0
1.1423403879370753	0	0	0	0
-2.831772460732388	0	0	0	0
2.90539481759248	0	0	0	0
-1.1610459720420678	0	0	0	0
-0.3912323940438469	0	0	0	0
1.772235986370184	0	0	0	0
-3.6806364922899633	0	0	0	0
5.423366873682568	0	0	0	0
-4.9753093067573175	0	0	0	0
2.2065474770846265	0	0	0	0
-0.034265916927090245	0	0	0	0
0.3547785812936297	0	0	0	0
-0.943278925802808	0	0	0	0
1.273749210228722	0	0	0	0
-1.6132617313730577	0	0	0	0
0.8109058172846915	0	0	0	0
0.7252648925912197	0	0	0	0
-1.2945132684601575	0	0	0	0
0.6274485223509245	0	0	0	0
0.5993659504982674	0	0	0	0
-1.5094787114376231	0	0	0	0
2.1339301073234864	0	0	0	0
-1.8759792923131187	0	0	0	0
1.449803837676157	0	0	0	0
-1.9347608488582893	0	0	0	0
2.656639975621374	0	0	0	0
-2.7918586898461157	0	0	0	0
3.7282029892864585	0	0	0	0
-4.272109510206292	0	0	0	0
3.308483094155555	0	0	0	0
-2.197870886710895	0	0	0	0
1.857455145221337	0	0	0	0
-1.6144790295580975	0	0	0	0
0.4795879352486807	0	0	0	0
-0.2648848968630375	0	0	0	0
0.8888149785378161	0	0	0	0
-0.7033352618284496	0	0	0	0
-0.6141114905443175	0	0	0	0
2.0045920492790685	0	0	0	0
-2.4400639589734894	0	0	0	0
2.4360976917426953	0	0	0	0
-0.576070634925955	0	0	0	0
-2.2310335034403153	0	0	0	0
3.0119624249059314	0	0	0	0
-2.7899442972844	0	0	0	0
2.4172119320572634	0	0	0	0
-2.4444860904884607	0	0	0	0
1.834421376374344	0	0	0	0
-0.10996029826138454	0	0	0	0
-1.2166978072005534	0	0	0	0
1.6625203017091081	0	0	0	0
-1.1327899379852298	0	0	0	0
-0.26039192564769564	0	0	0	0
1.0407036713346258	0	0	0	0
-2.919078082030545	0	0	0	0
5.002089462343392	0	0	0	0
-4.161023193527527	0	0	0	0
1.1888907379220015	0	0	0	0
1.0340844248048455	0	0	0	0
-1.7547808010678025	0	0	0	0
2.0078966168464234	0	0	0	0
-2.6297769230462293	0	0	0	0
2.1820134599736676	0	0	0	0
-1.8299990366781174	0	0	0	0
1.6968500352778406	0	0	0	0
0.04319398925842677	0	0	0	0
-1.3443779073334454	0	0	0	0
0.3702054099852816	0	0	0	0
0.41028352768378795	0	0	0	0
-0.48360800920165303	0	0	0	0
1.2635142462769693	0	0	0	0
-2.1218238110607004	0	0	0	0
2.4245212327662884	0	0	0	0
-0.9135470233781291	0	0	0	0
-1.1200558985504685	0	0	0	0
1.6350497826093005	0	0	0	0
-1.1473644706345922	0	0	0	0
1.0251523921221661	0	0	0	0
-1.7940199460778032	0	0	0	0
2.3171468512044058	0	0	0	0
0.09575115701189674	0	0	0	0
-2.236491501694907	0	0	0	0
1.086320963035142	0	0	0	0
0.5861820563122535	0	0	0	0
-0.702021166467155	0	0	0	0
0.9680516292524999	0	0	0	0
-2.144797833355021	0	0	0	0
1.7463262213354014	0	0	0	0
-0.7702397165551602	0	0	0	0
1.091187114726381	0	0	0	0
-1.2907604863275068	0	0	0	0
-0.18193292597324273	0	0	0	0
1.865960088654802	0	0	0	0
-2.224702074935969	0	0	0	0
1.2306058491702885	0	0	0	0
0.6385976031303997	0	0	0	0
-3.0287822382924787	0	0	0	0
3.9540133982647987	0	0	0	0
-2.2678934632864554	0	0	0	0
0.8933161307368493	0	0	0	0
0.058721369958149694	0	0	0	0
0.179597335427907	0	0	0	0
0.15412111289885644	0	0	0	0
-1.2167359396485153	0	0	0	0
