-0.009927238759850354	-2.1763343748106365	6.7659800588640735	-0.17965764615132684	18209.088583640136
0.6300075932164049	-6.194887258911038	21.363569834322448	-1.7770049230170741	18208.33162446747
0.35535363338694026	2.4673506197734554	-9.677731282187281	-16.46899988165464	18204.615897217533
-0.5934656163153633	-6.5288638960279	-1.1739082700373444	7.980825458260341	18210.655223673624
-1.0705117653133698	-2.7165549995110467	-8.693337921859836	16.761481685253784	18196.641044936066
2.6170023985252726	-5.539592160226263	15.59972565598136	-33.18373276467031	18243.576691033075
-3.300464922435985	-0.09723483542255451	-5.496968534080153	26.689858664943102	18508.535610651084
3.478076569599864	-0.40388782979192683	17.45475826712699	-8.382463304744704	18674.121937602402
-3.0642244498824383	-1.792392121708204	12.892294970897808	2.180124517134601	18723.489818457583
1.2864533611108087	-11.68727254627612	4.994849514667507	14.292183945371335	18759.505613967587
0.08613975290116826	1.7977762198342049	2.8055501481646417	-24.926976085294257	18695.435732998278
-0.5679517654707169	9.530085926740341	1.5938975057257068	-2.4685416282272854	18552.659633822455
0.785658004195966	2.0649016518611347	8.694979297550674	6.887994948352258	18422.938704458884
0.21403327038182596	-1.5258717576625003	-6.512898012271563	-14.947379590566385	18226.580851851566
-0.5757862249525019	1.294692610870385	1.3077390725235887	-7.9447429015335445	18004.36588501046
0.17784500683622895	-3.1944110840255178	14.284921611560705	-2.033324204868535	17751.092301278015
-0.4995100116531148	1.4081197793642133	-14.046231774050028	5.614041268421005	17437.094563874158
2.0931351920583126	5.580414102416938	-10.492566448011388	-5.5977759748458595	17238.82053691711
-3.226390408423285	1.140086450769104	5.290577357643613	0.455607450407598	17122.78334852445
2.4905181840097157	1.1741606488490817	-5.955185540558574	4.356843926048228	17005.94397064819
-1.0428395919825846	-3.244016133218537	-12.02111926263369	-1.8067821910752997	16893.708493386643
0.7394005227218656	3.257771953516098	5.856603033862299	26.902323554252973	16866.840575353395
-1.346111754077917	1.8268730882949313	-2.465319805270056	19.625623862363298	16870.967478719944
0.49956480510027035	-1.0590227057621462	-10.198568962234404	1.3332341935775816	16973.3990614351
0.7366818506377371	1.2010820898909174	-5.060745332894754	6.850503781572186	17143.65616535427
-0.15700942098402493	-2.6156967163078377	3.006063302973331	34.76596810703123	17333.695438411007
-0.5733744019711438	-4.744687109121401	3.9041219599656642	16.18524698466325	17425.927218874276
0.006992310509239985	-1.2529164512103819	-10.419429202660993	-16.07172683658078	17417.517941563197
0.035156774489180975	3.5270274290284505	-11.002188801428929	-12.166226322947352	17407.661322141714
0.8566649083548299	-0.6267799790244197	1.6387711137267473	24.22144352520135	17357.81161747371
-1.2881626888170459	13.579235940698126	0.9192935612270787	10.663880403862265	17225.227796574676
-0.011893039480320056	-3.935289560628462	6.984916310455759	-10.204406045997786	17119.824272474478
2.1277170314523417	0.5726341752054793	-1.1630505789628245	0.7204987717279039	16994.170696223984
-3.7627253491179147	-2.7366630075261327	-11.632306369484823	-3.994138694604544	16753.54097485068
3.6648569084398233	-3.2841180495444604	-6.318636377840946	-12.634240536067523	16534.332257661037
-2.9821473224086787	-3.420618089402936	2.4113614176617375	5.92051762201838	16313.112172683012
2.4726293799108703	0.2199346981526702	-0.4477305750412768	13.40256240536921	16096.654920649962
-1.5110169494084644	-3.384106110435141	5.246237591760803	-1.7886011758041178	15981.195330471895
-0.29575469891991446	1.2321881800972818	-6.513414759353509	0	0
1.456325416363434	-0.49329258332515735	-2.0952799860202447	0	0
-1.4354893514191858	-4.553224038526366	7.516002033043293	0	0
1.404410724514129	2.0248404841009062	-2.954721985163715	0	0
-1.0362699317796853	-0.47979513086531256	6.192427797788852	0	0
-0.20789256828567204	-9.362445952777861	-6.689587308612374	0	0
0.4308837290859344	2.5305983928140705	9.027628096422973	0	0
0.15394707678066766	-1.7857423517238118	2.380968382145838	0	0
-0.04980490460653897	-3.0759387218700596	7.604111876834409	0	0
-0.7753278478655687	3.1801259146158145	-2.1852788020136273	0	0
1.8873576061673205	3.1740235308954965	-16.53208212621699	0	0
-2.88008466101288	-2.0795739618701816	21.456914395555287	0	0
3.2248593520424578	-1.3143352322754964	4.9116953722306675	0	0
-2.8417565794621495	1.3298613342744687	1.9086737545440968	0	0
2.1585120679986076	2.4363465910147966	4.513665137311079	0	0
-0.422514811286419	0.8293339958643031	-8.98267414693629	0	0
-0.2773516579491613	-4.654823762326771	-5.699683914272768	0	0
0.11503976965158103	0.41645186704239734	-10.288913108659088	0	0
-0.4396575226691013	4.973552412392593	0.47113522433930655	0	0
-0.15444769891665544	0.7092327924380868	-13.803164257592982	0	0
2.4578205031139433	-5.211423450050148	-11.69799837596834	0	0
-3.45421932589295	1.2048304811987691	-13.767161476329491	0	0
2.720119189119629	-6.562971820806183	1.047436484940235	0	0
-2.8894189774280292	-1.7344087068906333	6.852854067804969	0	0
2.9959063384312756	3.2428353314324596	11.094353867384456	0	0
-2.5701421780658933	0.742461040165793	0.3659937005862872	0	0
1.8129308394158485	1.3492977372851485	5.638496827707456	0	0
-0.41268782924053937	2.555250209876874	-2.407827239534896	0	0
-0.9452424994439212	4.231639015763889	4.894101760557575	0	0
1.3363515368477579	-6.198324561600117	-4.676992737228716	0	0
-0.6685483626928317	-2.291440260887434	2.113468203714646	0	0
-1.2332263848035225	6.721265292131079	-7.323044763867898	0	0
3.0290944761185727	-1.891855913547893	0	0	0
-2.8493022520341	5.6476037383609	0	0	0
0.4500938870654778	2.4433937293577372	0	0	0
1.6738849439390506	-5.720658813148731	0	0	0
-2.138939102831827	-7.92132202487339	0	0	0
1.7222638425814765	0.029468066899383416	0	0	0
-0.6496248175826622	2.9384175286508665	0	0	0
-0.12436393249445388	2.2389487221097184	0	0	0
-0.15127481188439873	-1.5951049253890304	0	0	0
1.713526863244752	-0.9806102513883985	0	0	0
-3.1048909137200624	3.879578769118666	0	0	0
3.0983042933381597	2.5171207715431194	0	0	0
-1.7764459090431615	-3.2628063304544668	0	0	0
1.5579469106292336	-4.9850034227264075	0	0	0
-2.3442334177789874	8.536235814155305	0	0	0
2.5845347721333525	5.5740614179220955	0	0	0
-1.3870619322853344	9.153826296796183	0	0	0
0.5738178094514623	-8.02808262203294	0	0	0
-0.42417957223218394	0.28173386607461737	0	0	0
0.5902211427166364	-0.8828266371946967	0	0	0
-1.1952649207996018	3.6126120175791243	0	0	0
2.087853935243899	-4.102614490682143	0	0	0
-1.5807512561280888	3.89958342442128	0	0	0
0.2618671971746238	-3.666136496365823	0	0	0
0.4120320382128497	4.083061852888136	0	0	0
-0.6944919887035965	-2.929702083969474	0	0	0
0.5824088867547417	4.7521349429759	0	0	0
0.03087382879638767	0.15800794004356078	0	0	0
-0.24274683195277902	-5.360431882711538	0	0	0
-0.20221126005143475	-3.1156780661411716	0	0	0
0.5008683458351655	7.3529466881622625	0	0	0
-1.3784775174045194	0.8518141062908171	0	0	0
3.0173089112716838	5.277732271427041	0	0	0
-3.9269199890943156	1.0835167497478153	0	0	0
4.149632666924198	-1.5995378135355764	0	0	0
-4.909538380185317	-6.871935532372376	0	0	0
5.239679505471891	-3.5871861336708264	0	0	0
-3.9907568633206694	3.6484743018976786	0	0	0
2.434942011621942	0.9866297045982435	0	0	0
-2.3349558690153387	9.15829411713328	0	0	0
2.9167506663835496	-5.617151590693439	0	0	0
-2.4915817550668464	-2.6684606528668837	0	0	0
1.9559128897999685	13.643155791060863	0	0	0
-1.229173165335716	-13.819859572383336	0	0	0
-0.0194531060946872	0.7465676675263424	0	0	0
0.5950157237881442	-6.246391401357933	0	0	0
0.38735156283595273	-2.3139627517545094	0	0	0
-0.9794004369599776	-3.155157220763762	0	0	0
0.3179456078520815	0.2653443911366864	0	0	0
0.03652662416735808	-3.3847791161362863	0	0	0
-0.42222611905597773	4.330237420019365	0	0	0
1.130689077260051	-1.2595180071709606	0	0	0
-1.6778682193156484	1.9856500750378103	0	0	0
1.7067097599511172	2.865634545920635	0	0	0
-0.7630100563758759	-6.911393273580487	0	0	0
-1.1016506866863125	5.889259278884886	0	0	0
3.7873789872416523	-6.993910761417844	0	0	0
-4.742699089475003	1.0482981885079568	0	0	0
4.115024075565245	-8.5234558467332	0	0	0
-4.092552422329568	2.838738127671803	0	0	0
4.447203735682116	-0.4263838310611163	0	0	0
-3.249357956802484	8.34610133021328	0	0	0
1.10077080404605	-2.1355011130179307	0	0	0
1.20451950412982	0	0	0	0
-2.8433317375881515	0	0	0	0
3.153570833004082	0	0	0	0
-2.554509966352434	0	0	0	0
1.7372554416483226	0	0	0	0
-1.6866491586152321	0	0	0	0
2.4797934372164008	0	0	0	0
-2.016330656366101	0	0	0	0
0.3897693582107209	0	0	0	0
1.5683536440618937	0	0	0	0
-3.2422169364366695	0	0	0	0
4.357438328813167	0	0	0	0
-3.8734938988741447	0	0	0	0
2.167245991122627	0	0	0	0
-0.11594469130319851	0	0	0	0
-1.2084010861192525	0	0	0	0
1.649650434762684	0	0	0	0
-1.4299204877286655	0	0	0	0
1.3115139665713045	0	0	0	0
-1.0064984000894484	0	0	0	0
0.9195277599225165	0	0	0	0
-1.5432903616357763	0	0	0	0
1.4427176749538972	0	0	0	0
-1.8237887229360723	0	0	0	0
2.5171152759161046	0	0	0	0
-1.6853002120273715	0	0	0	0
0.39719789656178506	0	0	0	0
1.05537299412876	0	0	0	0
-2.591295772775176	0	0	0	0
3.0704061601707764	0	0	0	0
-2.5456965734332684	0	0	0	0
0.8870096652484207	0	0	0	0
1.055093894570085	0	0	0	0
-1.5268363137119465	0	0	0	0
1.7157701796003835	0	0	0	0
-2.239897761344345	0	0	0	0
1.9076819332483197	0	0	0	0
-1.3176986013622738	0	0	0	0
0.3003788708307127	0	0	0	0
-0.03698360085540031	0	0	0	0
1.4677695152919696	0	0	0	0
-2.2163271511305638	0	0	0	0
0.8672878531422583	0	0	0	0
0.4642944820929884	0	0	0	0
-0.8934338608447518	0	0	0	0
1.0816165537911289	0	0	0	0
-2.498699812514978	0	0	0	0
3.323881067332593	0	0	0	0
-2.731100998689058	0	0	0	0
2.4340776542643283	0	0	0	0
-1.2579294933402139	0	0	0	0
-1.5708057488263378	0	0	0	0
2.0503098813534493	0	0	0	0
-0.5711554243370642	0	0	0	0
-0.49197383717809373	0	0	0	0
0.6259227760123309	0	0	0	0
0.8434562647505359	0	0	0	0
-2.1989534728704214	0	0	0	0
2.063308106965934	0	0	0	0
-1.06407377127249	0	0	0	0
0.5328130110219931	0	0	0	0
-0.6531698161857236	0	0	0	0
0.47815463390520563	0	0	0	0
-1.1160343540639985	0	0	0	0
2.987128459041493	0	0	0	0
-3.997816333715136	0	0	0	0
3.57937675524051	0	0	0	0
-3.0264385420841577	0	0	0	0
2.822094820658073	0	0	0	0
-2.57772129644804	0	0	0	0
1.4175543408644131	0	0	0	0
0.09400117914564987	0	0	0	0
-0.8931364386522631	0	0	0	0
1.5522660805405764	0	0	0	0
-1.6828808656368395	0	0	0	0
0.99510379838609	0	0	0	0
-0.4057518142656633	0	0	0	0
0.23902220449774347	0	0	0	0
0.8742657335018933	0	0	0	0
-1.4962333606181843	0	0	0	0
0.45473258846494247	0	0	0	0
1.207191657610096	0	0	0	0
-1.3471280334932914	0	0	0	0
2.055199681267055	0	0	0	0
-3.6016678005504232	0	0	0	0
3.5147649583287333	0	0	0	0
-0.8598550738218265	0	0	0	0
-2.6691823206829213	0	0	0	0
3.265331431442405	0	0	0	0
-0.3143178503473223	0	0	0	0
-1.767154193814882	0	0	0	0
1.0134027462924635	0	0	0	0
-0.4646972129046887	0	0	0	0
0.9328886261907101	0	0	0	0
-0.966500847141738	0	0	0	0
0.9629864423488499	0	0	0	0
-1.9975439709627807	0	0	0	0
2.991758091653068	0	0	0	0
-2.4024075595584264	0	0	0	0
0.6597901588624993	0	0	0	0
0.1156375984660869	0	0	0	0
-0.21378001371971322	0	0	0	0
1.1228608140043548	0	0	0	0
-3.0358158690655372	0	0	0	0
5.11450276541715	0	0	0	0
-5.6396143720238925	0	0	0	0
3.5104147032766093	0	0	0	0
-1.7672342231659215	0	0	0	0
2.188021033157092	0	0	0	0
-3.28961460258288	0	0	0	0
3.0558245226058034	0	0	0	0
-0.8440027162833914	0	0	0	0
-1.3653616527510053	0	0	0	0
2.284583887905164	0	0	0	0
-2.7884573594675004	0	0	0	0
3.7521637053820953	0	0	0	0
-3.9657994852661744	0	0	0	0
2.346400176675239	0	0	0	0
-0.6689739394637755	0	0	0	0
0.14797192263038994	0	0	0	0
-0.05053410662581115	0	0	0	0
-1.0434889032460646	0	0	0	0
0.16303809605145148	0	0	0	0
-0.29057833409046907	0	0	0	0
0.7158924762353394	0	0	0	0
0.7385053509213932	0	0	0	0
