-0.16660017808312233	0.9978241724908585	2.995144195012074	-0.3490431238389249	16936.996513696376
0.0891669305004612	3.4801778160663233	9.1706453240119	-1.838554691660761	16936.073857954627
1.932235156094542	-0.1813372966977198	-6.778245124253161	-10.64484422270489	16934.63997637909
-2.9217337982902976	-2.764494690468311	4.388386592179685	-0.2434005698848125	16937.629079124643
3.2415422983607485	-1.1021026728295027	0.45070836236286027	-1.2502621274349934	16929.348364520258
-4.060111914367695	-25.494087696575022	10.639114356615039	7.131068698646061	16959.934853942952
5.791114742816291	15.419898967398595	1.501069126817427	11.700009687638513	17005.604315814475
-5.824335524027887	-1.7184433733277231	-11.542284621205482	14.113856719499964	16988.072712303863
2.074175185485281	-1.8712782194119484	-5.934411035299931	-11.298196446167339	17012.063684041743
2.2393735537931434	-2.2490200892117898	-8.965904199436721	8.599438890578398	17024.43830220393
-3.0425962514976135	15.56780729894416	10.029941087107943	-25.945264368594636	17002.440607295175
0.409648729472913	-11.386975179370069	-20.172000989580155	-14.51046507422285	16989.6600968601
1.8709078054962163	10.84715174394394	4.200998111910039	21.762586261261617	17038.648873111662
-1.5353214854031592	-13.109095188766979	11.333109740306668	-13.5313095300329	17056.81725106495
0.6675373255646093	4.1181257268680795	-6.843116534994607	3.963766309549115	17004.422793655467
-0.26966760388752675	-6.1817726760742175	-11.493914101518016	5.847416181278646	16985.832711249277
-0.9779454745735521	-3.7003428833799177	-8.741438307596354	3.4530369093846645	16985.577242567306
2.0263985165758314	4.54224780823823	-15.003375311708055	31.272008594468673	16946.263185026444
-0.2972151012591837	6.511283688546989	8.910801123645939	-21.1053750715552	16990.415627911967
-2.3520887220902154	0.8646877677203051	5.57662994703837	-9.309018124943364	16905.75756996736
2.3623837227423863	-3.766111549340721	-1.4485778969830108	-10.137994015809284	16922.34490704014
-1.9797795551542166	2.567833793713966	-5.222561724640855	4.760587563971981	16906.015491201997
2.937907540538305	1.4033587356783315	11.603863290232766	0.8262468923002615	16925.602407567618
-2.7988632843932493	2.0186810719333437	-11.087500901904747	25.05162399399697	16902.568285668996
0.751330314051053	-0.24480790953915488	4.182230674231107	-9.698636224326648	16884.29689471927
0.40810816614067136	-10.881884615400836	8.309028948477433	-0.24221958092672935	16849.102334407595
1.1955628156805957	14.575303244439993	18.129071954262827	-10.268643914647711	16827.42690110299
-3.4442508143826274	3.407287219536613	-13.073621638973876	-12.9317400529292	16791.60410336781
3.7844767129578756	-3.813218602580932	5.264713562754878	7.504436357081758	16774.25253481826
-2.9584932443553384	-0.6147282702927939	13.944776559816901	-3.2365564833762335	16725.25749759574
0.44350451363160914	-5.379881937557386	-20.44739520802895	21.90206381793614	16715.811369685773
3.0048948803851374	6.772158655476751	27.138595854768482	13.748076720496158	16733.082820480824
-5.257060483339615	-17.13907823758253	-8.91900722726453	0.6987442832005968	16750.55299702248
5.4774264770742676	2.21291281731078	0.7513655859202686	25.67263881051943	16736.930144396138
-3.944195163820254	-6.411528045686467	15.220980201752795	-1.3086064657010468	16730.383137626333
1.3959044710543225	9.273875476560775	2.229027875341103	-0.40101821011721484	16756.850852327672
0.37963276218037834	-9.283299761918592	5.836757667194533	-7.6841908016446325	16808.59426215878
-1.8854564759086685	3.5867970972022505	-11.440268740760658	-22.627060323574156	16841.264450910257
2.655974803480632	-5.990483434449601	3.063906023740401	0	0
-2.198893482209769	6.6716339048005935	-2.5805126950112083	0	0
1.7397422403225349	3.7700683856124186	10.688351036126022	0	0
-2.791650496315569	6.378525651759098	-8.52099133500775	0	0
3.173576030205112	1.4086026803017262	-3.537247085571451	0	0
-2.602530982369885	-0.8029354667463835	-7.0213562998577	0	0
1.5461460556963615	13.294852901831582	3.6767686908931125	0	0
0.401902335442756	-9.893994925737104	-4.501613754984035	0	0
-2.3971766076437575	2.5481704771670763	23.49251419970355	0	0
2.774163531088263	-3.6725822294160864	7.465000050640015	0	0
-3.774608383942848	4.938494337276481	10.056723308185	0	0
4.413858178668562	-2.644574013205194	22.092920414851605	0	0
-2.8476377533525365	4.281348206469353	1.3097217695051597	0	0
1.582020237878865	-3.186388494105458	-6.069816260208597	0	0
-1.4244099315213816	-1.2118331697993625	6.0906230792833895	0	0
0.9786800171270045	6.502520790644063	1.765798208247233	0	0
-1.3077535471432995	8.467050268317884	-14.21534859297472	0	0
2.410960609838561	-7.709134358875723	-6.764859524528887	0	0
-2.968712477846111	-1.2071276772718988	9.28236925194389	0	0
2.2473938705141947	6.9627331189660495	-5.272175949264309	0	0
-1.7666757579153725	-3.782239600523326	20.034870496025107	0	0
2.4728101216517544	16.304596270232558	9.576302951362962	0	0
-3.192217365418223	-12.058427651776391	12.140436964483314	0	0
2.1978198356313428	-3.4833194965631264	-7.625927664965346	0	0
-2.7871779542489037	4.216259994515582	-2.377646042698828	0	0
5.063306040289717	-4.406742614574135	5.800555833699676	0	0
-4.943956280972614	0.5684159719149164	-0.35489275599371695	0	0
3.068771116425566	-0.10205086050055456	-5.910150181543216	0	0
-2.2918585230296884	-0.8665398299670244	1.4247280340322135	0	0
0.780808346636995	-0.2812778844100805	0.4067120696420403	0	0
1.6782179453522659	6.184377898597752	4.6910521948127695	0	0
-3.1560490776787304	4.698777597341838	-2.185494492939199	0	0
1.435396067726657	-5.375571626895876	0	0	0
0.7641734900711441	-3.3000819184603642	0	0	0
-1.373164740355378	-1.6653024183297092	0	0	0
0.7107084568980468	-4.666011996270434	0	0	0
0.033742266233915075	-7.085512326462357	0	0	0
-0.9460419298949745	8.233624975084545	0	0	0
2.4388036401091284	-10.386211320922143	0	0	0
-4.278497521961327	7.839591247442691	0	0	0
5.168370546326997	-8.18117845001688	0	0	0
-4.543883359093016	1.1454158683451183	0	0	0
3.4961914343155556	-1.5340703550795567	0	0	0
-1.984385162491506	-2.6947730976812707	0	0	0
-0.5640192818174157	7.305762568212053	0	0	0
2.8273414507559664	-10.25540427344474	0	0	0
-5.229662506043695	8.515350172519547	0	0	0
5.639903525686812	-3.531839249374954	0	0	0
-2.374340183064369	4.194117187653603	0	0	0
-1.3895121740597673	-11.530728997944628	0	0	0
2.710023372966873	6.782914119911148	0	0	0
-1.8345255817306452	1.6129864077862592	0	0	0
0.5656393676538727	-8.48800673040148	0	0	0
0.4324904208392013	0.8925426920766242	0	0	0
-1.3956879900998658	0.6002239713385222	0	0	0
1.992809385847977	10.404829925301357	0	0	0
-0.9654725269788216	7.344554835861814	0	0	0
-1.4512178381232061	7.02510369446766	0	0	0
3.058707730701876	0.9627550128650029	0	0	0
-1.9426898886626844	1.6871526749941523	0	0	0
0.4681643734287917	-10.662262622931777	0	0	0
-1.3219767412555328	2.1999938201561946	0	0	0
2.240599224493508	-9.858779706265288	0	0	0
-1.5330866600102198	2.6677949695272574	0	0	0
0.9751887317462362	-10.647350416084443	0	0	0
0.856384119153418	-14.673256477380562	0	0	0
-1.6597957334611877	-0.5858022354991093	0	0	0
0.9216440195550462	2.187831915247564	0	0	0
0.5521430551460256	7.488387063641461	0	0	0
-2.334336161626986	-3.2708607520217754	0	0	0
2.6114266641027157	-13.239187112410704	0	0	0
-0.6272801521642535	5.560957507259488	0	0	0
-1.1721528720611047	-1.8304295047827353	0	0	0
0.5152756549945465	-0.7892922624872796	0	0	0
1.020350483928162	1.0671572895031929	0	0	0
-2.350244532544501	-4.233744390812845	0	0	0
0.848249708264575	0.8971849601528277	0	0	0
1.5377707495777315	-10.793154333258592	0	0	0
-1.4005508865063163	2.487858862127368	0	0	0
0.6282272744195012	-2.309031507511058	0	0	0
-1.2978827783435136	5.960277797343728	0	0	0
1.6510154634101823	-8.171661341164182	0	0	0
-2.178080367922675	4.243290733203338	0	0	0
1.7743441207737902	-8.900498553535947	0	0	0
-0.6450686926052569	-6.264805937896192	0	0	0
-0.4513580661729648	3.094828253891663	0	0	0
0.5882938242156186	5.6327321478732415	0	0	0
0.5942012656749114	-4.232553775938513	0	0	0
-1.8105324978960056	4.72563051150054	0	0	0
1.911702345049143	-0.6722053556838219	0	0	0
-0.8167130516481222	3.0153142761165697	0	0	0
-0.5750151788887408	-1.5084823444167128	0	0	0
2.0350171477299384	0.5772387888667581	0	0	0
-3.8666314505640145	-2.5787213537637967	0	0	0
4.385153194430899	0.5023938905125078	0	0	0
-2.5118393341967433	0	0	0	0
-0.02958199037335163	0	0	0	0
0.13964070017590302	0	0	0	0
0.7801764513474723	0	0	0	0
-0.9480250175252962	0	0	0	0
0.15316027072591254	0	0	0	0
0.4691949808323983	0	0	0	0
-0.848477046785483	0	0	0	0
-0.5997928348727157	0	0	0	0
1.8244346932574018	0	0	0	0
-2.2167136259475413	0	0	0	0
1.9844394198428716	0	0	0	0
-1.3330849689037265	0	0	0	0
0.42991465918213123	0	0	0	0
0.003172741635559362	0	0	0	0
1.0134347332011373	0	0	0	0
-1.8980041045573088	0	0	0	0
0.08809963721540726	0	0	0	0
2.711823788767788	0	0	0	0
-3.731168274734749	0	0	0	0
3.8926506664351095	0	0	0	0
-4.586324288490637	0	0	0	0
4.954848462895789	0	0	0	0
-3.960439250474039	0	0	0	0
2.2341774784406923	0	0	0	0
-0.4777313319760026	0	0	0	0
0.2441130766961095	0	0	0	0
-0.8536142262268811	0	0	0	0
0.5114996802127365	0	0	0	0
1.700901905024935	0	0	0	0
-3.808739632495943	0	0	0	0
3.4077392163533275	0	0	0	0
-2.399762852149223	0	0	0	0
2.681401736921025	0	0	0	0
-2.2923215898284113	0	0	0	0
1.0850180870088622	0	0	0	0
-1.1868211230970047	0	0	0	0
2.7137415484600282	0	0	0	0
-4.440183946486542	0	0	0	0
4.040792098872423	0	0	0	0
-1.84752766269402	0	0	0	0
0.29030537997739003	0	0	0	0
-0.2725232152657284	0	0	0	0
0.6177243527154772	0	0	0	0
0.33106167845981815	0	0	0	0
-1.5712196698559495	0	0	0	0
0.6200914146986491	0	0	0	0
2.1003821550982096	0	0	0	0
-2.9902654987949973	0	0	0	0
2.067687716865983	0	0	0	0
-1.8202432713157393	0	0	0	0
1.8706578644896368	0	0	0	0
-0.6622891934185446	0	0	0	0
-1.0730519349187233	0	0	0	0
0.404618449878555	0	0	0	0
1.5053178405080203	0	0	0	0
-1.8866972159483737	0	0	0	0
1.3238274266548729	0	0	0	0
-3.0673245618755516	0	0	0	0
4.87183674401841	0	0	0	0
-3.4888356626996426	0	0	0	0
-0.06251363795713161	0	0	0	0
2.2794869268738225	0	0	0	0
-2.0484500734612894	0	0	0	0
0.5035395796759801	0	0	0	0
-0.6938069141419803	0	0	0	0
1.7263986069092283	0	0	0	0
-1.557896340078777	0	0	0	0
-0.056432174876938745	0	0	0	0
1.7166432851979678	0	0	0	0
-1.8856572652109023	0	0	0	0
0.6968250605373356	0	0	0	0
1.0768774962201633	0	0	0	0
-1.8323768954019926	0	0	0	0
1.2110223682860095	0	0	0	0
-0.6641412005597402	0	0	0	0
-0.43449662874461836	0	0	0	0
2.0135272796914805	0	0	0	0
-2.4689404607487617	0	0	0	0
2.832187167550593	0	0	0	0
-3.807972384657546	0	0	0	0
3.410031811066837	0	0	0	0
-2.028759193163147	0	0	0	0
1.555259180517318	0	0	0	0
-1.6733866836560267	0	0	0	0
1.5409046624664526	0	0	0	0
-1.0069787918968913	0	0	0	0
0.5969819391570823	0	0	0	0
-0.6358495847007717	0	0	0	0
1.025090610217248	0	0	0	0
-1.5993176283628756	0	0	0	0
1.593472104340151	0	0	0	0
-0.9840146701776149	0	0	0	0
1.0661053483314333	0	0	0	0
-3.3281582535132372	0	0	0	0
4.579923288255152	0	0	0	0
-3.1037731409524767	0	0	0	0
1.5370253699972238	0	0	0	0
-1.8095602298105788	0	0	0	0
1.212324361673609	0	0	0	0
0.8195409914646561	0	0	0	0
-2.069018793262302	0	0	0	0
1.1038446927523324	0	0	0	0
-0.37159711104990834	0	0	0	0
0.4448276290174391	0	0	0	0
0.5749735768700006	0	0	0	0
-1.248882045138032	0	0	0	0
0.4028379184816302	0	0	0	0
1.1199001030653548	0	0	0	0
-2.940454068422028	0	0	0	0
4.132824980619013	0	0	0	0
-4.1810144836221355	0	0	0	0
3.320888739249959	0	0	0	0
-1.8640375737243033	0	0	0	0
1.1753245355034423	0	0	0	0
-2.0461974175585524	0	0	0	0
3.323517632641412	0	0	0	0
-3.288968650309286	0	0	0	0
1.9524710840561497	0	0	0	0
-0.20580441256055337	0	0	0	0
-0.9470480362405809	0	0	0	0
2.274631514151757	0	0	0	0
-0.46151495871751536	0	0	0	0
0.09833280170183656	0	0	0	0
-0.4705119801679345	0	0	0	0
-1.750864112556279	0	0	0	0
