-0.06100201588815679	2.9762956114144714	-3.353526350963989	-0.07468405393096589	16974.5424161018
-0.8125695743123771	9.184845600341887	-10.946052868451147	-0.11709420847533636	16973.87130159582
0.7495838132924035	-3.0487725010939997	-0.22596684308798842	0.8966610519754994	16976.33772908967
1.3871190962547004	5.632525066917118	8.277898755188247	29.318868863600272	16975.880113400435
-1.2372158732804621	-1.9388261107349294	14.013828341729365	-18.6288628941997	16965.865691857016
-0.06669887203506164	-10.244065878853924	-17.798942868042232	-6.152303731615575	17004.537652254116
0.6049265071776446	6.159861670293239	2.6150799447825506	23.731261157222235	16985.096475526723
-1.9339730138142812	0.2442651872153334	-4.489067454851067	9.089585208262775	16930.323613923345
2.1003870775513604	-1.0912018940062609	7.668662002713305	-10.59874908717957	16924.386412904878
1.0840802245412036	-3.5873929854165496	17.125208129465065	-37.035768736055886	16935.177196444874
-3.4105330797151225	-2.5859335947477504	7.125043563587994	64.06156409211498	16949.27152657695
1.3848467769309778	-6.6650520253586905	-5.689892240167765	-52.088684818166755	16854.336770729904
0.6301849114913765	-2.8538949027995315	6.081424574103735	-70.79249516245268	16889.30704360974
-1.3365548218752394	-4.521219684783013	-13.328966313098249	11.220878152452613	16790.569713260913
2.2234394467851004	3.0544272165340445	2.5946207508826404	-10.222207400675202	16648.246527806616
-2.042634286974163	-5.726482539444497	10.736571581305569	0.4345879052238786	16646.839527481177
-0.24676496536247328	-2.6726114033527537	-31.76295178204218	-1.485130169708313	16740.978776018055
2.0453819628297367	-4.672022933451494	28.0745816831854	25.621831548974228	16797.765021827778
-1.841043025431631	-2.852467639303569	-31.66921773641883	-5.261498664925895	16825.528890470603
2.4934017274130795	10.184101163299786	21.298972746131653	47.20167215314068	16859.75340144104
-4.286584893219732	-5.004484872539187	1.523593280048118	-25.659095774094794	16948.725590850263
3.7705117712580645	1.4633284204021848	40.503230645563974	-31.975715208795933	16885.91903582905
-2.2574312942023127	-4.639689302901132	49.698262543797696	2.6135724832395653	17029.215282809295
2.200000899354187	-3.8990660790080653	-25.20494006561063	-5.6781525074046755	16983.565888272024
-2.725774144340079	10.309549884340896	17.346535732276593	-12.789599260481253	16952.822985023344
2.4282311425226837	-9.439071949005076	-7.6700196776289005	30.709205789358478	17000.820070683825
-1.9575660157604489	-1.8669070348059336	-26.135070788218897	-12.73925003132976	17004.48989346893
0.7772624759377607	-6.528971495981132	16.16028187978405	-52.82408172191734	16988.7258292835
0.8287889696671229	0.5571798302013065	16.300324772493298	20.98806850526836	17079.441701508153
-0.49762704385916834	1.3523119169212805	-11.341959257955637	-8.770755748236695	17022.805309538475
-1.787658793070669	-8.572064253436217	3.700831996552864	-17.267625610672894	17019.179948242458
2.386160907292009	-3.6909781957624688	-9.076918903353075	-2.8677886875817507	17078.785611537653
-1.4072254255412062	-5.567609647486194	2.978544669109354	-14.368221993728724	17057.575578976735
2.5790932843148013	-10.777607634425614	-16.546678698203195	31.64677421708292	17051.96145419002
-4.803797910261487	-0.15597355422583092	-8.263575131044988	-4.051256881210676	16972.852419928364
3.118200692901482	19.72566076883158	21.450692480401344	2.2940371523193477	17002.149583615454
0.5520710642041777	-8.333701661440806	-9.924216830750666	-9.097119298448021	16979.233864215006
-1.4654369846692106	11.384824706919034	-22.4277141483348	-22.131436778443586	16970.631854383733
0.5035765804892236	-6.748427595832652	9.846811595884205	0	0
0.8869265901286099	3.9006904404866134	16.703291003545942	0	0
-2.4866167693120005	-17.32297074684149	11.716786326838786	0	0
3.6227250457098066	4.519548248335873	-2.228337097549087	0	0
-3.47325528824166	-8.127331963174818	13.513876681852707	0	0
4.051999414023726	-3.7594542785010674	1.136722990006163	0	0
-5.675018528942367	-2.368042184261668	-7.336824848981209	0	0
5.564247578263178	11.484018850280776	-15.410810647467429	0	0
-1.7913576716658213	-13.490199491826779	4.539312657627619	0	0
-0.8007962240714335	0.3108281754339899	-4.630223474242115	0	0
0.438390269568842	6.462709946748596	-10.509960510304154	0	0
-0.3412002874775979	19.740769902599432	22.92338556911136	0	0
0.22976350665672385	-15.329975303647409	22.522529566593278	0	0
1.3787691231138126	15.562625374649869	7.781981669064493	0	0
-2.5273023057989334	-6.100207484711397	1.4480116085333776	0	0
2.834370375135954	-4.321369471080509	-8.177487657292602	0	0
-2.965394477029726	-1.8213705889881098	9.337882646152579	0	0
1.2563827381670976	-0.718185911790151	3.759088913652917	0	0
2.15556922050515	-5.854474497145269	1.8290952790003843	0	0
-5.615611325113086	-6.41296770062381	3.4536272560169294	0	0
6.776626203776715	-5.1293043186767235	0.9915508505572888	0	0
-5.185546285323014	11.768564219272854	16.12591914170774	0	0
4.5543697540334875	8.301046753232207	-21.617824071962318	0	0
-3.2341138689925444	4.85008153416576	17.26047528133931	0	0
1.8585424637672219	-1.9674443505817152	1.2395678426000813	0	0
-1.7184742600474792	-2.630828910556211	23.252698140090203	0	0
0.469951421490876	2.0282140098247368	0.47349350528101297	0	0
1.221779671850598	3.9339680701731154	8.516572803637274	0	0
-1.3083655482071066	-7.3250189784432465	-4.439831630259604	0	0
0.16060862632737383	-1.2017517046134074	4.210179997126758	0	0
2.370678521645921	4.18773569762898	-10.847040105764066	0	0
-3.9393663165343256	-3.587424199258713	-5.193896152219594	0	0
3.426903864441634	-4.493481816462285	0	0	0
-2.4091318171873297	-5.287292378030351	0	0	0
2.5530267199044445	-9.496908638361987	0	0	0
-3.174355106022219	-0.15325672403941581	0	0	0
1.8000847256307324	-5.662724518937253	0	0	0
0.8258950116267059	16.049370848496544	0	0	0
-1.4109885872056296	9.349499830116933	0	0	0
1.987828319429127	4.225937038630597	0	0	0
-4.789504700054621	2.1207143743657184	0	0	0
2.778326515110791	-5.76282431587115	0	0	0
3.7054348239029693	-2.5799413981936326	0	0	0
-3.6875760835137044	5.923470112436846	0	0	0
-0.46874900945369546	-11.075056934854722	0	0	0
1.0029148159912964	-1.1474879547211927	0	0	0
0.00513526396952102	1.7255073774585625	0	0	0
0.2241111982295365	-5.5995308021221675	0	0	0
-1.7247672779105088	1.8321636858963757	0	0	0
1.4249859647231204	-3.77426159087873	0	0	0
1.9547900018310216	-5.435180749435716	0	0	0
-3.86428535271655	-4.617457144836187	0	0	0
2.028021322593112	11.651565122620738	0	0	0
0.21581110934302927	-0.02308319943772119	0	0	0
-2.602261671270398	9.373500001975387	0	0	0
5.43941725334863	-3.505732070278178	0	0	0
-6.228781484023493	1.7690846738089263	0	0	0
4.907183303606693	-3.952431840159015	0	0	0
-2.8668897663360866	1.2596363416994691	0	0	0
-1.2279990175659776	-5.160860420910431	0	0	0
3.7625241474616757	-4.445859338110317	0	0	0
-1.3745088859662218	5.812640030938397	0	0	0
0.42079294083696084	9.26973230292672	0	0	0
-2.566310896667744	-0.44390052524782675	0	0	0
2.058415510182421	6.944048114580731	0	0	0
0.550981832960133	1.0736814856599182	0	0	0
-2.1984596298927883	-1.1853516803512818	0	0	0
4.0419919539437785	-5.120141977927545	0	0	0
-5.435989809538583	-2.401491467453873	0	0	0
4.553648825172573	-3.3847151218219267	0	0	0
-2.426633651660289	12.717785092103377	0	0	0
0.35328504523521076	-11.56085867669627	0	0	0
-0.34582949484005354	2.518627105968889	0	0	0
0.8611121284678305	5.872741584388763	0	0	0
-0.7335970572318686	-7.719110988270458	0	0	0
1.628157352732309	-1.3625591974119686	0	0	0
-3.912840932853669	-1.2822835441413147	0	0	0
4.968997401827309	0.2905360795602405	0	0	0
-4.606540831373664	-13.81285769107916	0	0	0
3.9002323469078206	-1.7906883764581778	0	0	0
-2.3012582535257806	-7.247952015689286	0	0	0
0.4074616363946859	7.605883938308281	0	0	0
0.468911004278624	-9.561393668084975	0	0	0
-1.4723970353810927	4.030876051093692	0	0	0
3.227023488649749	-6.216613165915042	0	0	0
-3.844149723945698	3.679471641093677	0	0	0
3.0937344497074193	-4.197335620553957	0	0	0
-3.684154315168655	2.2472787475710376	0	0	0
5.149512640712047	5.456293524997655	0	0	0
-4.148404180577863	-9.689384227693878	0	0	0
1.7114131262759003	14.29034977537178	0	0	0
-1.5570809146451765	-18.114447284993176	0	0	0
0.9219996581480174	18.715615097834245	0	0	0
1.352744219362485	-16.235615676546082	0	0	0
-1.520556582725355	12.812693994988585	0	0	0
0.6943596144171806	0	0	0	0
-1.011840994746052	0	0	0	0
0.5509071837671584	0	0	0	0
-0.5218690371668373	0	0	0	0
1.3429166249562599	0	0	0	0
-2.7817486024636935	0	0	0	0
3.4905500184829563	0	0	0	0
-3.015073689504824	0	0	0	0
1.6999922853524865	0	0	0	0
-0.5209625636384416	0	0	0	0
0.2877827102949837	0	0	0	0
-0.4078380289045569	0	0	0	0
1.2433121171614445	0	0	0	0
-3.2151551204035798	0	0	0	0
3.799371007367519	0	0	0	0
-3.4076534519014032	0	0	0	0
2.80074121430728	0	0	0	0
-1.5536200322830567	0	0	0	0
-0.13974779413651106	0	0	0	0
0.7929625747072961	0	0	0	0
0.07438489973296925	0	0	0	0
-0.44112056903090036	0	0	0	0
0.4378426572309948	0	0	0	0
-0.5264219902658738	0	0	0	0
0.31640789809752334	0	0	0	0
-0.7421038594502178	0	0	0	0
0.29517460933440276	0	0	0	0
2.7288039187424005	0	0	0	0
-4.552748121376567	0	0	0	0
2.850693587251307	0	0	0	0
-1.2393364485689844	0	0	0	0
1.5985507781055688	0	0	0	0
-1.9154814932125248	0	0	0	0
2.0640155964110107	0	0	0	0
-3.248897399399162	0	0	0	0
3.3307494688811516	0	0	0	0
-1.2802444158021373	0	0	0	0
0.3924397333794758	0	0	0	0
-0.35704979989201746	0	0	0	0
-0.275791798778215	0	0	0	0
-0.4781729275392408	0	0	0	0
2.3407685834911476	0	0	0	0
-2.022917749695168	0	0	0	0
-0.7457538359373643	0	0	0	0
2.267100103307733	0	0	0	0
-0.9018680137966655	0	0	0	0
-0.14202948192860276	0	0	0	0
-0.31344458316279145	0	0	0	0
0.140196092589143	0	0	0	0
1.0214969615399951	0	0	0	0
-0.04591244911981818	0	0	0	0
-1.7007750134847939	0	0	0	0
1.4848921748603914	0	0	0	0
-0.1254285164104374	0	0	0	0
-0.8309774369513008	0	0	0	0
2.4546506763056684	0	0	0	0
-2.3505449652334036	0	0	0	0
0.5583603824114505	0	0	0	0
-1.4066856665786034	0	0	0	0
4.025770026644217	0	0	0	0
-2.7353792691821397	0	0	0	0
0.37826365781350546	0	0	0	0
-1.9447253161821152	0	0	0	0
4.347732306558903	0	0	0	0
-3.5695913222589013	0	0	0	0
2.872869641996317	0	0	0	0
-4.448433706763431	0	0	0	0
3.796057476342199	0	0	0	0
-0.49735886860558054	0	0	0	0
-0.2747314705328421	0	0	0	0
-0.08414572774802309	0	0	0	0
-0.4487745463816921	0	0	0	0
-1.0482269679290255	0	0	0	0
2.8051120422584006	0	0	0	0
-2.0841631596517587	0	0	0	0
0.898537451621209	0	0	0	0
-0.6239408525281362	0	0	0	0
0.04249573374436011	0	0	0	0
1.1144909317807148	0	0	0	0
-2.2444990467383974	0	0	0	0
2.602011506095593	0	0	0	0
-2.2854204645690075	0	0	0	0
1.0020876584793044	0	0	0	0
-0.48031618306311685	0	0	0	0
2.4362961882591563	0	0	0	0
-4.628149090142188	0	0	0	0
3.5077448441567043	0	0	0	0
-0.23404070565037927	0	0	0	0
-1.3963571839030493	0	0	0	0
1.7577723790108948	0	0	0	0
-2.3403732965640742	0	0	0	0
1.8606840439600845	0	0	0	0
0.2558004078222922	0	0	0	0
-1.204080994243931	0	0	0	0
0.7379148849542716	0	0	0	0
0.1534647389436472	0	0	0	0
-0.11802671599792802	0	0	0	0
-0.34279731759795595	0	0	0	0
0.6961688028657704	0	0	0	0
-0.7281468496279331	0	0	0	0
-0.8416299933158626	0	0	0	0
1.5154872635688434	0	0	0	0
0.21812185357083536	0	0	0	0
-0.7441990022641889	0	0	0	0
-0.4274209221545249	0	0	0	0
-1.2119174464533344	0	0	0	0
2.7166358333031297	0	0	0	0
-1.408278236177516	0	0	0	0
0.28013569952047135	0	0	0	0
-1.613284628456178	0	0	0	0
2.0115351758435196	0	0	0	0
0.04396966586864437	0	0	0	0
-0.3072642526236322	0	0	0	0
-1.2331098029020495	0	0	0	0
0.3541356572588725	0	0	0	0
0.5943285287708804	0	0	0	0
0.41827061556001155	0	0	0	0
-0.5241656025367192	0	0	0	0
-0.8030578694027568	0	0	0	0
-0.06527958434578096	0	0	0	0
2.54215494933338	0	0	0	0
-0.7595253284782473	0	0	0	0
-0.47424455451643155	0	0	0	0
0.503124117017073	0	0	0	0
0.7094147857464179	0	0	0	0
-1.518310289427248	0	0	0	0
