0.02771886622298325	-0.37663743079308887	0.5904342004678966	-0.051700870831524526	16924.84949534267
0.03622153090940117	-1.0681233875554739	1.9243023715620922	-0.2167931306428983	16925.22501313767
0.2384353825291754	1.6618819416903463	-0.3423297273777024	1.0795763842112223	16924.86670378365
-0.6604769619110868	3.2071946761620183	-4.002621722315965	-5.018444083837537	16924.555752262197
0.4977658353343628	2.284228577636341	2.392287493093505	-5.233954531587429	16927.281873740114
-0.4433057711089958	-0.40142988917746436	-6.711070661306323	0.358558599233902	16918.03373751089
-0.005483024429139505	-6.904074049542714	2.649228871419268	6.464916140746212	16909.19839554501
0.5525636222175478	0.8050061713654557	6.466976843787847	1.7456466058668667	16909.31701072179
-0.24764505097697054	-1.421315586249932	1.6662220227465667	3.116046236449975	16905.85934629906
0.22389604020774811	2.052996303157542	-7.8702047278381	1.986293016138987	16915.59575674728
-1.160333539572882	4.198874413267653	-0.1679880382716732	1.9386451591981597	16919.966016466962
2.0283172424420854	1.6464857208051669	4.55897103714203	-0.7068339597938831	16909.604491212333
-2.189571722380016	4.035698243287882	0.8688087351932836	4.248359978452342	16909.410268253123
0.9561495901470494	0.809523535872934	-2.765812829737186	-0.71998406327738	16903.902328853885
0.2338633367128935	-1.1165407719592224	0.5339304677000314	1.3402125932150142	16906.07708882509
-0.42751608643138184	-0.06146874458736562	-8.413075868660314	-7.097937384693367	16909.89455053066
0.1569238096962522	5.775540883389233	9.681452351088282	-5.94415867951507	16914.181345024906
0.193743659058093	2.0310515306485826	1.7596519641674462	-3.650859785681149	16912.252906172376
-0.03737817740090321	5.687765349264268	-7.540964079660014	6.03378604030911	16918.22619508047
-0.06829859789391435	-0.8920492797421957	-0.932772956101303	-3.5321033059194633	16920.028477221378
-0.300657454149615	1.5578322479516729	0.6054470914820484	4.202704524895211	16910.906096985374
1.1588263593851948	1.6220117531407752	3.995443931800935	0.4819648260187819	16912.76539461332
-1.8509698715332163	-0.636491345338797	6.7212845024304215	6.499534960927733	16905.387156485183
0.976392246845613	-6.083254114340853	-9.47441661165226	0.2892891825934214	16915.822289493008
0.25576762017053056	-0.27010818308524165	0.8087960789087134	-4.004120631001086	16908.596531104817
-0.7633539307498367	-5.544855346947777	1.997873355688185	-5.654066451608045	16912.924609640973
0.7052962818184838	1.0513321548478416	1.75799940912259	-0.6913708488974635	16912.671153311116
0.2377475637540556	-3.7182970645098194	-10.024101359228865	4.972134640211507	16907.26883308628
-1.058983437542345	-1.543236650144145	8.785441124998442	3.831536084827519	16906.904615093532
1.4352791576572557	-1.4746908229178004	-0.1356679895925339	-2.668694005146307	16912.40368207543
-1.0137053983095399	-5.258951352274181	4.8116116307060395	2.03273703434148	16903.509017804092
0.8987005443069123	-1.978989430788772	-2.121595783271289	3.903762486804311	16907.817906907854
-1.0709136409334263	-5.6473214859954055	-5.065090214018667	-2.48672379142846	16906.374758640377
0.5134851557994082	-3.2416842340950467	9.27241569671709	-1.8961380478399974	16916.50231890556
0.8632744344337198	-0.6503689029237876	-1.155305789602096	-1.8718155681206525	16915.495801230423
-2.1988225641150407	2.443992220561711	-3.7590502613972063	0.4187619868805399	16914.05444078604
2.6389554579645207	1.893846154135879	-6.667823236045365	2.5912590604135914	16921.26867612441
-1.9448134458114765	1.9637059084212893	-4.484232195434643	1.8657178919526274	16917.036787495752
1.0796143817003596	-5.691290450639514	6.557530550426549	0	0
-0.8031708535668685	-3.8527643105645666	4.366566450716363	0	0
0.5327646703305575	-6.6442860917829805	3.4077556282498023	0	0
0.12185043766791637	-1.361746706676243	-3.6410652159426746	0	0
-0.9322752809338226	-0.02196385154310576	-3.8707550894401805	0	0
1.7257585202441703	-0.16426765478024663	-3.3585466143008915	0	0
-2.5068845408456184	-5.009949139301916	3.3039352013506402	0	0
2.5038600847166705	-0.15117675165036815	0.510485008254534	0	0
-1.551474833596025	8.504408689913156	-4.681688197268002	0	0
0.9299429763178608	4.7520084174756505	2.2128660461645353	0	0
-1.5748414647282658	-1.495676813679971	6.223949189669824	0	0
2.4085419468251104	0.7460163715646004	-1.9069352355368494	0	0
-2.0313611435105514	1.1401093866242036	-7.501524967851196	0	0
0.9240461922428622	2.8645629367223435	7.595246705573899	0	0
-0.2905640241855991	-5.4226173609648	-4.312256305462739	0	0
-0.3815788918706531	7.3734505863414626	-6.132290328926487	0	0
0.46301323868864586	-2.01799821443867	1.6248462372080184	0	0
0.01389240258040303	0.6587248474501024	2.9074631883641047	0	0
-0.2326013893627774	-1.8638100526501091	2.942835443970935	0	0
0.10567195857813516	-0.2295797694352757	-4.47672756182277	0	0
-0.5874083413518463	-3.006649721244912	-1.8926964515981268	0	0
0.11851683199917318	0.18557358021262615	-1.2502782458655304	0	0
0.6719337031695929	0.22805267384439531	-0.43811085280047735	0	0
-0.41049416123390614	-4.519432983485466	-2.5676632514310143	0	0
-0.8055379622032106	4.3354161077557976	-1.2440266742843704	0	0
1.9816380112099239	-4.452151846187633	4.582631805888724	0	0
-2.784934511534175	-0.09171988958632227	2.3751681299105485	0	0
2.735337920659326	-5.482054287465758	-0.2529007987020151	0	0
-2.092892158774326	2.2817574101873532	0.36664834950062186	0	0
1.6635716061882633	-0.5447179677445249	-0.4191867448878668	0	0
-1.2536094976129277	0.5061752238495529	-0.31162821809414254	0	0
0.44601772395824923	3.635497831047026	-4.035946426715938	0	0
0.39604207400468283	-0.2748780402664366	0	0	0
-0.5321466575583642	-2.3746832944287846	0	0	0
0.3622638840292254	2.291004434239028	0	0	0
-0.26771963457701276	2.7734932434852055	0	0	0
-0.3936768765595815	2.262641158550828	0	0	0
1.4547325239767872	2.6669848424056255	0	0	0
-2.278194443688186	1.2159783608097925	0	0	0
2.7172577881001914	6.21115830077504	0	0	0
-3.4993491741152454	-2.046253616592246	0	0	0
2.9510643713242786	3.7248573526741	0	0	0
-1.2064685411823817	3.7473493500792046	0	0	0
-0.007610490352234933	-5.570399364511012	0	0	0
1.1096874181623306	-7.957970570468255	0	0	0
-1.7622995814026794	0.8125948786792208	0	0	0
1.872422952221612	-6.424351292757045	0	0	0
-1.2231137863904422	2.735790761609998	0	0	0
-0.23617079413432407	-1.6924252797926442	0	0	0
1.9961011642805602	3.2731059947194225	0	0	0
-3.4993000424356495	-1.5967097569473907	0	0	0
3.5382858890588764	2.2184794303394426	0	0	0
-2.140381891615796	-1.5378534568542435	0	0	0
0.3720609469979621	-4.280845907970608	0	0	0
1.4089032181640846	2.895411977193568	0	0	0
-2.389985596627497	3.0342198623838	0	0	0
2.257487597605632	3.480562891005974	0	0	0
-1.3802939659351168	-3.6273579490945806	0	0	0
0.30471330067276625	4.543766925987953	0	0	0
0.5279700289237397	-1.3620392205071923	0	0	0
-0.7574942350915208	1.620525217225584	0	0	0
0.15362459680480356	0.21888806246914783	0	0	0
0.9063031318408505	0.3326986971862951	0	0	0
-1.507187062141604	4.057206086655363	0	0	0
0.3792073320125766	-3.5904334581141057	0	0	0
1.5815372021919316	-0.9767448289724214	0	0	0
-2.137124279438801	-1.1145498823677116	0	0	0
1.2132834291867667	2.068484821223109	0	0	0
-1.0200210644634495	3.112176058748638	0	0	0
0.6685028248673603	-3.1870487335103235	0	0	0
-0.5629928851139354	1.207318875266651	0	0	0
0.32270562927567426	-3.849606907897268	0	0	0
-0.2625381162377707	1.2541140862613886	0	0	0
-0.4517504991005694	-1.7148445008829256	0	0	0
1.4393492844188316	3.7678482454139584	0	0	0
-1.2950207090843264	5.997617487753196	0	0	0
0.42829630115423356	-4.430486230647219	0	0	0
0.27419105912918695	-6.210324132934133	0	0	0
-0.8436466093744883	0.3852312479669635	0	0	0
0.8540374223649678	-0.6220319163475452	0	0	0
-1.068183598746181	1.9386677733574587	0	0	0
1.3534741464001385	1.8595371632786453	0	0	0
-1.9570429308774777	8.76281918514654	0	0	0
2.280361723936231	-2.1617562524037055	0	0	0
-1.1890007694164808	-5.733476964599461	0	0	0
0.8904257471660841	0.8714426824480483	0	0	0
-1.716677103665738	3.446856034990212	0	0	0
2.2973270960927366	4.644569033018016	0	0	0
-2.091300147368699	-2.787726528440494	0	0	0
0.6482173321780209	0.2876817085478791	0	0	0
0.5834758096495634	0.2939349797216977	0	0	0
-0.7155761918395456	3.8360655571336935	0	0	0
1.4438008396606037	-5.109039103101871	0	0	0
-1.871507792542971	1.3013092019766646	0	0	0
1.441381935066623	-0.08157968075951771	0	0	0
-0.08012791950620368	0	0	0	0
-1.6737216236232157	0	0	0	0
3.17517023294468	0	0	0	0
-3.607522543379126	0	0	0	0
2.9432592690972683	0	0	0	0
-2.4161523764484443	0	0	0	0
2.968649444094879	0	0	0	0
-3.642095544592678	0	0	0	0
3.123687338613344	0	0	0	0
-1.0637855833871441	0	0	0	0
-0.285961001896041	0	0	0	0
1.0821245476121106	0	0	0	0
-1.485100275361745	0	0	0	0
1.3306161030932415	0	0	0	0
-1.5560446633774347	0	0	0	0
2.0948773259692075	0	0	0	0
-1.1032390456816188	0	0	0	0
-0.45035312779979364	0	0	0	0
1.2090046544609976	0	0	0	0
-1.3384547718706088	0	0	0	0
1.5681325278002447	0	0	0	0
-2.0442411898219746	0	0	0	0
2.275597328843631	0	0	0	0
-1.4158828563144894	0	0	0	0
0.13191345786593445	0	0	0	0
0.9276684001948325	0	0	0	0
-1.0947556482507466	0	0	0	0
0.6798350751495761	0	0	0	0
0.19683558418887515	0	0	0	0
-1.1252455929176932	0	0	0	0
2.4624558931826783	0	0	0	0
-3.021569424983767	0	0	0	0
3.0092221554511127	0	0	0	0
-2.8855030820911622	0	0	0	0
2.6629306320294432	0	0	0	0
-1.1647150923825293	0	0	0	0
-0.444895920010822	0	0	0	0
0.6935841673309469	0	0	0	0
-0.3363959987340692	0	0	0	0
0.27233215492390883	0	0	0	0
-0.243395361161177	0	0	0	0
0.14871790181748423	0	0	0	0
0.30352874284582754	0	0	0	0
-0.17304444181305456	0	0	0	0
-0.7362454274099193	0	0	0	0
2.103013977642199	0	0	0	0
-2.1516797999614354	0	0	0	0
0.9485825395729677	0	0	0	0
-0.11049977416199397	0	0	0	0
-0.457508734174894	0	0	0	0
-0.2971287325769154	0	0	0	0
1.6972338310896689	0	0	0	0
-2.218654070439179	0	0	0	0
2.5769751413482567	0	0	0	0
-2.9103266677328676	0	0	0	0
2.193823405329951	0	0	0	0
-0.6865259871916578	0	0	0	0
-0.1800304427313293	0	0	0	0
0.9145033756867704	0	0	0	0
-1.6849501242337652	0	0	0	0
1.3107154210722811	0	0	0	0
0.27163821447109626	0	0	0	0
-1.9556480678756216	0	0	0	0
2.900770600882069	0	0	0	0
-2.466777898489397	0	0	0	0
1.2693267325822717	0	0	0	0
-0.6728629475687029	0	0	0	0
1.2781082143496505	0	0	0	0
-1.8755490135765882	0	0	0	0
2.0752445142651723	0	0	0	0
-1.1575606883188954	0	0	0	0
0.39308345123335897	0	0	0	0
-0.7758717495689993	0	0	0	0
1.2762090014510648	0	0	0	0
-1.0485805391936651	0	0	0	0
0.9807308198813942	0	0	0	0
-1.9283108060975778	0	0	0	0
3.1125043083167725	0	0	0	0
-3.49372464969737	0	0	0	0
3.0216064858851723	0	0	0	0
-1.7265805311641813	0	0	0	0
0.6972980854752322	0	0	0	0
-1.0507773550172104	0	0	0	0
0.8807132559226076	0	0	0	0
-0.475665787255906	0	0	0	0
0.5124417796576424	0	0	0	0
-1.1043224641803988	0	0	0	0
1.1292057887087168	0	0	0	0
-1.0880420504746553	0	0	0	0
1.5118245853139598	0	0	0	0
-2.3527889703358653	0	0	0	0
3.193695378922037	0	0	0	0
-4.141057903455355	0	0	0	0
3.68657447493851	0	0	0	0
-1.7073410987362223	0	0	0	0
-0.34820216498690826	0	0	0	0
1.0671539833421804	0	0	0	0
-0.5920344555296566	0	0	0	0
-0.3455406342480458	0	0	0	0
0.9738628843616297	0	0	0	0
-1.066765048344898	0	0	0	0
1.321020005244712	0	0	0	0
-1.0096276791371466	0	0	0	0
0.23822811120147236	0	0	0	0
-0.04401242365175051	0	0	0	0
0.5976468985920107	0	0	0	0
-1.4720636479440543	0	0	0	0
2.057024737456203	0	0	0	0
-1.777587887184005	0	0	0	0
1.31935851765747	0	0	0	0
-0.6950199764613885	0	0	0	0
0.3236529465170861	0	0	0	0
-0.03259935726413232	0	0	0	0
-0.014205104816120695	0	0	0	0
-0.3770009795835847	0	0	0	0
1.373410134656197	0	0	0	0
-1.5668762139130195	0	0	0	0
1.0473625294512061	0	0	0	0
-0.16998802553779768	0	0	0	0
-0.1432020899717159	0	0	0	0
0.7594864658045353	0	0	0	0
-1.1969225900243146	0	0	0	0
0.4399614679673931	0	0	0	0
-0.04918358683504209	0	0	0	0
-0.21027282587355245	0	0	0	0
1.2155171482645741	0	0	0	0
