-0.5102810085067517	1.4943349910593895	-10.192753582378685	0.9187634579944586	16962.367017687462
0.9234727270700631	2.7809505334951083	-32.39937146073814	4.633022256082143	16962.366068606843
0.4630996814053603	-13.485754951301068	9.59407185898607	22.18184403043861	16968.86356997133
-0.6742226364599588	-3.731167395773447	-13.532407622181253	21.056139931826593	16961.31171285978
0.9610478945152323	-13.889414245350693	-0.7644027338158565	1.8615589622415314	16970.801224015642
-0.7866691529268977	7.791714675744892	4.455088833763384	5.042914204280365	16938.17248544965
-1.184884591330004	-1.4255003591780806	-2.763895726936937	0.22618662866244676	17098.464305156947
4.628101086231496	-1.5453919134280412	12.810509906175184	4.32236104075713	17119.742898265107
-5.713278702751701	-5.928023680329801	23.05804941639751	6.129465398274732	17140.835114337435
3.273642247441252	5.276592955685764	-21.5528687289233	-18.98053931055898	17123.21551851015
-0.559687828142664	1.4023345897348918	-2.567341745952106	22.3350851678195	17158.551503132512
-0.3478859839242503	3.5709210545920484	-1.1350389918924293	-12.194872332876116	17121.607413422855
0.5030098128180001	-0.8241788201098501	10.859726841371142	-1.2871735636138908	17004.916585612933
0.7017296760365497	2.5626812966302026	-15.15262391753555	-13.331708727819262	17085.171536996175
-2.707424931315309	0.16175122975420209	-0.7237479489657659	19.20062829360853	17142.478568346705
4.061551244740123	-12.084736599935368	9.491656649334871	-3.4117130692357023	17034.20119305777
-4.158054067274655	8.028842831278752	-13.69804471528208	-2.4916398582914496	16943.058465640424
3.9297736926334963	-9.625939804595347	14.172624730595373	-15.506018925311352	16898.796172203452
-4.077543514989145	-3.1074991658889104	-15.030141479463111	-0.04533131386493494	16921.69407597852
3.626869084050618	-1.6333198741160544	6.47219184238574	-8.175504579243906	16975.381311393485
-2.2933508348946745	-4.126628542692259	-1.8938130441518695	-21.045314842572736	16914.006697503934
1.7042687710490938	-8.408866241851328	-0.21304980443348143	30.677905721722908	16933.929948649824
-1.7830711213302806	-0.974764129567177	4.103210236285705	-6.175902548288974	16849.109521313734
1.1728589749608318	7.816648645408293	-3.5716477655924876	-8.408509450750046	16579.45838572319
-0.39063465488541027	-6.738283855497741	-4.52387008658917	-11.293709515225217	16524.80516999338
1.3580991713159491	-2.6558610514141066	-13.358999352242478	-16.04433970701963	16604.84442753628
-2.1869189870855266	-3.6419341302075168	-7.73044351038709	-18.347941461621048	16738.065334811385
1.7251463024055838	-3.523526863844765	6.738578618557156	4.939910023716777	16758.22786422963
-2.2312040539249125	6.138697579231291	5.970585765034926	20.91459139537659	16723.171034529863
3.0261505822061636	1.6263003264548246	-15.379634644738474	-10.886006092192574	16686.719913693003
-1.659643256122699	8.681722094382053	-25.645113427503986	22.97965631417685	16829.275775026003
0.9486581752668712	7.693962343193775	2.852706349729374	-6.056116433824059	16927.809505061537
-1.695414176068276	1.7490624684350777	-7.892482539858307	-4.1576255064752985	17075.25089404563
1.7514973547441883	-15.577220119303298	-9.489845231086264	22.81660258784595	17187.73772227545
-1.5366084542725886	10.42240527029395	3.4385804587746946	-30.064021223370247	17205.984773500564
1.5226993394139754	6.778702034923967	9.559355899764256	10.40234910942499	17090.327240656712
-1.4975630464957774	5.57205568800655	-29.486832457488333	23.74529620638033	16991.512285013203
1.2286862206534224	-6.435402562630209	10.041568438850291	-31.57886860553451	16864.605916027722
-0.5225859083709636	-2.984004962731106	11.978590008133864	0	0
0.3386741416988954	10.440572078296071	-20.938785466017876	0	0
-1.1350577385663883	4.122598512358763	-1.8657869864824335	0	0
3.6898663638075746	-8.526729041821639	18.336427819423065	0	0
-7.073699298315709	9.004101254290006	-15.188443386987302	0	0
8.419895931613638	-0.09502802617815576	-5.079817046408934	0	0
-7.220527483043234	-7.304070836621392	3.221239636985189	0	0
4.604969297212904	11.648765626569713	-8.09902734248439	0	0
-2.086844432449311	0.12925281912387732	-5.17288874841681	0	0
1.341768068054293	-11.335876623427168	-4.785517042145372	0	0
-1.7315103600176087	9.177306238979668	23.53635454735067	0	0
1.365159375259438	7.0625769001591365	-12.387790507423517	0	0
-1.550763087579874	-7.381742846080336	-11.798573659096647	0	0
2.7665950947637796	9.731549265278659	-10.192195285024283	0	0
-4.5261051619361155	-8.49787502258522	1.6143616697355014	0	0
5.374795131955445	12.464478891075842	-5.921088520131377	0	0
-5.423332251767974	3.288425225018514	-4.203830686957787	0	0
4.200805738219621	-6.740421281182989	23.128709789958435	0	0
-3.3980371436357117	-2.974034159348875	-6.390654595952498	0	0
3.4385759680860133	-5.487648965169505	2.977933753495421	0	0
-3.1977634740963055	-2.8292870244756045	-13.154895114638364	0	0
3.2894743354173954	4.051299204285364	12.94988122955452	0	0
-3.536438545268574	-5.8315662973108005	21.198045375169357	0	0
2.544495591380347	11.737337114767477	-6.039084072020373	0	0
-1.0618276718405966	4.909568656045117	-14.858111235350776	0	0
0.05750708491000722	10.960100488786694	-2.7167790065218185	0	0
-1.7346900394100118	-9.538337977904938	-7.1769647565213575	0	0
4.615112753786136	9.461775626675568	4.0295969868357275	0	0
-5.589937638977773	-7.727897030522286	2.6629405411237883	0	0
5.156686407032879	2.329057642753625	-2.855470902152348	0	0
-3.6775970038196064	5.67984749161711	-2.282098670590969	0	0
0.8830711710957928	-3.0263541016917586	7.916054977985468	0	0
1.9814688401169533	-0.2550872081189013	0	0	0
-4.163624545536727	14.123383065071309	0	0	0
4.101041079117607	-12.601814381722221	0	0	0
-1.8107839276697675	0.6315457556213318	0	0	0
-0.6435672472442846	5.917844997460151	0	0	0
2.2054186273545326	-12.818368740642121	0	0	0
-2.3574968059762966	7.685281328274016	0	0	0
0.8874718489202422	-4.489922287183724	0	0	0
0.42475231644066724	4.22125268109825	0	0	0
-1.1354000182830077	-0.39838896274706315	0	0	0
0.26934761377110306	6.542746055680773	0	0	0
1.2155501285376928	-5.319433644835954	0	0	0
-1.145558554034416	8.730537382310956	0	0	0
0.40318590326130277	-10.338117637127922	0	0	0
0.4781795551093282	7.987080287700628	0	0	0
-0.5805673433693741	-2.486179536749077	0	0	0
-0.3008967712004491	14.756258910894275	0	0	0
1.3703789789627976	-2.0509293194354328	0	0	0
-0.5772737785053721	-4.410901200214347	0	0	0
-1.0799344506270074	2.5546894089388488	0	0	0
2.2572305840139038	-3.10788857596868	0	0	0
-1.524286621058991	4.699701095254277	0	0	0
-1.5074898046856688	4.098179409607411	0	0	0
3.5345723437127603	-6.895199205521138	0	0	0
-3.192591457851833	-15.000166511428333	0	0	0
2.728664840371188	-9.828453292076908	0	0	0
-1.657813464766825	6.5498835659258745	0	0	0
0.0024556328933016403	-7.032018903917638	0	0	0
-0.20964913718176348	6.29801699242261	0	0	0
1.6120249757993577	-2.652220587923381	0	0	0
-1.6320981163355839	1.6720102393903602	0	0	0
1.1775125892029976	4.334520487368344	0	0	0
-2.103118395420836	-10.808766459329298	0	0	0
2.8027018566883157	4.630721691581805	0	0	0
-1.3436354100829675	-0.411410096485298	0	0	0
-1.4770479339385574	4.101257027303525	0	0	0
3.117353961451734	-4.688409565518171	0	0	0
-2.8315843541184975	15.008414239552998	0	0	0
0.6196398472587674	18.630041432900455	0	0	0
1.7074393185426047	-12.992135421262013	0	0	0
-2.2257365851493347	5.097794826318484	0	0	0
2.644870829998254	0.04682378796117348	0	0	0
-3.008182270634464	0.26305731671099153	0	0	0
0.45786264401630916	-1.3682974109568988	0	0	0
1.523644536051556	-0.49683566865667217	0	0	0
-0.5266655840893151	-0.005643609303973562	0	0	0
-0.5001253480968302	-3.4331621605037412	0	0	0
0.37907748101507366	5.210712669543327	0	0	0
-1.463314236260814	10.548736301182586	0	0	0
3.197174451401793	3.8772402999890403	0	0	0
-3.335151832211089	3.3075774563667864	0	0	0
1.9945639366497332	-6.191679170515215	0	0	0
0.19650098412402173	-1.6280663489035305	0	0	0
-1.7372475682817452	0.5938574097037019	0	0	0
3.6645934466798025	2.4110679329062776	0	0	0
-5.665933114923888	0.5996504492553143	0	0	0
4.895422020543691	3.5345703990751005	0	0	0
-2.4540503003470775	1.3952629199261821	0	0	0
1.8142074010431912	-10.436711604731563	0	0	0
-3.1946436700071743	-9.861053732843473	0	0	0
3.248685156956377	17.40236224990023	0	0	0
-2.2672712660637373	3.9967467389396916	0	0	0
1.7191988953266915	-4.218583771929268	0	0	0
-1.351618869937667	0	0	0	0
1.570188083665549	0	0	0	0
-1.8859012020772	0	0	0	0
1.0612860180725079	0	0	0	0
-0.8364392462085277	0	0	0	0
-0.22437391507429538	0	0	0	0
2.4144223389866255	0	0	0	0
-2.756714119991365	0	0	0	0
1.4588427883366961	0	0	0	0
-1.941828301937072	0	0	0	0
3.1002289481675405	0	0	0	0
-3.2903014118766194	0	0	0	0
3.2777590359787396	0	0	0	0
-2.2644690898407234	0	0	0	0
0.7510182034927695	0	0	0	0
-1.9564179618454318	0	0	0	0
3.0404586591945915	0	0	0	0
-1.506645761010816	0	0	0	0
0.21177462182036066	0	0	0	0
-0.40406707850990387	0	0	0	0
-0.4058104575560364	0	0	0	0
1.3172051713540114	0	0	0	0
-1.4588686981033945	0	0	0	0
0.8133377119764518	0	0	0	0
0.2921902313482434	0	0	0	0
-0.5099653947967937	0	0	0	0
-0.7590231842773747	0	0	0	0
0.68507884654165	0	0	0	0
-0.24393575258016398	0	0	0	0
1.4685975475366106	0	0	0	0
-1.9128578144338846	0	0	0	0
0.31922176792760126	0	0	0	0
0.9533850110210409	0	0	0	0
-0.6479721267227774	0	0	0	0
0.06561078939640907	0	0	0	0
-0.266263142952468	0	0	0	0
-0.11406365353317938	0	0	0	0
1.806509825692224	0	0	0	0
-3.55974882291369	0	0	0	0
3.038060297828096	0	0	0	0
-0.7775284153597966	0	0	0	0
-1.4633496322018829	0	0	0	0
2.9595862244421554	0	0	0	0
-2.9483662505143897	0	0	0	0
1.443875613445094	0	0	0	0
-0.0782889984065136	0	0	0	0
0.0932759542433601	0	0	0	0
0.1621716618399205	0	0	0	0
-3.283291938857566	0	0	0	0
7.021842697336282	0	0	0	0
-9.920155826161405	0	0	0	0
10.757406049599922	0	0	0	0
-8.342379105812135	0	0	0	0
4.72039313423106	0	0	0	0
-3.2602512469273606	0	0	0	0
2.525618735300455	0	0	0	0
-2.191300775723434	0	0	0	0
2.5428806992463677	0	0	0	0
-2.2240844384895198	0	0	0	0
0.507093513724648	0	0	0	0
0.7614678163084605	0	0	0	0
-0.6117563870802343	0	0	0	0
0.8045137014075863	0	0	0	0
-1.7969862566997037	0	0	0	0
1.0342622098096754	0	0	0	0
0.3350464007348464	0	0	0	0
-0.8648467389323642	0	0	0	0
1.2911682741240682	0	0	0	0
-1.948590286756314	0	0	0	0
1.350222389733588	0	0	0	0
0.12162843701133141	0	0	0	0
-0.7859906459609718	0	0	0	0
0.6915058415380599	0	0	0	0
-0.7340627328883826	0	0	0	0
1.1627970749179042	0	0	0	0
-0.9244979378608136	0	0	0	0
-0.4750228555170821	0	0	0	0
0.028514842225419557	0	0	0	0
1.4817144910870752	0	0	0	0
-1.3209871943203169	0	0	0	0
0.3484087916284224	0	0	0	0
1.860688903299362	0	0	0	0
-4.7218996079134214	0	0	0	0
4.3215081949603515	0	0	0	0
-1.4861042858301374	0	0	0	0
-0.02125412975628649	0	0	0	0
-0.9619061919700158	0	0	0	0
1.8928773136680803	0	0	0	0
-1.7462526311728652	0	0	0	0
1.232106930230323	0	0	0	0
-0.519272339813412	0	0	0	0
-0.4548956880625852	0	0	0	0
0.11379145531854817	0	0	0	0
0.5188191797102988	0	0	0	0
-0.45844372633390407	0	0	0	0
0.11618146067024071	0	0	0	0
0.7476086405748106	0	0	0	0
-2.3348061691176127	0	0	0	0
3.1542248969634556	0	0	0	0
-2.93825781017442	0	0	0	0
3.892408326593433	0	0	0	0
-4.0003716871145585	0	0	0	0
1.636035646783263	0	0	0	0
0.8605317853308634	0	0	0	0
-1.8792740793463452	0	0	0	0
2.307808259386647	0	0	0	0
-2.072373274313584	0	0	0	0
1.1172111189826879	0	0	0	0
-0.5350604961669916	0	0	0	0
0.3101044496233243	0	0	0	0
0.5814311587057901	0	0	0	0
-1.048259731127267	0	0	0	0
-0.23331597309969965	0	0	0	0
2.267143857252684	0	0	0	0
-2.6487190263627483	0	0	0	0
1.577387420548952	0	0	0	0
-0.8461771929349098	0	0	0	0
1.082783685974384	0	0	0	0
-1.5438952533412333	0	0	0	0
1.7004227278187756	0	0	0	0
-2.116986825562229	0	0	0	0
1.3751722099733712	0	0	0	0
-1.1263065596722726	0	0	0	0
-0.02836808602972951	0	0	0	0
1.826290471375735	0	0	0	0
-2.0883052947783014	0	0	0	0
