0.31422440480282177	-2.9767557762431593	5.80780632499058	-0.25284860230740946	16718.40091633164
-0.1652001933367302	-8.455672197089996	18.82861526959708	-1.3328033375300237	16720.12058402436
-1.5240736242665562	8.639340786966365	-1.72929478351584	-0.2943934999114788	16716.533208085388
1.1107411033200592	-1.9762889935800914	-13.252519775411145	53.41253854485855	16721.040644664503
-0.23398873095053574	-0.13910865761863533	5.229636620206776	-8.869276905185188	16706.80043970363
-0.1612154801147767	4.59564787196517	-14.986770285971275	-5.597025687778071	16760.419894999628
0.0003453236992996267	-7.97399089611703	-12.734484614883755	-10.651168466234935	16871.804236059532
-0.19244069421886678	9.124874000049935	11.862500964982402	-9.554223888442024	16885.980073709597
1.442248540307709	0.8707952071874558	0.4620014687093317	-10.811263729912312	16910.472990704417
-2.1197671783899352	-3.8631902869718076	-0.202939528252017	-7.644438222640943	16847.20762136838
0.3143834926301139	6.061427468755852	-4.565179390915674	6.191303733365771	16790.97260258342
1.1001947307248727	-2.026480263995232	1.5093796872834986	-23.297535967142522	16832.09720941677
-1.4524176725006583	1.9166081527637715	6.371204827452942	-10.086583494168906	16901.267897788377
0.4004700926036975	-1.0063994190265717	0.5899647448939049	3.868460744821448	16917.768033130305
1.5477423172169438	4.1205498698168554	13.35592071916939	-33.59816924815654	16891.317307175283
-1.139519033849929	2.5774398568695958	5.9187772195318615	-2.1701525698322826	16959.405451641625
-1.9304606448511947	1.4654540103927047	5.77652081623134	-0.022137929719178828	16901.588644806165
2.725987185290691	-0.20371511632862394	2.188050004581058	-17.358169941937746	16934.069761920473
-0.9073604956987893	2.1412059300272404	4.62359320043096	6.483679102874262	16990.06554801952
-0.16568272745693235	8.411362714773105	-6.593185124136539	-15.090280260236355	17012.042396235087
0.04140455476647986	-10.752021990875356	6.8219873406426785	-21.582613586503328	16939.260626012147
0.02938782927999739	7.332599233860648	0.9599041803600699	11.165222722337987	17008.09853427811
0.32232029183673205	1.3069707539491588	-14.807097896974355	-12.381905881238481	16970.861160211727
-0.41678477160617433	-1.88466287969905	10.543393053390446	8.807464513393015	16989.42324783121
0.453287408138479	3.151838436406962	-8.113209818002957	13.516944599214156	17020.649234400895
-0.6912776741979556	-10.345848457082596	-9.625082505028999	-6.66402504163365	16979.51853663065
0.7360459545788558	9.38260170404908	-7.332943636584702	22.05839554504442	16978.59358832689
-0.1167697977769322	-0.5087309518303584	-12.704764736921945	109.58045582601433	16993.73286357461
-0.00042283331531933754	-1.9404271732359177	-2.5949100249527106	-52.86004198275404	16936.20114745979
-0.1747746369916925	2.7809905397596495	0.9740884460224635	-26.773520096591213	16795.856337166726
-0.058364910915997825	-3.6580939605807785	10.126581475319455	0.40513848444726364	16880.10398749162
0.16141785275433307	9.354390332373967	2.760103554756853	-25.022207845569838	17051.68285718074
0.25232254650511265	1.937570254203294	4.96008274727896	-20.80259402527973	17033.714916945384
0.4076342762429732	-2.732038468103802	-2.9842522316314586	-1.3725750154231235	16916.112137780317
-1.8530829848126587	0.868291812454963	-8.866372950623514	-3.714769184858497	17082.722257765952
2.332789451008246	-6.106944832345185	10.424781709784298	-0.8722684041243554	16953.61460859843
-0.731451192359323	6.5969301931504845	-5.792882958086992	10.419793452647497	16960.035770471906
-0.2873212967427605	-9.691556518287683	-5.045612539482377	-1.7483843648558093	16948.044719228623
-0.44897399542762884	0.10420706660593737	-5.248002396349662	0	0
0.8615123354308665	-2.864690024457026	-0.8277661440327222	0	0
-0.2649296469921154	5.0978262602778415	-1.456988629001998	0	0
0.20956909630588427	3.1468713062017386	17.658067661201073	0	0
0.26887230053988276	-0.7345275138297183	-17.146004316113164	0	0
-0.472917956081389	-0.8168447218722434	11.060951745179054	0	0
-0.35845743238302674	-3.421371387890815	-8.537681988751046	0	0
-0.05513486683105384	11.299246762987025	0.12874207253832992	0	0
2.203916120428566	-5.273283274010673	1.2336767374408595	0	0
-4.130823592267561	4.0790016505194515	-9.035279088857123	0	0
3.093724666374939	-2.913527861675881	5.488182700995935	0	0
-0.27531186702439214	3.718809573889736	-5.156610601361166	0	0
-1.1182608683955308	0.38626869210929726	2.072506237352343	0	0
0.6273352979744544	1.6430976990103403	-29.123746469534197	0	0
0.2560848469189736	1.3142798864127414	9.839195750472882	0	0
-0.5731585283667613	3.901284034025494	-11.460420668863591	0	0
-0.16516126132778197	-10.19882798387038	34.465016071315404	0	0
0.17478317919372444	1.7528513173903235	-25.366594460411164	0	0
1.4585853059305336	9.942558268428904	7.065813574092701	0	0
-1.7348377381210227	13.235293037445935	-4.933601246338213	0	0
-0.23962418524835982	-9.398194571110885	6.861600353913488	0	0
1.0506668599228917	3.4940083802786432	-15.106781634001408	0	0
0.23114971393956552	-3.0025247583214494	-14.215741610301777	0	0
-1.3813917638976676	-5.848183236285507	28.011624206526292	0	0
1.4328986850232823	13.0605310311283	-13.603579352771462	0	0
-1.9311567245916663	-3.9602345788091853	2.6506839871357073	0	0
2.2525878145899583	3.4307906878291448	-11.485393127320819	0	0
-1.5112044774778184	-3.8992767930316674	0.3601640447200083	0	0
1.808700849805497	-2.617187456397481	0.32400797633964373	0	0
-2.7255929979798665	0.9528929025191388	-1.0814076258286747	0	0
1.991202757361414	0.2269923501088087	3.2768477107013894	0	0
-0.8324979883729497	3.3310106420444896	10.212175539218805	0	0
2.1812132029410805	5.163997504483113	0	0	0
-3.828324374032853	-8.56607821330119	0	0	0
3.2669499301015392	0.0795384098634031	0	0	0
-1.6342184906373873	-4.739793224437108	0	0	0
1.6595318429394794	6.0756157821323455	0	0	0
-1.7787492145288155	-9.859630778526906	0	0	0
1.7538676566783806	3.6007527446333967	0	0	0
-1.8197909405771213	0.39426812335934613	0	0	0
2.2566942238991103	-0.9201365054137725	0	0	0
-2.15362311242297	2.979809494993212	0	0	0
2.4392165401057255	-1.2351399567195287	0	0	0
-3.6989023825091465	-4.665008230790882	0	0	0
4.370423607576761	2.3536684323484067	0	0	0
-2.844973771339383	2.349470988288303	0	0	0
1.4014806715880894	6.922414145615463	0	0	0
0.1605594147470768	2.6145041588158477	0	0	0
-2.8928389059724253	-0.31699711134924513	0	0	0
3.8801080034843736	-2.2907182882221377	0	0	0
-1.3664676215073897	1.833094621041326	0	0	0
-0.496439067285948	-4.819115485548373	0	0	0
0.4047347077219783	0.4144727440574769	0	0	0
0.30167875934193944	-1.4655155427537068	0	0	0
-0.25654572830094935	0.2067002072836175	0	0	0
-0.5973629032126837	2.26972056818488	0	0	0
1.5563176841363315	-3.804024083135552	0	0	0
-1.3847733830655073	1.8343697000263077	0	0	0
0.22235807764178617	1.0023866550911507	0	0	0
0.043734816048811354	-2.315732825130837	0	0	0
0.9754423609901224	-4.421643939464104	0	0	0
0.13329048109918773	7.549386656646995	0	0	0
-1.8389356189273443	-15.996027053609097	0	0	0
1.2231971462342415	15.276925036220163	0	0	0
0.47307904969004966	-32.496604293349286	0	0	0
-0.4880480012351782	8.514119796048291	0	0	0
0.3658465340895418	-1.1602142165923013	0	0	0
-1.4108047089884508	-0.35815913446073466	0	0	0
0.8914941088176107	13.151118150460448	0	0	0
1.6687247596889492	-8.157352421730337	0	0	0
-3.2937910493556046	2.6844752057398793	0	0	0
3.139644215871165	-7.858267999262381	0	0	0
-3.280451419530962	2.171060254328168	0	0	0
2.4527381621292648	1.8762312502214655	0	0	0
0.6565058776948973	-0.7839041560852564	0	0	0
-2.31484218087067	-1.9281563893245988	0	0	0
1.0153792130209354	-1.936167705045989	0	0	0
0.5235562428782998	1.2249530916307876	0	0	0
-0.3465867903237907	9.083664343881487	0	0	0
0.4534832543539764	-3.1039349457568335	0	0	0
-0.8217490378776944	6.747036692389251	0	0	0
0.29026879877182665	-2.7250218094145993	0	0	0
-0.790557482449266	-1.7307026647021644	0	0	0
2.672293312634878	-2.3452689281587524	0	0	0
-1.8241896467454097	-1.0361273206794266	0	0	0
-0.7506571330863494	-7.5407732040564355	0	0	0
1.6164056058373433	1.7228692111734247	0	0	0
-1.3885490266848919	-1.4634308252589747	0	0	0
2.330335011842557	-1.8131192361740318	0	0	0
-2.7917715463118142	1.2570744636227644	0	0	0
1.7700522978149635	-3.3193829587103494	0	0	0
-1.0785798405629592	4.687104960770213	0	0	0
0.6983200153389788	-4.460293066054092	0	0	0
1.1232128691088477	3.425087798889578	0	0	0
-2.6771553028422588	-1.6839414926918437	0	0	0
2.2820386374941606	0	0	0	0
-1.736295182988691	0	0	0	0
1.2377812916830564	0	0	0	0
-0.15382909406707768	0	0	0	0
-0.8687816008260043	0	0	0	0
1.3669479481180957	0	0	0	0
-1.2681778158221562	0	0	0	0
0.8513740922951101	0	0	0	0
-0.7098846148539764	0	0	0	0
1.0241593328849703	0	0	0	0
-1.822592582145731	0	0	0	0
1.8677275009477938	0	0	0	0
-1.440914176815582	0	0	0	0
2.1023508159398077	0	0	0	0
-2.5689694062734603	0	0	0	0
0.49008141525312965	0	0	0	0
2.1349748877305927	0	0	0	0
-2.7785044282347187	0	0	0	0
2.120058364649232	0	0	0	0
-1.7436174267377211	0	0	0	0
1.1693097099622918	0	0	0	0
-0.21476439324839447	0	0	0	0
-0.8041779791541046	0	0	0	0
1.3828879164287073	0	0	0	0
-1.8794264505853846	0	0	0	0
1.9684083801330274	0	0	0	0
-1.6924518920255807	0	0	0	0
0.6398965568761952	0	0	0	0
0.3253094875125129	0	0	0	0
-1.1320413698480465	0	0	0	0
2.634782400928586	0	0	0	0
-3.2265798424635292	0	0	0	0
2.7580060756020686	0	0	0	0
-2.341741686266566	0	0	0	0
1.0586774110113808	0	0	0	0
0.971653747394086	0	0	0	0
-2.1271802005187297	0	0	0	0
2.4898316855924136	0	0	0	0
-2.30442321074144	0	0	0	0
1.397316606199027	0	0	0	0
0.400098462903955	0	0	0	0
-1.3918698515546524	0	0	0	0
1.3699406422426037	0	0	0	0
-1.8346537194297028	0	0	0	0
2.507814369267429	0	0	0	0
-1.7183483123102548	0	0	0	0
1.1114675963263565	0	0	0	0
-1.5875340262450521	0	0	0	0
1.725880385346585	0	0	0	0
-1.0632495648195714	0	0	0	0
0.9003262086165904	0	0	0	0
-0.7995343762779044	0	0	0	0
-0.21761895529850506	0	0	0	0
1.0042821910486452	0	0	0	0
-0.6691861019987684	0	0	0	0
0.8554905168811615	0	0	0	0
-2.463201442626527	0	0	0	0
3.3190184719119955	0	0	0	0
-3.2644897084142883	0	0	0	0
3.149878345239486	0	0	0	0
-2.5206789992762566	0	0	0	0
0.2847804628334032	0	0	0	0
0.7096629048532606	0	0	0	0
0.48858562754762147	0	0	0	0
-1.1479782205251823	0	0	0	0
-1.03855990480384	0	0	0	0
4.793775936004394	0	0	0	0
-4.03602118348676	0	0	0	0
-0.1615746835898193	0	0	0	0
0.16281396781083401	0	0	0	0
2.1315716491151377	0	0	0	0
-2.511188479957326	0	0	0	0
1.7651038918374269	0	0	0	0
-0.24913414896033714	0	0	0	0
-0.10879587563748316	0	0	0	0
-0.8759155412862825	0	0	0	0
2.238382764601738	0	0	0	0
-0.9025343195294084	0	0	0	0
-1.0137547283808601	0	0	0	0
0.6163173938032855	0	0	0	0
-0.10421615924416017	0	0	0	0
0.5133579722374222	0	0	0	0
0.02047192426211808	0	0	0	0
-0.6747400768346523	0	0	0	0
0.8688329210304104	0	0	0	0
-1.0735348442430066	0	0	0	0
0.7711351562716615	0	0	0	0
0.6115699707562499	0	0	0	0
-1.9052343424272564	0	0	0	0
1.952560785018278	0	0	0	0
-1.6932356371633261	0	0	0	0
1.2597241329759754	0	0	0	0
0.35342577893578664	0	0	0	0
-2.170626546807881	0	0	0	0
2.259123563979891	0	0	0	0
-2.1057022182303626	0	0	0	0
1.5214723752982664	0	0	0	0
0.784253527771682	0	0	0	0
-1.9891743520736114	0	0	0	0
0.0950888982376128	0	0	0	0
0.9330406064979826	0	0	0	0
0.4353188628242748	0	0	0	0
-0.06629611906464561	0	0	0	0
-0.9275189316109405	0	0	0	0
0.9233663883853751	0	0	0	0
-0.4000376003218875	0	0	0	0
-1.2928398629888918	0	0	0	0
2.8079569653614698	0	0	0	0
-2.7978152426377036	0	0	0	0
2.5176822820583524	0	0	0	0
-1.4564548657130771	0	0	0	0
0.0009343861331032599	0	0	0	0
0.7113264923562568	0	0	0	0
-1.28992082295715	0	0	0	0
1.6197539832674082	0	0	0	0
-1.107406814349396	0	0	0	0
0.5545979234019782	0	0	0	0
-0.33232376727850266	0	0	0	0
0.6263634950181824	0	0	0	0
0.1274032043204656	0	0	0	0
-0.7775047301175277	0	0	0	0
0.7816583266521846	0	0	0	0
0.1941829976748295	0	0	0	0
-0.06062801389504102	0	0	0	0
-0.46163360857787694	0	0	0	0
-0.058244783372622067	0	0	0	0
