0.15337326785596872	6.2642645501845635	-1.344984655854617	-0.9156618129095193	17016.109411718833
-2.0897357974977524	20.552394281597884	-4.6007385210586875	-2.9112337284003473	17014.10298531613
2.908946979702627	3.1741744908526783	-1.8953643374232456	-2.938833271880526	17016.475878032623
-1.2814486455546188	6.405599688952044	8.92024843285057	-30.13916906559146	17013.972742371723
-0.37283927587311183	-2.0389937593807943	-7.256121864724491	22.18818629929801	17021.12982534649
1.7884257220882418	18.954010555220655	-11.799846296739915	-30.42825162804607	16992.24692964316
-3.279488175637269	1.5520845825341922	2.1598389424607376	-31.733501212114675	16964.745499859935
3.0728800753011996	-8.492835874977928	-16.1251742589494	10.510198509427099	16965.002498591086
-0.5812938105065726	4.632779967108021	7.455872759075575	26.497102884946955	16898.30145770603
-1.853704023332348	-1.5803968235103554	31.226951929667308	28.71293404118083	16955.836709734624
2.870915688671367	-12.329133468039672	3.7508189976613693	-68.76730274142201	16926.547758135217
-0.6542198441349285	-9.070905071646855	-4.048509551766443	21.909868740406637	16913.640855415808
-2.732820248733425	2.7939678313165572	26.14468682399081	28.884561162294048	16923.97903053904
4.148440208618034	12.479274270842438	-1.869568198135397	15.68718207408557	17024.20501834869
-3.105450432866853	-2.957055571027702	-16.557157206533873	11.412921807474959	17055.659854831454
1.6311199285604587	-5.488895453552125	15.1625806371258	2.028042036382118	17117.435512258613
0.16056352256134687	2.893217848968426	-2.383480766977442	0.32364267120746604	17108.039948671147
-2.104969221446204	-22.334733616957905	5.334769701918447	23.817010393018222	17023.598483061094
2.4508472772250087	0.7201593471519772	5.144407735267762	33.51089633889927	16943.973732156275
-0.6783493687956152	-16.1154801364032	-2.9175667352509436	-19.02047887738945	17047.241393422046
-1.881346077768029	15.560163333789738	43.43170659192184	9.864553542164643	16998.085674055597
3.586278660439781	9.395116675569064	18.039282417518635	15.155775453277911	17035.7136673757
-3.655229852217836	-6.717950137057414	-31.986289871813653	21.10381999163492	16992.573286665065
2.269208906272837	5.316935946928751	5.7826334017853185	-0.8932749828299791	17017.65074447647
1.2144847554825802	-15.159885866997186	-2.6189193203359764	16.401931704323317	16892.27582557369
-5.177492865058859	7.651270627161303	14.713185026873887	-9.225495055097099	16931.397801363808
7.023919923239475	-6.516933161911453	-24.674574579413402	9.513944427696515	16942.465558715914
-6.628947929999349	14.183702175274775	-12.526215422534477	-11.81682052468912	16982.711280012292
4.695400349858353	0.49056000510692144	8.46775094341318	-41.111572675311095	17030.319826541745
-1.5279716664906715	-9.94074554178043	13.635854442275502	31.988923631445928	17029.30924284498
0.5597551855476439	9.32447852454925	-8.790941481914658	-50.20918509004994	16901.12360339582
-2.936544249020365	-11.99149844389624	14.375105264494579	34.725244593655404	17203.566155363078
3.839641737465719	-4.781538882750837	-32.59519116335406	-2.329605916756009	17233.440475746316
-0.6858485237057295	7.71045808388714	39.62400376973781	2.806262446711628	16969.405476394626
-0.7452552048963526	11.902641413116612	-15.410875817955983	-10.16882205148515	16863.8245397971
1.67970395493942	-15.649025252552292	-6.097617254248348	2.34925953420138	16807.80533705804
-5.056941824870748	9.945993523359007	-11.35545912332232	8.910577497732987	16813.215512270697
8.159674701578417	-11.879597580020622	2.9288663082395914	-7.301394731062615	16788.514039662663
-8.213182901857962	14.73079810042146	6.458970508769156	0	0
4.343311243394261	-57.12937639760645	9.8170667104376	0	0
1.3499604166375434	27.948890144137074	-10.21375753045973	0	0
-3.501189519322182	-4.461338377630412	10.249898148404611	0	0
2.0655996637507386	4.463034193516137	14.767450047959372	0	0
-2.079393684660616	-7.545363229142723	8.342020378622252	0	0
4.208216574812191	-6.535198976014641	-46.55578865320457	0	0
-4.2140822166628595	0.6633154869418334	25.506449283827564	0	0
1.913837093891118	-5.7782784159450955	-3.3005071598090296	0	0
-0.024594214639179768	0.32728078215721723	-19.47803383391164	0	0
0.1505982745658443	-3.9876437523828656	-13.4777094723417	0	0
-3.2240843619897745	-12.336854337051847	-15.476432267370456	0	0
3.9165122383203936	26.493385881435692	-14.464062324816908	0	0
-2.384412341614407	-16.74927924548099	13.375395189999878	0	0
1.6066622241948778	9.424349142397006	32.713178869810875	0	0
-0.9438897066324969	4.105283584197686	-18.302667572007763	0	0
0.4257746196251375	-4.927330129418863	-20.23352723331422	0	0
0.2634484052878747	-7.60112722209805	15.930554232499773	0	0
-2.0057324714885993	-4.316880259890638	14.260969436337291	0	0
2.3845702075080553	5.531984974681421	4.243263176078017	0	0
-0.34185198886733303	4.778090849952285	-4.159016234188826	0	0
-2.192945678508302	14.517543455828317	11.554545150206621	0	0
2.109831178338119	-4.062146602678794	-5.8710679895976625	0	0
0.1313743594941812	-6.064040002854618	2.9516368955844428	0	0
-2.576749009279773	-29.349582738693343	17.3054580887094	0	0
2.680723869169398	27.324134866269972	-4.9837417090949145	0	0
-1.3205706311486836	-0.458762440089977	-11.46134439597725	0	0
-0.18488557281611406	-12.525269867919604	-6.386021800716861	0	0
2.9612921704929747	20.136379793379206	3.8912037019634624	0	0
-4.161933329642018	-1.242179568609842	-2.7582670866391794	0	0
1.9287763467341748	-16.05971526735152	10.570211507923489	0	0
0.022253513932604108	0.2338415021352489	9.303142939411515	0	0
0.22297892368550265	6.033585169000247	0	0	0
-2.3346017922677618	6.56704402379291	0	0	0
3.564475865958144	-8.535859604111657	0	0	0
-2.79148606284933	12.070694184859192	0	0	0
5.084835451910671	-11.63250945273709	0	0	0
-10.018359146379446	2.3054407134538693	0	0	0
6.745321422337561	-2.422151770920671	0	0	0
3.8432483488226907	-2.582064982008646	0	0	0
-7.649943485331583	2.513324980201176	0	0	0
2.664796312328072	8.786411143161281	0	0	0
1.5534715852093228	8.43988918329751	0	0	0
-4.0391887024263795	3.268260066421142	0	0	0
6.517739876099007	16.914284398704034	0	0	0
-7.117983317462539	2.4486342919338497	0	0	0
5.49448119505297	8.968814339354289	0	0	0
-3.9439120768936817	14.119987201190575	0	0	0
2.482261136583176	3.7510908335672823	0	0	0
-1.0678010862122562	-2.809849795329697	0	0	0
0.8075346864685784	6.424237229803211	0	0	0
-1.9272870448041033	-1.208835141221364	0	0	0
2.1678722967816384	11.522041581423359	0	0	0
-2.041117498576085	-3.7724832332217773	0	0	0
2.338964982740997	-4.431996245791204	0	0	0
-2.529142523637617	7.300742728893702	0	0	0
3.152347281365998	9.783726816750068	0	0	0
-2.9988078635350988	-21.610614981788814	0	0	0
0.12022098951020865	-5.723652476450333	0	0	0
1.2471730868554118	12.735021656208204	0	0	0
1.5337887655319449	-17.55134947246546	0	0	0
-3.877434900380244	7.928245293441698	0	0	0
3.4715029179719608	-13.790858452007328	0	0	0
-2.999404286204019	12.037930038193018	0	0	0
4.091288619381629	-18.49725451631621	0	0	0
-4.492456272046091	7.980961897178069	0	0	0
3.5895452545251416	-2.079793511768351	0	0	0
-2.857311110597969	-8.22420095593511	0	0	0
2.506495419356078	0.5034249572818368	0	0	0
-3.323832433602604	-1.084620221093516	0	0	0
4.360843465568564	-28.651415059424643	0	0	0
-2.929432416990423	36.776704437048174	0	0	0
0.3513840061185931	-9.439661811549627	0	0	0
0.7582468855651427	6.717696730250665	0	0	0
-1.8320535083117377	-7.193304923717378	0	0	0
2.8808562232152255	6.195122520118886	0	0	0
-3.9170365846387796	-8.594567136078325	0	0	0
4.179234605537282	7.117249450496914	0	0	0
-1.8546832137279026	-2.9998006062257687	0	0	0
-1.5557642714571784	-1.7140574342158814	0	0	0
3.5513543069604836	14.947206466851178	0	0	0
-4.52505776638008	-2.6098746865446216	0	0	0
4.668217725945311	16.53929909742091	0	0	0
-3.2235583137990034	9.223745691491189	0	0	0
-1.9952771077152462	3.914207498832056	0	0	0
8.160957073535663	-0.9190801489712683	0	0	0
-7.949545065407449	6.269870497438276	0	0	0
4.6305090315457775	-2.182075590442949	0	0	0
-1.8417210700249314	0.673344516882274	0	0	0
0.026421926790739292	5.588116514417045	0	0	0
-0.27204043785777543	-11.697372744219109	0	0	0
1.7035542358074096	-2.7957570379792145	0	0	0
-1.199326784353893	8.11904327055663	0	0	0
-0.2815629474534802	6.438379093258824	0	0	0
1.1427779945167984	-7.3567397834776145	0	0	0
-1.51475978137222	0	0	0	0
1.4215736540541286	0	0	0	0
-0.7279333986665364	0	0	0	0
0.25303017525571647	0	0	0	0
-0.8733133432949316	0	0	0	0
1.3687398786098868	0	0	0	0
-0.5343454782655925	0	0	0	0
-0.11319428675854937	0	0	0	0
0.04597395690137773	0	0	0	0
-0.8297925434357651	0	0	0	0
1.4105598806976403	0	0	0	0
0.15848138216009033	0	0	0	0
-1.780931076302629	0	0	0	0
0.5809399707667424	0	0	0	0
1.7297728686370348	0	0	0	0
-2.853244520133032	0	0	0	0
3.808392430796424	0	0	0	0
-4.749551747725441	0	0	0	0
4.852566970356619	0	0	0	0
-4.260704342982258	0	0	0	0
3.05072146195392	0	0	0	0
-2.2116039429700933	0	0	0	0
1.1016285991095316	0	0	0	0
0.2514471375585856	0	0	0	0
-0.3033235307584192	0	0	0	0
0.12128220018880143	0	0	0	0
0.030634703874483193	0	0	0	0
-0.8114762235924573	0	0	0	0
1.2836759516488456	0	0	0	0
-0.4803676879782728	0	0	0	0
-2.88765011960691	0	0	0	0
4.505447871796292	0	0	0	0
-2.1847695341559543	0	0	0	0
-0.39146795682772506	0	0	0	0
1.5230731640884017	0	0	0	0
-1.7098056365532415	0	0	0	0
-1.3844691262168212	0	0	0	0
4.356393709668076	0	0	0	0
-2.963784108288685	0	0	0	0
0.3139806525962783	0	0	0	0
-0.027510463265613794	0	0	0	0
1.7148746589093946	0	0	0	0
-3.5605241238950853	0	0	0	0
3.593353762801584	0	0	0	0
-1.8120929012982714	0	0	0	0
0.6974444838681677	0	0	0	0
-0.899170955388719	0	0	0	0
1.045684750256143	0	0	0	0
-1.0303225296436338	0	0	0	0
0.21352422210536304	0	0	0	0
2.840352118870193	0	0	0	0
-5.606110312968468	0	0	0	0
4.0603925380655	0	0	0	0
0.32625661615261947	0	0	0	0
-2.167257340596713	0	0	0	0
-0.07426275369530799	0	0	0	0
2.857100288999227	0	0	0	0
-4.423390911371868	0	0	0	0
4.76843329388052	0	0	0	0
-2.1599983852612823	0	0	0	0
-2.7052995425894935	0	0	0	0
4.41689482608912	0	0	0	0
-2.749534444983624	0	0	0	0
2.430338591830342	0	0	0	0
-2.739577168056428	0	0	0	0
0.3358287439301648	0	0	0	0
1.0054215410729412	0	0	0	0
1.221105269367463	0	0	0	0
-2.14223390616894	0	0	0	0
-0.2767433489759199	0	0	0	0
0.9741438652661145	0	0	0	0
0.6046420485176824	0	0	0	0
-2.9644138092639736	0	0	0	0
4.026403595287171	0	0	0	0
-2.9502065328929348	0	0	0	0
0.9043855512871062	0	0	0	0
-0.3442989684432547	0	0	0	0
1.1844625806711733	0	0	0	0
-1.1669411720386407	0	0	0	0
1.7036603212789814	0	0	0	0
-1.1295968125339044	0	0	0	0
-4.180054264175823	0	0	0	0
8.284525088975052	0	0	0	0
-5.008873922714265	0	0	0	0
0.4744390988349494	0	0	0	0
0.7059586279084371	0	0	0	0
-1.0854600944781652	0	0	0	0
1.8716254156824519	0	0	0	0
-0.33001175289057727	0	0	0	0
-2.428660478850709	0	0	0	0
3.8586856527362983	0	0	0	0
-2.975180660925794	0	0	0	0
1.2070275308362497	0	0	0	0
-1.2235690925462919	0	0	0	0
2.0656674657367233	0	0	0	0
-0.9502609124636621	0	0	0	0
-0.9806827572033612	0	0	0	0
1.4874744215783622	0	0	0	0
0.1779463381787636	0	0	0	0
-3.3354338494040334	0	0	0	0
5.884510730123097	0	0	0	0
-5.8278684557576454	0	0	0	0
5.312743743977258	0	0	0	0
-5.588045313045136	0	0	0	0
5.9756126312541795	0	0	0	0
-4.585277557304295	0	0	0	0
1.11021247573985	0	0	0	0
2.174597455796423	0	0	0	0
-2.505313254839159	0	0	0	0
1.7587845625942933	0	0	0	0
-2.333416391692083	0	0	0	0
2.2894089137259783	0	0	0	0
-1.384517900317256	0	0	0	0
1.1337393365195965	0	0	0	0
-0.7796906487518385	0	0	0	0
-0.2775080845611626	0	0	0	0
1.3385421720148258	0	0	0	0
-1.1702219212210565	0	0	0	0
1.3555028498287243	0	0	0	0
-0.32801789302762785	0	0	0	0
-2.054690113337493	0	0	0	0
3.2322929036920343	0	0	0	0
-1.3322402078666968	0	0	0	0
-0.15848426845955288	0	0	0	0
1.0114553826214632	0	0	0	0
-2.885636102039406	0	0	0	0
