0.15569599047957894	-0.24404245145877468	1.3343804165419186	-0.1118393050380746	16899.99183128186
0.09303827499312689	-0.5166124552439371	4.269329059796206	-0.5240519893860949	16900.322285703398
-0.33965826198426896	1.9651916132655032	-1.1085658016488082	-0.12784137178753952	16899.674074383867
-0.472927205308622	0.5782070676267423	-3.6793091479437265	1.3014803264472903	16900.048192564464
-0.028446713907321453	1.0046841769080999	4.341234958590192	1.3609237903040423	16900.363552854236
0.5613244835971969	2.0715029140103596	-4.775459013883761	0.8191022394998555	16899.145673862753
0.31502339707029847	-1.8591245079657739	5.963282719511554	-1.1088284974614453	16901.597688511978
-0.7118959621749497	2.59729826344671	3.0165863435112357	2.3510696260045165	16904.08227291199
-0.17232548849730023	-2.2833914672917572	-2.7192007160732885	1.237469537589746	16904.934309423483
0.48367807471547763	1.9630069604860765	2.7439849989548293	-4.263701629810555	16903.640229151188
-0.174175608759235	1.3470661569150266	-1.9012152348066138	1.428084691196105	16904.869945865354
0.7695944448363932	-3.086355345991599	-2.8995163412198366	-4.200356235554793	16904.30071099314
-1.1449193579654349	3.3374675593422154	3.2843715241930056	2.435930119007125	16901.160910829443
-0.04721941215008485	-4.851517164787367	2.7681308276536924	-0.609942294540204	16898.859916048812
0.43237649126527344	-1.5107785097087856	3.1053741290909187	-0.6869746348974246	16900.273301014186
0.735711546612535	1.2093856454210297	-3.4859874658267245	0.5403166154544579	16904.012375793645
-0.8105860165709302	-2.813059699109317	3.3688632204409714	0.8277558366172286	16906.167776140035
-0.3707177525070833	-0.9981501896882818	4.8146525758913015	-2.0578950886403646	16903.226127220012
0.04452810059289192	-0.6425313089237932	-2.8819223356324386	-2.64809424340055	16900.500455284167
0.3311786081988757	-4.023868063193682	-0.718218381331738	-0.6435658198173115	16895.4348817149
0.19896291722135828	1.342410726206225	-2.0895222205174377	2.163196251228797	16906.93065378254
0.010207347739189743	0.4751129372242602	-0.8369221573507133	1.0503023953988873	16897.14745012896
-0.3804297801861978	-0.3199680633913502	3.972949873510089	-0.2942607263293553	16899.142271664154
-0.4990926007655787	-2.145135953675897	-2.0172080839851247	2.4272054268093513	16904.268550252167
1.5440403731525336	-2.7386594141644167	4.725839252143913	-1.4085420388577319	16903.16529809749
-0.24149329083876836	-1.1590156776504585	-2.731291958424322	-0.22693233580301353	16894.21167250818
-0.9385288060433723	-1.663187858844445	-1.3614484501400312	0.3451574985046051	16896.717997461175
0.3324857044151983	0.6851539736652867	-0.8553023104675646	1.269959244110865	16896.17047918839
0.4679022966125217	2.1814291303826607	-7.051113364235462	6.400943264635117	16890.78205458569
-0.021698632027067788	1.2987732459930754	-6.439383593008017	-1.6941712068668409	16896.262669837204
0.29086353289825695	-1.4856956960057346	0.2237048042667169	0.7505295635826457	16894.591868138596
-0.8566605933973435	1.5956131250771008	0.955654225511509	0.5334552669533537	16897.01121066229
0.18292070789394188	-0.9866945691482414	1.0947988849062682	-1.4341377408223792	16897.223187243395
0.4402288691353746	3.183678834882407	-7.00618713578649	-0.8243342421190505	16902.91674043454
0.6175504113009538	0.6867963907570172	2.259714449376233	2.370854978817775	16897.356745526515
-0.6558042781170172	4.126778160171213	4.4258109691932646	-0.6249658804391913	16901.41547460986
-0.5757719819308207	-0.5537001618271873	3.6433575004078875	-2.2934325003630818	16897.726803254005
0.6130601285099075	-0.6495553591333589	3.403687957953977	2.503385991048148	16904.351924882038
0.4164318236225881	1.0599257493829413	-3.2101812724456664	0	0
0.24610279754033115	-1.5251210199012348	1.133438664744773	0	0
-0.9097623009627398	2.348051818010056	-0.6051004831064546	0	0
0.3324154844803644	0.18125860474916777	1.1260839670049165	0	0
-0.3561294018223009	-3.555568604797088	-1.7325978572239649	0	0
1.197801015362593	3.441025885933165	2.1331544890799137	0	0
-0.39494565510167234	-2.216542148635476	2.6240606609055703	0	0
0.028430334609524266	-0.16460530477558422	-0.3781870685957074	0	0
-1.0811384517326985	-0.5663886725039688	-1.174976015075842	0	0
1.4604687011877218	3.4565194536103547	4.072140924882461	0	0
-0.23590071084049669	-2.0021870047472135	0.045829662315412634	0	0
0.3353438575648511	-1.1990201138802448	2.0225164214991764	0	0
-1.3505180964535342	-0.8850926269527477	-5.004871220980434	0	0
0.8912479640780759	5.034526131700012	0.8549316018619635	0	0
-0.2161149872917818	-2.792295299906492	-1.791781239375723	0	0
0.9429474548294934	4.354058166210116	0.9367429432958119	0	0
-1.1967966579439562	-3.0919596740317203	-5.7205525506316235	0	0
0.2539888495281488	-0.031037380101388123	6.207800488843247	0	0
0.042679630350193065	0.43076021709831736	2.0781758787918534	0	0
0.5757837903776633	-3.733230792454819	0.2890675523506019	0	0
0.2082507457571552	0.09954360171200705	0.9082368573331507	0	0
-1.330921391221942	-4.3939788385527265	2.171713103744281	0	0
1.308156236347152	2.1618217325516795	4.086166625095643	0	0
-1.015849427818928	0.9366366299958955	-0.4602627601452127	0	0
1.2430559055346322	2.624186641455502	-2.042268067388761	0	0
-0.3599568920636287	0.899669197835081	-2.5186985946826326	0	0
-0.3388308401480984	-3.696079001128325	3.5534768896859674	0	0
-0.11977949914523833	0.16130283222855724	0.8476544035816005	0	0
0.3296966797667622	2.5034048721939897	0.14516000341578206	0	0
1.1691031096271445	-6.168707841544723	-0.5664845879662579	0	0
-1.3185672041744425	-1.9268031135432793	-1.678135126455743	0	0
-0.05842148054385632	-2.326853697310419	-2.180725339795572	0	0
0.22873831993497618	-0.5332761082218127	0	0	0
0.4462274244698463	1.9970558203450608	0	0	0
0.2740285552629942	-0.6410574976367585	0	0	0
-1.2068439851446726	-1.1612075795868506	0	0	0
1.0716050910978225	1.9679620242247609	0	0	0
-1.1989450911057773	-1.7836589875014397	0	0	0
1.553354966006161	-3.987196455244053	0	0	0
-0.8206354270124336	-0.8052569194760437	0	0	0
0.19623040995359275	-0.7487258765794635	0	0	0
-1.7308018780680001	-3.8480597362699385	0	0	0
2.6902790629504167	-4.29244507145053	0	0	0
-1.4408554996545675	0.018989570722716564	0	0	0
0.04322598616523976	-3.5361866825172186	0	0	0
0.48415842270253506	-0.28954317267103846	0	0	0
-1.1129554774836237	1.2389723358685103	0	0	0
0.7370102650745238	-2.7076429630458136	0	0	0
1.1911387696978082	4.086984909149145	0	0	0
-2.60630957048685	-0.7708045549506153	0	0	0
2.4970235075081533	1.0174625606332839	0	0	0
-2.3764138492169806	6.658086976427775	0	0	0
2.291156886817653	-1.2610403638286911	0	0	0
-1.0515407666901666	7.959774790784543	0	0	0
0.616617081571178	-2.7964621798613436	0	0	0
-1.7277260406331365	0.0678221392217111	0	0	0
1.7805909780703075	4.070465538687685	0	0	0
-0.4842164975416665	-0.647131513193905	0	0	0
0.09287545700269817	1.776517105821874	0	0	0
-0.7212460620633507	-2.8907073541587565	0	0	0
-0.08958105269300631	-1.3082231638254882	0	0	0
0.5723231422394122	1.2699655157386687	0	0	0
0.6879634033660835	-5.377927551484198	0	0	0
-1.1098144400656125	0.29586188850819184	0	0	0
-0.5291803843409397	-4.819626726676695	0	0	0
1.6234230816328648	-2.373485304314876	0	0	0
-1.1528076281848314	4.656873294412399	0	0	0
0.931416429951895	1.540790076471012	0	0	0
-0.5915774615787299	4.007372689716107	0	0	0
0.3427650126626247	-0.9655171221842949	0	0	0
-1.4120817114585051	3.903955750407576	0	0	0
2.3105771779303055	2.9718312220897687	0	0	0
-1.2821042683768127	1.3627663495339277	0	0	0
0.5549538958714635	-0.5368842920351042	0	0	0
-1.5911798251988998	0.3260745645438945	0	0	0
1.3482897936493146	-1.366193417582572	0	0	0
0.2901950579142749	-1.5309635801192698	0	0	0
-0.6253178998138864	-0.4337525472631114	0	0	0
-0.6121352553214123	0.4351438162828529	0	0	0
0.945780616130989	1.6948622157561672	0	0	0
-0.45758629201825585	-1.9560144570826097	0	0	0
0.7412430174586362	0.9861514517049059	0	0	0
-0.6501227811700403	0.4981432662074212	0	0	0
-0.36558688666804073	3.1193210008701797	0	0	0
0.3949310591391395	-4.46209470574329	0	0	0
0.16533383779446353	0.43334450115739287	0	0	0
0.1788347345493051	-3.553475873086043	0	0	0
0.9801769014470167	-1.0025656547749833	0	0	0
-2.917905752322902	-0.31264080420931606	0	0	0
3.56109281694561	0.040487482657255214	0	0	0
-2.4077484500120505	-1.493957063933422	0	0	0
0.4711910623050173	7.926003465711105	0	0	0
0.7141460361133625	-10.160213842596768	0	0	0
-1.0441127292661605	4.952945357696365	0	0	0
0.7357959420054598	-1.5732879942252538	0	0	0
0.737868660458723	0	0	0	0
-1.1215674623327203	0	0	0	0
-0.3587876720774972	0	0	0	0
1.0299120779598212	0	0	0	0
-0.3727699316292501	0	0	0	0
0.8190177499001123	0	0	0	0
-2.1104542625736826	0	0	0	0
2.3841233165363604	0	0	0	0
-2.3214022852505565	0	0	0	0
2.8167577733527622	0	0	0	0
-2.394810144135249	0	0	0	0
1.058493572266336	0	0	0	0
-0.88608538237402	0	0	0	0
1.201998877742021	0	0	0	0
0.0029181692204858223	0	0	0	0
-0.5972325466691544	0	0	0	0
-0.1710191326071282	0	0	0	0
-0.18746904482976134	0	0	0	0
1.6597452066594869	0	0	0	0
-1.0446700246054945	0	0	0	0
0.2956756844442907	0	0	0	0
-1.27256437797287	0	0	0	0
0.463773630184555	0	0	0	0
0.9035081061459493	0	0	0	0
-0.03372310511726084	0	0	0	0
-1.0553653452522482	0	0	0	0
0.216396213383085	0	0	0	0
0.46837780374270466	0	0	0	0
-0.39445517057910706	0	0	0	0
0.3800288952774338	0	0	0	0
-0.3532848872823564	0	0	0	0
-0.8272391779352049	0	0	0	0
0.9878300344176125	0	0	0	0
0.24734020811094837	0	0	0	0
-0.3288581917663649	0	0	0	0
-1.8321991387611973	0	0	0	0
3.4451447340224064	0	0	0	0
-3.2663711502050816	0	0	0	0
2.390980005492878	0	0	0	0
-1.9596948630693873	0	0	0	0
0.8545505305088952	0	0	0	0
-1.0844424295622588	0	0	0	0
1.945784324775218	0	0	0	0
-0.6197327777710271	0	0	0	0
-0.7445092424474424	0	0	0	0
-0.4702134591847127	0	0	0	0
1.7501320810539056	0	0	0	0
-0.44854363260731844	0	0	0	0
-0.5165577604640603	0	0	0	0
-0.059872001694074584	0	0	0	0
-0.15588361185048427	0	0	0	0
0.32302457169664933	0	0	0	0
0.5728117012583027	0	0	0	0
-0.6481404877551284	0	0	0	0
-0.7775911725437226	0	0	0	0
0.8140374050394286	0	0	0	0
0.0657697821463401	0	0	0	0
0.5431936276070672	0	0	0	0
-1.4483511598607564	0	0	0	0
0.8353901949393006	0	0	0	0
-0.038530741391831214	0	0	0	0
0.8227685651027556	0	0	0	0
-0.6336370435022829	0	0	0	0
0.29695909639592344	0	0	0	0
-1.1337827294921397	0	0	0	0
0.8989478031684968	0	0	0	0
0.9559956946320582	0	0	0	0
-0.9470896258440789	0	0	0	0
-0.9181410126407812	0	0	0	0
1.5401845723074103	0	0	0	0
-0.6450413422585726	0	0	0	0
0.4174276539059747	0	0	0	0
-0.6521965405915893	0	0	0	0
0.5193056686244688	0	0	0	0
-1.0737061242931105	0	0	0	0
1.7008613386924551	0	0	0	0
-0.8775644236006812	0	0	0	0
-0.32373594303656716	0	0	0	0
0.1687246940907201	0	0	0	0
-0.10007791736578042	0	0	0	0
0.9938078760466027	0	0	0	0
-0.7318822007289754	0	0	0	0
-0.9960464444249908	0	0	0	0
1.387229966550116	0	0	0	0
-0.5389018880929086	0	0	0	0
0.9651990399848742	0	0	0	0
-1.177500540533174	0	0	0	0
0.1239764034928541	0	0	0	0
0.7874622699405691	0	0	0	0
-0.2425189843950335	0	0	0	0
0.7406043228466714	0	0	0	0
-1.1623218186004252	0	0	0	0
-0.011347485698394166	0	0	0	0
0.46491219750888035	0	0	0	0
0.2647835161141785	0	0	0	0
0.26784028422166273	0	0	0	0
-1.0223116492374729	0	0	0	0
0.14042670128750245	0	0	0	0
0.48215932831072905	0	0	0	0
0.46001423185433765	0	0	0	0
-0.6132208930925174	0	0	0	0
-0.5238743107223911	0	0	0	0
0.3391861381014962	0	0	0	0
0.6305295145552066	0	0	0	0
0.401845220332369	0	0	0	0
-1.5344050341922681	0	0	0	0
0.7365032795659943	0	0	0	0
0.1197688619392423	0	0	0	0
0.009796639550124553	0	0	0	0
0.38334451261791	0	0	0	0
-0.3432957251263886	0	0	0	0
-0.47753143177928337	0	0	0	0
-0.5549285840189881	0	0	0	0
2.0159232505449296	0	0	0	0
-1.4160537687799106	0	0	0	0
0.14962250154940193	0	0	0	0
0.14501953893933006	0	0	0	0
0.8887171308670858	0	0	0	0
-1.47551831682663	0	0	0	0
1.7176599567404978	0	0	0	0
-1.6313020681273187	0	0	0	0
-0.07957881673829803	0	0	0	0
0.47128478161884146	0	0	0	0
-0.08546669180046962	0	0	0	0
-0.6632876146946529	0	0	0	0
1.1698894352283347	0	0	0	0
