-0.03588063016452736	-1.3341240268775394	7.99845471750416	-0.38581863180554876	17001.250780327307
0.3553265457298451	-3.2955475434181736	25.026753428454796	-2.9747026482348247	16999.715808387744
1.0839470511828964	2.777441563658904	-14.847706324021019	-24.19877692480783	16995.783794482675
-0.48288673955416783	-1.1050914283565234	2.937090110630521	16.10261121731301	17003.832306523418
-0.3850205053472706	3.759109181433594	-8.433582538528754	-21.524892901743954	16979.242791523964
0.39671355594783364	3.643320692723485	-7.076256380550987	3.784507496781643	17071.09633910434
-0.9344290142323786	-7.199066560506438	9.224476795700639	29.20033942470667	17096.462895036857
0.5160926470222265	-1.9326033835335181	6.512223121207242	-15.931380015740743	17070.72270630369
1.271630096082319	-1.9063780422460326	-0.2389112215697793	-3.8975037630420815	17089.95757374078
-2.7051901770016045	1.8088240407886929	-4.152457086488795	-19.247137166231596	17063.769103548406
3.053389797419257	-0.8554210750916127	16.17639031899577	-14.218753901651311	17011.097877432083
-2.3343670332648685	0.25821311058854235	-18.752968027113795	15.412638520915593	16927.58956854616
1.0713500821431836	9.426264546500981	8.855020156237472	-29.022790251597982	16902.885284116815
-0.2695026652354784	-0.305644835878077	0.9503280088549246	-2.1788394178884403	17001.233320517877
0.025168159591459016	2.7349822993576822	15.118031230414019	-11.127735263692088	17029.41645107187
0.3461159056997971	-0.5206348785727783	-17.765675499178585	-3.421032355702067	16985.741919961627
-0.8423796837210489	1.235099995510069	15.202256526499767	27.194663788004192	16981.933568111366
1.652610495737683	-4.072825079156857	-4.874438308974618	-9.788154340238421	16958.32619658986
-2.1117603033410077	7.784486042322968	-3.4350276465664535	-0.7754861555196584	16930.780794249426
2.765086590215219	-10.624908661333201	7.520909066382956	17.735278134407977	16913.234539488014
-4.108996400830904	3.43258071322704	-2.9471698921160083	-1.5655914680299645	16957.02984798758
5.0292013635204285	9.932219413775783	-4.891375698878733	12.207196759249456	17008.131911222794
-4.051462927011087	-0.24057979316908984	1.6652885600182827	-4.309286955082385	17022.62470861497
2.188726731320507	-3.2974602020781063	5.915127973080928	3.0106095930938324	16970.785028042104
-0.7292627145844506	-1.7145060041579256	-9.144669889077164	-17.22381995105465	16932.11418546719
-0.08655390989165568	-1.3215127748305235	11.384634366413565	-12.739227535888759	16908.432870562294
0.6970208876961834	2.2085519293063456	-6.9864948532070485	-12.599288409545466	16886.61161353292
-0.9004286972483726	-4.796514586547495	9.273805442373288	-12.167380276178307	16874.391009703933
1.1812737895983076	4.9501314674580215	-10.39181423456111	-2.637623995070925	16924.51089705913
-1.851373316117062	2.6809862844846677	9.874558856341196	9.318997249759633	16950.044744666087
2.1085870169980154	-6.110701668888055	-10.529584895231807	-31.797331968118684	16950.209601696395
-2.040217090034723	4.882894416125076	8.991959122988803	-10.837146389328353	16908.583922225065
1.9435778019062795	-1.1837096198497505	-10.69395885761746	-10.329251592486969	16895.039738499927
-1.5446129816206522	-0.6301443438181593	14.325663630755301	15.747364672125684	16871.08416987424
1.9402232661463756	-0.6962024562120348	2.083412016006733	-14.285291790844	16814.602736853332
-3.3800400362148793	-0.5164814907500599	-0.525322211354009	6.300184248551574	16885.503697483495
3.1503245412232417	-0.2838900601200578	-14.364626833586513	5.423663686362019	16860.77239057633
-0.5059656669122177	2.850978757620581	1.1712881779081386	-14.424897922836493	16807.92767146447
-1.2476500679455143	1.4568834240687423	-4.940253755145363	0	0
1.0463644914784922	4.2487037639300524	5.415862279863589	0	0
0.5060269875920298	4.1174723957740085	-1.7555091825239373	0	0
-2.2590065172872045	-2.546866585166441	-14.577246735912496	0	0
3.8221213534753247	-4.355225755719232	-4.377348943709805	0	0
-4.157515770251649	4.2413443099023596	-2.1249373737328057	0	0
3.1112980377204167	-2.685651075870844	-9.258479741028651	0	0
-1.9085682603339649	10.100610965079582	1.8061472876789253	0	0
1.7749725181757228	2.846072773765961	8.842129254121346	0	0
-2.237977117195399	-5.916950304652865	-7.3475620950663085	0	0
2.689416748223941	0.2520827837984996	7.886614071909278	0	0
-2.324467684097087	-7.020891438215358	1.0176479178277305	0	0
2.205274587194239	5.073102189522459	2.447157896926825	0	0
-1.8404865541238067	1.3408231804136008	2.9972436610670457	0	0
0.6516761663139334	-1.834456050974417	-12.151149355918832	0	0
-0.016563968975340515	8.48949332052053	11.12256883411061	0	0
-0.03413222258809867	2.970067622774586	-3.4160663940955374	0	0
-0.1961467703205173	-9.261498610449458	3.4658321822378753	0	0
1.8241435126837402	3.10866380374771	1.4098015276866533	0	0
-2.6957297723394262	0.3431002136031509	4.011192039579541	0	0
0.8367206065747013	5.399361252885718	7.838046846345222	0	0
0.9062535872493385	-4.043533044054449	9.65691640851962	0	0
-1.5711357727841175	0.8464653003246951	-1.575853533236966	0	0
1.7294061206773819	0.2919852040431081	4.4642046523791805	0	0
-2.0168520415952074	4.932733306341909	12.48927190067785	0	0
1.4338161925719106	6.921670577118292	1.2738133289178677	0	0
-0.6789736474892862	0.3482908518655705	-2.686528470956034	0	0
0.4572221370589773	-3.7058359624570585	4.638461704094766	0	0
0.20253758590246917	-0.5983390600566807	1.0429278422942616	0	0
-0.639956935326218	3.948210685181465	-1.4462276771170082	0	0
0.2750750461513931	-7.8795083286045156	-3.6525536979881252	0	0
0.73165633091606	-1.1301325321569706	1.7200628859821023	0	0
-1.252281257139451	-8.41703687600453	0	0	0
1.1508338070491746	-2.0317791332849	0	0	0
-1.4555992706322272	-3.1687408901983503	0	0	0
1.4884401700751724	5.412481093342386	0	0	0
-1.4129858254276115	-0.5209694590432079	0	0	0
1.8798707127212921	2.0695609015721956	0	0	0
-1.9272502549635533	-5.655939989066759	0	0	0
0.3124756889356064	-8.506790051359886	0	0	0
1.8754111434698686	-5.492418556120526	0	0	0
-2.6324153524734726	3.363847445121415	0	0	0
2.647722341597529	-2.647817110562201	0	0	0
-1.8106202389855284	-3.7096988858574136	0	0	0
-0.6466838139110322	4.84575502661432	0	0	0
2.734674687666349	-2.91845609583806	0	0	0
-2.576341930511653	7.197706810134761	0	0	0
2.2300254703257636	0.3949978985368361	0	0	0
-2.8986725582594346	-2.963136367111318	0	0	0
2.6742105907719633	2.0592285497441836	0	0	0
-0.7034736443723659	-4.125839330424931	0	0	0
-1.1614385262362248	-0.3945706985172137	0	0	0
2.576174236015625	3.8071049813473934	0	0	0
-2.7186784672180693	-4.863940989322295	0	0	0
1.315466250614115	0.8070488976207386	0	0	0
0.7238299397322123	0.08271602379006282	0	0	0
-0.9311497544630853	3.445531852742519	0	0	0
-0.16452517062812433	-1.7139960909896317	0	0	0
0.27329022918743817	14.141181898355931	0	0	0
-0.011245421643792497	-0.7338447984451122	0	0	0
1.3058273263178748	1.1020126741967502	0	0	0
-2.909423734864461	2.177303623134776	0	0	0
3.460866151326961	-9.250034356793378	0	0	0
-3.402913859925107	2.897556096598535	0	0	0
2.350127710353611	-3.786822629509075	0	0	0
-1.081690855731999	10.691861700170918	0	0	0
1.1201007799525087	1.756984722467152	0	0	0
-2.8145620445125417	2.0982037508796125	0	0	0
4.231305618593559	1.663593594216401	0	0	0
-3.486680248861205	-3.6176510426356856	0	0	0
1.79694800407065	-1.3886535328752814	0	0	0
0.07025449359826297	0.5924049603279116	0	0	0
-1.0386689689357382	5.426258091916786	0	0	0
0.6372382243900887	-10.100749523362289	0	0	0
-0.191171526210816	3.282804554945585	0	0	0
0.07050476058004307	-9.037856715862233	0	0	0
-0.1528374722115089	9.198252146601341	0	0	0
-0.32461471009938236	-4.5448448259211816	0	0	0
0.47518024833100014	2.687534647350425	0	0	0
0.5893235028391146	-7.84164756714307	0	0	0
-1.2471256060593277	5.884600468894071	0	0	0
0.818037691444296	3.446831072123331	0	0	0
-1.5812377081999784	4.066297589057385	0	0	0
2.5486166440622355	-0.5797416672047788	0	0	0
-2.5558389593212425	5.015472524508233	0	0	0
2.6641870017428033	2.301614420929994	0	0	0
-2.5674627423939214	0.6720833613530814	0	0	0
1.5199139377825759	-9.43255870984028	0	0	0
-0.15839863516317365	2.5708492969063457	0	0	0
-1.3224897018623096	-7.498870706976554	0	0	0
1.7325664681798756	-6.968378429391585	0	0	0
-0.6059924926022049	1.7697267216549477	0	0	0
-1.051594874617173	0.05257138474078715	0	0	0
1.7290754905436572	9.61524584951632	0	0	0
-0.5179835670093667	3.4333119238754506	0	0	0
-1.1127307287251327	0	0	0	0
1.102157395380118	0	0	0	0
-0.0685729957958543	0	0	0	0
0.02501727450575686	0	0	0	0
-1.4756877535285327	0	0	0	0
1.5450877682618867	0	0	0	0
-0.41257013864321834	0	0	0	0
-0.09255387662639691	0	0	0	0
0.3458775648242636	0	0	0	0
-1.0468433653752456	0	0	0	0
1.382307106969506	0	0	0	0
-1.2520051108867918	0	0	0	0
0.6610833332837629	0	0	0	0
0.8435809015164111	0	0	0	0
-2.187882699400788	0	0	0	0
3.3070979843103956	0	0	0	0
-3.59486164053812	0	0	0	0
3.792731911028021	0	0	0	0
-3.158111125993919	0	0	0	0
1.5160137049750873	0	0	0	0
-0.49361125960331265	0	0	0	0
-0.3208616304290217	0	0	0	0
1.3348534150872808	0	0	0	0
-1.2029457213310977	0	0	0	0
-0.8635509240336461	0	0	0	0
2.609595460229329	0	0	0	0
-1.0781844156486358	0	0	0	0
-1.1378965496290334	0	0	0	0
1.4132799715064763	0	0	0	0
-0.8214739232818147	0	0	0	0
0.6144282455451062	0	0	0	0
-0.7222008211819002	0	0	0	0
1.0362129347547935	0	0	0	0
-0.8922098900793429	0	0	0	0
-0.4019755240248557	0	0	0	0
1.5371203571589618	0	0	0	0
-1.947146884142434	0	0	0	0
1.9978979934368226	0	0	0	0
-1.263189426409859	0	0	0	0
0.5057330838816441	0	0	0	0
-0.5845346367342614	0	0	0	0
0.8807541591553019	0	0	0	0
-0.9475073580870088	0	0	0	0
0.2698002796129586	0	0	0	0
0.6790531627434078	0	0	0	0
-0.27148497946319594	0	0	0	0
-0.2768181250763746	0	0	0	0
-0.3457247288076175	0	0	0	0
0.599092222516262	0	0	0	0
-0.2580718238861124	0	0	0	0
0.012206073289554809	0	0	0	0
0.9042940474146164	0	0	0	0
-2.202427262128829	0	0	0	0
2.471070741493783	0	0	0	0
-1.710563626790936	0	0	0	0
0.056861078690104705	0	0	0	0
1.5291390501199942	0	0	0	0
-2.1232778176715357	0	0	0	0
0.4383414642629617	0	0	0	0
1.038326011410831	0	0	0	0
-0.5736313396974637	0	0	0	0
0.12464805843178084	0	0	0	0
-1.2497152888007363	0	0	0	0
2.826687038513434	0	0	0	0
-2.6614534648715704	0	0	0	0
0.8805629282427603	0	0	0	0
0.6516210415193555	0	0	0	0
-1.5669939853080592	0	0	0	0
1.5021273017004688	0	0	0	0
-0.8322601500179942	0	0	0	0
1.0493203028145146	0	0	0	0
-0.8611176683319783	0	0	0	0
-0.5748232265403743	0	0	0	0
1.3344367581221874	0	0	0	0
-0.7349916443605977	0	0	0	0
0.31234039924278534	0	0	0	0
-0.49694723630025095	0	0	0	0
0.8563442766906775	0	0	0	0
-0.6856361550636834	0	0	0	0
0.33072306401094664	0	0	0	0
0.6987763505466162	0	0	0	0
-2.201029627747367	0	0	0	0
3.346772875819788	0	0	0	0
-3.319329679858214	0	0	0	0
2.9498250878592103	0	0	0	0
-2.127054200974385	0	0	0	0
0.8052255495705722	0	0	0	0
-0.6629898910039174	0	0	0	0
1.8510135226382047	0	0	0	0
-1.4088810380300814	0	0	0	0
-0.5502676984852286	0	0	0	0
0.6050992998250777	0	0	0	0
1.5694932666958081	0	0	0	0
-1.7087985457677988	0	0	0	0
-0.1261341141040191	0	0	0	0
0.5232337165031851	0	0	0	0
0.10209873548008375	0	0	0	0
0.2080887940839844	0	0	0	0
-1.1778742514868412	0	0	0	0
0.5922173101213133	0	0	0	0
1.4409052654552994	0	0	0	0
-2.829635539002197	0	0	0	0
4.015623868891005	0	0	0	0
-4.567116139776445	0	0	0	0
4.163517425572245	0	0	0	0
-3.7810148509634303	0	0	0	0
3.2323169425498364	0	0	0	0
-2.1482241962883535	0	0	0	0
2.3943446444699106	0	0	0	0
-2.629949463693663	0	0	0	0
0.35908840499091355	0	0	0	0
2.7718568356562443	0	0	0	0
-4.314577727516614	0	0	0	0
4.5687926312213065	0	0	0	0
-4.2329517001082095	0	0	0	0
2.1495094790068023	0	0	0	0
0.5890498887477662	0	0	0	0
-0.9413914218187713	0	0	0	0
-0.5993551179455849	0	0	0	0
0.8280476985139558	0	0	0	0
0.9516910815423287	0	0	0	0
-3.0455921569517486	0	0	0	0
0.32157973631915127	0	0	0	0
-0.31513775602203964	0	0	0	0
1.3289059314731304	0	0	0	0
1.773206303498057	0	0	0	0
