0.3084042594096701	0.6399688462583413	-0.886805559419571	-0.2579058455198435	16599.199263182094
-0.8258329609939068	2.4012516571642877	-2.433795733005141	-0.4768846826315212	16599.722194774247
-0.5342225284834825	5.740611824408056	6.2472073659870375	3.3704754242499746	16599.619258527702
0.10915719996666695	2.5863765566975445	11.968596288873911	16.05837950765003	16599.831794902722
0.9047524329967018	-6.013838372962432	3.313635579345899	1.1069038006995982	16597.48593218663
-0.41614570558939334	-1.9638839460954145	0.0404842376249519	-15.3863213429142	16605.257632889952
-0.6676329015989992	-14.516539419537928	-9.025766000981605	11.64058270580719	16609.674615686905
0.42457340343266026	10.59523150711101	-9.318981816227534	-3.649437085816828	16653.083590827882
0.4995347599294675	4.575400541531231	-10.612487140724411	-11.254796128026499	16715.46388386051
0.12077432088730689	-2.011462236661103	12.451918292168486	-12.720771758980689	16778.01400270694
-2.6633724396496703	1.084625561262861	-2.286835992910838	-4.130989637670822	16841.812970203162
3.8725763367031476	-5.31427240393284	-22.24218270557799	-13.973972421266737	16925.28205562367
-2.352135532931257	-2.168616909224049	-8.349901952203837	0.3788455159280062	17008.627524798947
-0.4275193752387594	16.02030661972033	0.9173458981066034	-10.525577015046181	17049.91463803572
3.921975943458534	-22.960709491205684	15.445615298746887	14.34570552821637	17065.82652090489
-5.431379966365057	0.6897822581859998	-11.876949002267835	13.353721650568176	17100.94964796117
5.111233152403756	-10.782170941130886	20.993472554557783	6.378696236302972	17056.39196254668
-4.564703209607963	-1.287531371088619	-22.408040120055844	7.364717558010909	17061.52665605437
3.702022469025742	-1.6469509098285826	1.2714190081099588	-12.614882205337352	17071.41483493609
-1.3898535232691103	-10.667417069089545	-11.263813421317522	18.95548731140481	17070.395875933355
-1.5873537215554236	-7.909840377264999	-13.333356341658117	-12.321579412274858	17037.825422255206
3.140957295032649	-5.408012543402386	1.910844245502986	-9.400157386560153	17062.87497719235
-4.584170154295194	1.6321087085009438	8.141076254219271	12.524115127267777	17004.870126091333
4.800595645831443	0.8786622503068671	-24.37375727209445	-4.344258577045565	16973.225305707696
-2.1253034193421954	2.1825631291027463	-13.736581386175303	-28.23843636418819	16970.732006123173
-1.3937661125259595	-3.890582816641576	5.783340430411116	5.033329769798897	16981.474771383113
0.8822121634414515	5.316337510778929	9.704094512710341	-6.366893014110374	16994.056361629104
2.1505511520279015	2.4106105994994778	16.951731753650435	-6.658995272354602	17005.271404332754
-2.787679524156033	-2.908621407327516	5.512515721568548	-3.4192776545778685	17023.29084124019
1.0130567727300672	-12.620020129921443	2.6375654303922147	-31.367519437661258	17008.312762133548
-0.02180446412945969	12.268009414501087	-7.133926126323317	6.380980642027623	17004.61597479684
-0.5436344924539469	-4.947643762353742	11.378913395435958	-1.757997177197069	16970.981226875192
0.6222238680621786	0.21182381168932096	5.964131928023832	2.731879842960552	16953.297654845897
-0.08078804440130227	4.412189773827613	3.559654077421996	-1.6898813791063674	16904.04886974159
0.21413403990506907	0.3252824159620431	1.7661514060266796	-0.9564913475290098	16884.660588197265
-0.5746733517834031	1.275942167989399	0.8781413689688122	-0.040939347117230795	16904.27645763097
0.7327151102935545	8.197990530812724	-2.6721048448302867	1.030365048391829	16931.657391236145
-1.8794616311598062	-2.343430698495567	-12.976031052898733	0.2746373173235952	16938.285322369717
3.5335879033187467	2.440441763925655	8.917323450163636	0	0
-3.018371520559164	13.791106357125287	-3.2332283575838545	0	0
1.586641534263869	-3.500900096691389	2.588126077479771	0	0
-2.2402681879768807	-1.9648444242356078	14.42308634286887	0	0
3.7093781954284992	2.7218311328640397	-0.351914438326844	0	0
-2.481023389212062	-3.664651866309015	1.4242877300852541	0	0
-0.052927955021509376	2.1152558245212987	-11.450416715253567	0	0
1.300744105367059	5.789758060054396	-20.48008401827761	0	0
-1.811415411666779	4.176765254684909	-20.86547824683487	0	0
1.193753353673607	5.412712565936282	-17.11553442343694	0	0
0.007214630568448399	6.2134855301434015	5.048940570711139	0	0
-0.5217352198627978	-3.010205303083069	14.58379664271996	0	0
1.0990712488465775	-1.0804611112922728	-3.156375748977908	0	0
-2.41193304951603	1.9116598387284327	-6.038859882196903	0	0
3.4058651099132646	-8.7810274791199	1.6367161709308533	0	0
-4.268049995816199	7.124379457341966	3.353489253459543	0	0
4.969455512752923	6.844668669553911	-4.248893186816858	0	0
-4.966524126335649	-12.13942823345942	12.543791940561803	0	0
3.6402272816160988	-0.8191020253069325	28.750398429667086	0	0
-1.1642467458087893	-5.153809875076661	0.09901639075867763	0	0
0.4338827765297779	12.964600445782729	-25.296618438027394	0	0
-2.3254905905100927	-13.175868639463864	-0.9548856678427597	0	0
2.949730048070222	11.62582738377236	5.854079318117115	0	0
-1.722169321478674	-3.9469713560278734	-0.18820686781162976	0	0
0.8140969576569219	13.80176610003305	8.389049345640913	0	0
1.2463452721810526	6.974052258530875	-5.32914958330106	0	0
-2.9089521706513324	-10.322824507248917	2.8876204094964777	0	0
2.5823830190513135	-3.5260892784475004	1.570892365140324	0	0
-1.680268747498431	7.347422045383013	-0.26674572841072575	0	0
1.782777576869016	-0.7525990541188676	-0.22355064872668606	0	0
-2.3917081528197457	-11.472946071462822	-2.4541593370669403	0	0
1.432415854617716	1.348419748841188	-0.4257350141995033	0	0
0.7900595075919057	0.5515007284353857	0	0	0
-0.9956874952093102	3.455029540057893	0	0	0
-1.1863037600166066	2.1437458618198733	0	0	0
2.766494476944139	-3.6077400544727496	0	0	0
-3.7263549940586174	15.569481448736319	0	0	0
4.57544761776456	-1.7844292149307819	0	0	0
-3.316879939958632	-0.7642728058028325	0	0	0
0.668178642999429	-4.826862468767999	0	0	0
-0.05850980942832251	2.943963666909241	0	0	0
1.2366325296363954	-11.562058117421827	0	0	0
-2.3078145650929045	6.1918540935743565	0	0	0
3.608912544618626	-5.948806925521097	0	0	0
-4.101672397379502	7.935993640429274	0	0	0
4.062710647586549	0.471617586959745	0	0	0
-4.847516053155928	5.97594790696666	0	0	0
5.644778081477227	1.6586729015808785	0	0	0
-5.19396498672063	-3.491753140705832	0	0	0
5.56750260975398	-15.864649728799058	0	0	0
-5.5646075877209995	-1.642619505184463	0	0	0
2.849453961743194	-8.860098398932557	0	0	0
0.26315586334743557	-0.8978276521020518	0	0	0
-0.6531289809227303	5.045666239174679	0	0	0
0.1313523344234966	-5.6543667425601	0	0	0
-0.20682843389982253	1.3188858800370014	0	0	0
0.8923984349035621	-0.5217756601770489	0	0	0
-1.3632638934602355	-7.406726312959542	0	0	0
1.5891693826925462	-5.740219697278917	0	0	0
-1.0367533801534066	-16.92991355405674	0	0	0
-0.20565709187231818	9.038973005840141	0	0	0
0.3623736069573482	-12.232444743990825	0	0	0
0.032229442311717094	-6.354062831633023	0	0	0
1.5364880641391565	4.253469661385658	0	0	0
-3.813755733662738	-8.439166636023216	0	0	0
4.066409483176123	-5.406469437677217	0	0	0
-1.8506827261331225	-7.908847466130908	0	0	0
-0.08085845756792054	3.872524450987015	0	0	0
1.6811031272042314	0.32998451598317047	0	0	0
-4.018690624180408	4.479596103728014	0	0	0
4.7221706802509615	2.270221346202419	0	0	0
-3.3737019811788684	-4.9825832333606	0	0	0
2.176740139723222	7.668479931353147	0	0	0
-0.736988886937489	1.4333124782881157	0	0	0
-2.1823269840784434	2.9994456626037476	0	0	0
3.8734246111569135	6.046718668727152	0	0	0
-2.681214468831257	3.307332438988489	0	0	0
0.6804921202665923	16.06242625631164	0	0	0
-0.9562586790070426	9.53798180431653	0	0	0
2.4566945092574386	2.033018637745421	0	0	0
-1.6508871000353622	-1.2308874277106838	0	0	0
-1.275637956050737	7.825101584612604	0	0	0
2.062848413920854	-7.762851327502645	0	0	0
-0.5939681116374231	-3.0794118124499263	0	0	0
0.0883676172526151	2.6606974284419778	0	0	0
-1.8005948806178012	-2.6661999468560467	0	0	0
4.41610328710221	-2.638682995133429	0	0	0
-6.330086649123359	1.5741478191183162	0	0	0
5.99315875251569	-2.2172324535113574	0	0	0
-4.559112100765525	0.8094345698313603	0	0	0
2.946348101653385	0.21843511146536088	0	0	0
-1.7420639434467375	7.381517097849098	0	0	0
2.2669251215133457	-9.885418510809167	0	0	0
-4.389195110985931	2.80863282226516	0	0	0
5.984000495596973	-1.0560845876120908	0	0	0
-5.855825720938171	0	0	0	0
3.5064854866521884	0	0	0	0
-1.4782929925231727	0	0	0	0
1.9311132631025814	0	0	0	0
-3.5155586456822547	0	0	0	0
4.816347992090407	0	0	0	0
-4.943723288140809	0	0	0	0
4.329571853775462	0	0	0	0
-4.50539121193539	0	0	0	0
5.705493755867849	0	0	0	0
-5.720560856138988	0	0	0	0
4.426936169379843	0	0	0	0
-4.187291910655752	0	0	0	0
5.535348932509592	0	0	0	0
-6.844019611708028	0	0	0	0
5.994811143741295	0	0	0	0
-3.9031205391694357	0	0	0	0
2.482223420609209	0	0	0	0
-1.733638459511539	0	0	0	0
0.5281299491708253	0	0	0	0
0.6217362010060441	0	0	0	0
-0.9265225932738872	0	0	0	0
1.3284098039700538	0	0	0	0
-2.5614082983307043	0	0	0	0
4.477925493313286	0	0	0	0
-4.521950976850036	0	0	0	0
1.9351268323797939	0	0	0	0
-0.23192589355905824	0	0	0	0
0.4436475775569022	0	0	0	0
-0.6030947679448317	0	0	0	0
-0.07737504144960639	0	0	0	0
0.1902879848182195	0	0	0	0
0.6573062696232981	0	0	0	0
-1.7484981312691943	0	0	0	0
1.9439037064052442	0	0	0	0
-2.352450014042738	0	0	0	0
1.7776261298885956	0	0	0	0
0.08027616016889993	0	0	0	0
-0.10430188244886551	0	0	0	0
-2.7568575940730895	0	0	0	0
4.833141238099046	0	0	0	0
-5.344509679451008	0	0	0	0
7.185629969841152	0	0	0	0
-9.125843621086446	0	0	0	0
7.071804964651108	0	0	0	0
-3.5583455738621055	0	0	0	0
2.770576377038097	0	0	0	0
-2.620958800471847	0	0	0	0
0.4683449280065517	0	0	0	0
0.646618839225404	0	0	0	0
1.4349621347907373	0	0	0	0
-2.337174443968877	0	0	0	0
0.8458092273225617	0	0	0	0
1.140495212567778	0	0	0	0
-1.617820437577457	0	0	0	0
0.4702940214356417	0	0	0	0
2.0622387460747333	0	0	0	0
-3.887479376081771	0	0	0	0
3.1323118602092492	0	0	0	0
-2.901146219652354	0	0	0	0
3.368552072509871	0	0	0	0
-1.7275339389496835	0	0	0	0
-1.1381339378878934	0	0	0	0
1.3802861867270977	0	0	0	0
0.1936854818024969	0	0	0	0
-1.744631687493964	0	0	0	0
2.210928754683536	0	0	0	0
-0.9045289711237956	0	0	0	0
-1.3592512468134288	0	0	0	0
3.1240201609949168	0	0	0	0
-3.423950883386077	0	0	0	0
3.143194653099094	0	0	0	0
-2.360478143476861	0	0	0	0
0.39842500195045005	0	0	0	0
1.5071502800730272	0	0	0	0
-1.7900844090013521	0	0	0	0
1.0781743828018975	0	0	0	0
-0.99121294618881	0	0	0	0
1.5032845806918758	0	0	0	0
-1.9966337014817483	0	0	0	0
1.9462313573811159	0	0	0	0
-1.6490630921774923	0	0	0	0
-0.1387465101638199	0	0	0	0
1.630934541902036	0	0	0	0
0.9399685925713186	0	0	0	0
-3.3469973663184476	0	0	0	0
1.1260707440818791	0	0	0	0
2.2138713029867247	0	0	0	0
-4.125259353054716	0	0	0	0
5.203572735328812	0	0	0	0
-6.490723733732992	0	0	0	0
6.243315039813872	0	0	0	0
-5.53918949822495	0	0	0	0
4.1627824777892215	0	0	0	0
-0.7433727727057615	0	0	0	0
-1.3486557441468676	0	0	0	0
0.027948683205181624	0	0	0	0
1.7424998534516334	0	0	0	0
-2.021532680675044	0	0	0	0
1.3454630520875526	0	0	0	0
-1.232661632471732	0	0	0	0
1.4047739386860272	0	0	0	0
-2.290072746222684	0	0	0	0
4.229649421381083	0	0	0	0
-4.881829936229167	0	0	0	0
2.888193649653843	0	0	0	0
0.3365716309586091	0	0	0	0
-2.9511010023590742	0	0	0	0
5.111135010843192	0	0	0	0
-6.070586682732085	0	0	0	0
5.270224236088552	0	0	0	0
-3.7047424224744745	0	0	0	0
2.6384414967794285	0	0	0	0
-1.7150839580938353	0	0	0	0
0.52362696349374	0	0	0	0
1.0002465772951652	0	0	0	0
-2.0695636372129087	0	0	0	0
2.853768285933114	0	0	0	0
-2.8666066341471748	0	0	0	0
2.0452414365134928	0	0	0	0
-0.33673889223370423	0	0	0	0
-1.4997156143887125	0	0	0	0
0.6067927509294577	0	0	0	0
-0.03072641121175934	0	0	0	0
-0.4388699800003266	0	0	0	0
2.1250961836770585	0	0	0	0
