-0.22897729554079405	-9.507462986411518	-2.4015676300800237	1.9984398063524225	16917.34342144979
3.201134123509995	-31.983262078141642	-7.43265249773485	6.528893763016683	16919.311369998337
-6.955786926762926	-11.907731779748744	1.3559669311167966	3.1042136044788435	16918.558049688374
7.679481146218933	2.0617439881374438	-10.955821994776201	1.4186857008950255	16919.011090911044
-6.982036170150089	15.696887731280192	1.859602216640127	29.34870713081787	16921.36026665739
5.687220388822496	-2.073652506832495	-17.42689836952964	-16.834776524748406	16903.249914853906
-3.1987355678401457	-18.424553982510943	-33.1766151635218	62.93111575243972	16901.693454956363
0.28007333614911545	10.52437953776414	-16.57361340086736	6.9406852402430275	16866.62306300805
2.2243795494177903	1.0467972896814715	-10.719143998892804	183.0512631206638	16967.090823209222
-3.87043358210439	9.483930187601217	65.53531667768658	279.80292756039654	17050.581526234782
3.1848716499860856	9.580477816150633	-14.593497849048944	88.71766261579947	17010.7919755701
-1.321462665917572	-3.125293278392519	7.24516681474779	-75.08832176795516	16623.392745158824
0.48152508710673203	0.8592063112033372	19.75149927060049	62.9689392946206	17371.45958285068
-1.6050814614483215	-20.082655180927986	36.860170304913254	-12.653721847250381	17618.74279561208
3.003372413381129	-89.80164414830443	-35.89524904869924	73.61044541912628	17474.892213667237
-1.8390385871961072	87.11544693524749	-56.53759276875627	94.92135031735606	17322.172891972117
-1.0864867130885187	-44.29058223847133	190.26092422107033	-48.03348012182016	17181.178801280712
-0.5322405605760849	15.720003808002254	109.27477979106973	24.727186545159384	16945.426478781745
2.406543805662359	-20.502791193704184	-70.54696627251028	2.1509524902109973	16940.939889720277
0.5100659544272759	23.780420386534104	14.192652917110408	-175.27834352813477	16871.803889943913
-4.0252828735495285	14.928343749803773	-28.00075441083854	23.644813850372458	16835.447526254145
4.253843948593982	-4.497119267453719	2.7237884720274934	-60.18741393698329	16688.06661772064
-3.3949043392791722	-7.954129432791973	3.234227517241834	-19.157863832043986	16704.36763635567
4.59113616707279	14.971286236829272	-7.717459975159002	-251.10447901622302	16782.611126492036
-9.828957007626357	-39.34788699751754	2.196904221223278	67.33833686161634	16690.83461274585
21.23169489863782	-7.336074564424187	-13.234176794691479	-35.353504667403485	16599.409752516804
-43.28568621280306	-93.32178354075583	95.78024297636826	-18.36908164495786	16718.84597229546
56.83214130652357	58.83259052980435	117.63271166965971	-243.46717075533263	16869.081082904533
-42.43705991448498	-53.55098802825576	-49.51833074556882	25.457647639076654	16872.756669654445
18.957373236838457	74.82314423733465	-12.054271778321109	-87.88271331310409	16610.712054428626
-9.363816680812484	35.90547749044296	-3.61355702345287	-89.51652241876127	16816.6164824619
7.7699460212844755	-108.68578818193961	-10.925577871572258	-170.83113237126508	16523.90883263104
-7.693774393887587	-15.72096225970958	31.233730520428793	-165.33414555061893	14901.305565194714
8.901935427273983	16.71231010818896	30.11826588095164	118.8516546936523	16429.62860420023
-11.363872715804057	-4.531510164758828	1.3702783663984377	-75.67336339879463	16011.912441229273
11.407390415660103	-0.5174403637436455	92.49683232946997	14.460139014417194	15981.499894415838
-7.491259446362683	7.195771710827103	172.13150548325498	33.57427468282532	16393.78056981666
1.522234243716312	9.546163156213993	-76.14052778802773	-45.21582051715181	16369.033846497245
2.8012312192594706	18.064344441577674	0.19385315949985227	0	0
-3.5951623519987734	-47.05243924438474	22.86617282923463	0	0
1.5423889044979262	18.57956504017352	11.314609664595821	0	0
2.9388392945066144	13.594348935656711	13.293997052497744	0	0
-7.816148310605108	0.09780453197086558	21.0143689246122	0	0
4.9435961715729135	-6.880636960455803	91.76312913944729	0	0
3.7604423809757606	-8.568581968734165	-87.17359192292616	0	0
-5.285990592423545	2.622929466830726	0.10909436672436357	0	0
-2.030022539520772	14.665351028964224	-5.315053148684257	0	0
10.229534289189822	17.161103463394824	-10.917505370476405	0	0
-11.741497836089664	-1.2250287345183466	-11.55775818837958	0	0
10.530002416485956	12.437367499887074	-3.4100459106959136	0	0
-17.162266849374447	66.34357884515133	7.3904192289108295	0	0
22.188733224049983	-3.025196696253147	149.4458585915133	0	0
-14.540501212370003	-55.43557569825127	250.50301122726634	0	0
4.82895039696966	-7.759489150655	-90.79944925975859	0	0
-7.945993386696628	12.362555335919076	65.4551518818772	0	0
21.46322431999726	-7.8923251492832875	-25.09580580158189	0	0
-17.934160522287748	-11.61527433704476	-248.07499275532513	0	0
-2.9969245373279136	-10.808241655263195	152.88236659466241	0	0
26.30260159962132	-13.031537777552415	61.25661074589759	0	0
-55.973588672487615	19.967747423624637	-162.97724092226395	0	0
66.17006761009895	-1.3459132517428714	-132.4135772332142	0	0
-35.98984594325306	6.254954007154723	62.817050241073616	0	0
4.1459374744602115	7.289751665827268	-324.4057586701267	0	0
5.04627122464413	12.776543866228103	83.55044475785736	0	0
-4.902336749968711	0.04786785424757767	-17.155568419704252	0	0
4.588245385869989	-8.476426818582233	6.593693156785548	0	0
-5.975224812828735	-13.761737656002445	-1.5071673954889775	0	0
9.119744324667053	2.140682415221846	2.405258240417041	0	0
-10.028993626583478	65.76254758944938	-3.808021518247301	0	0
7.09749506215465	151.4979313054678	-20.438441706320177	0	0
-1.8854731426713371	-44.86620706101228	0	0	0
-0.9767698940257858	-9.48074030780564	0	0	0
1.3523867618817746	-7.600030338511225	0	0	0
-4.792076716850275	7.146748121040545	0	0	0
11.622309151890327	-14.104263704360804	0	0	0
-14.32160069040009	27.19526754427894	0	0	0
8.560615187956863	-7.498390983386379	0	0	0
-1.5441804489608444	5.33804796924435	0	0	0
-1.7728116539243644	-5.153295634495407	0	0	0
1.6290338824123793	13.283326807883142	0	0	0
0.21447592131453774	1.9241094049218006	0	0	0
-1.3484688844773274	15.655161287430694	0	0	0
1.921031027216472	-7.932210716512387	0	0	0
-3.1879258551978964	12.038263724526772	0	0	0
3.8839035339358787	73.90948092380731	0	0	0
-3.169510796752604	4.285208339798899	0	0	0
1.9267237822809378	47.06178563302877	0	0	0
-0.17316585264669015	-40.08749920184247	0	0	0
-1.039688850636594	-5.386975420359185	0	0	0
1.281918648351116	3.2103995163802423	0	0	0
-0.872081885063281	0.76080332644338	0	0	0
0.007030152032783121	5.932439533879453	0	0	0
0.8538999165773333	-6.121636187539558	0	0	0
-2.060822834842895	-3.3337392158820762	0	0	0
2.146098066681269	8.865413471409148	0	0	0
0.3459971003241975	9.935606364161167	0	0	0
0.590348043950371	31.36200424431572	0	0	0
-7.04110883976773	-18.932082399658647	0	0	0
19.873334153259393	-7.3164547178248185	0	0	0
-44.832044535373775	-1.5832674862498877	0	0	0
60.7886931792453	38.02565045462528	0	0	0
-42.21401623602949	-9.0063423377944	0	0	0
11.414181121348456	-15.646866945589466	0	0	0
5.692957854938534	33.093099302775215	0	0	0
-10.790100672856113	11.682844563286274	0	0	0
8.980253461441265	4.8581815216363395	0	0	0
-4.967065718058926	39.922414215163556	0	0	0
2.2960662858317136	-31.306803572956163	0	0	0
-1.923507288529322	-21.059207246750653	0	0	0
1.4070771344551218	-155.72766421104427	0	0	0
-0.05922240713816507	93.06488846197205	0	0	0
-0.6150969498066701	0.8447040225341453	0	0	0
0.9232815616545693	2.534099850210758	0	0	0
-0.23240642428125824	-61.0889393813846	0	0	0
-2.730868313351195	137.64747329932152	0	0	0
6.044249767322398	-66.72425024287301	0	0	0
-6.002463706835471	37.60965062074498	0	0	0
2.121354622338238	-1.1624559928026343	0	0	0
-0.1437125164024593	-58.393123224066464	0	0	0
1.3448203673616916	-9.135760209297146	0	0	0
-3.094427555256388	-11.041736241065621	0	0	0
4.780884660021215	93.21606334809158	0	0	0
-5.673396939523073	63.472795614009975	0	0	0
2.7422606755830685	-7.411690168215017	0	0	0
2.082316742543341	47.83863413747382	0	0	0
-3.2206504821268354	-4.799984635941854	0	0	0
3.2472377495110223	6.904294006768303	0	0	0
-5.838773744009643	-12.530605716324601	0	0	0
8.090826800770834	16.547907820048863	0	0	0
-5.991908289028501	2.640261306028698	0	0	0
1.883208411730216	-7.88106771179163	0	0	0
1.2436722918826533	-10.090603735365661	0	0	0
-2.8019768986118336	11.21739770280277	0	0	0
11.323467892683063	0	0	0	0
-24.498790045296715	0	0	0	0
16.003912203510765	0	0	0	0
10.934010929502918	0	0	0	0
-18.68537380729444	0	0	0	0
8.39383840831185	0	0	0	0
-2.902352403427656	0	0	0	0
0.9445095073605358	0	0	0	0
2.943417557730477	0	0	0	0
-6.7082967501958635	0	0	0	0
10.590191021660381	0	0	0	0
-12.20142768108542	0	0	0	0
9.957206820953083	0	0	0	0
-8.719992175641266	0	0	0	0
9.07637207819188	0	0	0	0
-5.348810375609453	0	0	0	0
0.8382153933564709	0	0	0	0
0.5545672522461373	0	0	0	0
-1.7371462103854185	0	0	0	0
3.439423022837886	0	0	0	0
-1.997226385344618	0	0	0	0
-1.0368461394064923	0	0	0	0
2.443587491845321	0	0	0	0
-1.3387210871154522	0	0	0	0
1.4905516501236349	0	0	0	0
-4.186056086593439	0	0	0	0
4.294192064721749	0	0	0	0
-0.8374439969179122	0	0	0	0
-0.7418361985780777	0	0	0	0
-1.2189298616802304	0	0	0	0
2.6650256780493393	0	0	0	0
-0.6873010501945558	0	0	0	0
-3.9554491349524596	0	0	0	0
14.710001390437803	0	0	0	0
-32.988724332222	0	0	0	0
37.193960871909574	0	0	0	0
-26.94523789607417	0	0	0	0
23.524813333280704	0	0	0	0
-17.51310551175939	0	0	0	0
6.092124737323232	0	0	0	0
-1.6506042482907404	0	0	0	0
-0.6436399171185556	0	0	0	0
2.4256979449042575	0	0	0	0
-1.8192085621740404	0	0	0	0
0.8281879562016101	0	0	0	0
0.8132377541175728	0	0	0	0
-3.3808258858882567	0	0	0	0
6.638759775549261	0	0	0	0
-10.39574855947103	0	0	0	0
11.872441158148824	0	0	0	0
-9.784305363721643	0	0	0	0
6.705144146976224	0	0	0	0
-5.61908273171403	0	0	0	0
5.354936992136771	0	0	0	0
-3.2840541417975615	0	0	0	0
0.9866591262837687	0	0	0	0
-1.6438512055064436	0	0	0	0
6.809192153366041	0	0	0	0
-11.711768051424507	0	0	0	0
10.976459533779803	0	0	0	0
-6.476593610353547	0	0	0	0
2.6229352974576656	0	0	0	0
-0.05830367312578488	0	0	0	0
-3.879461745312362	0	0	0	0
15.539733713302184	0	0	0	0
-28.238227475100587	0	0	0	0
14.766608084185137	0	0	0	0
7.362091388285442	0	0	0	0
2.1990814627772153	0	0	0	0
-18.57347750522417	0	0	0	0
11.475123935059045	0	0	0	0
1.0746256988808511	0	0	0	0
-5.834837379026283	0	0	0	0
5.455008577033141	0	0	0	0
-3.762037008111456	0	0	0	0
3.0460461030753834	0	0	0	0
-5.210425963700331	0	0	0	0
13.78403052834527	0	0	0	0
-27.380323077426333	0	0	0	0
32.8578839247139	0	0	0	0
-30.604085123205053	0	0	0	0
30.480575979479113	0	0	0	0
-17.613578583598546	0	0	0	0
-14.429570028022333	0	0	0	0
26.60520932566792	0	0	0	0
-10.62972812905761	0	0	0	0
-1.2229670599853648	0	0	0	0
1.9372886314490358	0	0	0	0
0.8595982255526025	0	0	0	0
-5.345510098927704	0	0	0	0
8.63541263902902	0	0	0	0
-20.755239254374374	0	0	0	0
37.57153821273107	0	0	0	0
-29.185062617217802	0	0	0	0
10.64010309230666	0	0	0	0
-11.56012218690261	0	0	0	0
13.74924260318054	0	0	0	0
-7.621078496931517	0	0	0	0
3.939094022202873	0	0	0	0
0.14734092705960222	0	0	0	0
-24.943885138051535	0	0	0	0
24.50864491779599	0	0	0	0
-24.378371450738314	0	0	0	0
7.210985174584209	0	0	0	0
-1.1775012854272688	0	0	0	0
-0.7043736237377374	0	0	0	0
3.071232637046208	0	0	0	0
-1.4286757920907363	0	0	0	0
-21.636418017519723	0	0	0	0
44.99702074846903	0	0	0	0
-30.117882413256964	0	0	0	0
3.449228260646052	0	0	0	0
1.3529370207091702	0	0	0	0
7.620695538818239	0	0	0	0
-16.925166399101244	0	0	0	0
19.171741819215107	0	0	0	0
-15.541624548341744	0	0	0	0
12.365843745768942	0	0	0	0
-9.463926818201863	0	0	0	0
4.667964652071603	0	0	0	0
0.7879296942642142	0	0	0	0
-2.9520653216737287	0	0	0	0
1.6016390182387283	0	0	0	0
0.4165384561169958	0	0	0	0
-1.5475974526828153	0	0	0	0
3.1881256665540363	0	0	0	0
