0.12642494197427823	-1.174720376875662	0.7347812403473313	-0.03621146795777008	16519.709937355605
-0.04993907767656225	-3.519029049535959	2.5367399558978434	-0.22449202312148486	16519.149702116312
-0.5716861645372759	3.3550378926249564	0.8655536115165603	-6.766094232042121	16517.963602001102
0.4785300485394046	5.027918341920014	11.369740233404073	-4.9226238553226835	16520.18420214003
0.3034558662435458	1.0283851056064393	-22.21061322032743	15.452897527847753	16515.869287701797
-0.940713643395938	1.395827175343321	-2.27831386358541	-71.7421199330091	16525.412908229067
0.39526804345278066	3.287353265488264	3.8557312116608244	146.55315105954156	16195.926926076547
-0.277769862034674	0.7490578224194593	7.07582731815539	-128.81810529329374	15855.547660927497
0.3875685564540632	4.488990466275936	-2.9765725044578915	44.21259998676764	16444.576982123013
-0.4729315113225212	1.781225175886945	29.58028264108941	-1.3092816524481492	16933.92197408339
0.7790712351661142	0.5413964613963813	-31.483431477061714	-80.18207553653959	16474.107303296336
-0.3088588899176301	4.074873532789184	-1.415723800307731	163.00485899473	16204.718527455418
-0.05827607734062212	9.842681667180614	-3.1148102744478194	-75.58270661025573	15813.428846319714
-0.47175869192093245	-4.916512456365112	12.75755210025396	-172.36672368015923	16554.732955421314
1.2007127346481283	19.545244183701	-6.137605538909995	118.89124052103426	17763.435938659877
-1.1662386933286797	-8.104242743107243	-8.20383846818838	-142.5894109386811	17323.518816381962
0.5892023150230514	8.77121864366493	2.5276010775806554	38.61556995616647	17240.77578866878
-0.35749772686584436	-11.383369958814562	7.099119114439262	-108.18288708780355	18135.850309745496
0.10077866190646034	-8.714117578861405	-38.046888877839535	124.79642650329586	18151.04283969713
0.3532280139194839	7.8309629370998906	-2.8477130569005595	13.60255242137967	18440.458516512812
-1.3775186114616247	-15.855930693369771	19.43529884875771	-9.517613961126102	18048.81584808918
2.1070387369158396	-2.83855185274971	-8.406068560379012	-3.7464344830537186	18170.72035757867
-1.0654867553499088	3.032668896273222	-0.7375591141073841	25.078046793285665	17961.781664144743
-1.1350320112237569	-3.5448506810104448	-6.228815586392486	-7.875440718439137	17545.600674804424
1.3716258866142397	-3.477958352012706	-22.752839689709518	0.7572501592704555	17641.469630132982
-0.5838023610270326	0.7297290568776305	30.811001200561492	33.86684631198992	17882.507571433947
2.553602606700913	4.138013748038958	-10.093776714495448	-61.05873770316373	17365.59622007862
-4.140522970271519	-3.772088772382965	-4.3262166842333585	18.263524410975975	16944.184932761713
3.1007834543034534	0.42922985256723223	-14.992927080079838	-14.70823234232148	16234.412041273412
-0.6046552658233537	-3.29353879765835	63.6820634318414	-47.18869230819493	16002.83903108496
-0.4013870277190179	-8.954691348137679	-48.919387408038276	81.8119587903655	15968.105423181943
-0.17007220358525643	3.8655673738855256	6.5142261689056085	-55.4362648980953	15653.09918764546
-0.10306938381112474	-0.8561032526398691	-89.66940236041506	10.40603655725954	15581.526251120627
1.2961921783059793	2.9084774199683565	88.17663586078707	-1.3069555689903183	15668.598021301945
-2.9661640825031625	3.7443175372538136	-44.1824980955016	-14.899115031093004	15613.56816157359
3.7329819502768373	6.282853882840271	22.575761069080826	4.266745865409391	15632.264171331855
-0.9492793250380487	-15.528465111390481	-9.24303399000084	13.994271187716436	15669.251907797956
-3.004064383175745	19.35276744691142	-4.994887388886795	-5.179795516389845	15637.875752323327
4.231653626342691	-12.568471644033956	13.521290528118541	0	0
-2.701093719306833	-2.4372046817959685	-25.30978511182944	0	0
0.06125504484157318	8.161368507165548	42.08020254757497	0	0
3.219355108209932	-4.733729241553249	-25.332899873519594	0	0
-5.229959537104662	-4.592583584010157	6.140677041392848	0	0
5.999776787509489	-2.1290482502282515	-4.329651292682399	0	0
-6.051872353156135	-3.425268841153894	-8.352059406456803	0	0
5.678829871099879	6.488577625762716	-0.21647093039918275	0	0
-4.745854846637819	4.027909589094207	14.463912194628833	0	0
3.4055726662795394	0.3874581881129302	-0.049498296619447046	0	0
-2.3830847526945362	-7.6122038065204976	-5.006285140864108	0	0
1.934511793519718	7.2285486597697	-36.587658488597015	0	0
-0.7377852302561081	10.625747033147917	43.258713074565634	0	0
-0.05334200726776572	-5.225275170045052	-11.570178159421644	0	0
0.37410126477309547	-3.3879036673988736	-17.709595670387927	0	0
-2.111127768460044	-4.197313099626754	3.0003291183488585	0	0
4.045640918642441	3.840540667432151	-1.0624276222041118	0	0
-3.9743761650713623	6.2166068416057385	1.7570285038907514	0	0
2.40286527237717	-5.392197658390998	-0.177309552823246	0	0
-0.4675498273892771	-7.79684071913988	7.070257201915638	0	0
-2.0750497771931435	19.418142454295406	3.889510856830114	0	0
3.701841234091013	0.07318025881659196	-20.145455191680426	0	0
-2.6436718611115637	-1.563380632242044	20.484840699160756	0	0
1.1896196814471054	-1.6155333175683637	-21.79804273120608	0	0
-1.0381630376648872	-9.112869290295322	11.638135789595509	0	0
0.48343885918011154	15.968421053756387	-5.862164687178122	0	0
-0.04694841633336466	-6.781740218913896	6.437862226719844	0	0
-1.2123372396435173	2.6856578613876536	-9.689212028433019	0	0
2.9049506024154326	-5.237330135540887	3.596813393638527	0	0
-1.6096433618775237	5.32289415069954	-1.070164307315622	0	0
0.5618518097048906	-3.913272988407215	7.601882256803023	0	0
-1.9631264748887816	0.6978707610456212	-8.013171592864069	0	0
1.4117221194462317	2.008383633575903	0	0	0
1.190280721572293	1.1659462310177702	0	0	0
-0.7521901768491546	-3.9499260952717634	0	0	0
-1.6466723646964354	4.4391600157364905	0	0	0
1.4735301658320665	-7.316341918763669	0	0	0
-0.8976846509742273	5.941644756705557	0	0	0
0.12539757845991062	-9.866198922588495	0	0	0
0.746591855224608	11.132543517170348	0	0	0
0.10136689348904326	-0.34118903168700854	0	0	0
-1.5583256563115313	-3.539921851157274	0	0	0
1.3705162621427363	10.369431651328654	0	0	0
-0.7711773602350078	-4.67291832748235	0	0	0
-0.23620439333458165	-1.4659421889861903	0	0	0
1.0103597707193614	3.0476326239658675	0	0	0
-1.0567964479432561	-0.9422717327871908	0	0	0
0.4301010069415412	-0.29014273796981627	0	0	0
-0.9918870790025736	-1.4664624979901646	0	0	0
1.5592929845680814	-0.3497493082007139	0	0	0
-1.3118995071194277	-1.579012579809259	0	0	0
-0.3271807112820184	1.7347257214335343	0	0	0
2.298690474312494	1.5838878269293701	0	0	0
-1.8017792144501925	-2.8099759187289095	0	0	0
1.2364942586765295	1.0351953078175526	0	0	0
-1.4857640397159813	-2.4056288351772395	0	0	0
0.1777149868720187	0.9721845314263149	0	0	0
0.79778083341985	-1.9546834539130344	0	0	0
-0.9275068462828031	-5.639302743732792	0	0	0
1.111760483300266	10.600144610192487	0	0	0
0.2281002529525864	-6.3763758399595645	0	0	0
-1.5593487510429682	-0.41009340816081874	0	0	0
0.7725024786958556	-2.024683976444564	0	0	0
-0.09111993100332683	3.1809578102219547	0	0	0
-0.0035374380332697797	-4.115162070306631	0	0	0
-0.1333039788665289	6.669907098053379	0	0	0
-0.2679772286461244	-12.925887457705805	0	0	0
1.0235524250265087	2.9429751502603807	0	0	0
-1.6352601227625314	-2.213069692949354	0	0	0
0.9927033751366778	0.4634497414011918	0	0	0
1.035392768748025	-4.094607917400417	0	0	0
-0.7786290328019021	3.7412671601634244	0	0	0
-0.9192666228072568	-0.2195947586828666	0	0	0
1.259714183076028	-3.862565055929764	0	0	0
-2.482206782738672	-3.5804844020343367	0	0	0
3.11328682388303	-1.6761313634305495	0	0	0
-0.6465698741704742	2.3370646146810543	0	0	0
-0.24001539870592126	-7.358181608027124	0	0	0
-0.04974921035474722	5.415592710017485	0	0	0
-1.1524707507704832	-5.03617871511279	0	0	0
2.0377777490346247	-0.8789519382799966	0	0	0
-1.4135342485852505	-1.1557725897331395	0	0	0
0.3303684839981216	1.8754964428916026	0	0	0
-2.0172816320839075	2.660272000269771	0	0	0
2.8964747685115597	-3.8157258321998597	0	0	0
0.16604178142434023	0.11616627764220766	0	0	0
-0.630458604499772	1.1219010027217777	0	0	0
0.012853967335864525	1.941383378831226	0	0	0
-0.6152001502487181	1.7349915865811454	0	0	0
-0.1905709613736022	-2.69474445588785	0	0	0
0.9113413276713516	4.4570990028609785	0	0	0
-1.1534085002986885	-2.9455141615966127	0	0	0
0.6487343612921634	2.8843101451118756	0	0	0
0.8437147726775223	-4.55417478550909	0	0	0
-1.1030592048637686	3.1836119570478942	0	0	0
0.09523679007761388	0	0	0	0
0.3887983143003382	0	0	0	0
-0.5146113495755671	0	0	0	0
0.5968972258489345	0	0	0	0
-0.8715143957091556	0	0	0	0
1.0909761638332682	0	0	0	0
-0.8849432588142534	0	0	0	0
0.8987962569210524	0	0	0	0
-0.9136041112771096	0	0	0	0
-0.37596137626603365	0	0	0	0
1.3848392136324321	0	0	0	0
-0.9621290823449868	0	0	0	0
0.813073230628234	0	0	0	0
-2.290226639967244	0	0	0	0
3.188766941771135	0	0	0	0
-2.4203421612588514	0	0	0	0
1.3189848534692459	0	0	0	0
-1.811285663775088	0	0	0	0
3.279769684900195	0	0	0	0
-2.905551160372532	0	0	0	0
2.2129214989787584	0	0	0	0
-1.6142102563391845	0	0	0	0
0.1826633985859729	0	0	0	0
-0.0856701043809025	0	0	0	0
0.40081278630401584	0	0	0	0
1.1024543750678504	0	0	0	0
-1.6924977609339749	0	0	0	0
0.7396689715693014	0	0	0	0
0.27037859231550954	0	0	0	0
-0.9605026012008011	0	0	0	0
1.6907251434038102	0	0	0	0
-1.5241087530997888	0	0	0	0
0.47300849936154776	0	0	0	0
-0.4208171477156242	0	0	0	0
0.9274771500450285	0	0	0	0
-1.2127744228707371	0	0	0	0
0.45667668503120495	0	0	0	0
-0.06863428545152317	0	0	0	0
0.013021064278738947	0	0	0	0
0.09519878419677497	0	0	0	0
0.1711328213278307	0	0	0	0
-0.6416547031654076	0	0	0	0
0.3553499026095679	0	0	0	0
0.5165112596590333	0	0	0	0
-1.13488238432042	0	0	0	0
1.3787413886013482	0	0	0	0
-2.1649287181062533	0	0	0	0
1.9274379927099545	0	0	0	0
-0.884828783388862	0	0	0	0
1.0349579155476363	0	0	0	0
-2.0914074336639743	0	0	0	0
2.482363628035756	0	0	0	0
-2.664406339557928	0	0	0	0
2.8398582179940703	0	0	0	0
-1.8342694701130497	0	0	0	0
-0.32499311312285073	0	0	0	0
0.17512275978745606	0	0	0	0
-0.3372376593755746	0	0	0	0
1.9875672377367763	0	0	0	0
-1.4168600796938264	0	0	0	0
0.2116956952572977	0	0	0	0
-0.7481842000942436	0	0	0	0
0.8884771757756624	0	0	0	0
-0.010474233464783822	0	0	0	0
-0.2640569473161065	0	0	0	0
-0.3318725638802178	0	0	0	0
0.9191035091916291	0	0	0	0
-0.7872511981989945	0	0	0	0
0.23622567379673853	0	0	0	0
-0.16317581990751506	0	0	0	0
0.4184705012557899	0	0	0	0
0.5502162553568652	0	0	0	0
-2.216427376802365	0	0	0	0
1.7627861403873268	0	0	0	0
0.25449153477403996	0	0	0	0
-1.4590217661323734	0	0	0	0
1.0306147316113936	0	0	0	0
0.05469621981778516	0	0	0	0
-1.1058046497937823	0	0	0	0
1.5576676505153628	0	0	0	0
-1.7430882339776161	0	0	0	0
1.1202609149930396	0	0	0	0
-0.39556854738545155	0	0	0	0
0.5659066420419094	0	0	0	0
-1.2837647374076724	0	0	0	0
1.9833198563709757	0	0	0	0
-1.91982710981069	0	0	0	0
1.7125537193700708	0	0	0	0
-1.443649727196032	0	0	0	0
0.7673093418675663	0	0	0	0
-0.14130624271287218	0	0	0	0
0.08001372768409709	0	0	0	0
-0.017448916006621573	0	0	0	0
0.287545548016098	0	0	0	0
-0.8985110660865345	0	0	0	0
0.6385349529877473	0	0	0	0
-0.3886051065342784	0	0	0	0
1.5111400372697759	0	0	0	0
-2.6241851195910613	0	0	0	0
2.73611079996882	0	0	0	0
-1.0749550140890705	0	0	0	0
-0.164186212371618	0	0	0	0
0.5503586495785342	0	0	0	0
-1.4807559227113742	0	0	0	0
1.5026487883666775	0	0	0	0
-0.5605728664683625	0	0	0	0
0.36773045116880354	0	0	0	0
-0.3385592651830649	0	0	0	0
-0.2535578511615526	0	0	0	0
0.32958505417678907	0	0	0	0
-0.04440131166670369	0	0	0	0
0.035325811594347556	0	0	0	0
-0.1984817156306704	0	0	0	0
0.1742522014597725	0	0	0	0
0.4233400733315946	0	0	0	0
-0.20622956196194053	0	0	0	0
-0.45249023648942455	0	0	0	0
0.9711686590262261	0	0	0	0
-1.089514688749155	0	0	0	0
0.5910876351215961	0	0	0	0
0.17908240720301905	0	0	0	0
-0.14590993750581305	0	0	0	0
-0.07222259664797548	0	0	0	0
0.11215998326616017	0	0	0	0
-0.007494067307845853	0	0	0	0
0.05315365399434313	0	0	0	0
