0.05927850388604128	2.2224269127333542	1.6819309069016555	-0.45382169049750587	16957.853904876632
-0.31639063110987564	7.4695067332990845	5.075542336604329	-1.5978204514091345	16957.595339517866
1.4553741056976293	0.8183364436335481	-3.239064224784201	0.5039024673616552	16957.474127671256
-2.1705769440813256	-3.493345816789798	-9.114875145325797	-1.9157890255522005	16957.066861011932
0.5965255479948652	4.801494448426574	1.2473713763934597	-4.6948940969996045	16958.96564307632
1.326630339527476	1.6698041938753931	9.827516232200892	-2.978026963466988	16954.38265973444
-0.6073547551838985	3.519159955779074	4.54215327854611	3.1932129310654886	16956.522038465355
0.12798858444012495	2.2688830156329516	1.652344338872652	-5.487145925086935	16990.817038605765
-1.8500039231433476	2.1638190319151036	9.093975957170812	-0.6604186143313058	16995.934978158482
2.2202696228946337	-1.3409121615151918	-13.068772581029009	-1.494310991955146	16993.422953182147
-1.1813484958009681	7.317894407547328	1.9652906867424917	5.115617461097941	16984.13476540592
1.2635053151045454	3.1251052069818073	-7.429827126670929	3.164754137690366	16976.824995499774
-1.8829480921021613	0.12608854350999366	0.12850369703021158	-0.8909710883222459	16982.847198167743
1.3429131236718277	11.141701603811129	8.272185934025288	-16.796337970294744	16980.21515076595
-0.828298753014316	-7.127876370151469	4.377582492771907	-1.0855864367417496	17004.885793045043
0.6642254586308312	6.271464252155624	4.250866365569166	-3.613091931647176	17016.60755248848
-0.3287065088775023	-2.584541117562246	7.312184758171995	3.892691115144956	17018.839871619188
0.5338722583228943	2.9994050193231487	-8.230898972875679	-1.2035535335070762	17017.984122370617
-1.163479083049772	-2.4222178674537176	-10.946514275495105	3.197104678913462	17042.82805574579
1.3217033644240246	5.9620009933581954	-6.1018795948592555	-1.0399280476838868	17034.57607787286
-0.14698481549407916	5.017017616520839	-0.7636946344996005	3.8834393468708015	17009.99585121892
0.6854060112881015	-3.4300374156113236	1.635898400274968	-4.8821302951521375	16993.616127567915
-2.9743598821692174	6.572356537971743	-4.562476322329061	-7.077816225903007	16997.744792998008
2.9728176459184468	-7.448608334066968	8.746872729197406	6.123900430272158	17005.043573250266
-1.2039633375122918	3.1474547522100877	4.817899990080264	-4.147950462329106	17010.489033258153
1.7286144423990066	-4.9161680254053906	-0.202900997567383	1.0376173929089845	16983.322217047935
-3.4623548926253562	-0.43316103042067056	-12.138117207487468	-8.064225378645261	16970.482972951024
4.322477336697915	-0.4572340698253399	-11.013876386056467	-2.1846984352882544	16975.472942037584
-3.409359272296129	-5.2699957632412335	-5.828636822790344	-3.1057574002808366	16948.891151810603
1.799125259219089	2.683803518744867	3.292160452557937	8.108529647175487	16941.08893739438
-2.2272754952765297	-9.597938487324754	10.830363360296062	-6.183006946234059	16957.71519743831
3.4671501727587994	11.761854786258716	0.03507966746144575	3.7255387099366857	16962.948972059552
-4.251367007543131	-0.34762816044111133	9.9960133451399	-1.4434624649064887	16955.815767587483
4.458506562870049	-0.12136358871884312	8.632391972621605	-12.934884104578657	16933.41259479687
-3.6080166277130132	-6.955067561573486	-15.946129870210342	-1.2168062720800776	16930.903916732677
3.0735071458671186	-7.263294483086064	-8.269517001915304	-0.08800319911470922	16933.423053202092
-3.6417902716399553	-2.1614393759344424	-1.0286814043872425	5.855060414667562	16955.566693598168
2.8590772062945504	-4.0769523200258675	0.7904559041365502	10.92240246568062	16950.45287620819
-0.5139391477729731	-0.16976048098962337	-3.3654150661028694	0	0
0.5988276507932895	-12.336658251289144	8.118508671115109	0	0
-2.5922996815430537	3.9645480025384288	9.761944776612367	0	0
2.3798078213478817	-6.889070566349268	0.9195430435524088	0	0
-0.7608758970154383	-0.27911744026012286	-8.599566334089417	0	0
0.47387172842167047	-6.134249289705579	-8.050698274965384	0	0
-1.1613564894866286	0.7416799632614186	-5.0025241953656945	0	0
2.0084706952778006	2.836690535764191	1.2034233107297752	0	0
-3.3852543213395947	-3.5862349918609837	5.45303588930912	0	0
3.3890506070144113	-0.39229878386519346	-0.3107485719148144	0	0
-2.0418022362366486	-3.2758418772640354	2.0725841523633193	0	0
1.847429106454257	3.010332158733668	-0.9678668713704468	0	0
-2.8666634849079884	-0.2646185950016715	1.8154382749796696	0	0
1.8578604467431674	-1.9239274730232907	-2.04315896010489	0	0
0.12030144372747742	-1.6834804218197306	-2.1281249928380532	0	0
0.5869477026331609	-0.7087963013040479	-8.985266024937658	0	0
-2.764373249427912	0.34135093633393865	0.7264872150937123	0	0
2.665639920838089	-1.4743010241440757	-6.257513217629921	0	0
-0.7450408884766162	1.4984083505096635	1.2598786728716362	0	0
0.919134355214446	-4.023268590939978	-6.254601397458103	0	0
-1.9701527759648627	8.626999377867286	3.812344844248912	0	0
0.4660979705074624	-9.151195220377133	1.8416042087628313	0	0
0.289900716723281	3.9713972980599053	3.204579829212932	0	0
0.012869892459917764	-2.3633710449809797	-3.909196873971112	0	0
1.1786529486042738	2.006981338867753	0.2374628362658484	0	0
-0.6502820240295435	5.407609893904507	8.886821662610856	0	0
-1.7289642212157545	-4.018784109529136	0.17881128139070768	0	0
-0.3384679777159576	3.767676370215277	4.1885080078083945	0	0
2.5945148279959795	-3.232143849708379	-1.6804943307387532	0	0
0.13048761043163637	3.8458593152255105	0.5285683891509194	0	0
-2.3977135833465297	2.061021962293566	-3.9107750095078586	0	0
1.7203167205817422	2.22327197347267	-2.388697299913602	0	0
-1.7965930958802048	2.759208905613903	0	0	0
2.943005091478291	-0.1048132934157735	0	0	0
-2.474668106543703	7.125631033839042	0	0	0
0.23873936589060918	2.152752303739412	0	0	0
1.654905407333267	6.41072299634137	0	0	0
-2.691371338096218	-0.07576301374795236	0	0	0
3.043950085269728	7.261381341510678	0	0	0
-1.9778612361210648	3.725054737882459	0	0	0
1.3803575553878957	1.2584759217573094	0	0	0
-2.6406616522941277	3.5549454948534773	0	0	0
2.6901457513900766	-3.3412645429165693	0	0	0
-0.781000525044	1.4433820214064426	0	0	0
0.31600344622120247	2.7393176686714256	0	0	0
-1.2055002579329965	5.74260399257183	0	0	0
0.5703892739831531	-1.3210437660977234	0	0	0
0.766769034952496	-0.22333490561404545	0	0	0
-0.7495484105446693	2.619073974703582	0	0	0
-1.5318146902351373	2.431172632417116	0	0	0
2.818180186991782	2.3592930325188988	0	0	0
-2.987587900149137	-8.212790594301602	0	0	0
2.976596053411207	7.313374705268558	0	0	0
-2.291248551635185	-0.7343260251135746	0	0	0
1.7344425395491214	-0.8981210708939074	0	0	0
-2.496303901139335	2.0012526470219356	0	0	0
2.733740219457303	-0.9425527711390984	0	0	0
-0.9970393171463527	0.9906843921426329	0	0	0
0.28476416329543497	-3.892727354379602	0	0	0
-1.6595241331451618	-0.4113050024289606	0	0	0
2.318811612046858	-4.514425449864213	0	0	0
-1.3061099702015468	3.9896433344609505	0	0	0
0.9067497885970894	-4.867731654006448	0	0	0
-1.683980418006655	2.1339669002295025	0	0	0
1.3389903454970664	2.3347296995510405	0	0	0
-0.07654974675980242	-7.632716863550037	0	0	0
-0.545762808456459	5.613897637223474	0	0	0
0.3877012801301305	-7.631958015418135	0	0	0
0.044080398485213834	4.238907919695677	0	0	0
-1.1805145963493828	-4.769124131434971	0	0	0
1.6944009775809263	1.5975583834355973	0	0	0
-1.9291865678170197	-5.130586867451662	0	0	0
2.9446309672059527	-4.830908146602191	0	0	0
-4.364861247854002	-4.492207259939512	0	0	0
3.4564088696300956	-6.396677913915283	0	0	0
-1.173759175116281	5.709591639936171	0	0	0
1.6560896604161712	-5.696642844429526	0	0	0
-3.12890187350105	1.0798329197934962	0	0	0
2.472528713438251	-0.7968768895906706	0	0	0
-0.7608705822555066	-0.7716635980842099	0	0	0
1.3571703164845985	-0.9886662752592272	0	0	0
-2.5407339057557863	-4.3626051043843574	0	0	0
3.0650375872921956	-6.759651939262433	0	0	0
-3.1126860461925077	-3.851780778262899	0	0	0
2.353608965710251	4.874665830355092	0	0	0
-1.7310386722185598	-3.365611283809308	0	0	0
2.973410040463925	-0.7043424785497123	0	0	0
-3.4490366717390444	-3.8659393684063943	0	0	0
1.198471922045492	-2.052961532085078	0	0	0
0.6681872924118295	1.0187913749073942	0	0	0
-0.032828410349580395	-4.063387219684849	0	0	0
-0.9488835210215214	-1.6747010980110488	0	0	0
0.47726081579595103	3.831347133868448	0	0	0
0.7448755291998097	2.249939136945308	0	0	0
-1.0194703571659574	-1.7082937003224714	0	0	0
0.1680315214048349	0	0	0	0
1.3997503389641608	0	0	0	0
-2.562271547329587	0	0	0	0
2.267238611765414	0	0	0	0
-1.9583626047947078	0	0	0	0
2.3588676581610883	0	0	0	0
-1.9153901245416733	0	0	0	0
0.2694746497542795	0	0	0	0
1.3818506298518827	0	0	0	0
-1.176271859552223	0	0	0	0
0.5381698486431574	0	0	0	0
-1.217293025570946	0	0	0	0
1.2600764621274934	0	0	0	0
-0.012045366764482424	0	0	0	0
-0.010632412453382756	0	0	0	0
-0.8359595222403726	0	0	0	0
0.946327189372937	0	0	0	0
-0.43747645481257535	0	0	0	0
-0.12982177143875617	0	0	0	0
1.6599530029255476	0	0	0	0
-1.7426040526208908	0	0	0	0
-0.3890384635585633	0	0	0	0
0.9899285487815987	0	0	0	0
0.12446411084675901	0	0	0	0
0.2348912753333039	0	0	0	0
-1.9981022445206733	0	0	0	0
2.726601276417945	0	0	0	0
-2.617731821852786	0	0	0	0
2.5053340578546326	0	0	0	0
-2.4343701850052426	0	0	0	0
2.129597166541245	0	0	0	0
-1.8841806913735795	0	0	0	0
1.8170294894638843	0	0	0	0
-1.1570520308841168	0	0	0	0
1.3574239342174437	0	0	0	0
-2.9994180040300336	0	0	0	0
3.471079423015233	0	0	0	0
-2.038263405247406	0	0	0	0
1.6246183813350186	0	0	0	0
-2.449021764439266	0	0	0	0
1.7471767809580712	0	0	0	0
-0.032615375218625786	0	0	0	0
-0.026339157594868823	0	0	0	0
-1.0924547167933625	0	0	0	0
0.816620279183411	0	0	0	0
-0.2622129296071094	0	0	0	0
-0.5274905149195135	0	0	0	0
1.375024052135224	0	0	0	0
-1.0512181486171812	0	0	0	0
-1.147643818853851	0	0	0	0
2.8754914421328834	0	0	0	0
-2.331355619976634	0	0	0	0
2.080271677074279	0	0	0	0
-2.747130820360674	0	0	0	0
2.063561665789976	0	0	0	0
-0.615864590085792	0	0	0	0
1.18293393104517	0	0	0	0
-2.1662297406931827	0	0	0	0
1.4393341436386748	0	0	0	0
-0.7539382885602777	0	0	0	0
1.3829701700208972	0	0	0	0
-0.8490339448687863	0	0	0	0
-0.4265576612300279	0	0	0	0
0.05179911127645198	0	0	0	0
0.19696551072578927	0	0	0	0
0.4172920615322582	0	0	0	0
1.7706849145649528	0	0	0	0
-3.905435970944538	0	0	0	0
2.638359106847716	0	0	0	0
-0.6698931896929494	0	0	0	0
1.3905477124504841	0	0	0	0
-2.185770336892709	0	0	0	0
1.0122548016199957	0	0	0	0
-0.008393092047199957	0	0	0	0
0.04987834864594021	0	0	0	0
-0.051756455387867106	0	0	0	0
0.20097263392526088	0	0	0	0
-0.8404449113040755	0	0	0	0
0.27566911517058657	0	0	0	0
-0.16616748531377823	0	0	0	0
1.305239439335807	0	0	0	0
-1.1945550617146168	0	0	0	0
-0.021961586966810387	0	0	0	0
-0.27391428172997934	0	0	0	0
1.4459194242679203	0	0	0	0
-1.8432427915336618	0	0	0	0
1.0967132941639903	0	0	0	0
-0.5914177310537028	0	0	0	0
0.47825708911253884	0	0	0	0
-0.13531409485440804	0	0	0	0
-0.16733933428317016	0	0	0	0
0.416139910811296	0	0	0	0
-2.011385850018314	0	0	0	0
3.5676429078136067	0	0	0	0
-2.966636870367161	0	0	0	0
1.6972087448364448	0	0	0	0
-2.0596038252831264	0	0	0	0
1.6431208077499093	0	0	0	0
-0.4644895647383791	0	0	0	0
0.9788276240903429	0	0	0	0
-2.228397374687951	0	0	0	0
2.300504680437527	0	0	0	0
-2.572971935968397	0	0	0	0
3.8060432865382126	0	0	0	0
-3.6814070846402416	0	0	0	0
2.119441964697046	0	0	0	0
-0.9868310581483115	0	0	0	0
0.25332941965269384	0	0	0	0
0.7739127286575638	0	0	0	0
-0.20561121668649918	0	0	0	0
-1.93117290353225	0	0	0	0
3.306115461879962	0	0	0	0
-2.1916273732966687	0	0	0	0
1.530535899779899	0	0	0	0
-2.264960004318617	0	0	0	0
1.5394756037488975	0	0	0	0
0.07261213523939603	0	0	0	0
0.22700571686984716	0	0	0	0
-0.7387783315017131	0	0	0	0
0.7078523778464003	0	0	0	0
-1.901198674062421	0	0	0	0
2.1531458639746646	0	0	0	0
-0.6175663593118159	0	0	0	0
0.11178202144198934	0	0	0	0
0.212927757798127	0	0	0	0
-1.8080614465926885	0	0	0	0
