0.09772205375642073	-0.46842059595250873	-0.4681613694473299	-0.0021086327497670254	16468.991867418146
-0.07062085704793475	-1.4320534897340025	-1.3108027583739101	0.15874301845963146	16469.358152427885
-0.22719803588341847	2.2092713097454606	1.8074515517038208	3.151195491536555	16469.50531916492
0.17147063963586362	4.982752967548365	-2.594824948776335	-1.0358595389971015	16468.692729695627
0.48258182592353194	-1.245445913112441	0.6571498641902451	2.6104964124584455	16471.89686951399
-1.5704762292133125	2.039031358118983	-2.3544264045564347	-2.6014874091265057	16459.942154338056
2.085813337848542	-1.1740258392411036	-2.6138601389788647	6.964058439840684	16481.44104814187
-2.212020492170126	-3.2440666654679404	-3.639298506007975	-7.259696140753633	16505.13555865637
2.1190019998937615	-1.068899497383235	1.5144870081848154	4.9713198384095705	16505.755174067588
-2.2637059456162945	0.44528899290298796	-5.319914595758007	5.031226868935491	16533.411443514193
1.5866512719069732	2.0013280667805162	-0.30066287904527655	-5.417157322830548	16539.13943044872
-0.43037300925052335	-4.862438681278093	-1.3751671545143154	2.2122771610089274	16579.152997253517
-0.35124894365279147	0.4225393444049601	2.4220186583364125	-9.623905021276073	16614.362951817035
0.9881435338904225	3.2417156831315808	-0.1008462001611008	11.572790322268276	16625.739090069987
-1.4078230470199813	9.03385553598725	0.538597982338473	-9.071034401626022	16661.438652790464
1.3531372362024143	1.0995585100354575	10.722371869807276	3.941868483205724	16690.343065855042
-1.4194759518857651	1.209094789809356	-5.481265828830686	-13.657039456685567	16728.95582741305
1.1534191813816363	-2.1322319952371487	-5.3069751186558705	2.5019860069774325	16734.147965690834
-0.21497754719892725	3.857548129413537	-2.7828993251807503	-2.4249967015535674	16778.81625740097
-0.008444623247235938	-4.543189894971462	8.973250439444769	-11.747759750127258	16835.991229671774
-0.7623262805262243	2.6182091802373577	3.8293236277291527	8.685499133502304	16909.943467222278
1.6949886276188764	-8.591769793730705	1.170172085978976	-10.471934359717949	17004.266507240834
-2.2807214754962857	1.088719656817382	1.850425563432779	9.760745452241906	17072.410520165227
2.681632419385167	-4.140687796801323	7.2786814365002925	-0.2359427287769904	17179.378641457555
-3.0778562570914545	5.663317992755488	-3.809552136074359	5.871857403183924	17305.286305367845
2.77289714590146	1.2902591833184118	-5.684890493671801	7.195200662858866	17416.960779004672
-1.49386693221512	-1.60577503848792	-4.056952188223249	5.1226912646654625	17414.986141630798
0.46142428040786854	5.825486966603236	3.9802004600039993	2.686833605819146	17402.43859599477
-0.4569343114508442	-4.2999400331452335	6.12074181623467	1.5561319987723436	17405.479126876682
0.7072232797191802	0.6888150901944243	-0.4874745656149315	-2.8650704315123505	17368.35321266926
-1.047760547256111	-0.44391797636102837	2.220745721112962	8.395411503633198	17290.517262014135
2.0192591774275925	0.9132583470753417	-0.5435366823799654	-4.32726173338969	17239.7219615745
-3.44757469228945	3.454649266100482	1.3747980495049035	11.752224975836128	17180.872313599313
3.5162147617553074	-3.721445255930668	1.0252729898016355	18.120871141418263	17128.14178261681
-2.2564626173490794	2.076092350727862	1.9250017855458026	-3.5599360176168204	17050.48733002199
1.2631101623702605	-5.834470109050926	2.3752533279253925	-1.4327241257662422	17139.211661701283
-0.8062887356764108	-8.138442186230783	4.081986615231614	-4.215958403930102	17305.225999958693
0.1995521632691606	-0.41901968911408716	-6.048198982103074	-18.165261926755477	17371.917095240573
0.3044346334524306	1.25196495344629	1.2939159025857379	0	0
-0.8502782505109749	3.5566111232225026	-5.280250213393131	0	0
0.12348981374513812	-0.9434445653627535	1.1280330426641711	0	0
1.2830934806918322	-0.6495742990275204	1.8648920081161862	0	0
-1.4359301304257173	-0.5131459853077729	-0.12043885683247879	0	0
0.5448319404351167	-2.936434158941026	3.9736740458966295	0	0
-0.1815719208047497	5.854780395439818	4.426035917261899	0	0
0.8458426604932683	-2.483696953453723	2.2404639068641643	0	0
-0.48372449196975964	-4.3653723915694655	1.5935805734833508	0	0
-0.4640799205625967	6.307681794411003	3.039493626014732	0	0
1.556399597091783	-2.2179497835316653	4.990008326158687	0	0
-1.772728234647559	2.7183928681745826	-7.584255527327571	0	0
1.0470404380027745	-5.519210840547011	3.619867650994479	0	0
-0.41014925124880364	0.259667039773781	4.224255594637967	0	0
0.41013034717906294	3.739203383323243	2.9606133685629032	0	0
0.04692223185509903	-0.8814956054738872	1.5541633343103172	0	0
-1.1659365918253783	-1.8041919691676398	-3.4217212856324863	0	0
1.579249074980119	3.7713831962213575	0.71259827196819	0	0
-1.2702445655490564	-2.168491741831147	4.886025726639986	0	0
0.37532523409139174	2.9506022780234034	6.205025875143477	0	0
0.6931437011257131	0.3896114001957116	-1.446786795911649	0	0
-0.9138950450815742	3.5309897224595375	1.1942205270716215	0	0
0.851978759732603	-0.3270346365223773	1.6145581819659895	0	0
-1.3538926045151456	-2.6070959047590634	7.219534846202947	0	0
2.041560575072751	-4.3678425345771	0.4126344855248618	0	0
-1.4694685154487104	4.018246751306862	0.7823290190406027	0	0
0.32876963236262213	-3.034973758911015	-1.5614447897281991	0	0
0.23776554081300816	-3.4545843697520695	-7.920302775823359	0	0
0.1792328339999827	-3.7528767371986973	2.1676730847640897	0	0
-1.30298547271056	-1.050635236887942	-0.3834368234740424	0	0
2.1506811607678955	-2.940785589097935	7.4385681430953525	0	0
-1.5946064668864892	-0.4470223574739052	-0.6038817872920248	0	0
0.08588023276605128	-2.319775728184368	0	0	0
0.9089244432040786	0.2376478627422145	0	0	0
-0.8697569095498778	-6.863056423183842	0	0	0
1.2733927117869968	5.063332355071019	0	0	0
-1.2614662524922622	-8.503814310949359	0	0	0
0.5756669062014197	3.9760166630209	0	0	0
0.5138302400200345	-3.5011674310004537	0	0	0
-0.9876122971513936	5.240152594043408	0	0	0
1.336065071874117	0.4870052000753873	0	0	0
-2.0584617980354096	3.8530882577689454	0	0	0
2.2448290971736284	1.6326498888090697	0	0	0
-2.0266921433686136	0.6389075333332812	0	0	0
1.5379031627774822	-2.083913533355343	0	0	0
-0.6264742091142281	1.8556026943914787	0	0	0
-0.8151875655099445	1.9277000996100213	0	0	0
1.6698628783585079	-0.8121028205997618	0	0	0
-1.465656030211079	3.884994377319856	0	0	0
-0.1746510166174602	-8.530501316089357	0	0	0
1.4629741249377517	-0.84493441163076	0	0	0
-1.0369856614622677	-2.173476390684357	0	0	0
-0.8543213925941373	-0.49415688643540534	0	0	0
2.473115993879439	-7.323105535947661	0	0	0
-2.4052885177822887	0.4653776112820651	0	0	0
0.7752212300285564	-3.745518985089234	0	0	0
0.3448466810377724	-0.24538872519741517	0	0	0
-0.6456641764849707	-0.9965301146387588	0	0	0
1.2501767654098117	4.860008426032323	0	0	0
-2.4836259479715252	-3.1030534938134053	0	0	0
2.66951581030051	-1.7276066742777942	0	0	0
-1.4211368888824794	7.394986542599767	0	0	0
-0.0365325960367926	0.5468679636810094	0	0	0
1.3105556200529236	2.9712605695483205	0	0	0
-1.7077495396651514	-1.665760392653283	0	0	0
0.9200321207739108	1.0932817029708417	0	0	0
-0.24513899772339443	-1.794603200505776	0	0	0
0.2670275956453452	-1.2536173461878946	0	0	0
-0.5546903967910666	-8.501301234404266	0	0	0
0.17046314258277562	-3.8088951414484598	0	0	0
0.6483310558764543	1.4101075450242462	0	0	0
-0.9152885612268875	-0.23467290650246753	0	0	0
0.7706496059680816	-0.6623993683215303	0	0	0
-0.22134623246739693	-0.6987886382674162	0	0	0
1.0524939593475082	3.093204553578218	0	0	0
-2.1767569446435147	-1.5063657655097273	0	0	0
3.2207116325805387	-0.43791383626019353	0	0	0
-3.6073124481681376	4.603625450557772	0	0	0
3.314449865107086	-1.797725329455929	0	0	0
-2.6651369182523013	0.5849530339712601	0	0	0
1.3300249043781847	4.974095118476939	0	0	0
-0.29367123969829834	1.9139285948684517	0	0	0
0.20781967738576412	-1.5129118653344733	0	0	0
0.13654880714342	-1.8401606098265475	0	0	0
-0.9019382270669638	0.17440005694181338	0	0	0
1.6888036785088332	4.416026714036512	0	0	0
-1.5154982026624069	-1.9423356116662163	0	0	0
1.4896954665265696	-4.82590881345368	0	0	0
-1.8792262869121075	-4.188743812069205	0	0	0
1.7080664994477956	1.672147398772367	0	0	0
-1.334073730653337	-7.290580985429102	0	0	0
1.0796311877974958	5.461159610313402	0	0	0
-0.5273697554075198	-5.106033013192956	0	0	0
0.4104351899094354	8.443011204976486	0	0	0
-0.2638161311005618	-2.3939197716941294	0	0	0
0.3472974732605394	0	0	0	0
-0.6261624208613199	0	0	0	0
-0.06156031007535745	0	0	0	0
0.7170263329530826	0	0	0	0
-0.9244914249478455	0	0	0	0
0.8650713122074691	0	0	0	0
-0.7466127434655903	0	0	0	0
1.0258012654661357	0	0	0	0
-1.5009404018488297	0	0	0	0
0.79062632468235	0	0	0	0
-0.1280639298809234	0	0	0	0
1.0907630092233447	0	0	0	0
-2.612738380096907	0	0	0	0
2.4978144797790947	0	0	0	0
-1.4839361600494811	0	0	0	0
1.5202349341818788	0	0	0	0
-2.4627330548369315	0	0	0	0
2.3746367406519227	0	0	0	0
-1.3716304576451392	0	0	0	0
0.9461005799849147	0	0	0	0
-0.683897284335309	0	0	0	0
0.015571894450978618	0	0	0	0
0.4914840028195471	0	0	0	0
-0.5591519569738139	0	0	0	0
0.09717529477097742	0	0	0	0
0.7250731466064693	0	0	0	0
-1.1680529649479965	0	0	0	0
0.9604371096832907	0	0	0	0
-0.4713637461573583	0	0	0	0
-0.018428783084686984	0	0	0	0
-0.10722368751073219	0	0	0	0
0.5985255185482004	0	0	0	0
-1.1171256193448045	0	0	0	0
1.6132586306531067	0	0	0	0
-1.800096028845111	0	0	0	0
1.579259209388752	0	0	0	0
-1.0029908625678914	0	0	0	0
0.862109986933568	0	0	0	0
-1.3126643193544965	0	0	0	0
1.498756131375238	0	0	0	0
-0.5523046996641767	0	0	0	0
-0.275076374410979	0	0	0	0
0.32321223476543537	0	0	0	0
0.04637496067821445	0	0	0	0
-0.49380391088284625	0	0	0	0
1.3881518160566912	0	0	0	0
-2.0398040131663606	0	0	0	0
1.641789461867397	0	0	0	0
-0.279688953923511	0	0	0	0
-0.15998156488235793	0	0	0	0
-1.0027239839785267	0	0	0	0
1.568508624247258	0	0	0	0
-0.8041269796329829	0	0	0	0
-0.3521985167928463	0	0	0	0
1.0245962751161457	0	0	0	0
-1.7907177217871393	0	0	0	0
1.4725567960845183	0	0	0	0
0.037154030310247776	0	0	0	0
-1.064723551238366	0	0	0	0
1.079487887322415	0	0	0	0
-0.7560644243003338	0	0	0	0
-0.1456322939779966	0	0	0	0
0.6547993685388747	0	0	0	0
-0.046041011087474715	0	0	0	0
-0.4119568043406616	0	0	0	0
0.4338297786523526	0	0	0	0
-0.6482518100338837	0	0	0	0
1.5605593761545862	0	0	0	0
-1.5706674220982677	0	0	0	0
0.9395051285563909	0	0	0	0
-0.17507133937922958	0	0	0	0
0.30427796099635884	0	0	0	0
-0.10443636031560999	0	0	0	0
-0.24263537477790464	0	0	0	0
0.020759374201254843	0	0	0	0
0.46817505562253814	0	0	0	0
-0.42072146895662854	0	0	0	0
-0.12221907858130265	0	0	0	0
1.0482608133277296	0	0	0	0
-1.7870330605431377	0	0	0	0
1.2548560143650391	0	0	0	0
0.05954468925545342	0	0	0	0
-1.5544244675036083	0	0	0	0
2.860500073402285	0	0	0	0
-3.2956677048043233	0	0	0	0
3.399888293739636	0	0	0	0
-3.136168919429849	0	0	0	0
1.9627180505569228	0	0	0	0
-0.21072880212582845	0	0	0	0
-1.0108529711539092	0	0	0	0
1.2676566551038988	0	0	0	0
-0.9784714129731071	0	0	0	0
1.1291720952315956	0	0	0	0
-1.6088795864517564	0	0	0	0
1.5775415348385735	0	0	0	0
-0.7974780080979329	0	0	0	0
0.057653390014046124	0	0	0	0
-0.45351125864117847	0	0	0	0
1.3169826348248534	0	0	0	0
-1.7975540590045895	0	0	0	0
2.157250545420311	0	0	0	0
-2.0335615514039347	0	0	0	0
1.382123677793082	0	0	0	0
-0.6909613951625744	0	0	0	0
1.2735295295398288	0	0	0	0
-1.467820831616507	0	0	0	0
0.8919161796652588	0	0	0	0
-0.3954671473472615	0	0	0	0
0.7255558095929544	0	0	0	0
-1.120465668554644	0	0	0	0
0.9402036384383408	0	0	0	0
-0.007948641041501503	0	0	0	0
-0.8152731364357351	0	0	0	0
1.2738974214407932	0	0	0	0
-0.6532267122078892	0	0	0	0
-0.08322639844340074	0	0	0	0
0.1053160694911881	0	0	0	0
0.040649877168156934	0	0	0	0
-0.06987705825133617	0	0	0	0
0.7667647887417033	0	0	0	0
-1.2328209023573677	0	0	0	0
0.6743612076585208	0	0	0	0
-0.2613349095484665	0	0	0	0
-0.305301089916334	0	0	0	0
0.24762456185161597	0	0	0	0
-0.05704909517475443	0	0	0	0
