0.05341210449142153	-0.7423841845521721	-0.13248671766596942	0.14261551568178277	16850.593090190123
-0.07835832564653344	-2.472189277113486	-0.4903716062042065	0.3521624932343457	16850.113556427965
-1.9471766818239686	-1.182561302385146	-1.6583071517271009	-3.4130795517764483	16850.005685210635
2.189120898041999	3.156337786186569	0.7101046314710828	1.4103461313670635	16850.95281411137
-0.979219684049589	0.718727728249867	-8.807665450720364	-3.031998063240593	16847.05902314926
-0.30846479868097987	-8.625714533613866	3.781263339554471	-15.34553706834214	16860.732889010753
1.4814066360158193	3.4462290994751683	-6.006238131706837	1.42111890177965	16856.235955321616
-2.538775959030346	-0.9096675252687874	-13.375105226808572	-2.737894874113479	16883.382684259945
1.836134185685843	1.168186231162693	18.046945501543533	1.5398116479508133	16907.822015885882
-0.7033829513394281	0.14254991106942327	-6.1711956729131	3.0346325312246734	16902.656618071087
1.4012470323771566	-1.5167890838849019	1.0997267411478475	10.156655369096868	16900.586024880096
-2.383360317196889	7.473220503654382	-1.1539395932839938	8.213213565808715	16933.13177141723
1.9361014623312087	-6.927406218113731	5.647086444244934	16.304864219298153	16918.206336336138
-1.0431580018478002	16.087734687131757	3.000949365529678	2.985474724622321	16963.057034866568
1.0457439662323083	-1.8100119229542955	2.9822146098997706	-8.85840786730931	16912.507158942004
-0.9049258362790908	3.906747740580805	10.006198339224738	18.966456868458152	16926.22751113183
-0.18174187314172485	1.0240658545911572	-6.154157345954303	-1.4224607036193646	16902.247022869153
0.8365423136719627	-4.114615956381876	-8.841687262001827	3.9099909534981236	16923.763528769305
-0.5003059848475857	-0.44637727355586065	4.571993329220916	24.85665026667742	16934.286651048733
0.680654000867257	3.960321308707549	-5.895116431687654	-0.40397165227335563	16868.4825928667
0.7981088364037916	-0.13046174424729173	16.26437373968089	13.972217469593474	16901.04375365609
-4.028037988796463	0.7579127575055935	15.303608558926811	9.123880310614112	16903.370323632946
3.538695538414501	0.3447352170945166	3.5859469736687117	-15.582826506610616	16907.307460152268
-0.3861272659311439	2.6499854029471166	-1.5193050570299107	2.770140902415818	16917.453724000065
-0.3226259803021705	0.9026944023856132	3.116473902722234	2.6613388087721574	16932.02045714442
-0.41783956506722575	0.8802017886031308	6.018948457893941	0.2891060260472358	17016.318714376546
-0.592462834118777	-1.4014633953641535	1.1382442140987763	-10.231183804908	17001.64030323436
1.418872713775869	-0.08029687126245477	-5.875672737407896	11.393868405766426	17085.2796949781
-0.4706799501947998	-0.824098764725548	1.489351581466579	16.415971735335148	17132.376035015044
-0.0011398828896247437	-2.850185176196625	-6.401233060992709	-15.014069599179521	17091.86193577494
0.15328061680150995	-0.2577728408302775	-1.098466140411844	-10.567506433280826	17018.11807778225
-0.5411524630464726	3.416589143288256	-2.6131345216846427	20.214693370502985	16957.323868036674
0.16673706888626327	-1.5407915753508945	2.597704930984591	12.278585239828004	16896.930883868095
1.1265530971843418	0.1669993180075764	-0.7031797417957506	-2.444325344346538	16941.473230295866
-2.2921241121505815	-0.604390524658136	-8.809686018869414	-1.9809394649329732	16943.087728668575
1.9330545577569538	-2.227023104010307	-3.8585550233868133	0.9530069496756539	16930.298123840574
-1.3342576591604853	-0.3836158535016665	2.7893614438432905	2.8192809256841542	16909.236920032537
0.9073765714174655	0.3794548020765305	-5.676354725249851	-2.2465746959394295	16894.66569987845
-0.029421770239380862	6.647334205436792	3.5891502256341568	0	0
-0.7023509698579247	3.8872502740782835	-3.3446612677649625	0	0
0.18272390301243036	-4.375987341341329	7.105818435950269	0	0
0.42481469359215396	-1.0217226708683853	-4.6050112196707715	0	0
-0.6253617903582978	6.668323607600243	-4.13618888157653	0	0
0.7838440201308217	-4.293309028157815	8.16815669945251	0	0
-0.9209588866048506	3.1252320914999743	-26.90220326153009	0	0
0.9743672148477387	-2.787298787532599	2.5003751249982855	0	0
-1.0040613648185115	-2.1245015934456504	-8.644262247831392	0	0
1.2353095066572735	-2.3155087115527877	-1.0672313470027461	0	0
-0.9738424960826819	-0.2684924611831363	4.603419891445	0	0
0.2917229344247261	1.348488591431554	-1.2982902335614313	0	0
-0.6460773062144867	2.6117472125116237	-0.6825477027256852	0	0
1.2256108078111012	0.6015540223321949	-1.124137367811855	0	0
-0.4177887138297578	-5.838051228511027	9.154636388883219	0	0
0.3904385080218731	0.11098608857627568	-1.4373611605322623	0	0
-1.4645033557297609	-0.6901082688120184	-5.293424836095014	0	0
1.5172064352375187	-0.005716468338100356	-3.3112650987885246	0	0
-1.0441770416657334	-0.25631998977360126	8.0303622304137	0	0
1.791671881921495	3.575571589002209	-10.214596775103786	0	0
-2.5380434394447775	-3.9167349449852296	4.5134708124868865	0	0
2.080864959863277	3.7714876172555094	11.198685733876346	0	0
-1.2580572195129491	0.5360118415980892	-0.37148175309167186	0	0
0.5521174995465472	-2.2238312096392576	9.859812432859144	0	0
-0.0783350857700853	1.085356586123531	-2.859203114746805	0	0
0.11858322029809187	-5.995006389074476	3.121671053841638	0	0
-0.9390903315549011	9.858283654252986	2.054360914635893	0	0
0.9753236212715635	-5.541441715893129	-2.4117168111758502	0	0
0.03993039559385636	0.4916936519355133	1.7928547215152122	0	0
-0.46355159140381375	3.5698229859025616	-1.4392176877774148	0	0
-0.3175386765783017	-0.4494736417087779	2.065541884354772	0	0
0.6082271585924559	5.67146889408248	-3.323747959121178	0	0
0.12771706110375192	1.0376675823735084	0	0	0
-0.0748854968743089	-2.841345770201748	0	0	0
-0.20361962104483666	-2.2895800367146677	0	0	0
0.15629394413731745	8.38402978257453	0	0	0
-0.14791124684750656	-0.3122799828430445	0	0	0
-0.8848697252361717	-5.067493198092357	0	0	0
3.452705506033908	4.863014592330842	0	0	0
-3.121690255165916	0.5259222927912859	0	0	0
1.0382353255181442	4.040934887561271	0	0	0
0.11513669104150637	-4.082685704387089	0	0	0
-0.19313358718336104	1.8961107213240709	0	0	0
0.8227978974106946	-1.4413718461862786	0	0	0
-1.2909533754724976	3.3070222228722415	0	0	0
0.479079880568392	-1.0634781466217191	0	0	0
0.4623184015495312	-4.129059786445055	0	0	0
0.4014192156646885	5.9537222219184045	0	0	0
-0.5778668740442754	10.163967886611118	0	0	0
-0.30053510132533034	-2.9990286107771666	0	0	0
0.43619105129418045	-0.3519106195585806	0	0	0
0.9072952430056205	-1.2663434100571607	0	0	0
-1.3746897944743424	-1.1139646600325719	0	0	0
0.9611821760796175	-0.7534621348411648	0	0	0
-1.1205629169013775	-0.29756408451728333	0	0	0
2.1343216735433472	-2.2321248622340306	0	0	0
-2.2965031615898965	-1.5110627656828228	0	0	0
1.8116110003893908	-3.06136201557284	0	0	0
-1.4540744057362147	-1.7447776762048335	0	0	0
0.8946145405238681	-0.20879516459596914	0	0	0
-0.1842041100140861	4.978413125766863	0	0	0
0.06504761461906838	-3.08480826725183	0	0	0
-0.054346652022758235	-2.0942665127202673	0	0	0
-0.7714075039022674	-1.2848337596565074	0	0	0
0.7131969317028677	-5.6745524319980944	0	0	0
0.8846440715192969	-12.695811078528095	0	0	0
-1.24321025631086	9.551384601061237	0	0	0
0.47315555595870507	-10.24615079010617	0	0	0
-0.5718463091126935	6.700763738775372	0	0	0
0.6976413451447954	-4.600154974153611	0	0	0
-0.2949949733213231	-6.548352646594374	0	0	0
0.5206586961067927	6.522545032885439	0	0	0
-1.3104553291961665	-4.56903555461318	0	0	0
1.5295012365027816	0.7863058769549127	0	0	0
-0.6793821262519231	-3.946357478946254	0	0	0
-0.20785647098648496	4.245891242146236	0	0	0
0.3609366449578886	-6.619698207939074	0	0	0
-0.612484606046948	-1.249945781542884	0	0	0
0.8017694795305843	-0.7302448670811472	0	0	0
-0.884233550947279	-2.536910945648181	0	0	0
1.8222650621300858	1.3037414760148422	0	0	0
-2.030475164408756	11.30751395728214	0	0	0
0.6557857641160112	-7.299723000251468	0	0	0
0.30798787379099934	-3.008003482237932	0	0	0
0.03167973059866824	0.3747785566118438	0	0	0
0.24544661849724037	-1.5208995339022735	0	0	0
-1.862640744884608	2.1615674542785897	0	0	0
2.4032314684551324	0.10981136636463162	0	0	0
-1.021231596603677	-1.988254805279567	0	0	0
0.21742482067813995	8.441043280603324	0	0	0
-0.779186388248938	-6.3675331989189345	0	0	0
0.64054513473058	-1.0934453005501226	0	0	0
-0.5292163288154796	3.6402884934512514	0	0	0
0.4201439708809147	2.4151507499555223	0	0	0
0.9209366039385145	-8.692588654626206	0	0	0
-2.462861575577797	0	0	0	0
1.9742578082183826	0	0	0	0
-0.9389732164316982	0	0	0	0
0.5853136637045253	0	0	0	0
-0.6354180825021913	0	0	0	0
0.29761395498730536	0	0	0	0
-0.8059758657451184	0	0	0	0
0.7460520926363614	0	0	0	0
0.2167793944882348	0	0	0	0
-1.0086316121230752	0	0	0	0
0.8741813490581478	0	0	0	0
-0.021795406360986647	0	0	0	0
-1.5062453231716972	0	0	0	0
2.9269256916773756	0	0	0	0
-3.0374826023996917	0	0	0	0
1.093896387345545	0	0	0	0
0.495309450928076	0	0	0	0
-0.32205578944903124	0	0	0	0
0.10923062028233943	0	0	0	0
-0.4382830965991005	0	0	0	0
-0.02751346285943157	0	0	0	0
0.8530656565378365	0	0	0	0
-0.909800363595501	0	0	0	0
0.4857953331817555	0	0	0	0
0.003548458684264233	0	0	0	0
-0.7392564176488463	0	0	0	0
1.181867383989065	0	0	0	0
-1.0801460552464874	0	0	0	0
0.8688832427152136	0	0	0	0
-0.9885626983705151	0	0	0	0
0.512193528107936	0	0	0	0
0.6379026795342355	0	0	0	0
-0.6559081217334537	0	0	0	0
-0.1655088435844192	0	0	0	0
0.6183994691711732	0	0	0	0
-1.6823093985176882	0	0	0	0
1.5885490363372625	0	0	0	0
0.3830508854054173	0	0	0	0
-1.2103569942307573	0	0	0	0
0.030446035323812737	0	0	0	0
0.35564485946489555	0	0	0	0
0.4688407884152497	0	0	0	0
-0.3068197798701888	0	0	0	0
-0.6100441437394295	0	0	0	0
-0.16118331152494392	0	0	0	0
1.821423839179893	0	0	0	0
-1.4525281016347904	0	0	0	0
0.7511268823622999	0	0	0	0
-1.3629193746828818	0	0	0	0
1.8259145633320557	0	0	0	0
-1.5284203136594599	0	0	0	0
1.5777519999548986	0	0	0	0
-1.7303294414390535	0	0	0	0
1.024217182478992	0	0	0	0
-0.615330897711587	0	0	0	0
1.159732612731112	0	0	0	0
-0.7195725767990595	0	0	0	0
-0.22052125218101537	0	0	0	0
0.28613377982733823	0	0	0	0
-0.00703696012649857	0	0	0	0
0.1113704268225959	0	0	0	0
0.3710126371972109	0	0	0	0
-1.59135740550591	0	0	0	0
1.6764068764353866	0	0	0	0
-0.8260713335333421	0	0	0	0
0.8444683729582891	0	0	0	0
-1.0822915018328203	0	0	0	0
0.4861413248587354	0	0	0	0
-0.04136926439775834	0	0	0	0
0.24284007097382698	0	0	0	0
-0.06865813704828838	0	0	0	0
-1.713461915205535	0	0	0	0
3.237589215786805	0	0	0	0
-2.348906716948278	0	0	0	0
1.7790971083053293	0	0	0	0
-3.1179051206931945	0	0	0	0
3.457620672651551	0	0	0	0
-2.626658439620222	0	0	0	0
1.2613364626789831	0	0	0	0
0.5275702626222056	0	0	0	0
-1.4486457737966418	0	0	0	0
0.4160714050261305	0	0	0	0
0.07510522905365491	0	0	0	0
1.4079799288796906	0	0	0	0
-2.035624128511536	0	0	0	0
1.2456081720231822	0	0	0	0
-0.8541128445953561	0	0	0	0
0.6208510422177724	0	0	0	0
-0.2676260201822558	0	0	0	0
-0.2543778353646857	0	0	0	0
0.24470788598674886	0	0	0	0
0.2654698177999322	0	0	0	0
-0.9083738664554133	0	0	0	0
0.9687447199670345	0	0	0	0
-0.1406153083771713	0	0	0	0
-1.320880804176774	0	0	0	0
2.153644230047476	0	0	0	0
-1.7255290212552978	0	0	0	0
0.7605515945164214	0	0	0	0
-0.4401301080332445	0	0	0	0
0.734250239460323	0	0	0	0
-1.6508952188006845	0	0	0	0
1.2789366662563069	0	0	0	0
1.6811432862147768	0	0	0	0
-4.025465382113552	0	0	0	0
3.164547930178408	0	0	0	0
-0.9900715401503746	0	0	0	0
-0.4413109771207573	0	0	0	0
1.2227573185710483	0	0	0	0
-1.6949114582527258	0	0	0	0
1.3979541858539335	0	0	0	0
-0.22332046940262273	0	0	0	0
0.4973943310753981	0	0	0	0
-0.5506363752577883	0	0	0	0
-0.3167996450241688	0	0	0	0
0.8044247398732125	0	0	0	0
0.20789144626652956	0	0	0	0
-1.1562017447597057	0	0	0	0
0.7633620741205078	0	0	0	0
0.23475998238234297	0	0	0	0
-1.2357917124610083	0	0	0	0
1.863259163025191	0	0	0	0
-0.8841357699065213	0	0	0	0
0.014101936321374353	0	0	0	0
0.5447824323126085	0	0	0	0
-1.4763067339938374	0	0	0	0
