0.26598036741849285	-0.15644456561426523	-6.10108771508537	0.4027211368624535	17290.640852865403
-1.0038045379318277	-1.0460661596671486	-18.797161206860665	2.5422971891096324	17291.52943500352
-3.9887015759868802	0.17146619931551754	14.12265763468345	12.95733116359628	17293.90514943697
4.830856127961042	-0.26081417356763836	15.711764054616921	18.987187511999423	17291.03937322195
-1.7942676466766727	-8.061463262862105	0.48878241327459193	10.61806360448682	17294.283582919874
0.918016833659955	14.628464368268368	-1.7902047209624499	-55.83784889319941	17277.958856264177
-2.2930765955919057	2.775740904462623	13.357790408307807	39.782732783214016	17412.084538571296
1.5923493145883256	7.7768529168128	-5.5553013027886635	-5.379082200056814	17288.406334970634
-0.17524629487689225	7.3214791174272875	1.785680544714225	-1.7427891893900664	17098.093037417624
0.9875002796396402	3.0208209236104437	14.868636213331698	19.623506668641568	17358.736056014463
-3.690487970361488	5.192763990956223	-1.0747838596869599	-13.340028365759338	17424.25837997281
6.605335126090054	-1.5377417030479847	-20.314649935454312	4.272574778824293	17371.99403857142
-7.917913023219064	-0.839077149166215	-5.210322693611914	8.573767869655	17315.82488098188
6.08533208910427	28.469604883472016	2.24251206578289	2.756606149497344	17240.53532857421
-1.986004095590701	-2.059475058005958	-9.00594006967053	-6.372362099220794	17252.575665239983
-2.4093581722910002	8.942025645104579	3.4849386880045614	-9.183510678037862	17226.87171028631
4.226564654251916	2.9410814055206203	5.071438522047615	12.63930049668619	17209.389024966946
-4.1047145428814815	-7.08760815305169	-14.80721369532229	-3.0371075816029247	17115.867179219134
5.422422073277126	-16.74737931476622	14.767816917283085	-7.568912610446901	17080.73510747416
-7.110548079075656	4.895285880592027	3.638313769228219	-16.820366496622256	17113.669072357356
7.712538516237466	-1.55877794296444	3.0678437972355255	13.933691536594182	17106.82692341464
-4.721937249657152	10.06940756085072	-22.5786120119388	7.720542828987163	17143.814029416644
-2.05849301614937	1.7423614641105019	-0.8810870253222873	-21.95730332566805	17198.90986990856
7.5427070371331695	-1.0480543214856368	8.49128175507316	19.358924116426465	17196.596124500935
-6.2233723260765785	0.6280120161276841	3.846491519784479	1.4004465094733405	17102.6697904607
2.1762240275030393	-5.61397269090908	-7.7007312862250785	6.304089517508601	17173.005227891106
0.6240021930738706	-3.6993523070389074	-8.868361674560717	-18.95923302979486	17170.70795950613
-2.4156999685819613	-1.8677399841774047	13.48094508700352	-5.507082898842896	17176.82393539246
4.6130911132043195	-4.192620183510101	1.5960916722657714	-16.232857296810977	17239.7764005431
-6.313917646156916	5.169090383029342	-12.131228959357927	12.853807748469876	17231.732723089597
6.068067588487757	1.8594246545202964	1.084178059998294	1.5101815967316554	17214.97544866137
-5.129473998374131	-0.129245694306519	-6.115918361224388	-18.714194189814435	17242.208298289992
4.717207841498549	9.078576545535569	0.03658426011980964	10.827514074828628	17272.184689084494
-3.674733593949739	-6.934911926556538	4.913730474753493	30.154144008570654	17275.068807070915
2.250213865749764	0.5187736077066347	0.5697972713556112	-4.413466891038354	17335.04848370718
-1.3403310132939694	-13.196366032609589	6.50781703653962	2.8203896076579724	17334.070394391016
1.3538186088627953	-5.550898107007825	-4.177769695131005	-5.98300335891642	17274.948391121136
-2.4241606473049515	10.367697314846836	-5.0096816440963465	-33.33289846077986	17258.028539211104
3.0250457453186286	-2.739868222139819	0.9641166103911019	0	0
-2.0661855999198337	2.763246917200874	-5.443471373193901	0	0
0.11677712690428166	8.32976600979704	13.728522135688507	0	0
0.49306464584264376	-5.158563373787061	8.504075599650136	0	0
-0.7741100260108524	-1.9748827236186912	-10.418615880025598	0	0
2.6399426284227374	-0.882379839910783	-3.873121527319654	0	0
-4.296111502384221	-6.011490252682933	-2.0168620822474708	0	0
4.676923781952503	4.82450140033977	1.3044438827303395	0	0
-4.2157027037222505	0.09319060926830502	1.5002087859925837	0	0
4.397932990260649	2.222404444718933	3.86087986306039	0	0
-5.440504802829054	7.891930591657172	10.069779726975597	0	0
5.500209054264438	2.5592839967240053	-22.231666996180593	0	0
-4.923072914834911	-0.1752021254213929	20.82467923452961	0	0
4.980469468773705	11.904296579227477	-5.871093258666605	0	0
-3.34552841935394	8.328264081284857	18.952018182245098	0	0
0.8990732758719915	-10.256406852342295	-22.97937269261466	0	0
0.3043703238422566	4.5699077884864465	-25.801645861454446	0	0
-1.9369168742936296	-1.2888883440779324	-7.865906915929884	0	0
3.675307334063895	1.4770363184834991	-8.178580965395696	0	0
-4.557910473195214	-14.298644123299027	10.207018964103739	0	0
4.179445662382754	3.2661079636749832	13.865492139220706	0	0
-1.8833340340538598	7.1046640421824705	-19.989440999316628	0	0
-0.7641309968275394	-0.8136126323337578	5.111531289735154	0	0
1.9919818207262452	-3.5477853214439534	-11.428756734988113	0	0
-0.07465905022004193	-3.435478683055365	10.610817117510777	0	0
-3.1317609904258674	2.390836471984386	-4.439523833523154	0	0
4.613675132032817	-3.2820917873486053	2.52184562428846	0	0
-3.8715125015257286	-7.645100474685933	-9.518338059428075	0	0
3.160479764685725	2.898200431629107	5.802241202112128	0	0
-4.126449594041141	-1.7929973912339534	-3.3851412686931894	0	0
4.256774542566518	9.310772358285561	8.169147446405887	0	0
-2.0288688332175795	12.981195367810543	-2.245544744259732	0	0
-0.47474410401729017	9.332113971238556	0	0	0
1.8362876843457698	7.8770893802053905	0	0	0
-1.5628330860696025	-1.5242775782334235	0	0	0
-0.41150935433295643	-0.09091603819545924	0	0	0
1.9372551083758864	-8.261562142993299	0	0	0
-1.5925115329420407	-0.1062331775887202	0	0	0
0.7094221618205623	10.773141651531432	0	0	0
-1.9402382030455385	1.0818989044405356	0	0	0
5.198251041077498	-16.226414965339785	0	0	0
-6.4878720904800105	-12.77813886987775	0	0	0
5.86902380402217	2.4442666489827616	0	0	0
-5.446309019674295	2.7385775716762595	0	0	0
3.456316976039389	3.5508229065261077	0	0	0
-1.6960582424736472	-2.9807888818553607	0	0	0
1.9885600970132558	4.6303485607675725	0	0	0
-1.421175461705225	-15.112527220271275	0	0	0
0.4848246105139751	-16.097349786400017	0	0	0
-1.0151163128298677	9.12500373569975	0	0	0
2.626224134147904	-1.0071416497999905	0	0	0
-2.9750348680514023	-15.568933432787347	0	0	0
1.5594786617431353	7.0719713008064815	0	0	0
1.0867735896029131	8.419850150653772	0	0	0
-4.092302795460512	-17.91048367989235	0	0	0
5.951948907537627	6.426297546915194	0	0	0
-4.6484671216558695	8.094942657467001	0	0	0
2.376998221653075	9.745315194592706	0	0	0
-1.208345562428363	-1.3588301899991393	0	0	0
0.250427728317689	2.793256616751947	0	0	0
-0.45482262940128493	-5.345552058375944	0	0	0
2.275340418420434	5.319694813074918	0	0	0
-3.64853897172447	-6.872507994878589	0	0	0
2.9153569248317623	1.458702270295646	0	0	0
-1.769930711281873	0.3126683111065205	0	0	0
1.779160317107774	4.075197884443568	0	0	0
-3.4413760979767005	6.327172532251993	0	0	0
6.034261955181982	7.228578780208039	0	0	0
-6.5969392752413185	-6.614176489674179	0	0	0
4.405398200298045	-5.461819157710906	0	0	0
-2.3817323649068456	-3.2437871126538766	0	0	0
0.7719637445620933	8.607790483355856	0	0	0
0.13207799750785654	-4.130480597024572	0	0	0
1.0671539674168784	-0.6012647231460022	0	0	0
-2.6977348404773664	2.977843604582816	0	0	0
3.798307279460076	-6.314200653086019	0	0	0
-3.346589182900175	3.545150107198097	0	0	0
1.0595136188516037	-1.4795884725729707	0	0	0
1.6500389296965565	7.059035493783966	0	0	0
-3.647669020673419	-1.6113497955889358	0	0	0
4.382280204901669	-5.059424009724893	0	0	0
-2.3853155401201462	0.987974534282543	0	0	0
-1.3010403195075426	-17.751130646360764	0	0	0
4.770557335237854	13.748752601676557	0	0	0
-6.4404771144276936	0.29750535164892256	0	0	0
5.472786275853913	12.601925059571585	0	0	0
-3.9708286712534857	13.212565434845217	0	0	0
2.7790325159475984	-7.574215895856014	0	0	0
-1.9996747333105844	2.376047340881371	0	0	0
2.4540332148741086	5.322439465411961	0	0	0
-3.793299772751702	-2.8854795247828804	0	0	0
3.593000162303582	7.191149450646748	0	0	0
-2.9999573167523934	-9.002615639333385	0	0	0
2.542816211390395	4.66705070085213	0	0	0
-1.9934573352206328	-6.7428835062625865	0	0	0
2.207393748695061	0	0	0	0
-1.6846750399603252	0	0	0	0
-0.4649695530071227	0	0	0	0
2.934622427677205	0	0	0	0
-4.172710115654596	0	0	0	0
3.157686890941939	0	0	0	0
-1.5168809314167433	0	0	0	0
0.48949824903540673	0	0	0	0
-0.06158612662612484	0	0	0	0
0.17987562129585655	0	0	0	0
-0.6576602401311291	0	0	0	0
0.9117534769012536	0	0	0	0
-0.9718561289883141	0	0	0	0
-0.3496294339620505	0	0	0	0
1.601849716344752	0	0	0	0
-2.640900081724837	0	0	0	0
2.8122935478569246	0	0	0	0
-0.6405542051025321	0	0	0	0
-2.6229332048480387	0	0	0	0
6.080645949153748	0	0	0	0
-9.59213258665337	0	0	0	0
10.827193837355019	0	0	0	0
-9.387560978504332	0	0	0	0
6.615676642382589	0	0	0	0
-2.94218990728848	0	0	0	0
0.7586235504408307	0	0	0	0
-1.5139921653802944	0	0	0	0
2.862952110754918	0	0	0	0
-4.394505853125949	0	0	0	0
5.599442525687024	0	0	0	0
-5.505625649569922	0	0	0	0
5.475957260326169	0	0	0	0
-6.514994901130848	0	0	0	0
8.051451338381959	0	0	0	0
-8.833989872373067	0	0	0	0
7.344593100663523	0	0	0	0
-3.8130432489106454	0	0	0	0
-0.35885595293378003	0	0	0	0
2.6690287076442445	0	0	0	0
-2.3873340722759906	0	0	0	0
0.5906379909998023	0	0	0	0
1.8247510679333914	0	0	0	0
-3.1791924809776475	0	0	0	0
1.4445191232675683	0	0	0	0
0.6231326323514992	0	0	0	0
-0.893107675454182	0	0	0	0
-0.7357607369764594	0	0	0	0
3.1293910528875983	0	0	0	0
-3.3026209506974737	0	0	0	0
-0.3712045593558031	0	0	0	0
4.620348898928171	0	0	0	0
-6.042532080208787	0	0	0	0
4.856158439595404	0	0	0	0
-4.225286147220345	0	0	0	0
4.919506495955254	0	0	0	0
-5.708049650509466	0	0	0	0
5.187422115851383	0	0	0	0
-4.178396358996416	0	0	0	0
2.2265405350277945	0	0	0	0
0.11526746767190588	0	0	0	0
-1.208521868500526	0	0	0	0
-0.7362635938225779	0	0	0	0
1.408151442527199	0	0	0	0
0.454263923893528	0	0	0	0
-1.708386664204319	0	0	0	0
1.6532140991701567	0	0	0	0
-1.6942716737193564	0	0	0	0
1.6030916323289333	0	0	0	0
-0.95384783454098	0	0	0	0
0.19452702994914972	0	0	0	0
0.1923591647366436	0	0	0	0
-0.9471386711774699	0	0	0	0
1.1856699550824459	0	0	0	0
-0.3633359419622195	0	0	0	0
0.9890154366587538	0	0	0	0
-1.6702106029383543	0	0	0	0
-1.2190869452534159	0	0	0	0
4.297397380314315	0	0	0	0
-2.8709219777974297	0	0	0	0
0.5802500899667251	0	0	0	0
-1.4755368066073373	0	0	0	0
1.5763692359714483	0	0	0	0
0.24646296725382655	0	0	0	0
-1.1376997155499993	0	0	0	0
0.18873763991474135	0	0	0	0
-0.29070063043008787	0	0	0	0
1.2476870488245453	0	0	0	0
-1.6169674652395898	0	0	0	0
1.9154312108962515	0	0	0	0
-2.2046578052353425	0	0	0	0
1.1812197282320156	0	0	0	0
-0.7043703553299707	0	0	0	0
1.6729577803926858	0	0	0	0
-1.2900471541912424	0	0	0	0
-0.11041177244158007	0	0	0	0
-1.3227264502460727	0	0	0	0
3.2325914390785186	0	0	0	0
-3.193121792386563	0	0	0	0
1.8988138661254368	0	0	0	0
-0.32777811776679044	0	0	0	0
-0.937636682083351	0	0	0	0
0.26905491872457077	0	0	0	0
2.202263864038784	0	0	0	0
-4.226975016824007	0	0	0	0
3.7174422474870354	0	0	0	0
-3.9881844272590214	0	0	0	0
4.323828664783427	0	0	0	0
-1.5920599853469142	0	0	0	0
-1.862345223652575	0	0	0	0
2.7323983411596657	0	0	0	0
-2.2351255133120347	0	0	0	0
2.7688062810068956	0	0	0	0
-3.192182850436403	0	0	0	0
3.754483611522595	0	0	0	0
-3.175101905495083	0	0	0	0
1.2841589633820547	0	0	0	0
0.990570880157513	0	0	0	0
-1.8642921775815466	0	0	0	0
0.24046077486374173	0	0	0	0
1.6028589038896115	0	0	0	0
-2.1531608600014778	0	0	0	0
1.9166743668534991	0	0	0	0
-0.30451247732113274	0	0	0	0
-0.08295181511363126	0	0	0	0
-0.577073011625636	0	0	0	0
-0.3968224061651213	0	0	0	0
