-0.7186309669659394	8.56117927112087	-4.286522192461518	-0.34360983562612546	16777.200057627888
-1.1452785263160052	26.41557223852201	-14.937285309542403	-0.9903131383026249	16774.646615468115
4.214565765250121	-15.195574575927154	-7.242189430791726	0.15387216518112723	16779.63933442827
-2.510794759485144	-13.071738200582502	-1.9856524551713193	3.2289370671701363	16776.272684753258
-0.8457544173289193	8.21595077894078	8.943324795160592	-2.8682454885687463	16774.068838909217
2.759964920858174	-2.08410539982102	1.0858497921998378	-9.6585406970909	16784.279511965422
-3.1263423755363675	6.560012074048402	3.773533644061402	4.438501446603297	16821.95772629664
2.7499623231083774	4.238095390550136	25.45987767279577	-14.817703081349492	16784.438715506316
-2.647939894098471	3.187270251532233	8.567882237111306	7.394722166502817	16804.322069990612
3.1151684440783214	1.9352946516820992	-4.746476932414367	-1.6188403719126114	16830.857989577184
-2.678775828443058	-3.3232183073264565	5.551666383761372	1.3901044512199832	16839.926710108695
0.006381974151175029	20.256496099219056	-2.8613179617088633	3.3738660016521465	16832.78089140473
1.4824292438794089	-12.531694129428708	10.649435325458896	-12.423746459229548	16843.89112569367
-0.3742653388310657	-0.7749590236406405	-12.029688590465895	7.270622163626598	16893.409573175715
-1.3049741029086164	2.130579117937529	-7.362491418306632	5.97953966446903	16906.80587158386
2.4461719815949436	4.802395219814052	2.9897529825171176	11.363532000465966	16885.39268704334
-2.7065708403214046	14.206058723863478	-3.7548238094972106	3.7577184619110966	16873.273348184215
3.3923245392774177	7.276758629532381	1.5255681728286987	-8.304524744309376	16861.3463035445
-4.9379300455461745	10.808069813729695	3.993729556933019	0.27181981091433727	16878.170196610703
5.629050781276739	13.527973147149922	17.771327451258657	-1.667956391931554	16902.316198448225
-3.750338428556411	-7.4033965200188945	4.777526425536053	-7.905796820032194	16868.44000896866
2.5250582097692345	9.138096555480594	3.6527695993461435	5.087763908398273	16851.42371100907
-4.246155349274993	-8.496754257683492	8.140870007455462	1.6769607580926476	16801.282075577514
6.251404749061706	-6.562981104141556	7.146723734391216	17.35794704096439	16804.93225297154
-6.631769831834596	7.888730069279212	9.780335148120955	-9.29599728953653	16805.39107294311
7.725869430287489	9.39847615905844	-4.877765960210979	8.340619713931304	16848.115809848234
-8.363805645166146	-8.392035869906884	-13.678890709721756	-19.46466445917781	16774.86964759748
6.943881368617859	-2.876242364931329	-11.179603046062127	13.03107769530078	16767.105611408788
-4.427501478991623	3.506309011264946	0.880724392703442	-20.475592431806447	16678.882777238425
1.3528214347788676	15.980193417071938	2.6409454697178063	1.763774848097512	16782.535672716633
1.5374050319357195	11.252035057931089	-11.348243956021165	-15.998387856336237	16794.04234453117
-4.07406411843246	7.035081238775497	7.797552992013692	4.951117523491803	16788.386384842386
5.28297244950371	-5.707726090081678	-7.832715431562164	4.945818577247422	16806.27521756614
-3.5972553088530077	-2.860192414721986	6.8010915956758	-2.1778387643347656	16828.75189771395
0.44960100435943673	-8.967801873552723	-1.4308989649785246	1.0501376628764376	16831.500058900536
0.6017382490751899	-13.747328022840811	10.136203877678469	-1.112691572231384	16796.135515972164
0.24342513349445483	-14.533845696467623	1.8124827903320408	0.8508938539637967	16806.37738162917
-0.7184535776259793	-5.7381421455519614	3.287109630595779	0.6826495734205764	16815.423954594306
-0.03335977895204678	9.971572426199032	-5.798298575535412	0	0
-0.008750313715559344	-9.70773855360423	-4.045299243910435	0	0
2.0746261303341242	3.886078543363517	6.723602463359512	0	0
-4.579049830419521	-6.054305985264321	-6.233168136039893	0	0
6.330979011463569	4.458778267077001	8.265113477450328	0	0
-6.187152677426553	-1.1573555371756754	-5.038189880596491	0	0
3.8081323289420297	2.4933647554547065	3.0509187144482866	0	0
-1.616231892180366	-5.7764530928809705	-0.3141133792735502	0	0
1.1709631948395938	2.1369378472272302	3.973105517210797	0	0
-0.3807876616881529	-16.07274119324928	4.579706072137213	0	0
0.9074265654359266	-0.25445219891697946	5.525751115229667	0	0
-3.574988112230315	7.038418773906578	3.4696886280532055	0	0
5.7632967367988	6.901059673613375	1.1181679509138718	0	0
-5.298220338070621	7.356091355122807	-17.411305927779765	0	0
4.400926623567244	-5.1850536420266735	9.682473424226785	0	0
-3.1241038786925444	10.923897511114461	-4.705368053194462	0	0
0.6912763039188334	1.3194516691882825	-2.5771278159759134	0	0
1.4966452401854724	-15.573019956139909	6.346991167232247	0	0
-1.128842375894159	2.5075162737431995	-3.8134003663725906	0	0
-0.7681478652214153	1.5194766519648724	-3.830718410750208	0	0
2.2651854719345934	5.299903339513584	13.195585137693229	0	0
-3.414612688961981	1.5075214460036932	5.127698828107043	0	0
3.847296132448328	5.889513826157163	-7.711447671384249	0	0
-2.714711919232883	-3.0903002113375493	24.643883419670672	0	0
1.2467196376695284	4.23727302638288	-5.05436231404083	0	0
-1.5477957201791241	6.7901091132983	-0.47797361466894017	0	0
3.578062771083715	3.1132854240663406	5.179495758022512	0	0
-5.334204127172853	9.329585002775758	-0.4408199568159432	0	0
5.781565883202219	-6.995061212587039	0.4917169875958223	0	0
-5.151891197106316	1.6823996264067418	-0.819401256057958	0	0
3.171150368398031	-17.91185495727064	-1.0985218052389456	0	0
0.24537658712934274	-1.4427316221078215	-4.1374560352554255	0	0
-2.1069763221255613	-9.36234967149396	0	0	0
1.6556134387749992	-0.5910216947688554	0	0	0
-0.9046858862595855	-0.7541942604269494	0	0	0
0.7813648227136696	-1.656840627888883	0	0	0
0.33771661076777804	9.16479262291179	0	0	0
-1.4654123058319115	-5.585496601915132	0	0	0
0.7733316746193424	6.30853539660739	0	0	0
0.2865608075461381	2.132492725421102	0	0	0
-0.0346808818820179	3.141703795244311	0	0	0
-1.0241584355596345	-5.0746749530751885	0	0	0
1.5555761909951542	-4.554780614233657	0	0	0
-0.046543977128784775	2.5848106356399754	0	0	0
-2.570101696271138	-1.2974258282335995	0	0	0
3.659873755849773	-3.1108691204295837	0	0	0
-3.671255188973511	2.095352000512875	0	0	0
4.024594820829456	5.116899366294234	0	0	0
-3.601558635444107	1.7360925623348606	0	0	0
1.5069685494152196	4.322227355005417	0	0	0
-0.015635975358527787	0.7014094512470166	0	0	0
1.0188372750452288	-4.953734540536914	0	0	0
-2.038834457026418	3.5895521446044256	0	0	0
1.888191809736604	-0.32022630231649174	0	0	0
-3.7511515110306846	1.1750250878546566	0	0	0
6.926565938048249	1.9011005861501218	0	0	0
-7.150797404346271	-5.162496800808761	0	0	0
5.434321518377708	4.405851824169083	0	0	0
-3.426097569002849	-1.1489514876844638	0	0	0
0.824999700466492	-2.5163184216183367	0	0	0
1.9127917723275516	12.722327461559573	0	0	0
-2.680785557218897	-15.48267214857971	0	0	0
2.923448240639175	8.693468616595801	0	0	0
-4.354171551441908	3.0753001784924408	0	0	0
4.368223288982726	0.2400898592221239	0	0	0
-1.3290358484293634	2.026049821148618	0	0	0
-0.3366121379875935	1.576236122546213	0	0	0
-1.778055924248676	-4.755462343127064	0	0	0
4.0025417244167585	-1.9884096080986353	0	0	0
-4.703203392283783	-2.808888218952383	0	0	0
4.250286396300389	4.756804808688656	0	0	0
-3.0925837559254603	-3.3321764130720695	0	0	0
2.6758260316572944	0.4946795309820544	0	0	0
-2.7105244016748316	-5.253757441720516	0	0	0
1.5130365019425653	-4.188124260019755	0	0	0
0.24694464565618546	0.6752732805465342	0	0	0
-2.333459089496138	-0.21515102757050641	0	0	0
3.873388469076488	6.773551612362006	0	0	0
-4.13033314901967	-8.71895628028669	0	0	0
3.963995416748439	-0.0349421955726541	0	0	0
-2.4438817043872803	-2.9587989929537954	0	0	0
-0.05899696060795634	-7.224757350136116	0	0	0
1.0113172893177378	4.235262466853278	0	0	0
-1.421277981684561	-2.12347117317114	0	0	0
3.0377410414388493	4.218919327770735	0	0	0
-5.020620231045612	1.56245231441725	0	0	0
6.406040686138184	-3.069829626757951	0	0	0
-6.678496689661976	4.251647750850729	0	0	0
5.582352722898229	5.069027813627002	0	0	0
-3.2399477647682815	12.986328638233893	0	0	0
0.5774390337789086	-3.583080249080787	0	0	0
0.9206605220343533	5.013217263526521	0	0	0
-2.3175635365655722	-5.497329194358656	0	0	0
2.0435380741458786	1.1941593196232887	0	0	0
1.92214206325432	-15.224503575559083	0	0	0
-5.755444108487758	0	0	0	0
6.056931382728756	0	0	0	0
-4.421759959366966	0	0	0	0
4.064555282140944	0	0	0	0
-3.497108550448317	0	0	0	0
1.9265728311882029	0	0	0	0
-0.922360835561399	0	0	0	0
1.4597880576028857	0	0	0	0
-1.256929254091105	0	0	0	0
0.7415455667826265	0	0	0	0
-0.38147920392600554	0	0	0	0
-1.1301044672906215	0	0	0	0
2.6324328455825707	0	0	0	0
-1.6125666626022692	0	0	0	0
-0.36138676631385636	0	0	0	0
0.8978641441422184	0	0	0	0
-1.342429153165476	0	0	0	0
2.695420189774346	0	0	0	0
-3.520655910626772	0	0	0	0
3.2844848946276173	0	0	0	0
-3.2497377806626204	0	0	0	0
3.929932461403517	0	0	0	0
-4.631881952079439	0	0	0	0
4.216903392974999	0	0	0	0
-3.080439866750538	0	0	0	0
1.5160100168840103	0	0	0	0
0.6565672826357485	0	0	0	0
-1.4501772596840823	0	0	0	0
0.9276357945704063	0	0	0	0
-1.1459104600174896	0	0	0	0
1.2835125576085176	0	0	0	0
-0.9676892996051194	0	0	0	0
1.205261139167881	0	0	0	0
-1.590244908096082	0	0	0	0
1.6920642900487763	0	0	0	0
-1.1573011470317027	0	0	0	0
1.135713685158649	0	0	0	0
-1.7913339261997123	0	0	0	0
1.2717630122716628	0	0	0	0
-0.6145007465212586	0	0	0	0
0.4102179157402759	0	0	0	0
-0.04264502027334771	0	0	0	0
-0.316003160532631	0	0	0	0
-0.6986406070551894	0	0	0	0
1.8247556530738507	0	0	0	0
-1.2537383461269656	0	0	0	0
0.15361635018798125	0	0	0	0
0.16582649778699476	0	0	0	0
-0.2516425897685295	0	0	0	0
0.4637315937219455	0	0	0	0
-1.0341832143547833	0	0	0	0
2.066343599008647	0	0	0	0
-2.4179904701312367	0	0	0	0
1.4784722320221562	0	0	0	0
-0.8307998950372095	0	0	0	0
1.676818097885878	0	0	0	0
-2.356865106802104	0	0	0	0
1.7934339766306095	0	0	0	0
-0.9821642227684677	0	0	0	0
0.21481588266587437	0	0	0	0
0.14917700775826148	0	0	0	0
1.201277593764999	0	0	0	0
-2.14396590448829	0	0	0	0
0.5268138254058812	0	0	0	0
1.5654864716824761	0	0	0	0
-1.1165721926841456	0	0	0	0
-0.3305235803100075	0	0	0	0
1.058976722867932	0	0	0	0
-0.9285821960451841	0	0	0	0
0.8115523677514247	0	0	0	0
-1.6019397778667255	0	0	0	0
1.8639096343452337	0	0	0	0
-1.906625409380304	0	0	0	0
1.9726586874753167	0	0	0	0
-1.5458937437868485	0	0	0	0
0.046093848345471145	0	0	0	0
0.31928487582000287	0	0	0	0
-0.1407333321641886	0	0	0	0
1.0204846818032323	0	0	0	0
-2.065434879290976	0	0	0	0
1.808838699106687	0	0	0	0
-0.6958791776713369	0	0	0	0
-0.8219570179291864	0	0	0	0
1.9212507838645507	0	0	0	0
-2.4140126078741275	0	0	0	0
2.4944249239264735	0	0	0	0
-2.272926969022599	0	0	0	0
2.0751266009172724	0	0	0	0
-1.3257816418814627	0	0	0	0
0.14177405393037645	0	0	0	0
0.15970698473427092	0	0	0	0
0.06377774456373686	0	0	0	0
1.1928893082252259	0	0	0	0
-2.7769815592044793	0	0	0	0
2.0436016695311423	0	0	0	0
0.0875953662726019	0	0	0	0
-0.9854859135661016	0	0	0	0
0.4167943037963653	0	0	0	0
0.35921313281149736	0	0	0	0
-1.3788759837721685	0	0	0	0
1.2194278239038852	0	0	0	0
0.060618106588620435	0	0	0	0
-0.5881434583409018	0	0	0	0
0.29200937167166785	0	0	0	0
0.5775484931767849	0	0	0	0
-1.1950132495024235	0	0	0	0
0.4402348896271562	0	0	0	0
-0.022019625434914758	0	0	0	0
0.7233864771267591	0	0	0	0
-1.8465156595758927	0	0	0	0
2.435367997252733	0	0	0	0
-2.5153422434288544	0	0	0	0
2.483240130724255	0	0	0	0
-2.8154217764658256	0	0	0	0
2.0289256580362007	0	0	0	0
0.452347915344923	0	0	0	0
-2.2894173314400703	0	0	0	0
2.7860573235916846	0	0	0	0
-4.1371658196298995	0	0	0	0
5.799051662805795	0	0	0	0
-5.962075676694951	0	0	0	0
3.9712222424744823	0	0	0	0
-0.6609572571769462	0	0	0	0
0.20115509094552664	0	0	0	0
-0.9462577481169632	0	0	0	0
-0.9692738821112457	0	0	0	0
