3.668422743984408	-45.03004742146372	50.590207560596255	-0.08519330120806501	14442.480103893604
2.854387441630948	-135.04012623816573	166.41399303524008	-3.7107317580110646	14461.596176940911
-24.880437113495255	88.19482928075712	14.976132267744703	-9.912373897997199	14420.138538071107
14.916050226635889	-8.106260353223782	-48.55237228354035	-42.30416588071165	14446.575853864257
-6.823671327014594	27.9029648797532	-15.357277956787854	15.362731767802018	14471.07403889044
5.149264872253205	6.6048481918638515	-42.916876663696115	-1.0108894370201824	14369.320200311413
-3.270229817030966	2.5659397931858194	16.296489155746713	-107.41338469799123	14619.55230940673
2.8641850848671737	-11.189617196916934	42.00772432720207	61.678036544726496	15268.93486317242
-4.179942233473007	-22.780203085707896	19.713519759298038	-43.59631604463043	15656.127755020805
3.4172634997831253	-6.981623168351732	7.277781225522972	-16.92251103808438	15641.34035390574
-2.393195008012995	2.012146515398207	132.2740702043855	81.80366352542413	15706.264852124988
5.810566606316883	-4.471298402400784	-54.516578382702775	5.941630632930227	16761.932540650447
-6.457543369197346	-6.354852525769644	-11.54998918901758	-353.25792605718584	17430.944974031612
-0.012525415513131577	-8.675870645448192	53.53653659236983	142.215358181384	18092.429637195506
5.883075151419916	6.104258418941889	-76.8088619910503	-93.3434549747378	17333.930890520838
-5.321989850063815	-17.948911618962406	56.835062977638316	-7.575309397785816	16413.498379805736
3.2527928388235665	-4.874703611640292	-50.6820156786073	-21.710965207429	16352.832426438872
-1.4754974876142768	-82.51979057340128	7.929536793566754	-51.44210152573039	16360.772363436385
-0.5414804407884333	-46.53866592928159	-51.77410630792701	-262.540880100953	16575.650427734046
1.0963408101024683	23.043731046296237	61.80748223144917	143.115642018435	17071.268923886284
-0.8273352008517776	-0.7267043303370926	-55.59808966596532	-0.5630720474405564	17106.561018695265
4.234475239052188	-26.08708248520287	-1.8415998367142237	-7.050215450665007	16484.795299268455
-7.003267364727876	-2.1650457904458094	126.03016461232711	112.13651122301154	17019.04691825591
1.6161909432728123	-23.44073934430987	5.603283743230108	-171.9048386710543	17391.1575548695
5.630178977901593	13.890767258812993	-13.136421582547428	426.86598890336654	17741.915797257552
-7.547087411851059	21.150145936411235	-17.060079854201504	-310.72030510894047	17377.089565276718
8.081466859649012	-1.5955999006452402	-6.293248817359952	105.7501279624102	17981.9081331154
-5.518961036467289	54.20277696810102	-8.734646380832473	-2.7377870500559993	17366.67518291487
-3.8515403912218673	-32.620942903113935	-0.07667171164278841	72.18837021398974	17051.09098572189
12.332970256274379	-25.32894025426912	-10.662033936277567	-19.24757071590571	16873.036709143762
-12.406779416743007	-19.247407239524705	3.733550818840797	13.142566347904179	16544.337650060315
1.4544710988415162	-5.108167422403085	28.93827074830132	31.84326618156095	16473.341467398346
8.444776295349051	45.71491217882566	-5.384076506263128	-40.162276310615326	17003.819201780352
-2.503278293512814	-20.609544467022403	2.3779924296686232	170.9185168235504	17793.046426591198
-8.567093115575418	-45.78606451130044	26.91978168715687	-124.76291915319473	18191.66679358327
8.47145980995949	-48.99324271058248	3.520270745925899	40.864209961655035	18797.233118564614
-1.8113186254275035	2.2390095867782236	-22.267109658074943	57.61164039134087	19172.873382617057
-3.210355928710662	-1.937132552562403	2.431814161375229	-181.03155110632514	18974.9729365197
4.5484070446690055	-3.0789391674376816	10.540892093470049	0	0
0.16217989295566326	6.28731288510933	-22.291966552295264	0	0
-7.034578487429954	-141.9102280094457	20.958636153878672	0	0
7.441017449406694	84.95127787702941	43.77153470913203	0	0
-3.6737964314558553	-3.448051709738934	-24.536209640880614	0	0
-1.644238977087774	61.60188290218542	-13.455393219738127	0	0
3.7870360423680864	-0.6806411732456112	-11.023439712809179	0	0
2.587927070427007	15.30599827559034	149.25542057256996	0	0
-9.563865113146086	-4.4575506943355805	-34.87406927109946	0	0
9.3131367790062	16.725267243708856	-107.38018727219188	0	0
-7.260491468920428	7.249478155138966	57.33684249001833	0	0
5.796814948591646	17.36159601122226	1.6659474511217098	0	0
-6.3721556409749525	5.316655371074809	-134.7083267398903	0	0
7.939371147374324	-1.4088905743762226	75.31729151842816	0	0
-0.780562636943408	-24.343308795683676	-47.35185219588128	0	0
-11.859125144973376	4.335968220978302	-10.027517279815967	0	0
17.61070922024271	10.754188877157233	10.271587410191842	0	0
-16.031999969745044	4.894426434381074	17.053041028527915	0	0
9.034754497722055	23.21581140101263	12.303674539253677	0	0
-4.2524290054812255	-5.297936923177474	-31.821336663901633	0	0
4.304287648811801	2.775788119011807	16.636442838473513	0	0
-3.5377712901042315	3.4067773226550244	9.217157000407582	0	0
2.281016130119319	20.50786191266816	-25.776598970094653	0	0
-2.4208393949412965	-23.328087189829823	-2.008561392565923	0	0
4.631506591719649	-9.196101501364979	40.60666443776165	0	0
-4.847185646655113	17.572639192160977	4.271301379249493	0	0
-0.4486532268451384	-127.10833574588227	-17.174862762023977	0	0
1.5291797758705172	57.98074861837436	-28.585980198854685	0	0
-2.6185680925084682	-13.845907417825615	24.499755960490205	0	0
8.59154742504969	12.18972973013662	-13.959157423338297	0	0
-12.19308121868221	-14.66567796082304	30.297299994961918	0	0
15.510883293815574	5.03920639977504	0.6874410188806053	0	0
-16.495330809044837	9.16302566355008	0	0	0
9.58559118458669	-6.6660720760153325	0	0	0
-3.115690041832707	-0.5810243424646373	0	0	0
-0.24204815642394095	-4.069134060607318	0	0	0
1.4768153339198378	13.763951331109176	0	0	0
-3.1684128977438064	2.958293002203831	0	0	0
11.338606799271368	-15.247120815905674	0	0	0
-15.637533504205798	9.084615030481473	0	0	0
-0.6797875366120465	8.917563049041448	0	0	0
17.079387766836184	2.2051098026514637	0	0	0
-15.299616882868428	2.8153112480928115	0	0	0
11.707931730584392	-11.756188248147922	0	0	0
-14.448391100362407	-7.129049085635259	0	0	0
12.848640517661735	0.8720213601012432	0	0	0
-6.107300971175462	-8.763118527137877	0	0	0
0.5843652574507914	2.2069420136322435	0	0	0
-1.132698390540277	-0.3791795888856626	0	0	0
2.6502013161734723	1.3882240746427783	0	0	0
-2.355983010177127	30.945635325043114	0	0	0
1.8611465622168595	40.79752377904401	0	0	0
-3.036462018322574	-94.65403553892692	0	0	0
3.686517573097177	-69.95812920706031	0	0	0
-2.3536733331176904	75.12133598095552	0	0	0
-2.427480302516692	-9.777702859619936	0	0	0
5.278476387113557	-0.40064114567759646	0	0	0
-5.567630181271156	3.328741040194039	0	0	0
7.025243111459005	-55.89421470154909	0	0	0
-8.715049936483524	7.9448187332005205	0	0	0
7.1967977257490645	8.883099785755604	0	0	0
-3.8137493580123802	2.2676780601011615	0	0	0
1.928649164050789	0.5221536076022346	0	0	0
-1.3617432329166306	-15.529823462648764	0	0	0
0.36914904686337024	-2.9129385732342357	0	0	0
-0.1259388832623074	-8.211436422527548	0	0	0
1.3649237279532187	-15.484325462278271	0	0	0
-5.101712361987126	7.074895880612495	0	0	0
9.82869345270354	10.78860955722778	0	0	0
-11.990127944602065	19.355148916176276	0	0	0
9.072808479747032	-2.5491082753491554	0	0	0
-6.366656409120033	-23.5861809975127	0	0	0
7.858596126314048	-8.06797866782938	0	0	0
-9.187110643240487	-13.32526655092542	0	0	0
8.423535106111586	-4.8197807445048255	0	0	0
-7.283113766879474	-2.249981450301199	0	0	0
5.024334781272287	25.039753629993754	0	0	0
-0.9069779813640011	-15.891215551256138	0	0	0
-4.160562680011388	14.557980216273577	0	0	0
7.653824500074606	-0.8444089533463739	0	0	0
-6.805782443915021	-5.537813983311565	0	0	0
2.2232629954801695	-3.2451010985813866	0	0	0
1.290257069866513	-18.129620953371074	0	0	0
1.2865784506871023	6.492300044610019	0	0	0
-5.639161597592647	1.410246390116015	0	0	0
2.423402836066522	4.166344309998024	0	0	0
11.866650737142969	5.685061822377207	0	0	0
-22.575626676112947	-7.14662705545507	0	0	0
13.392100362952739	-19.538249259880317	0	0	0
-0.961501728981716	6.828059050218059	0	0	0
3.1259584793590918	3.2676775323197234	0	0	0
-8.0661402294999	33.72491474841365	0	0	0
6.999864918383828	-44.47758591993771	0	0	0
-5.093499047574504	9.592064923611403	0	0	0
3.954202005793995	-2.0927713347663257	0	0	0
-4.2923372149262775	0	0	0	0
4.285535932505766	0	0	0	0
-1.7942202868739585	0	0	0	0
-2.067012042950168	0	0	0	0
2.7948054496773196	0	0	0	0
-1.8729958114822267	0	0	0	0
3.3390203956973536	0	0	0	0
-5.824193547142151	0	0	0	0
3.94484751206398	0	0	0	0
-0.8768618783875937	0	0	0	0
-0.16641299070481352	0	0	0	0
-1.9673564045845708	0	0	0	0
5.625415884696601	0	0	0	0
-8.625510259412138	0	0	0	0
7.629926147673231	0	0	0	0
-2.868114335351841	0	0	0	0
-1.2600958686355597	0	0	0	0
1.6260729793334008	0	0	0	0
0.697659021228219	0	0	0	0
-1.8209527575153999	0	0	0	0
1.5999915611820086	0	0	0	0
-1.2246617354594562	0	0	0	0
-2.4098296433613626	0	0	0	0
6.113556689614391	0	0	0	0
-3.575524253486776	0	0	0	0
1.9289461669377346	0	0	0	0
-4.254971219066391	0	0	0	0
4.951820607924567	0	0	0	0
-3.1383807559385275	0	0	0	0
0.6764360847697333	0	0	0	0
2.066699331996766	0	0	0	0
-4.384660782322669	0	0	0	0
5.5478880796094785	0	0	0	0
-5.941850509221965	0	0	0	0
6.983432833870225	0	0	0	0
-4.9707277060410675	0	0	0	0
-1.8604460651258279	0	0	0	0
7.163007588578601	0	0	0	0
-7.147385410812646	0	0	0	0
3.530771108956344	0	0	0	0
7.225896123420753	0	0	0	0
-16.49693355740665	0	0	0	0
9.294068132135394	0	0	0	0
7.995804129589388	0	0	0	0
-18.53921988692835	0	0	0	0
15.721163697968805	0	0	0	0
-5.796185326121723	0	0	0	0
-9.145600546243735	0	0	0	0
19.57373934561381	0	0	0	0
-15.427232859641087	0	0	0	0
9.418390518191401	0	0	0	0
-8.274048718998955	0	0	0	0
7.467328903299482	0	0	0	0
-5.097918171758046	0	0	0	0
1.2915038451206797	0	0	0	0
3.8390507725108662	0	0	0	0
-5.665302376191725	0	0	0	0
-0.3166004516779992	0	0	0	0
10.845729430652213	0	0	0	0
-18.191523959905886	0	0	0	0
10.121197422564592	0	0	0	0
2.964945933556386	0	0	0	0
-2.9889595510691294	0	0	0	0
-0.9166676826981828	0	0	0	0
1.1424760285715791	0	0	0	0
-0.3188031558795217	0	0	0	0
-1.0250826222054812	0	0	0	0
1.0522002067797018	0	0	0	0
-0.10299075208614283	0	0	0	0
-0.642537681697064	0	0	0	0
1.0097282071396876	0	0	0	0
-0.03463848269211667	0	0	0	0
-1.748920276308013	0	0	0	0
1.5720634970281466	0	0	0	0
1.1505708221797661	0	0	0	0
-3.7452366379756654	0	0	0	0
4.983973140630077	0	0	0	0
-6.9405967502648025	0	0	0	0
6.527671635377743	0	0	0	0
-4.7195296582152295	0	0	0	0
4.644973745187343	0	0	0	0
-4.334815437377451	0	0	0	0
2.179285468613948	0	0	0	0
-2.0047007152652583	0	0	0	0
3.8923907860084697	0	0	0	0
-4.27738553132243	0	0	0	0
5.063250856376342	0	0	0	0
-7.968273968626548	0	0	0	0
8.235625033057538	0	0	0	0
-6.07517175838592	0	0	0	0
5.824830242334819	0	0	0	0
-6.818068345606385	0	0	0	0
4.967441120882832	0	0	0	0
-1.597769272084733	0	0	0	0
-1.5241115167284178	0	0	0	0
1.8079287931945558	0	0	0	0
1.9090948888452033	0	0	0	0
-5.070391358337972	0	0	0	0
5.393176207352532	0	0	0	0
-5.7854068967996355	0	0	0	0
6.810555530691275	0	0	0	0
-8.696679636214853	0	0	0	0
10.4797457162379	0	0	0	0
-9.745913986309034	0	0	0	0
7.469360689702036	0	0	0	0
-4.639388789351948	0	0	0	0
1.4845039695723088	0	0	0	0
1.1741352361827921	0	0	0	0
-1.2046647723631807	0	0	0	0
1.6571878930834316	0	0	0	0
-6.878721205987944	0	0	0	0
12.51007382662911	0	0	0	0
-12.860999427208533	0	0	0	0
10.05637006572136	0	0	0	0
-4.734390584712422	0	0	0	0
-0.2690243147707463	0	0	0	0
-1.1765388837999708	0	0	0	0
3.3400048737352606	0	0	0	0
-2.831026187076681	0	0	0	0
2.567976835827828	0	0	0	0
-2.589189347553358	0	0	0	0
-1.3951278939085583	0	0	0	0
2.1259121011000275	0	0	0	0
-0.20700960345967445	0	0	0	0
-3.357877658234628	0	0	0	0
5.731597158359307	0	0	0	0
