0.2562260792624258	-2.279336963592435	10.09146192420917	-0.6034593136007231	15089.98165782528
-0.12426378317889686	-5.722931924370592	32.007420101512636	-3.6056298378507847	15089.21024854088
-0.40568654920861036	8.513298752622717	-11.902992935979142	-22.59461739664681	15083.499896892026
-0.12838380609650812	-4.452256444559588	3.108654262516552	22.302658712257923	15092.638912140726
-1.0644715307322556	1.1628568623542535	-9.841100778600122	23.494265519349995	15070.38325840168
1.9778503492915078	0.1680712956582866	14.566300993327943	-31.0602454424112	15146.671386288226
-2.3838553361888586	-7.099293551450508	4.202507924735116	24.70726682191733	15439.152564078233
2.465358518504651	-3.574855436519229	-27.256888462813933	-37.812216908324814	15439.508867856053
-1.619069675404866	1.1849446333030684	8.504384065737739	-2.1737677238220954	15583.121514818195
0.09070220153786579	6.672000971162838	-1.8053230301484149	-14.96303978274618	15804.87891215062
0.6259627426855872	13.109752437144685	-4.331367068603001	-19.415693503652193	15949.112678576035
-0.4515090247216307	-22.830951818762614	-0.9312334164667533	18.07093005883999	16125.280260069709
0.32025975497161596	8.853598837888015	26.537913062571107	-15.105827443810924	16276.708532678054
-0.4266940030801365	-9.39779472447303	-16.936546766254224	0.40786110255965013	16458.811917091796
0.9386663089833789	-5.394464251003498	-1.6122576323536038	-4.462632797506004	16670.940001674164
-2.282359705432853	0.9327011500001205	-1.5455833802473506	19.65573694991788	16859.812700726965
3.7290713748597497	-2.1576215149690228	-9.63004610993832	-16.20029257760092	17037.93047172991
-5.254198734219209	0.09142294560949438	12.541295283255494	0.37273006330394765	17216.581573668514
7.245677506720213	10.186102301751227	5.472104080268011	16.293751963798513	17495.29446499693
-8.904600510456433	0.20271559119402127	8.056400820871403	12.157904719009196	17541.62406000164
6.598308330339705	-11.125266694956316	0.2596434449579448	9.053127611398423	17543.9009576007
-3.4621866455809496	3.229903989774172	2.976026415438227	-22.670717551463497	17545.858804716605
3.7465628563861415	-0.9717684051912912	5.742689916864961	6.596535622929764	17532.64647238445
-4.783735505498555	-0.5200656912477868	-4.412480127158716	-0.0536477113608953	17555.029773591203
4.2978349045582505	-11.157686199980766	7.5072770594155145	14.714307724179292	17479.906051522463
-3.989321821265129	0.041641367098591786	-4.0153129772538705	7.724255421360368	17400.521505870667
3.749467583859996	2.2375822830907097	-0.44083199408143514	-3.249515519085662	17355.128345507255
-3.7045243618527195	2.6955335021102016	2.8509868205950255	-87.47352499736465	17456.852104939877
3.852754994989816	-5.3948970653745505	10.774855164867077	10.398562947624981	17456.14833166316
-4.552305080970626	-7.069572179423737	-4.211998968869494	9.18584582300764	17950.403151657134
4.946307662996212	1.682014518641175	-0.4346228891945856	-15.927247974304464	17886.453647945076
-4.665321345248692	-0.3934923187939319	19.30990188671447	11.079183257032582	17851.77523072114
3.762796865770582	-3.319671822533479	-4.50205810053582	-6.393003425261725	17761.02989808246
-3.736493497049949	7.367109748290289	8.25900721211103	5.234399392063267	17736.023020888588
5.074040657720047	-2.0905542187194754	-9.312975288267282	5.189413198497419	17712.09201028907
-6.325024875669513	8.178435569478324	2.8110613265289004	-4.469115287412592	17623.403050790766
6.157422195680276	-6.520100218241723	-9.85951080573112	-3.968549172912901	17684.78408713474
-5.446395370938724	-3.0259523969501316	15.889801399762462	-0.589979918908142	17736.051276820494
3.4016658695159308	-2.007100356374778	-1.0356922864482812	0	0
-2.5022140755562035	-2.2610452828388716	3.23861383561362	0	0
4.429096109410054	-1.9792698185334174	-2.151708476768704	0	0
-4.860409762297209	-0.7982767941105422	11.298726095465142	0	0
3.1865369045607324	-5.8586508200742315	6.242500250767165	0	0
-2.2303100295642437	3.299606509663107	6.258296667370786	0	0
1.4838828434422169	3.3633392568556104	10.612505466153749	0	0
0.40459314762544096	-1.7370911896877885	-5.07505061941491	0	0
-3.2133083407123664	-10.527707176983903	6.9733451408244775	0	0
6.210035310421382	-2.6536415837875893	-3.001474803800221	0	0
-7.372899373209378	-3.2090483755000463	-5.402923691610454	0	0
6.0630047158048015	4.211237742093999	22.698581503356777	0	0
-3.714726822722106	-5.77026563543712	167.6267790499872	0	0
1.9542490861423971	-0.98976880191303	-65.2883762456577	0	0
-0.34585513120781286	-8.07039724899478	14.796823407587624	0	0
-0.8824225967678032	-4.4997290580297715	-6.172158836681405	0	0
1.6061786918400713	8.734110780179918	4.257935864553701	0	0
-0.5889147153125549	-1.644560889186252	10.431365193115312	0	0
-1.8080176453093344	2.107639055648775	0.4243872762105383	0	0
2.829740294733355	12.881313504262039	-12.533378751668579	0	0
-1.881987224686874	-2.4080719586816173	-12.062414665945425	0	0
0.6490253509831945	1.8653449959310109	17.86099558024442	0	0
0.6336104612169606	-3.0946742360131196	-4.92776135824441	0	0
-1.06574159208715	0.019513045070084445	12.576811760229248	0	0
-0.042000153354258885	4.227752886785112	-1.8505484137257184	0	0
0.7222589889889619	-10.69172876524975	-9.9475305919987	0	0
0.09091255913250507	-10.504589492792988	-5.009829722602376	0	0
0.10255981800212766	-2.735788267193172	-6.1998765080244596	0	0
-1.1953586159545324	9.143322091952214	0.45057535593389275	0	0
1.030473202438607	-2.7296673015431594	0.49149351568156874	0	0
0.8976805648289954	7.6319410898946245	7.296573544456081	0	0
-2.3007290241709484	-7.538622161862065	6.919488320956816	0	0
1.877974922743789	-5.175289025509258	0	0	0
-1.0405756728081172	9.221848052451165	0	0	0
0.8473154873213247	-8.018024279622836	0	0	0
-0.5925095595998826	3.138163832404274	0	0	0
-0.0334420628316181	3.374573867279068	0	0	0
-0.19828488585961423	0.6880233233712119	0	0	0
0.024211688916494722	5.442789681607806	0	0	0
0.9021987574944816	2.500810068460126	0	0	0
-2.097993656795026	-3.589533632320695	0	0	0
2.064991082835668	0.2180765352519245	0	0	0
-1.2897518220070339	5.0718777443209575	0	0	0
0.6442474153073192	-9.955664003113597	0	0	0
-0.30202755779697554	2.466416850076456	0	0	0
-0.2777764504745477	-3.8093238587030385	0	0	0
0.09366495545462072	3.7850601051896575	0	0	0
-0.4184337384325687	-0.9811605033959836	0	0	0
0.6024877242597952	-3.4913709669163637	0	0	0
-0.8592166189743224	0.4197657652876501	0	0	0
1.072050362077519	1.8762431731651645	0	0	0
-0.24310454110413815	8.355097243677875	0	0	0
-1.5424522310135202	0.03155663375996198	0	0	0
3.2075573989354567	1.948447037541186	0	0	0
-3.465135071642493	-8.405088795723032	0	0	0
2.048795532281787	5.224548012189928	0	0	0
-0.7079539522264824	-7.093148521456655	0	0	0
-0.12523780640378845	-4.71473021700632	0	0	0
1.5772005608593318	-1.64177101847595	0	0	0
-2.0334249089684917	-26.528090678213744	0	0	0
1.2622831948397462	-42.05074990383025	0	0	0
-0.6312590199952552	6.906319836934813	0	0	0
0.6405777807637065	10.147690495595569	0	0	0
-0.9860948340044686	-0.07880791929089526	0	0	0
1.3130607772357834	-1.2945369309627779	0	0	0
-1.8072050947469478	-0.5318254653333412	0	0	0
2.507971931512678	-6.502836520788492	0	0	0
-2.589973476683241	4.387257570556514	0	0	0
3.2231948009036913	-1.4779563838549876	0	0	0
-4.634607931440357	6.277453756764814	0	0	0
4.485928473232647	2.719119496927533	0	0	0
-1.827743644918307	3.9491460093965003	0	0	0
-1.5186010329724766	5.311405024565843	0	0	0
3.7345228654785103	-0.522093780238535	0	0	0
-3.913064589168968	4.613700385245963	0	0	0
2.4648167691368954	-1.565522016401701	0	0	0
-1.1273239005166218	1.1457502704184748	0	0	0
0.10328668867580149	10.467679852608086	0	0	0
1.428019461156893	-8.361563808479886	0	0	0
-2.3290122424698794	0.37366601272125877	0	0	0
1.4323111989451647	3.624043883888376	0	0	0
-0.5238413147405225	1.5874147992968801	0	0	0
-0.13798032146210915	-3.385085142548661	0	0	0
0.6609836006226786	-1.268782182860562	0	0	0
0.09192021036977138	3.433068944856501	0	0	0
-1.8784596884908495	-1.1907026083103887	0	0	0
2.984824861019689	-6.871695662855743	0	0	0
-2.106844011155914	-7.404083994193442	0	0	0
0.8803719181904484	10.20850364037544	0	0	0
-0.5318324246248594	-10.626617458310236	0	0	0
0.4582596758564179	-3.068081125890018	0	0	0
-0.8023555955229469	3.8061851052946736	0	0	0
1.7273306764674317	-4.06140808022829	0	0	0
-1.6115195297238003	7.446785175264836	0	0	0
0.14467934049665132	5.543748390847554	0	0	0
1.2192182795877997	0	0	0	0
-0.5102308162892726	0	0	0	0
-1.4499538411613173	0	0	0	0
2.0891054498289705	0	0	0	0
-1.920919747682234	0	0	0	0
1.6001036562673292	0	0	0	0
-1.072179171843544	0	0	0	0
2.534793776633421	0	0	0	0
-3.2793015828249708	0	0	0	0
2.0248699114256965	0	0	0	0
-0.846046087598225	0	0	0	0
0.5764803010865975	0	0	0	0
-1.3425284508543456	0	0	0	0
2.3793741035360085	0	0	0	0
-2.4111794642233235	0	0	0	0
1.9397729951249332	0	0	0	0
-1.317865600176738	0	0	0	0
0.4440458816457138	0	0	0	0
-0.9616516602518743	0	0	0	0
2.040300402049766	0	0	0	0
-2.0149108450472113	0	0	0	0
1.6377799778574413	0	0	0	0
-1.179134345946693	0	0	0	0
0.8310285709838894	0	0	0	0
-0.6170355348744181	0	0	0	0
0.8366418322448794	0	0	0	0
-1.7596547318282347	0	0	0	0
1.534762456771034	0	0	0	0
0.6159240353048929	0	0	0	0
-1.4405894417531968	0	0	0	0
0.5745081157777179	0	0	0	0
-0.35945188620073765	0	0	0	0
0.890778510045763	0	0	0	0
-0.41656488647595324	0	0	0	0
-1.7697707274950218	0	0	0	0
3.9278788409718643	0	0	0	0
-4.002545525285974	0	0	0	0
3.214704803995012	0	0	0	0
-3.0630677317785313	0	0	0	0
3.547867332944371	0	0	0	0
-3.645561722918586	0	0	0	0
3.151305433929103	0	0	0	0
-2.611049987236683	0	0	0	0
2.581322256698236	0	0	0	0
-2.7958572076965	0	0	0	0
1.7253764729008196	0	0	0	0
-1.138920132015464	0	0	0	0
1.8483468995337446	0	0	0	0
-2.035221157156691	0	0	0	0
0.7252585469121868	0	0	0	0
0.6228037036121066	0	0	0	0
-0.5477213526625206	0	0	0	0
-0.6832384810181225	0	0	0	0
2.228179456948837	0	0	0	0
-3.256790846272267	0	0	0	0
3.580415235218439	0	0	0	0
-3.02438731585179	0	0	0	0
3.1960378596675056	0	0	0	0
-10.191873338433624	0	0	0	0
19.88097533378977	0	0	0	0
-14.992477469309314	0	0	0	0
2.192565489930793	0	0	0	0
0.396136656247684	0	0	0	0
1.5441327932534819	0	0	0	0
-0.0789408207030462	0	0	0	0
-0.2883087721747728	0	0	0	0
-1.0122000943584553	0	0	0	0
1.605453546844771	0	0	0	0
-0.8200245320568342	0	0	0	0
-0.5200786342534727	0	0	0	0
1.8841644848545513	0	0	0	0
-1.5755446938732263	0	0	0	0
0.17516314795718557	0	0	0	0
0.10184424107610113	0	0	0	0
0.7456071759289173	0	0	0	0
-0.7241575267024061	0	0	0	0
0.6551487953530852	0	0	0	0
-1.129378026679369	0	0	0	0
1.510347264428816	0	0	0	0
-1.3704483116214803	0	0	0	0
1.4316754728262993	0	0	0	0
-1.1793180702752437	0	0	0	0
-0.1826311413649293	0	0	0	0
1.1144950871649257	0	0	0	0
-0.591669335772238	0	0	0	0
-0.1168046955377875	0	0	0	0
1.0766782213263042	0	0	0	0
-2.389480150501498	0	0	0	0
3.231448313557145	0	0	0	0
-2.696526336469418	0	0	0	0
2.3502753211595504	0	0	0	0
-2.2391810377928962	0	0	0	0
0.2591902669292736	0	0	0	0
1.866495026792812	0	0	0	0
-2.0502903131795733	0	0	0	0
2.159232895517299	0	0	0	0
-1.7468936248079103	0	0	0	0
-0.4595377991966956	0	0	0	0
1.553940823138987	0	0	0	0
-0.5709067917664115	0	0	0	0
-0.3660595390614674	0	0	0	0
-0.11043613394321738	0	0	0	0
0.8741615646342709	0	0	0	0
-1.9879872182847862	0	0	0	0
3.4876447912418698	0	0	0	0
-4.781368905489472	0	0	0	0
4.383060224928471	0	0	0	0
-3.691319870157315	0	0	0	0
3.317795802808675	0	0	0	0
-2.0728923526543497	0	0	0	0
0.22929978561560205	0	0	0	0
0.9947413793498185	0	0	0	0
-1.7850774846134598	0	0	0	0
2.558934148316382	0	0	0	0
-1.808874227993229	0	0	0	0
0.20264763146679599	0	0	0	0
-0.5970847089522948	0	0	0	0
3.0185948699879646	0	0	0	0
-4.659987397605747	0	0	0	0
4.327588639097485	0	0	0	0
-4.005030260102771	0	0	0	0
3.3047938264326078	0	0	0	0
-0.3769624397636875	0	0	0	0
-0.11240850652466605	0	0	0	0
-0.5120214298064667	0	0	0	0
-1.951990318652122	0	0	0	0
