-0.16082673136829584	1.1345959469825218	-3.3104820137936883	0.2682097935876442	16890.192990318305
-0.3183263897666748	3.008128618319283	-10.825682771882526	0.9753109968211646	16889.14071314301
-0.8799509791218014	-5.840462044188449	-0.612992412170982	-2.5829595982160924	16890.970646462843
2.751418526618508	3.692459174025025	10.054793851524337	11.415213510725224	16891.070912979663
-2.426146362809618	2.53174747115537	0.4950474997855565	-4.882592324446335	16883.499984600166
0.4059542910767888	-12.816635628509886	5.8606800103784735	1.7121900094019509	16911.194026818084
1.1229022803149675	-2.609175142965448	-10.201768617091759	33.76644753513264	16937.321184068904
-2.687065124679627	1.2447072914088793	-5.052680764864647	-39.91836359881657	16890.164215803376
3.662225980658498	-3.182069469540629	-3.7491759569624037	8.616658468565475	17003.2084910047
-2.4055759572163	2.49388061473163	-1.7145321657157382	7.6230425610451675	17081.39957475152
0.49327892027245923	1.8334260844360486	-8.361918789972776	-13.639966026176836	17038.2914916186
-0.8713503904279278	3.442689896199603	4.820879910903116	1.1433866284229879	17021.600793277023
1.4989484975665945	-7.241133489850753	-9.183834179146587	3.084018743259506	16946.002874699785
0.17432733688713142	3.909035858862431	12.218686234444107	-0.11110761958769899	16983.16826618347
-2.281250196182235	-0.8827978229515026	9.465045170600376	-0.8355289495696496	16942.04228788611
2.8510768619187843	2.7469369786998925	1.5808324863531595	4.764780205834072	16981.156347522254
-3.1577488515083445	0.6388986556828442	-5.896780693781125	-9.620045855146031	16869.15147826446
2.4593901865767407	-4.051271207378335	-12.888563821671951	8.068361197177197	16854.446205300632
-0.43810482291524266	0.10087255318555322	3.281991268799686	6.906315019583332	16875.19616653215
-0.6484814796113625	8.822451204228507	6.029785600624862	20.042017794383483	16893.172772779537
0.5985646297666278	-5.141655193872282	8.224922191622994	1.1725474583095234	16903.383051519442
-1.1111194109335116	3.6165355468064746	0.7483159551439371	5.22822865801318	16893.064093287798
1.1443291298014984	-4.22506358127724	-8.431679197860888	-0.9952584883160966	16863.549408846782
0.7835620386395945	7.004623169681523	8.319551193709685	-28.092386773224746	16836.84787691962
-2.3789208590741353	-4.979266525691308	-7.048740403285052	15.059398266334526	16869.441389501357
1.389196555210546	9.058889679300009	20.692000389209255	16.791585863841817	16933.342251603157
-0.8043915930364633	-6.082609060481552	14.264768426735031	-11.095008649497657	16768.457891920858
1.9856821125838167	3.9245679598825802	10.741110219794535	4.0396954112306815	16752.915098071924
-2.2975048165918963	-4.370420837548586	-4.9951619033247425	0.4994814068274991	16799.859087688612
0.8139151506150029	2.3216622564425364	4.483988689016456	6.144394736892252	16809.409139926436
0.3486701565224024	2.1100152985939786	5.750643361443551	-34.503232553612335	16856.355345743537
-0.7885978051760034	-5.572900302098873	6.529452661460624	10.479676822539204	16852.21437910822
0.9463408715679975	-1.2628200769528632	30.380033786938313	-6.550511849285812	16775.531868929393
-0.6338051371861368	-7.088136736214118	11.204825750658884	-22.173509711103208	16728.557497563797
-1.4712937080596689	19.146665389714805	-15.78248520572157	7.327251660257019	16831.326282175254
2.4212900697438258	-5.382563955893531	14.192722626998915	-7.082737720064657	16830.11215460257
-1.1816134424946512	0.9795843347050308	-18.821261050419963	4.800099150221229	17028.202431423302
0.17933164581585004	9.20916041398651	-0.8994727395780586	21.093800267155956	17115.67977660678
-0.012236208720537434	-13.615843380848936	1.7228328145430964	0	0
-0.634752608227636	4.014395652928172	15.385239640978199	0	0
0.8618610951685142	-3.257274333855804	-14.564632096431652	0	0
-0.4126793873549559	-4.8958172790480035	8.437083571939823	0	0
0.03170121391652003	1.4467595242033227	2.3048716558023443	0	0
1.0488856302397451	10.684111537956476	-3.803694455706321	0	0
-1.6232266404350781	-10.771591063305863	-8.84232308338332	0	0
1.3601027801774634	-6.9117829453056245	0.3343455400831772	0	0
-1.7417563877658608	7.175555266329781	-0.9572908384439671	0	0
1.9052591506596457	0.6388688967482707	-15.314083650751513	0	0
-0.8650489003112938	2.242525400421023	-3.0066872705269105	0	0
-0.03983120983301092	6.128348846869024	4.828533722286423	0	0
-0.6042121422834725	1.4785217186559834	-1.5614276572128887	0	0
0.8250713810089678	-3.965214132300723	-5.897589392698563	0	0
0.47397108917283504	-7.268405649635547	-6.991867179398639	0	0
-1.9429165375675765	8.296709865787449	-7.3970309760777155	0	0
1.7629014911993792	-9.537890041096198	-8.053282277876804	0	0
-0.8189261640729342	5.522718298537626	-3.203343506497177	0	0
1.2261253425669452	-3.5757263329164957	9.276122456177035	0	0
-2.80070194903211	-2.634889247938709	0.3431151037194695	0	0
3.2723555580172956	2.5843623846038994	5.552453779417419	0	0
-2.685139871414748	5.612006395205441	8.44612987648867	0	0
1.052574857013603	-8.722962891339144	-20.794857251548336	0	0
-0.0158717920078999	8.007920717104035	6.343698846877558	0	0
0.012278104059589623	-5.159437517217718	-15.016985050829192	0	0
0.3852712635664375	-5.197246168620474	9.322897648820785	0	0
-2.1634599041800087	1.6258608875873222	-4.501090505439848	0	0
3.4336177143384887	-1.5155931037506107	-2.2132234776278494	0	0
-1.2687197737479252	1.9567569411074217	-3.858190894206757	0	0
-2.058941164051909	12.120654735064647	3.728448412618235	0	0
1.9485517223023123	-1.7824586944288825	2.9376240221501035	0	0
0.6815489677847921	-3.277632149100512	1.1277525371556294	0	0
-2.750973064598554	9.024471865305024	0	0	0
2.2537917395068803	-4.318119089322671	0	0	0
0.46444251376684775	3.060782757605182	0	0	0
-2.1626910607728433	0.4038809909041774	0	0	0
1.235553787073684	-9.749741802134622	0	0	0
0.6525251938084295	-5.377308461618846	0	0	0
-1.2522644444695388	2.7937513458430914	0	0	0
-0.05576011139515913	-12.321138514396367	0	0	0
1.0420276737925178	12.44193377119148	0	0	0
-0.5452222669585325	-8.570478646104718	0	0	0
-0.059775693761608295	5.600885523603452	0	0	0
0.4646952663542834	-5.672169472916011	0	0	0
-1.6421297308456104	-1.0254091821606153	0	0	0
1.707069709287623	-2.336865295885623	0	0	0
0.9223566799339338	1.9769675825231374	0	0	0
-3.8296605441538674	-6.904003946291354	0	0	0
4.440217781000065	1.311858919986122	0	0	0
-3.3064985480112767	-9.97829671503225	0	0	0
1.0512971574972383	4.115934502249615	0	0	0
1.8737092808960298	-4.226397411089685	0	0	0
-2.6696859323737954	0.3980962512366162	0	0	0
0.55587304328904	-5.405619043323945	0	0	0
1.5396571545526214	-1.6567624963945704	0	0	0
-1.2533793041816281	0.2870908207410636	0	0	0
0.40198541396876664	1.0428484343674995	0	0	0
-0.988488460891098	-0.3410643920599412	0	0	0
2.06667283323808	2.398047790427867	0	0	0
-1.8973710048070558	-1.736643482231763	0	0	0
2.505342020099036	6.051624016991951	0	0	0
-4.268789769311994	-2.418778506234325	0	0	0
5.637582805860831	-1.8772162964451837	0	0	0
-4.803112255578988	7.237982257169129	0	0	0
2.3173302398402313	1.9196894691467747	0	0	0
-0.7197543983122401	7.396384985605799	0	0	0
1.1337044348993714	-0.6581921385419847	0	0	0
-0.6344233164981503	-0.720136405324304	0	0	0
-2.16943304463814	-6.231608735576145	0	0	0
5.053664271767445	9.24855718126657	0	0	0
-5.146298311627959	-0.34997594000058285	0	0	0
3.1338996521008298	-4.11241620331549	0	0	0
-2.781208034337574	1.7022915329306585	0	0	0
2.6992695968009954	-5.316824808532118	0	0	0
-1.5792895553687458	-0.15455130134969153	0	0	0
1.6284263184441414	5.648444945043046	0	0	0
-2.263632063875754	-5.188799450346501	0	0	0
0.9500784695583206	6.522678809095638	0	0	0
0.5612462271619307	-0.21268081064461342	0	0	0
-0.29016863031437623	0.9460663437191315	0	0	0
-0.7026093526627051	0.856044624493542	0	0	0
-0.5555345252790289	-1.046883562312594	0	0	0
2.8700245948480116	6.712877479889855	0	0	0
-3.3562065149431533	-1.009428936020491	0	0	0
2.519388785168836	2.1977916514582176	0	0	0
-2.7704495879856736	1.0277038991465517	0	0	0
2.196905495103607	-7.879840853374773	0	0	0
0.14376823696169083	1.1689451431690756	0	0	0
-1.5825545757233144	4.717978801179328	0	0	0
1.5959433400332728	-0.18575986313756943	0	0	0
-1.8584240459424066	0.4734113578231671	0	0	0
1.9648744735536852	-7.653176948847765	0	0	0
-3.3306073123528392	10.391522698421937	0	0	0
4.78771996188307	-4.704911233097647	0	0	0
-3.496796333233938	-0.23077340291447968	0	0	0
1.1606834119291207	0	0	0	0
-0.49607083429940246	0	0	0	0
0.9108223339120656	0	0	0	0
-1.869283276675354	0	0	0	0
2.2574414461095245	0	0	0	0
-1.5015723484135322	0	0	0	0
1.1260807265520114	0	0	0	0
-1.950223487513476	0	0	0	0
3.6459047058374026	0	0	0	0
-3.572705499370116	0	0	0	0
2.1708455086871865	0	0	0	0
-1.286197774909894	0	0	0	0
1.1253203973336028	0	0	0	0
-2.1806008568894555	0	0	0	0
2.5358909622185237	0	0	0	0
-1.6817766152123426	0	0	0	0
1.4247512061432275	0	0	0	0
0.5060954650043854	0	0	0	0
-1.558298885018587	0	0	0	0
-1.8779247902177474	0	0	0	0
3.4374167979719203	0	0	0	0
-1.3376737632791418	0	0	0	0
0.6191700207101363	0	0	0	0
-1.0145810658201029	0	0	0	0
0.3966718216425562	0	0	0	0
-0.18386872747747418	0	0	0	0
-1.0289496875627933	0	0	0	0
2.9790191834032527	0	0	0	0
-2.1437400564279514	0	0	0	0
0.5772411147379088	0	0	0	0
-0.7375393016019913	0	0	0	0
1.1189439943666102	0	0	0	0
-0.33955135128555725	0	0	0	0
-0.01845233389012435	0	0	0	0
-0.289225491384677	0	0	0	0
-0.5346790690044472	0	0	0	0
1.3720622088986971	0	0	0	0
0.4985400833452829	0	0	0	0
-1.9897252723888315	0	0	0	0
0.5299004012415551	0	0	0	0
0.6120647127700991	0	0	0	0
0.7239274861323537	0	0	0	0
-1.2765142719125961	0	0	0	0
0.5576004922422158	0	0	0	0
-0.5877103767855019	0	0	0	0
0.8700825368103864	0	0	0	0
0.03616277669576817	0	0	0	0
-1.6718621180502922	0	0	0	0
1.3908767506181974	0	0	0	0
-0.7800394178301531	0	0	0	0
1.8520842027512785	0	0	0	0
-1.6250689718833087	0	0	0	0
-0.579212611308229	0	0	0	0
1.600156217310655	0	0	0	0
-1.9142224477245762	0	0	0	0
2.309437885036502	0	0	0	0
-1.0820235314107123	0	0	0	0
-0.5017624923074493	0	0	0	0
0.10782080326298171	0	0	0	0
0.04226416080938833	0	0	0	0
1.079911054226919	0	0	0	0
-0.32925596013873104	0	0	0	0
-1.3704834938756107	0	0	0	0
1.235890236641545	0	0	0	0
-0.5423789225183526	0	0	0	0
0.5132516792775164	0	0	0	0
0.0686542749425314	0	0	0	0
-1.44377955434436	0	0	0	0
0.8264246463029181	0	0	0	0
0.3797321878016149	0	0	0	0
0.5997189168693211	0	0	0	0
-0.7235055250482816	0	0	0	0
-1.5851320300845586	0	0	0	0
2.5407056851272074	0	0	0	0
-0.48369057849896535	0	0	0	0
-1.11242545044567	0	0	0	0
1.0574620991145807	0	0	0	0
-2.3514131210091946	0	0	0	0
3.4369068329457306	0	0	0	0
-1.7967726209774	0	0	0	0
-0.6858973331895513	0	0	0	0
1.5001236084526042	0	0	0	0
-1.4771007473700166	0	0	0	0
1.1413240828358795	0	0	0	0
-0.03215583959975277	0	0	0	0
0.037578925348057624	0	0	0	0
-1.299871851371762	0	0	0	0
0.32250776522712954	0	0	0	0
2.777414256224546	0	0	0	0
-4.456706039539448	0	0	0	0
3.149744785480017	0	0	0	0
-1.7147372730510853	0	0	0	0
0.9585424473990969	0	0	0	0
-1.1886255339392733	0	0	0	0
2.197897758244771	0	0	0	0
-1.9569717242429832	0	0	0	0
-0.08429702447599396	0	0	0	0
1.5893171316541839	0	0	0	0
-1.3297160611871846	0	0	0	0
0.5465227527807315	0	0	0	0
-1.177890133666608	0	0	0	0
0.8321417657249413	0	0	0	0
1.2295863722019362	0	0	0	0
-2.159863030332218	0	0	0	0
1.6854055876251692	0	0	0	0
-0.6423259062359961	0	0	0	0
-0.7639253661529182	0	0	0	0
1.7800768950244361	0	0	0	0
-1.4516529262116293	0	0	0	0
0.8253701657516146	0	0	0	0
-1.3479807997134188	0	0	0	0
2.162306143334007	0	0	0	0
-1.5856857293696223	0	0	0	0
0.8343548113957908	0	0	0	0
0.11446083624729653	0	0	0	0
-2.215683094912528	0	0	0	0
3.899729055459275	0	0	0	0
-2.6596009497102386	0	0	0	0
2.0897809135180836	0	0	0	0
-2.229664863949459	0	0	0	0
0.7072189243112348	0	0	0	0
1.2212709973438436	0	0	0	0
-0.8916542594856907	0	0	0	0
0.18792789932119547	0	0	0	0
0.6875110845315575	0	0	0	0
-1.9005904845568438	0	0	0	0
