0.011376508593443191	0.15632599851915074	1.081859533806977	-0.12043380399923365	16869.375958043784
0.0002865717924080968	0.7001732801785181	3.4185039783593965	-0.5348031048426236	16869.328547630517
0.7013418772521902	1.0570248904067938	-1.0322715416438228	-1.8554604415638636	16868.77631624753
-0.5529062674696803	-1.5181790340680479	0.2024685252854681	-2.6584202561634953	16869.35047238885
-0.5067820801212974	-0.048365665286723925	-1.3861090655083643	0.07459134857943184	16868.92044971697
0.7712540214320285	-0.4090266019751141	-1.4185576465170442	-0.35316274752972276	16870.486773543224
-0.26379910113587357	0.613145447163923	1.310416576026924	1.2524091057847926	16871.144880623564
0.7327812116927532	-2.2940918362475244	0.6711036529674743	0.66398184118448	16869.999115756444
-1.2921535233113772	-4.865055500049188	-0.6515693457889	1.35442897807404	16871.77333600151
1.1973284951221146	3.2181882976788287	-0.2894497138249079	-0.831547974813347	16871.40205980135
-1.118230218465186	-1.6260170847957411	-1.8364509087503649	4.555957209382555	16870.632642921784
1.3148277442352168	-1.6684888577508232	0.03477180220417608	-3.0048247915053707	16868.58362589537
-0.6033397611485256	-1.0014525182806082	-0.008556549293984972	0.055753933599987704	16869.93860802033
-0.17739691680120018	-1.6322753239277787	0.8708936493084138	2.9167108329082794	16867.196981352867
-0.3357795249680393	-0.037424530036162196	0.46145034676706587	-2.046754521344184	16869.14746798452
1.234024502361983	-1.872659286874736	0.1186742049789018	2.533008949801996	16868.00063770058
-0.44698973950456633	1.9144528791064133	-2.2088692557293257	4.970593534194407	16868.70951776792
-0.2801443917151971	1.506084082512153	2.2034949484635007	2.379793785711442	16866.970783954683
-0.02280478238488115	0.5771029611690537	-3.298683378122547	-1.9064955343054208	16870.491457070715
-0.18389533694399773	-1.4077190102051276	3.6416860955367554	2.262374812131469	16870.028663630346
0.4545420353844065	-0.9300445563642441	0.18752267921357202	1.1961838072455038	16867.27518935542
-0.05906760944898792	0.06595466572341024	-0.7156262300707681	4.336571171152912	16871.314265105313
0.20861341671771072	1.200459134016306	1.9537145472693993	-1.4561792295384635	16872.809203198252
-1.3147082060106072	-1.0356218021856805	1.7903282008690695	-3.7786130406588114	16868.74931237618
1.6353087850084407	-0.3718245678739791	0.198812969161267	0.18874754088029988	16873.714583893525
-1.0780030936657425	0.9972629923204153	-0.7547418725116586	-2.3293288953728393	16872.320933624793
1.2675288176752915	0.29976353193455196	-2.7194586893387793	-0.3902738559361154	16867.506520690247
-1.2711235622458048	-0.6739637723885039	0.8802458163165738	2.82530824753114	16869.45737595798
0.4145398923398744	0.9518170313249854	-1.0704609399288927	0.14587425461044745	16865.33052489799
0.11012515433309034	-2.4047233816451126	-1.4906389684904724	0.5300475967139562	16867.095397026576
0.462502723869207	0.3351051289283262	-1.5019002499966092	1.4258028509897542	16866.10239035675
-0.6385568481085926	-1.549106292329732	1.2230189213492793	-1.2769697207276778	16864.495123279354
-0.09306503194322602	5.362338891914021	-2.8746380919507146	3.4035271335170023	16864.11893814449
-0.034627750351347686	0.930786056017979	-0.5941832220033518	-0.4877676168564449	16859.39484340002
0.3587893270504523	-1.9810400153524625	-0.28015175679762194	2.6584964735641847	16856.217964248477
0.04629615578635793	0.003953363764914286	-1.1190453732434378	-0.8926710519008765	16854.396173392135
-0.12381468726210443	0.9559258747267947	-3.886772483115209	-2.4235201750061037	16854.331090261247
-0.41098961983853854	-3.3958655548987693	1.0297735907792713	0.43288681142277596	16863.028527661274
0.2705142215476499	-1.1960916908879895	4.764926588305286	0	0
0.4928528863882349	-1.7723409567516342	0.4991992542019261	0	0
-0.3721214596431821	0.45745833690435234	1.860526852575589	0	0
-0.2737416238151553	-0.8772465890779628	2.983190787082819	0	0
0.23779938700977254	-3.42509735241228	-1.6522469672738964	0	0
-0.5092968695068265	0.8841390920727932	3.90522879428174	0	0
1.203245467303688	-2.995614517826695	-0.06926602407021676	0	0
-0.8312940376679308	-2.1491222172894524	0.6357272586993048	0	0
-0.07259252950527895	-1.8657315500189569	1.3464266238262041	0	0
0.18374454756414593	0.526252174529894	0.32000846347776246	0	0
-0.2688110864203992	-2.3602704256743436	3.7573455443417743	0	0
1.1077813163836865	2.2947017898253534	1.5344070582749652	0	0
-1.51971220053926	2.4146918587150026	0.040036366486503994	0	0
0.840374857063189	-1.9828405604259416	-1.2933096723701851	0	0
-0.7598517326077214	1.078075532738346	0.36441238021996014	0	0
0.8199837288697296	1.4388659039657483	-3.462817490281523	0	0
0.04172627768623016	-0.7202736949344271	-3.283779505135186	0	0
-0.5211358854938339	1.6207756312815107	-0.6590916998971181	0	0
-0.4507762306064791	2.0219838252414988	0.16057040180056958	0	0
1.0760446121019314	4.175381806301154	-0.3111411937439641	0	0
-0.6166460866225805	0.9693493550505465	7.008827070422342	0	0
0.9930187690001091	3.500288666993818	2.542609514539649	0	0
-1.9309112922229232	2.220427784173296	0.6080567717460781	0	0
2.0702117729756893	-0.8061074735715792	-1.0245140629547222	0	0
-1.4804872620161476	1.6938382871231212	-1.7825049831700284	0	0
1.2713837150268859	1.5902407983650306	-1.270998402837904	0	0
-0.37740850542051874	0.1176323121336651	-0.7076092179147508	0	0
-0.6959051945295727	1.8562154510590432	0.6030692361177188	0	0
0.9152897074909561	-0.7308970496547644	-0.3686678708090625	0	0
-0.34871612935022256	3.870588767270739	0.16268085424030687	0	0
0.3111885075511509	-2.148975497745809	-0.41570357682886083	0	0
0.15904506150320685	1.7499558607176127	1.5516234265135864	0	0
-1.3253991952377362	-1.319478612305339	0	0	0
1.5098429689387487	-1.443181936613108	0	0	0
-0.8923106994714587	0.1756686808988519	0	0	0
1.004626390753728	-1.007217018228772	0	0	0
-1.2313691344244475	1.7986540554718218	0	0	0
0.4089720196482176	1.3705609363746092	0	0	0
-0.21038150954760937	4.87420915986349	0	0	0
0.6577091474077363	-2.660856879237137	0	0	0
-0.27165232575345755	6.372650929903642	0	0	0
-0.8144772568770122	-0.5537451084721638	0	0	0
0.9602329989461538	1.6640318837845527	0	0	0
-0.5499100329023889	-0.21812844897249306	0	0	0
0.2674531863590204	-0.9452086302389731	0	0	0
-0.12687369697817985	-1.870131059276524	0	0	0
-0.21423452661644404	0.4411357660024393	0	0	0
0.008475686946241012	-2.2643484893582624	0	0	0
0.3997307706899491	0.8906751698974205	0	0	0
-0.029796360893570295	-0.8960028908383251	0	0	0
0.006264067688810826	-2.0908365937460474	0	0	0
-0.6720549449136826	-2.6119333953639057	0	0	0
0.7227356813263981	0.5416547673156131	0	0	0
0.19579568271134207	1.670804752528305	0	0	0
-0.5054390064805858	-1.8781559349191141	0	0	0
0.37049962683568793	-0.7126792106506272	0	0	0
-1.1345518441969915	1.4911365221240587	0	0	0
1.5855133904151586	3.768328478148163	0	0	0
-0.5978395278688282	0.01911518866543105	0	0	0
-0.7419298812331476	-0.09901704201523387	0	0	0
1.506128050525227	-1.4417480895571941	0	0	0
-1.7418138258901763	0.10494853613508326	0	0	0
1.5480290385359652	-2.4317157917321808	0	0	0
-0.328502418932878	2.3064282407031627	0	0	0
-0.0018129410806508872	0.441394199069002	0	0	0
-1.2172373055082915	-0.2597921394808864	0	0	0
2.0094026002288032	1.3920399107705492	0	0	0
-1.822564113032108	1.9270190671951895	0	0	0
1.5305418641733723	-2.3847636392102416	0	0	0
-1.0011438763073386	1.4331414481536413	0	0	0
0.45405153272330523	3.4233292428586495	0	0	0
-0.3189077242503515	1.6611979216788626	0	0	0
1.3098223170126957	1.557701158828145	0	0	0
-1.350076102350748	1.8809234016770446	0	0	0
0.37975158098526407	0.2522331252184742	0	0	0
-0.3150746275838401	3.42130622648601	0	0	0
0.18290595758428907	3.0015957548551384	0	0	0
0.5804875277560697	2.2289242877265636	0	0	0
-0.9376048246018698	3.7684611480165984	0	0	0
0.13374670699791125	-1.4316699412853424	0	0	0
0.07176832906755948	3.9094949365098515	0	0	0
0.3951973681866221	-1.5984227934161197	0	0	0
-0.610154380884012	-1.3711004142495895	0	0	0
0.3241108352905826	0.8274329398438169	0	0	0
-0.7098676172618994	-2.051054828819602	0	0	0
0.7865862052867314	2.681122674850009	0	0	0
0.16743806295443875	-1.5306306954348372	0	0	0
-0.41763421867687356	1.1340316492452587	0	0	0
0.4403953108577383	-0.12533651109548316	0	0	0
-0.8696307495392404	1.88813071124666	0	0	0
1.8518869747395073	-0.8900669350629897	0	0	0
-1.673328039496596	-0.32134236196227306	0	0	0
1.4106984419550486	0.637928294434623	0	0	0
-1.4223705143404999	0.06198013973556016	0	0	0
1.2503329056678254	-1.7315350998559254	0	0	0
-0.816034998121836	0	0	0	0
0.45245831098055334	0	0	0	0
0.13373779053337387	0	0	0	0
-1.2472335569487	0	0	0	0
1.4647125869870763	0	0	0	0
-0.4400140417794418	0	0	0	0
0.5013657306655332	0	0	0	0
-0.8831459426964301	0	0	0	0
0.16411244901927802	0	0	0	0
0.12051433825856606	0	0	0	0
0.7656087790056105	0	0	0	0
-1.6569568756582527	0	0	0	0
1.8534704975253575	0	0	0	0
-2.2926566446570504	0	0	0	0
1.9365849946309552	0	0	0	0
-0.9858825449365654	0	0	0	0
0.42574871340499953	0	0	0	0
-0.4712551633230291	0	0	0	0
0.1455808100675	0	0	0	0
0.24827893724184946	0	0	0	0
0.1178244567087745	0	0	0	0
-0.06626837509399763	0	0	0	0
-1.2590803459162174	0	0	0	0
1.691823501808571	0	0	0	0
-0.27037972365660323	0	0	0	0
-0.775829494650857	0	0	0	0
0.30480365841686563	0	0	0	0
-0.614949672332024	0	0	0	0
1.1320857991655586	0	0	0	0
-0.7175292606911512	0	0	0	0
0.44738076604868127	0	0	0	0
-0.8310174885721651	0	0	0	0
0.5658098756501388	0	0	0	0
0.3838359561571707	0	0	0	0
-0.729422350597595	0	0	0	0
0.610283306441751	0	0	0	0
-0.5354683873483523	0	0	0	0
0.3571082985087557	0	0	0	0
0.2611995028974121	0	0	0	0
-0.2917212512839882	0	0	0	0
-0.36519275882237423	0	0	0	0
0.3529668644111794	0	0	0	0
-0.2898653006837506	0	0	0	0
0.740915690956399	0	0	0	0
-0.7129353208201721	0	0	0	0
0.011934669261911779	0	0	0	0
-0.22662608309246934	0	0	0	0
0.8965823306822287	0	0	0	0
-0.6586533417813598	0	0	0	0
-0.14573359112755924	0	0	0	0
-0.23237733615255252	0	0	0	0
0.5165001899940194	0	0	0	0
0.2051013547246896	0	0	0	0
-0.3763993912540684	0	0	0	0
-0.19101411201169327	0	0	0	0
0.2758083190030831	0	0	0	0
-0.2698414701538425	0	0	0	0
0.6763442649340945	0	0	0	0
-0.9848616556496026	0	0	0	0
0.4220968173382005	0	0	0	0
-0.4776335485558789	0	0	0	0
0.7832748669375604	0	0	0	0
-0.4960645134305963	0	0	0	0
0.2754165841088678	0	0	0	0
-0.858982393282524	0	0	0	0
0.4549095847389353	0	0	0	0
0.424702460099347	0	0	0	0
-0.0024716786031930837	0	0	0	0
-1.0197153179283305	0	0	0	0
0.9786480014344434	0	0	0	0
-0.5172249298300216	0	0	0	0
0.6182251517915418	0	0	0	0
-0.47911393810414893	0	0	0	0
-0.055652307397195955	0	0	0	0
0.18129796794793407	0	0	0	0
0.1685872165258928	0	0	0	0
0.12684033453393795	0	0	0	0
-0.19280015116105886	0	0	0	0
0.11538427624915926	0	0	0	0
-0.8209150084209682	0	0	0	0
1.2835884919542977	0	0	0	0
-1.1575980294038644	0	0	0	0
0.41718605042230905	0	0	0	0
-0.5506344053444607	0	0	0	0
0.2950938707580093	0	0	0	0
0.34026815008554934	0	0	0	0
-0.19780163041619403	0	0	0	0
-0.5567273603197691	0	0	0	0
0.22908532375900137	0	0	0	0
0.10537343301418645	0	0	0	0
0.3037771166159473	0	0	0	0
-0.4039354175786585	0	0	0	0
0.22550586603807687	0	0	0	0
-0.8157390363143548	0	0	0	0
1.3386265217515785	0	0	0	0
-1.079682275992539	0	0	0	0
1.4930675540826357	0	0	0	0
-2.2395305051593297	0	0	0	0
2.0442393534554597	0	0	0	0
-1.2113949987889256	0	0	0	0
1.1602495983506742	0	0	0	0
-1.2279964768340577	0	0	0	0
0.2871442468341172	0	0	0	0
0.5511359667199898	0	0	0	0
-0.05613821689851051	0	0	0	0
-0.05802528613567404	0	0	0	0
-0.42537366492613415	0	0	0	0
0.18076182459770251	0	0	0	0
0.383628995623134	0	0	0	0
-0.2229058571063618	0	0	0	0
0.43590538211842045	0	0	0	0
-0.8428575370059832	0	0	0	0
0.5371239483885049	0	0	0	0
-0.14812851775102587	0	0	0	0
0.667408794758579	0	0	0	0
-1.0220216966042344	0	0	0	0
0.25701569977077554	0	0	0	0
0.054398113079066945	0	0	0	0
0.6658739542536267	0	0	0	0
-1.2539119148406783	0	0	0	0
0.8467242741044743	0	0	0	0
-0.7442147667419263	0	0	0	0
0.11086679221874363	0	0	0	0
-0.0806755859492796	0	0	0	0
0.18398404850067607	0	0	0	0
0.4437612167206808	0	0	0	0
