-0.024599793894324762	0.297087104737102	4.027593866639819	-0.37524174818143763	16781.517152400505
-0.07604412413085981	1.5519104634271628	12.672177758394128	-2.0213712524292475	16781.4255815645
1.459499305655413	2.887301028701181	-6.227569829025242	-7.248303278119778	16779.802659180037
-2.3908466633697145	-2.5986928342138924	-0.660356788411832	-15.824217973489453	16781.265325249016
1.9906842987688194	-5.023222031621131	20.3080525153012	-5.240554376680137	16781.514222923684
-1.4201389406847866	-2.3034484076276556	4.325363569217998	-30.98754784105722	16779.431645116514
0.4134259457996876	-10.41984039779004	4.411519513590136	5.652849428996689	16708.877594784964
-0.2776469242688009	-1.3865740384664775	-5.118177830850968	10.340749716164595	16863.61778887576
1.5080528197268563	-1.672270239760529	5.231372446527374	7.4141874040227265	16878.347753698657
-1.3959394290793696	-0.8975339341579129	-6.404698954561951	7.018535959024504	16743.728504740688
-0.4278428700090515	-0.6209539897306797	11.751342242937326	38.25597609558611	16663.530156713226
0.37953997408120443	0.3600610737192653	-5.1106948555076315	-14.23824991345586	16699.45563776745
0.9848756573852597	-6.085835803381357	4.967957075749112	0.9905059007940196	16692.326915308917
-1.4962545239471865	3.952636143100115	7.732300946010511	8.4471929563163	16921.41555018253
1.38540984760359	-2.428627380799689	-10.29153450602675	0.12850464212212387	16923.70557847537
-1.7938584609837065	2.325324935954974	-0.1420896096489912	-36.44601794791765	16832.894450027572
1.9844199243413811	-6.630797173696301	-8.235910987655132	52.49292563613527	16837.69716973929
-0.9923129473256083	-1.7894389670078041	-15.120802272627259	-22.245229902731438	16764.177337360718
-0.2935614197542762	1.746255589921212	18.995752489938837	10.891923106748692	16926.340608802242
1.3367064736248722	-3.127647048288104	-14.985177608136851	-3.141758509443335	17031.913471503394
-1.9749447474627573	-3.7951674134245437	0.49733441331326844	-4.8339604563761895	16878.83916210979
2.1770306312237935	-4.855532527737971	15.7544159948487	-13.605100611752405	16827.54197437514
-2.7675012650011226	-3.4513391694262694	-1.4518032254033955	6.223610745829376	16766.17634544702
2.5936069021351145	4.063110093156766	-14.143229816284304	-34.87578072474676	16676.712462551972
-0.3525233958445142	-9.272350986009783	10.480623219411086	13.59925052378891	16915.395661266983
-1.5485581006238078	5.894074493920058	-5.797875616016782	-2.232145163471344	16859.918560626167
2.287568726793843	1.1184166160291937	-5.749134232432823	-27.59705580039281	16669.12926103316
-1.6011010873838813	-0.1644801180127331	-4.401791296779976	-2.9903750219700953	16655.778979873867
0.42102359785162236	7.498744980826949	-12.017775638563634	-10.764351722984543	16583.95005455853
0.40968871775922366	-4.041364906820277	24.24371976827493	6.785893109175149	16501.744345809613
-0.8438667872555641	-4.513938737516263	-7.203773948216551	-39.40589104314901	16744.024353836678
1.7816005521741616	-4.900668035112382	6.881396276394696	66.04191752079171	16710.554766319714
-2.44075584653055	3.841363583737177	-7.009474400574959	-17.2629332732606	16293.578458626887
3.2637190782592924	0.28464859047436164	2.6764508951595616	-15.131623159614591	16080.453687876354
-3.6896150037876083	-5.5312714914116725	-9.486421704278442	-14.997732769328522	16410.35642334362
2.5903509843069514	2.9202816838579224	4.017580192595972	-0.5221452352460005	16664.268142395784
-1.154237194183267	-2.5510570814161895	-7.356342684702341	23.11069266932205	17054.673068429423
0.30667813134334665	-13.88548146903323	13.411383878578732	2.8884173358623855	17137.515207486722
0.1759082930374234	10.684150984985635	6.936352293646507	0	0
-0.10456432906578783	-6.0997606260982735	-26.37538291987977	0	0
-0.2565341967383574	2.2068681915323154	16.220417454373532	0	0
0.8559440021880036	-6.319514318726611	-22.850528946233553	0	0
-2.048726030400914	7.918284772852928	8.394095406534959	0	0
1.6926403745311092	-9.567144955718248	-1.8469880303619277	0	0
0.3753182332905993	3.8375121524740337	16.973426063000858	0	0
-1.5512512096101432	5.757765909709029	-9.560217649800435	0	0
0.570446997537708	-6.698178996576345	0.9587183186921493	0	0
0.5880136982565247	-0.33017097721369737	-5.434324124287258	0	0
-1.2360601309070844	6.8499111507786665	-1.3318830776414359	0	0
0.35719179625683495	1.6552807635503157	0.641062294216951	0	0
0.8048810214960298	-3.557642578274262	-8.702570435462462	0	0
-0.8926741274911265	7.854091046643667	22.439604505701	0	0
0.40340620661925186	-2.223216783094635	14.215243373181607	0	0
-0.6018575966024997	0.36687486761208277	-5.82545850936809	0	0
1.6156511453338425	-1.2856845892972402	-23.17908125286148	0	0
-2.0164553768895885	7.337567717767271	3.0981466202179746	0	0
0.9610779755377479	-7.839257497231031	-0.45175281113810684	0	0
0.0005717535966667242	3.031645894626564	-42.06295810528955	0	0
-0.30252807949670313	-1.292746622912162	4.915309648141459	0	0
1.0941133328996742	1.3931712325563765	8.296322495588285	0	0
-2.0391906661648918	3.046636693996639	-19.72171568453662	0	0
1.9042576323306974	-1.1557488945040433	16.153571055308845	0	0
-0.8769655677266144	4.429711938936649	1.395925575552809	0	0
1.0380309035832411	2.8103316133362526	-9.122052357773484	0	0
-1.4385251359775992	6.910784571851536	12.419930853430273	0	0
1.7115976426258115	6.478794792883868	-9.258915914998795	0	0
-3.003102732121839	-5.4438712396643325	-0.911750340157468	0	0
3.717353301291922	-6.507217484843146	3.092067028653048	0	0
-3.460242250848424	-2.4224845403279573	3.671715016425523	0	0
1.8529763203278264	2.622870230913044	-10.896441638241186	0	0
0.2671216424828202	0.015050937210702386	0	0	0
-0.9105474050507425	4.507635581293243	0	0	0
-0.84369329797088	-1.1640199088455319	0	0	0
2.0638691083799117	-2.0030322471700117	0	0	0
-1.4526376234260212	-1.9345949467331351	0	0	0
-0.145607030356949	-0.6180578687190419	0	0	0
0.9499252313325357	-1.3291029821403129	0	0	0
0.06241989563709183	8.938465891144546	0	0	0
0.43642668055168343	-5.502852374159723	0	0	0
-2.4244859220624235	2.541075785769884	0	0	0
2.513128348698203	1.5825603348888677	0	0	0
-0.6352436746120418	1.8532589837004707	0	0	0
-0.1699585452773178	-4.163403273634032	0	0	0
0.4092567008475214	3.094192478353264	0	0	0
-1.3851224383502938	-3.8128826222759287	0	0	0
2.5672980248955923	4.255025350108923	0	0	0
-2.5741125400520346	-0.3158434602902602	0	0	0
2.1545579164104893	0.06575679682858038	0	0	0
-1.0059271901960898	-3.877881303234247	0	0	0
-0.3999759317418281	-3.6069986651243156	0	0	0
0.4257169627257227	3.6348903841831373	0	0	0
0.7683722685398635	-7.11122949799131	0	0	0
-1.670218783589533	5.2861742209366795	0	0	0
1.7333274778140577	-3.7495617721088053	0	0	0
-0.8439338665803859	-1.908358160795828	0	0	0
-0.5471001554086783	-0.7473797025664624	0	0	0
1.8669969044405264	0.2124498457669759	0	0	0
-2.5435859810613053	0.6120316926939182	0	0	0
1.9278711790870346	-5.783433512608013	0	0	0
0.13145667896876745	12.467733542558328	0	0	0
-1.5247714079101158	-10.89513747084326	0	0	0
1.4171970777482343	5.659177057010268	0	0	0
-1.007596883900824	-1.8663133514939219	0	0	0
0.8059882421669258	0.26161937967609106	0	0	0
-0.42892174616876133	-4.519486689633311	0	0	0
-0.5374674191960906	1.7324518710473953	0	0	0
1.1462297135426311	2.382125905737695	0	0	0
-0.9537049314086872	1.217965756961	0	0	0
1.870988823629233	-9.36733452418786	0	0	0
-2.3191917801204482	8.461840322972108	0	0	0
0.9070397428814587	18.121424316993696	0	0	0
0.6217370941335929	-6.83067328020968	0	0	0
-1.2545004957571777	6.464892980029333	0	0	0
1.8179133056498742	14.323653557404782	0	0	0
-2.4933672607260107	-0.9418821254029339	0	0	0
2.278004208907177	4.266879295937585	0	0	0
-2.070840965264985	-4.440966797163284	0	0	0
2.3789905239074827	1.9808373598918152	0	0	0
-2.9518511135697025	0.015141502543329466	0	0	0
3.5800956182310273	1.253702739693594	0	0	0
-3.8569507007884027	-7.971898061729689	0	0	0
3.4005275605335257	6.062826760349282	0	0	0
-2.3479122981256424	-7.223947561972267	0	0	0
1.3125485079493373	1.4690065949120026	0	0	0
-1.0946291333672278	5.45681403539443	0	0	0
1.1855866874513552	1.1758434960121846	0	0	0
-0.8208513407240758	1.9745019224786873	0	0	0
-0.19696423342110592	-1.268105262197416	0	0	0
1.433793731717948	5.675479226397975	0	0	0
-3.2864314198652025	1.6305669572524053	0	0	0
3.8988099757522647	-3.3758388118138356	0	0	0
-3.0028195526530226	-4.5900155782262	0	0	0
1.3137576419101649	1.0970374032162766	0	0	0
-0.14176761204282684	0	0	0	0
-0.8027472945919456	0	0	0	0
0.8306316401188738	0	0	0	0
-0.7197196794158955	0	0	0	0
0.1261313088556335	0	0	0	0
0.06735782790836709	0	0	0	0
0.19321393888726135	0	0	0	0
0.26319999386512904	0	0	0	0
-1.1721194172935157	0	0	0	0
1.4742884907983367	0	0	0	0
-2.3543727763878834	0	0	0	0
3.1965444569791046	0	0	0	0
-2.010994894043641	0	0	0	0
0.9998782736608263	0	0	0	0
-0.6606760444529272	0	0	0	0
0.4453661544789398	0	0	0	0
-1.1675574211922566	0	0	0	0
1.1569233008861843	0	0	0	0
0.08710163966964757	0	0	0	0
0.2796335419304796	0	0	0	0
-1.247918654773656	0	0	0	0
1.1698269081147359	0	0	0	0
-0.2131729869104717	0	0	0	0
-0.7930150645556466	0	0	0	0
-0.32182134193041634	0	0	0	0
1.2478731561065572	0	0	0	0
-0.99064163158328	0	0	0	0
0.37387285604206255	0	0	0	0
-0.3179364378548968	0	0	0	0
-0.08085715765950141	0	0	0	0
0.4118029575426476	0	0	0	0
-0.29514978441685	0	0	0	0
0.2049936444181526	0	0	0	0
-0.6952082288540495	0	0	0	0
-0.06525173847152388	0	0	0	0
1.7868223859506784	0	0	0	0
-2.9241650316321284	0	0	0	0
2.7248407288661127	0	0	0	0
-2.8383218469332903	0	0	0	0
2.6310823300776462	0	0	0	0
-2.1658204012583937	0	0	0	0
1.0708186961177049	0	0	0	0
0.48151526540137013	0	0	0	0
-2.0925317579224014	0	0	0	0
2.7572720442271077	0	0	0	0
-2.647942184173928	0	0	0	0
2.9980258345885034	0	0	0	0
-4.493494511985432	0	0	0	0
4.797604759478453	0	0	0	0
-2.979869142052017	0	0	0	0
0.5549432590376142	0	0	0	0
0.9159404997548677	0	0	0	0
-1.2922105373049604	0	0	0	0
1.1953388604170954	0	0	0	0
-1.0487784071988742	0	0	0	0
0.46115231042874427	0	0	0	0
-0.316175922337564	0	0	0	0
0.5484255285916291	0	0	0	0
-1.2211438720916945	0	0	0	0
2.350661789157172	0	0	0	0
-2.469092972752101	0	0	0	0
0.9699520088435349	0	0	0	0
1.1147294851347596	0	0	0	0
-0.47534497907997064	0	0	0	0
-0.4173326594169495	0	0	0	0
-0.8613849574917083	0	0	0	0
1.3358268466224104	0	0	0	0
-0.029905675222870798	0	0	0	0
0.025204504025360563	0	0	0	0
-0.945917091936586	0	0	0	0
0.6236022861734796	0	0	0	0
0.12313050223326627	0	0	0	0
-0.42474094397342554	0	0	0	0
0.11066418937837597	0	0	0	0
0.8628890501188167	0	0	0	0
-1.6582406148959095	0	0	0	0
1.1545765971900508	0	0	0	0
-0.11761981117866327	0	0	0	0
0.18449240797431798	0	0	0	0
0.20728706849417478	0	0	0	0
-2.2741428673135573	0	0	0	0
3.277978284741714	0	0	0	0
-2.3883931797319846	0	0	0	0
1.6219781643029592	0	0	0	0
-2.1678144122889336	0	0	0	0
5.237380612985888	0	0	0	0
-7.02648088434735	0	0	0	0
5.07607012836192	0	0	0	0
-3.6538950873748774	0	0	0	0
2.365942496670165	0	0	0	0
0.7101277943239594	0	0	0	0
-2.1788749318712917	0	0	0	0
0.3637852472798784	0	0	0	0
1.183577205571396	0	0	0	0
-1.6008519210866936	0	0	0	0
2.239569350990024	0	0	0	0
-2.3886631477198463	0	0	0	0
1.9831934625858239	0	0	0	0
-0.37513639240407315	0	0	0	0
-0.6800639784219129	0	0	0	0
-0.0342952887157324	0	0	0	0
0.6076360793629476	0	0	0	0
-0.8091081882255011	0	0	0	0
1.7205023672788329	0	0	0	0
-1.9258895937460352	0	0	0	0
0.536669059420646	0	0	0	0
0.15293489385233983	0	0	0	0
0.11510622500845358	0	0	0	0
0.1460329020621174	0	0	0	0
-1.3038835719449082	0	0	0	0
2.434959586511411	0	0	0	0
-3.2470453303458413	0	0	0	0
2.907762862122418	0	0	0	0
-2.2893262588140644	0	0	0	0
2.083431892509296	0	0	0	0
-2.0480432210114614	0	0	0	0
1.9403202244958564	0	0	0	0
-1.3552194866863303	0	0	0	0
0.8260216971488674	0	0	0	0
-1.1554610740141484	0	0	0	0
1.5113657969898568	0	0	0	0
-1.3950321216757047	0	0	0	0
0.4870158383364469	0	0	0	0
0.13465184084162019	0	0	0	0
-0.4666079636436251	0	0	0	0
1.3513760791680127	0	0	0	0
