1.0093671869936998	-9.878805719412554	20.225194017585324	-1.0111465751232487	16565.055096820615
-0.043705059211681885	-27.956728573346425	65.51992900131214	-5.242519962762671	16569.109189681323
-3.4973236635780722	30.220657242356786	-5.577413564530119	-15.85663122890817	16555.423309671754
-0.3957521491253857	-6.181363216627453	-15.787307546910156	6.182315424948811	16567.26672739377
2.066526741817704	3.4361551249619993	-13.891414349756445	2.6239249281993438	16559.42528208669
-1.689257819060181	2.6153453949473757	-25.80395470993048	3.9336538626359214	16586.641834801318
1.964929475923185	-9.031442094179113	4.121968051069828	1.293244529843463	16636.298706246525
-2.29137254784694	6.897124028438554	2.5565104080083927	0.6947276022480509	16700.30567627383
3.515755352201168	-38.52731546854352	-24.362530162796617	-28.7606107293107	16828.424835688365
-4.437229744822524	31.83993654780886	-1.0458032420339265	-1.8806296956705069	16934.850752876948
2.1981129466945504	13.511932685699811	1.8420927191436647	9.693295705745683	17164.88257255253
2.4189678893985445	28.162700969222186	-29.937548583676573	32.04612210274834	17332.83015963342
-5.151128664311351	11.338528909427836	-10.465353625688678	-33.51313508577843	17365.263793877377
5.857184088860635	-45.376774876778214	15.810104993646547	23.063171988231773	17391.936165746414
-10.769507291216286	-17.143301739110314	14.353098029731555	-1.9755086299016682	17373.52844224774
18.06769361607472	-13.158397933741085	-34.259941209214944	-4.890019499652539	17301.164732920377
-18.32997018846571	-15.008077363237469	7.144892825645073	-5.563638773260209	17248.152733828552
11.781718496814058	-7.798184985292977	3.71104997020403	38.914293698220206	17179.355830836183
-6.00218730731229	39.469304423531845	-12.841823328605102	-14.060754340498676	17178.94135377834
1.3458421143273043	-13.040559646829294	-36.79467037853006	11.982502723892964	17178.6132340602
3.2414738040410427	-26.91036296985842	19.75443258123107	4.26371839854113	17221.412767929614
-7.973487098972342	-14.046138234268817	12.930020419995657	11.164043053721628	17268.745352441343
12.78860671490343	-8.330180828294253	10.222373252384969	-2.025116559055732	17294.0406344196
-12.956545715172162	-15.284524522152338	24.286384604302015	12.990483578756852	17311.966738017727
6.934584788528433	-6.2566178987073116	-4.06409400335815	-17.312663357301147	17282.880032474066
-1.09941999938723	-4.539460827096164	-15.98118535957839	7.204141627830268	17275.252396164462
-1.435913007004622	15.661138489179734	-13.097517885582107	8.235621478459734	17322.27246015044
2.4376234894457056	28.82852159964274	-2.3476222388213444	-19.736043884059285	17274.57714018535
-2.6889498927581315	7.671154035747904	30.207531038538022	9.310819934952377	17205.01655728383
0.8613435823692583	-16.123421245692285	4.807926721378891	-13.803478283607717	17143.23364737071
0.5422464853268849	-5.097162939319205	-17.694860795460755	-21.910144712470867	17064.651193510766
1.9517276005069917	6.866545973794132	0.7569479640835226	117.64052947082374	17050.43065072072
-7.333446104537487	7.1156484370213064	-1.198046797533209	-5.23893597032243	17002.266357152912
11.005937668321835	2.6223387522985036	-14.788416744194748	-23.286646248703278	16777.05184439256
-9.098728192509235	15.781253198807804	-17.83791501891372	-20.99898293208507	16324.429074533677
4.800943122080739	-5.048227598322612	9.668106556372905	5.307687169561319	16346.508977026751
-3.6119671227531853	-3.111156461066088	13.59700898700902	21.88962784127183	16425.64550924299
4.226877431843143	4.7266005506422175	-12.475997995978844	23.66608102311939	16381.068894838178
-5.771496091000934	-16.97521027728081	-6.49835023944901	0	0
8.722018747649251	-22.97346694112011	2.2114429773513393	0	0
-9.122639622723042	-13.111817332706067	7.273157292910668	0	0
4.919955392469312	-0.9828400891934166	-24.040842939157855	0	0
0.11232754349884999	13.095623017436225	-14.28513823691054	0	0
-1.6534972573628295	-34.672403938693904	-32.385274092820794	0	0
0.5859158981715069	-6.077839347200793	8.324821720587693	0	0
1.4247547047024511	-1.2321767964680816	-10.671761537254511	0	0
-3.4232180123765374	22.93478203587523	-32.34140224898108	0	0
3.0929359182677842	0.48631495937219427	14.48956627573699	0	0
-3.039750638849199	-9.871649839514461	12.451356995139236	0	0
6.531769682839105	16.028942046815686	-9.010425769497445	0	0
-8.534811034496968	-23.096189210682127	-4.6029175868712855	0	0
7.426516554889233	-1.1955524725619142	-3.918583299360165	0	0
-3.5723927895188154	-20.452360457239806	17.631267742402116	0	0
-3.639857624543147	8.484856418635644	-0.28834660803502743	0	0
10.188025592764696	-1.2306031416022734	-2.5987166946559626	0	0
-10.459729465051325	16.713691533900985	14.2320495036778	0	0
6.013838843851566	22.7236637814502	-5.818978930005528	0	0
-1.4439665748975514	-22.94083640153687	6.091404666332835	0	0
-1.5278297229049684	26.37222212637458	-62.57249781090566	0	0
2.6919768880272343	9.291468916239893	-3.2490119390710674	0	0
-2.2136499311240385	4.5293707301255495	-26.181428888957583	0	0
1.6840057185978168	-8.367703386195942	14.92484707712103	0	0
-2.332219478454313	6.609077502864736	-26.365616448644573	0	0
3.834697755226692	-25.008894915882024	35.281577944760244	0	0
-5.464170412584714	-5.011732665201379	20.19377275376968	0	0
4.937146397526156	-10.296095309890774	6.811358086818473	0	0
-1.3338557536941522	-3.825789112717743	-0.7578206243137942	0	0
-1.9591680776088438	12.89801269348257	-1.0071120548094825	0	0
3.1896963851479896	-9.999100073512025	-11.73696963736296	0	0
-4.757181767571225	9.93020273467829	-32.06931293238824	0	0
5.537762262334809	-17.443082366222754	0	0	0
-2.7288130853916215	-2.6451665899617325	0	0	0
1.0990454797601998	-3.687436965057614	0	0	0
-2.118491077246439	10.267938963593181	0	0	0
3.864936617627535	-3.742038508418659	0	0	0
-6.1442068603116695	6.01682604319862	0	0	0
7.907800090067639	-17.340990495893607	0	0	0
-6.568897888969111	-3.7513605962915193	0	0	0
3.9110261944401827	-1.2492764304767263	0	0	0
-2.815119295568728	11.473734793157078	0	0	0
2.205211374897033	12.88841827197632	0	0	0
-2.170745144900991	12.989443740300146	0	0	0
5.568909445773528	7.005371867883923	0	0	0
-8.791194183510292	1.3469801886706705	0	0	0
5.957119780179809	-6.408281105696915	0	0	0
2.6624261205171464	5.294651048457752	0	0	0
-11.66661849230941	12.733178095645798	0	0	0
15.99208361045958	8.630667929789482	0	0	0
-17.991397662337754	-1.018974306917002	0	0	0
18.123123176879098	-1.2176557726064487	0	0	0
-13.83584456779495	-35.9011983205377	0	0	0
6.807080943256572	6.464515657709384	0	0	0
-0.9928795537949995	6.735200147113062	0	0	0
-0.4394158707641509	-22.03624461408772	0	0	0
-2.680444194352738	-10.999969294206565	0	0	0
7.279405772077702	-5.566065254634381	0	0	0
-7.421625259810703	13.334738719120026	0	0	0
3.116944053925927	-14.285098679429623	0	0	0
0.04230700427690692	25.063785023444822	0	0	0
-0.38795258141193045	-5.715179642827806	0	0	0
1.7296554550642114	27.301210744027287	0	0	0
-3.9217680815695033	-0.28326279859527403	0	0	0
3.6511381841432495	-35.81790658134794	0	0	0
-2.1113820971450323	-1.2938055763806915	0	0	0
2.3913379319825765	-8.448497390806999	0	0	0
-1.8523194334308997	31.10039874780084	0	0	0
-0.6355599548217015	-10.270101937614648	0	0	0
2.683679872373979	42.6671784247889	0	0	0
-4.175778279829387	-13.474774388751271	0	0	0
4.438235794794835	2.413602097571925	0	0	0
-1.9320775490018178	-2.35310798931728	0	0	0
-0.3291617256742114	16.064567669401285	0	0	0
-2.7569561022324507	-4.508159959268092	0	0	0
7.825029882780832	-21.207394418048267	0	0	0
-8.029421899130085	-22.776912171933787	0	0	0
5.160877401618592	25.434816150742286	0	0	0
-2.078041924388714	-5.231150205726749	0	0	0
-0.5917509199823243	-3.527532647673567	0	0	0
1.614620178561097	-46.12284694605364	0	0	0
0.061852401444376426	9.31603949580326	0	0	0
-2.4870794040563737	17.48919878040107	0	0	0
2.718103156628949	-18.738806468232966	0	0	0
0.8519497353973122	31.081200181972555	0	0	0
-4.152032778571005	19.321386387914266	0	0	0
4.127892680163811	16.27415479881308	0	0	0
-2.258989471903753	-5.146338678743909	0	0	0
1.9349888942467715	-3.8002548065907007	0	0	0
-2.5510089764748685	20.56384065175301	0	0	0
1.8783581500062638	-36.513091590850955	0	0	0
-0.9247307338471202	-15.283219967229932	0	0	0
-0.5500074039509428	32.859705119619484	0	0	0
3.463739391105854	19.35816331051911	0	0	0
-4.095301464967363	-28.504726565860423	0	0	0
2.3612665371083708	0	0	0	0
-1.0923757156760416	0	0	0	0
-0.6676134009673831	0	0	0	0
5.106404092502963	0	0	0	0
-8.598417204030106	0	0	0	0
8.914715783378455	0	0	0	0
-8.743645287025494	0	0	0	0
9.302035521879418	0	0	0	0
-9.61501995626741	0	0	0	0
8.25089768230145	0	0	0	0
-4.63382621386048	0	0	0	0
2.4647854603717434	0	0	0	0
-3.5944896900630496	0	0	0	0
5.107614911193224	0	0	0	0
-7.177772100412348	0	0	0	0
10.95315745993836	0	0	0	0
-13.457737564856792	0	0	0	0
11.956383268551399	0	0	0	0
-7.993850110204825	0	0	0	0
3.885023855762981	0	0	0	0
-0.1330978644189642	0	0	0	0
-3.1292049816459695	0	0	0	0
4.102412397003199	0	0	0	0
-3.672114902722413	0	0	0	0
1.6819170202348488	0	0	0	0
0.32828431905110733	0	0	0	0
0.9029646699669129	0	0	0	0
-3.435332786630724	0	0	0	0
2.7345847612944922	0	0	0	0
-0.5571337095179132	0	0	0	0
0.7391278319717856	0	0	0	0
-1.2474816282785213	0	0	0	0
-1.6970539448070525	0	0	0	0
4.869216141265049	0	0	0	0
-3.477773841022561	0	0	0	0
0.8867956071599536	0	0	0	0
-0.17690658628728073	0	0	0	0
-0.6726193433265237	0	0	0	0
1.9126828241772529	0	0	0	0
-2.2645300333720613	0	0	0	0
1.781756482613865	0	0	0	0
-0.6234024833786762	0	0	0	0
-1.1282076617093608	0	0	0	0
4.206792954353666	0	0	0	0
-7.10055255464119	0	0	0	0
5.198560488918247	0	0	0	0
2.283060609320266	0	0	0	0
-7.475904113822175	0	0	0	0
6.364189794097868	0	0	0	0
-3.0388815550005006	0	0	0	0
1.067420259918535	0	0	0	0
-2.153097759274445	0	0	0	0
6.830074105251676	0	0	0	0
-10.702556239880721	0	0	0	0
10.808438943824555	0	0	0	0
-9.816081932886746	0	0	0	0
6.6035493730350225	0	0	0	0
1.1378950179029346	0	0	0	0
-8.092366470492863	0	0	0	0
9.66388054642799	0	0	0	0
-9.908774048591482	0	0	0	0
11.958202516905189	0	0	0	0
-11.89457928564503	0	0	0	0
8.361830034795148	0	0	0	0
-5.176182741593756	0	0	0	0
5.648740524947591	0	0	0	0
-9.639286792277744	0	0	0	0
13.320132744094828	0	0	0	0
-10.504287916086042	0	0	0	0
1.976695415266299	0	0	0	0
5.60503201231473	0	0	0	0
-8.516598383867944	0	0	0	0
9.80359793729334	0	0	0	0
-12.577854465056802	0	0	0	0
12.86943112375252	0	0	0	0
-9.2637393276298	0	0	0	0
6.666698738960356	0	0	0	0
-9.191248737348253	0	0	0	0
12.650058547380247	0	0	0	0
-9.03871342493435	0	0	0	0
2.030839673508936	0	0	0	0
1.6748640806439994	0	0	0	0
-2.901893860584252	0	0	0	0
3.6301767775334426	0	0	0	0
-3.61052190313994	0	0	0	0
2.6501995635337323	0	0	0	0
-1.0084440832198425	0	0	0	0
1.0531893442179197	0	0	0	0
-1.724868295124395	0	0	0	0
1.2115970829758922	0	0	0	0
1.0269303553963454	0	0	0	0
-3.121996050234941	0	0	0	0
1.769775297473295	0	0	0	0
-0.30864788288695877	0	0	0	0
2.2036245596845063	0	0	0	0
0.4966041218255768	0	0	0	0
-9.504719937672476	0	0	0	0
16.125216807984252	0	0	0	0
-16.302335211810245	0	0	0	0
15.13623423022323	0	0	0	0
-15.524738768727296	0	0	0	0
10.924096636998804	0	0	0	0
-2.1640487375035917	0	0	0	0
-3.4143015890732187	0	0	0	0
4.932397037937193	0	0	0	0
-0.7994805278578809	0	0	0	0
-4.315904233705808	0	0	0	0
2.946369048376006	0	0	0	0
-0.19867662239352057	0	0	0	0
-0.08003720455081975	0	0	0	0
1.715019183297656	0	0	0	0
-4.232033029099533	0	0	0	0
6.1105021145536185	0	0	0	0
-6.617125969863359	0	0	0	0
2.460141398376763	0	0	0	0
4.126256487430993	0	0	0	0
-6.369587497444769	0	0	0	0
6.2488179099773475	0	0	0	0
-9.983906185676744	0	0	0	0
15.412601280812936	0	0	0	0
-16.863864483469975	0	0	0	0
12.41669422158104	0	0	0	0
-4.361759216253837	0	0	0	0
-0.033789887752604386	0	0	0	0
2.9616471491797753	0	0	0	0
-8.981179896170438	0	0	0	0
