0.052885018068153045	-0.795147744037557	-2.041665271456708	0.29690446127629855	16863.515221074376
0.19873433811935115	-2.8992625971177617	-6.372247033339562	1.2633265486937972	16863.567104888538
-1.5444823494875806	-1.613585657456241	2.778091613056418	2.6325263528175356	16864.38226551387
1.6868091344437985	2.391871576925695	2.0716116510956937	2.3418721405930967	16863.59846417437
-0.5904739376700903	-0.7100427837559167	-2.9750135793131847	-1.5775517715066627	16864.138259914664
0.46215714446361034	2.7606819350921583	2.209476942904203	-4.195490620483611	16861.867224535596
-0.24802572953840496	1.826091775753902	-1.6581847623504444	-0.8768516297204343	16866.06389894907
-0.3498841439815479	-1.2690485022903317	-4.861860926224864	0.7152963496382938	16873.244440542454
0.5503561147398202	0.0947707040907062	2.871497279346798	-1.0961160768160738	16873.988068584422
-0.39341263077395183	0.016019704440715543	-1.6707867648255075	-2.2636224000944196	16875.52828875065
1.0834841395382426	-0.04790583753886324	1.567617323609781	0.0003499103833206618	16876.17836407157
-1.0769614935030134	1.3503890848744575	-1.1019338952135342	1.1595863394008745	16875.339263451366
0.08035219449521946	-2.5344302478556244	0.01406298407781037	3.9050021496883716	16878.278458498102
0.9849064196818418	-2.4477942857408763	0.8443564431654522	1.5724986010949067	16880.458101193646
-0.99684275347051	2.164213379994898	0.24389817309821638	1.6153445434716076	16881.08597286008
1.0035745061154628	-2.8852662084587664	-2.5064353223872757	3.076461121102838	16881.797174023533
-0.7867530894923505	-1.4086649437535428	3.574036819416804	0.18128965407616704	16888.470840970316
-0.1737618289006022	-0.36208621190797174	-0.1791378058574793	1.1087859037798182	16891.39843923553
0.6861195142501231	-2.2074145610598777	-2.173227144820544	0.42445322966496235	16891.225291506926
-0.28603734483470333	-3.740937424336863	0.5333768979880631	1.5706063864271158	16893.485107504835
0.07114709723030188	1.4177989764703156	1.1660815618080278	-1.6019770557783488	16892.301165219076
-1.1151419827133893	-1.2927597286215473	2.6647733608240003	-1.6320836593082646	16895.25387485235
1.5585350246420901	2.1607910438986764	1.4862505799904682	-3.952954328138702	16891.30050986595
-0.9890478088040595	0.9024805247714411	2.716026704659768	1.388407924014757	16892.830460575948
0.813527824689686	-1.241487855531922	-0.4178440116203035	-1.3824932823252425	16891.452022837188
-0.7955293969484956	3.6121763838971006	-3.1032690086671124	1.3103795944263368	16891.268681235928
0.5649077242811273	0.01545388398155012	2.7299569799756824	0.7831625372220685	16891.883188814925
-0.8821979354844984	-1.9252612632624064	0.40562811668711163	-0.8917960685216286	16892.974828035098
1.208326750730535	0.9960331256474788	-0.4658420157466878	0.7209565239254374	16892.216713796915
-0.3774327320496269	-0.9690772224570665	0.5612627970442929	-2.2133931228975854	16890.81263718247
-0.5904767182743811	0.3584728188016655	0.7169748284073876	-3.250469152359045	16889.04000879283
0.19362098199095357	0.5512358672618447	1.8678592105522398	0.2150384879645202	16889.514073801947
0.448845765634708	-1.1768599285462926	-0.5069810265308945	0.5962014583416106	16888.334312337236
-0.45502102170674164	0.29157635356460787	3.5311200062709105	-2.854693621797182	16888.035868273582
0.8325517690934845	3.383251521629049	-6.968214275438669	-0.015947326225301595	16882.476771166985
-0.6631359368404688	-1.6929407606124585	-3.2175691174905268	0.04047351692682355	16885.784879879004
-0.5927440041775327	0.5973109122366793	2.66026115439783	0.8433391038137472	16886.381643634246
1.7504660286423857	4.410406950214181	-1.420440426212906	2.439996761588418	16883.964937333352
-1.1000903889527578	0.16471507515022665	-2.396989445245225	0	0
0.5146790826629726	-0.3921913843646152	-0.4465842718709183	0	0
-0.631759082013545	-1.640806296285561	2.5182547809325655	0	0
0.2987122019484758	-0.5666005159549385	-2.4381891082677214	0	0
0.25232955925402223	2.0592967181876816	-1.9724763132094978	0	0
-0.6102729013196679	0.11939956610756042	-1.829357023712916	0	0
1.0444273718762176	-0.33365092952975317	5.275203484979642	0	0
-1.482609575351276	-0.32300188303862143	-2.69349140791995	0	0
0.9342212567170307	1.026447971855923	-0.08545063604211123	0	0
0.23112897865176762	0.837334793684704	-5.401670699064141	0	0
-0.3944873195135443	-0.21906440715970632	1.8746619490905374	0	0
-0.03396767995908334	-2.8025909558177133	0.5872032361289428	0	0
-0.02614310996010971	-0.11210430327503929	-0.2207351177899568	0	0
0.21908725809114316	1.2338825608353972	1.334644890451628	0	0
-0.40901067846356653	-2.8913738160891	0.34093260746000453	0	0
0.3299081689743417	-1.845373992164511	0.7560681645030343	0	0
-0.47869551345799977	0.6392764426287272	-2.6711774110711985	0	0
-0.16541726672636514	0.8095832455975298	3.1532160986609625	0	0
0.8319983344611686	0.7511353953603788	0.04669701175022567	0	0
-0.13898938329416666	-1.1621653055633274	-1.089581604111217	0	0
-0.6973494705134087	2.6798943793729677	-1.797969652210071	0	0
0.40962630739458916	0.43236048391544557	-3.1098909369274566	0	0
-0.20042032574604463	-2.5072286175206244	0.39198743633475885	0	0
0.3911403461716887	-2.5106227712808717	-1.9257205881055768	0	0
0.06428953948329763	1.1251242407235154	2.793200601246852	0	0
-0.3130282440108161	0.9014047379186465	0.36857624261205046	0	0
-0.23040041014811408	1.1089772602348162	1.1675386002758472	0	0
0.38439376775530576	1.1491598269734737	2.692447909606514	0	0
0.299782315681675	-0.503909538927914	-0.9411568295698203	0	0
-0.15467058895892905	1.951518807611265	0.3270475101729602	0	0
-0.7359811152585394	-2.8312266288097803	-3.043635745540243	0	0
1.0494511778873203	0.8420472246534985	-0.4411651904069629	0	0
-1.1292696443645909	1.8585403829817722	0	0	0
1.4217208084676045	-0.8293299302768773	0	0	0
-1.5044038718262982	-1.4354490636611033	0	0	0
0.7627687736056075	4.525645602043099	0	0	0
-0.6935933048538914	-3.2714426648683315	0	0	0
0.6663192548114978	-2.103872407169895	0	0	0
0.7221174097223724	1.2832352050514118	0	0	0
-1.6286573658021197	-2.112390126424728	0	0	0
1.167162492371105	2.1714348383137576	0	0	0
-1.096969385857065	-0.7708203114173173	0	0	0
1.2936343507535781	-3.563856037198626	0	0	0
-0.8553342559980592	1.8374552033349545	0	0	0
0.5048636882103281	1.4906513657153724	0	0	0
-1.078912609551665	-2.6146060590487608	0	0	0
1.129584104442145	-2.4346892406434293	0	0	0
0.12997431835877649	2.706458365911132	0	0	0
-0.9275343639956048	-1.6270658120071744	0	0	0
0.6510078120983067	1.1517067636452794	0	0	0
-0.5310186011933666	-1.6910574492910229	0	0	0
0.7249677220422228	2.22040669344225	0	0	0
-0.18226118437115701	1.491847443454816	0	0	0
0.05433637139383052	0.5455882129852228	0	0	0
-0.6323149731915265	-0.09939240980517638	0	0	0
0.30347504457810004	-0.5557133769364384	0	0	0
0.37453101931999555	0.24238951101004602	0	0	0
-0.009291691686385661	2.5919924332006232	0	0	0
-0.7772742552722463	-3.4523684533086865	0	0	0
0.7397455576156347	1.4514761188853527	0	0	0
-0.9453204742774872	0.04072504051504211	0	0	0
0.9507697841633629	-4.004647203332304	0	0	0
-0.16575561294581576	-1.3039658934408962	0	0	0
-0.32449014218580885	2.51851447167369	0	0	0
-0.10726091391808268	-2.286355745696575	0	0	0
1.0090678889928313	-1.764841059863528	0	0	0
-0.8645523204838668	-0.07506021100899574	0	0	0
0.8656528821582725	1.2941357028493883	0	0	0
-1.2775826101324554	3.4654306037237603	0	0	0
0.8633663690009996	0.8427093388619653	0	0	0
-0.3108937569879018	-0.813227108570814	0	0	0
0.2277985364436148	-0.2959022445921704	0	0	0
0.19461607700821304	-0.46999967405872667	0	0	0
-1.01311833557466	-2.3704798781507037	0	0	0
0.9778741412264225	0.06735207619011874	0	0	0
-0.1713151444660994	-1.269771914958774	0	0	0
0.34973873092638286	1.5138659783931985	0	0	0
-1.1869110203654216	0.1921590584065811	0	0	0
1.2878274347753162	0.6872355273780713	0	0	0
-1.1921250733492244	1.7772986245232616	0	0	0
1.2074610315466572	-2.3786087097543884	0	0	0
-0.48189784245266054	-1.299248535841194	0	0	0
-0.5941069839640036	-0.2214996071178561	0	0	0
0.8946930866470382	-0.2794044445424788	0	0	0
-0.44121468830487487	-5.088628829609135	0	0	0
0.20008139373922518	1.2013150008665292	0	0	0
0.4926792515536107	-0.2755650807716563	0	0	0
-1.048260177208384	1.107574731159879	0	0	0
0.7998933517527504	-0.012514511610298484	0	0	0
-0.24688777336253054	0.5682247699888876	0	0	0
0.5310503948695171	-0.30437313163727	0	0	0
-0.9808447175983872	0.3153565318456586	0	0	0
0.935233445228242	-0.3061034606304318	0	0	0
-0.7943724494537321	0.25232099586710177	0	0	0
1.2089754354823299	-0.8328687471925846	0	0	0
-1.2254071480535345	0	0	0	0
0.74615656714235	0	0	0	0
-0.06035796083477862	0	0	0	0
-0.297930364382772	0	0	0	0
0.5574388690477505	0	0	0	0
-0.43724490368236957	0	0	0	0
-0.13861720901361707	0	0	0	0
-0.22215030953210402	0	0	0	0
0.8778445166050517	0	0	0	0
-1.06064815395478	0	0	0	0
1.0038431368900333	0	0	0	0
-0.7108316043267209	0	0	0	0
-0.24690540258042404	0	0	0	0
1.2922496431810515	0	0	0	0
-0.3953338674022788	0	0	0	0
-0.356240986967606	0	0	0	0
-0.02744428755523387	0	0	0	0
0.776002475025642	0	0	0	0
-0.7999488890359672	0	0	0	0
0.6506640702678368	0	0	0	0
-0.14488485929049943	0	0	0	0
-0.49499437097595234	0	0	0	0
0.370482662167845	0	0	0	0
0.5168358349334454	0	0	0	0
-1.2529188826720556	0	0	0	0
0.7603103084636658	0	0	0	0
-0.34457758135537375	0	0	0	0
0.31044738999325006	0	0	0	0
-0.12968888673628953	0	0	0	0
0.43985330233958564	0	0	0	0
-1.2295497581922135	0	0	0	0
1.3344136655460588	0	0	0	0
-1.138156620921933	0	0	0	0
1.1420161939525357	0	0	0	0
-1.3027426962782087	0	0	0	0
1.0711651450353514	0	0	0	0
-0.696176288653966	0	0	0	0
0.5305553859507839	0	0	0	0
-0.35621088273651935	0	0	0	0
0.4997502620862804	0	0	0	0
-0.9359872519814161	0	0	0	0
0.6700767499730986	0	0	0	0
0.5802155261334079	0	0	0	0
-1.3358325490016583	0	0	0	0
0.4624345604044322	0	0	0	0
0.2970916905953942	0	0	0	0
-0.273171629408516	0	0	0	0
0.2742952346115146	0	0	0	0
-0.4742218444983024	0	0	0	0
0.39331678493117295	0	0	0	0
-0.1652749179303683	0	0	0	0
0.3231323447450123	0	0	0	0
0.38686981952427857	0	0	0	0
-1.3446724872140337	0	0	0	0
1.0404366418824083	0	0	0	0
0.24298402794575935	0	0	0	0
-0.8480509167106192	0	0	0	0
0.7147194177763438	0	0	0	0
-0.18257222671566353	0	0	0	0
-0.6173357328476072	0	0	0	0
1.030480316771353	0	0	0	0
-0.304782619114107	0	0	0	0
-0.3885943222271493	0	0	0	0
0.14656399597351566	0	0	0	0
0.09993071126273634	0	0	0	0
-0.010327802368671257	0	0	0	0
0.0712587089157708	0	0	0	0
-0.16402145718787864	0	0	0	0
-0.33746448481893054	0	0	0	0
0.41393188519637647	0	0	0	0
0.10793199181014046	0	0	0	0
0.10582703782462488	0	0	0	0
-0.6486865909304385	0	0	0	0
0.15929579024059848	0	0	0	0
0.9243504188866751	0	0	0	0
-1.3959263773123425	0	0	0	0
1.7197262804333135	0	0	0	0
-1.8466936857559588	0	0	0	0
1.0519297050920997	0	0	0	0
-0.46270489858870434	0	0	0	0
0.5584088996434744	0	0	0	0
-0.7445095268386623	0	0	0	0
0.25128877592054977	0	0	0	0
0.11127537931317733	0	0	0	0
0.7810255900651768	0	0	0	0
-1.084601370266654	0	0	0	0
1.0177767295621791	0	0	0	0
-1.571662219874213	0	0	0	0
1.6734213863474992	0	0	0	0
-1.2022480429417683	0	0	0	0
1.2575569248796867	0	0	0	0
-1.7705717165867867	0	0	0	0
1.39145703241347	0	0	0	0
-0.3089370894961476	0	0	0	0
-0.093568738476975	0	0	0	0
0.07320830340673012	0	0	0	0
-0.7005227537744858	0	0	0	0
0.7328932223682116	0	0	0	0
0.09291720961165595	0	0	0	0
0.08427426549864947	0	0	0	0
-0.4957578649823873	0	0	0	0
0.14799916621679188	0	0	0	0
0.28732344183222125	0	0	0	0
-0.25765404050321905	0	0	0	0
0.5414500945651355	0	0	0	0
-1.096799222722261	0	0	0	0
0.6943277609469121	0	0	0	0
0.11278020060423444	0	0	0	0
-0.009401978524266497	0	0	0	0
-0.46394669188082105	0	0	0	0
0.6658661750581842	0	0	0	0
-0.9323766296746641	0	0	0	0
1.0038456441305286	0	0	0	0
-0.3510485014093092	0	0	0	0
-0.23036829044510654	0	0	0	0
-0.08266305402431584	0	0	0	0
0.44626259703829163	0	0	0	0
-0.6584645228073498	0	0	0	0
0.7854310395115505	0	0	0	0
-0.6390756106410507	0	0	0	0
-0.1590510683740476	0	0	0	0
0.4816474933846493	0	0	0	0
0.011805561277860477	0	0	0	0
0.040671222668287044	0	0	0	0
-0.1687687829961959	0	0	0	0
-0.3954895774103946	0	0	0	0
