-0.18152174841487323	5.370075143440282	0.45198013119170355	-0.6030971742766127	16703.42085276325
-1.4284053842564504	17.382855941692604	0.8088963550799235	-1.5932855936971464	16704.36779120761
2.273890587723031	-3.7516200056526756	-1.063320058046699	12.901734971537522	16705.542016758467
-0.8467660158614194	-19.085539816297533	-21.16103869180789	36.50708136997392	16703.221652827662
-3.422475548224952	12.369048329076698	19.97848602683473	-6.55179122184812	16704.64312091277
6.192643339591299	-7.364164122136508	1.1050812029641008	45.488495517739054	16706.065723163054
-4.635079549927475	-2.6897080387698935	9.493970862122055	-18.797927426057157	16936.004529420705
2.466717521661174	4.065772630971097	20.102868083837166	37.34263333506351	16790.108290586442
-1.3150754170479289	3.0902583362756104	-55.659033932189345	-61.89775448533085	16775.544415188946
0.9207805292668851	-10.25209575735417	63.222002343876696	79.05519524589432	16826.467628090562
-0.9148707365555566	-9.539336594408518	-31.040469121220312	-50.61566065978775	16711.096644340418
0.25875737650402897	17.028520351838807	32.88407560148215	26.086638602236064	16937.530704537352
0.04619181250409099	-1.0246938324994872	-9.675686628855019	-14.87736783090719	17215.501316135564
0.9749020642961241	-4.8102626439607405	10.39189199908094	-6.056550552970975	17273.29556896297
-1.5805592931540744	-31.05486701154492	-7.705759967366802	-7.663097561153762	17345.988493522054
1.561634405907725	28.937715356428434	9.04348627576482	-32.44245091340528	17122.54842444613
-2.5335957402441593	5.3867956053289205	-16.856543864710886	19.301959529948036	16949.345997867928
5.2604707353223645	-21.32764606348279	39.24686932178814	8.964380345165765	17042.22641551908
-9.555108460269572	10.108296076591941	-52.87275566836499	30.59946526685576	16790.27136239033
10.362088559199911	-5.5025670743217105	31.107009718867758	-42.11656422192968	16648.347020438065
-6.693982423416841	11.949007022627583	-16.423497515040268	14.457455040312354	16815.794100265233
4.409130067710137	-5.752559222637515	20.848929138289762	24.44436124850928	16946.65879072283
-3.2673535173105392	5.361412805521155	-52.33534818621857	9.606608501695291	16918.128691482667
2.040454689379793	-4.117671125458415	-18.21360747991733	3.4157218223255796	16673.928334917076
-0.27378793743705643	6.975969434237079	7.376598973347598	12.550840650093477	16709.41037903541
-3.2311207110109805	-15.174827792734533	0.43007449551326715	3.6112544928308523	16659.204889783206
2.3652471476891748	3.9112911828001415	21.978669986513083	-6.5840887499581555	16428.656944401504
2.6526848674848793	-12.4652269995454	-47.56451216989299	2.945359204658857	16862.143425943872
-2.656124269055468	23.315662043351658	3.7849371802809912	-33.02033162489833	16808.094565910324
-0.4389336649953677	-10.14683666389103	14.632847341458572	65.10523153144605	16990.097444627798
3.349482291529327	4.601197344586616	-6.558568562313198	-78.13445334107057	16949.37806892511
-6.734153201481725	-5.535795659917071	-14.248249962180552	11.41121386444695	16973.90461852888
5.411445604826746	-7.071694386423175	1.0040937434900457	-4.880859362235498	16831.14369744314
-0.642650296066229	-12.220732370082928	27.29502772579974	51.294422870710704	16798.649382968182
-1.6098552982405678	-0.5063561286003875	-16.245960836800123	-8.196442234526742	16982.747847810275
1.6194600957926895	2.0395844866507815	11.478723579800558	-0.2643365325888851	16823.061323804886
-1.6859932638919872	-0.8149164500461694	21.311220857212433	-1.7963553549314213	16845.93887051138
2.2103803614537654	-8.967172155606718	14.688461883352304	-54.27727578146552	16854.017249041804
-1.220673561114964	16.55557245957307	-4.3071787193392765	0	0
-1.6106923430783624	1.959833239192946	-18.76418619146574	0	0
2.2634412296750313	-1.8528724545277697	27.496191634154215	0	0
-1.7440080095396553	0.03157655004909543	-9.385316277312299	0	0
2.6002183253104505	11.377282355012355	-0.8772069968165255	0	0
-4.058763388634873	6.115530517112319	-4.904617367861974	0	0
4.811732563236646	-8.488272745016019	4.9030426532391544	0	0
-5.229799115951074	10.992841083154914	-17.392952098534906	0	0
6.526821156811124	-12.520336030918244	26.101636806671095	0	0
-8.028870563511205	6.960986928912952	-4.263589581607974	0	0
7.110055167743958	1.7199989687034076	11.893260583731973	0	0
-3.3460650686426447	3.309013333300726	27.690959783050474	0	0
0.7988480084200518	-1.0692468593035755	-3.6506064514466345	0	0
1.621106913326983	-9.071907526091088	-10.106461545921874	0	0
-5.425260578459898	10.652052253118406	15.909930680169097	0	0
6.891878077214486	-7.069660581830817	1.6411310128167145	0	0
-3.7417858906652555	2.3287606012987254	6.829270799597182	0	0
-0.5099084435390182	-13.995392997369862	20.847021822521285	0	0
1.5072583292590878	-4.881396721050486	-16.414281523596756	0	0
-0.5292870417517861	8.480919786346995	-13.050935947377042	0	0
-0.15691936456342148	-18.390156188023063	12.408599018250527	0	0
-0.7314951154298726	-6.488542138803297	-19.967374971113443	0	0
1.7205940160325355	9.408825651065072	9.83666058901008	0	0
-0.2858005384537705	-2.4810261976459955	-11.902656429644722	0	0
-0.6180899397504263	1.8545368254752645	18.213192971571928	0	0
-1.1323162583267816	-4.486731695261163	19.959657031788055	0	0
1.0960414307246467	7.665774820263891	-10.817904162018564	0	0
-1.1865197945919803	-8.959594728757004	8.687881430765728	0	0
1.9066232507606315	15.154614648559509	-2.0647248269691545	0	0
0.3547737911558215	10.387652510807705	0.45394597282441396	0	0
-2.153532726959206	10.359560238544915	-8.501847293681521	0	0
1.81632573334322	-6.52304357330808	10.305186586080609	0	0
-1.0401872081875752	-12.019381534709403	0	0	0
0.9273760275524197	-14.081740214802188	0	0	0
-1.8874424301580248	14.199381579600242	0	0	0
2.423566714950475	-0.47814055148638346	0	0	0
-0.8662829499063278	1.5220590642680207	0	0	0
-1.0650395247267568	3.688794012529584	0	0	0
2.490554682357434	-6.626123399729941	0	0	0
-1.1661583155793593	11.108871082371586	0	0	0
-0.39785885532577936	-8.440380170726819	0	0	0
1.0269367562551892	-10.464505519199783	0	0	0
-1.947136557381775	6.696995735875866	0	0	0
0.5782912985510791	-23.88264208053196	0	0	0
2.0666484380759442	-2.555012969968871	0	0	0
-1.055607640418927	-4.605742046241851	0	0	0
-1.019441801704808	-1.206860602197139	0	0	0
0.31370283580230307	2.253608875190686	0	0	0
-0.179577535952248	25.24279372430447	0	0	0
2.1027464271886416	-6.233753429776392	0	0	0
-2.210799726257555	15.707981129782958	0	0	0
-0.048561716286982914	-7.576410072664423	0	0	0
1.0459782528450816	-3.07134922832401	0	0	0
-0.5461125127941244	-3.35951186451031	0	0	0
0.912803238445349	4.157668333031957	0	0	0
-2.2286908287035203	-0.36125228952048616	0	0	0
2.1026558265234883	4.896290496983852	0	0	0
-1.143296474741014	-1.1702595003539216	0	0	0
0.36609214180148086	-2.313713835046542	0	0	0
1.7487579509542854	-7.589250547473647	0	0	0
-3.1980952233044135	17.877491585955354	0	0	0
4.125141415502924	-6.866524726464348	0	0	0
-5.663550547819646	-2.93143682577967	0	0	0
3.517490020385466	-2.932260365641021	0	0	0
0.6871804525364809	-14.14333727300285	0	0	0
-2.114089438406438	0.46767340036251426	0	0	0
1.5213454310997818	0.45120285382080283	0	0	0
-1.9832418963660672	-3.4782719453379514	0	0	0
3.8514981555510133	6.653268852458311	0	0	0
-5.475917208249875	-0.620073378520793	0	0	0
5.009247429333541	-6.57991169714186	0	0	0
-1.5981593791213342	-2.0399902720982084	0	0	0
-1.7658381671515428	-0.9833440037570895	0	0	0
1.3920364701126502	14.650005417006653	0	0	0
1.4666076713611602	-19.213388654263	0	0	0
-4.0822799272096475	16.001602876832315	0	0	0
4.413281658074013	-5.771166578478585	0	0	0
-1.7727815160392026	-8.561514648055045	0	0	0
-1.186339662857847	1.6213576907152856	0	0	0
1.578856587530531	3.2810531982562807	0	0	0
0.5378798323727807	-2.478637965648957	0	0	0
-1.1108400799420863	8.342292404791003	0	0	0
0.02264178121120608	4.874463795308792	0	0	0
0.03870553792026499	-1.176210837882671	0	0	0
0.2267489909512861	6.457306490796711	0	0	0
-0.6956105226330109	-16.59487137526542	0	0	0
0.9944006718171892	6.694944902146339	0	0	0
-0.08427573148687628	-6.144516720862512	0	0	0
-0.2274628755846848	-0.8712562996563022	0	0	0
-0.7048797300520775	-11.463991992238995	0	0	0
-0.6753465984304796	-1.8189137572543999	0	0	0
3.272468900771358	12.781220654471376	0	0	0
-4.168864716192267	-16.559831507932223	0	0	0
3.484524154989174	11.16376980831523	0	0	0
-1.8825663227027434	8.56985643542481	0	0	0
0.7304327056116051	0	0	0	0
1.487846304736756	0	0	0	0
-5.985912575783054	0	0	0	0
9.384857489312495	0	0	0	0
-8.234352372012594	0	0	0	0
4.902174695738523	0	0	0	0
-1.808361725487238	0	0	0	0
-2.327538583508087	0	0	0	0
6.454205656147032	0	0	0	0
-6.5486552587478	0	0	0	0
2.3340610146970064	0	0	0	0
1.538621598132238	0	0	0	0
-1.95763737668927	0	0	0	0
0.8348289357723502	0	0	0	0
0.3472081845344448	0	0	0	0
-1.001969464113678	0	0	0	0
0.4445052671581351	0	0	0	0
-1.481931246709344	0	0	0	0
3.9486867926467326	0	0	0	0
-3.869013827806853	0	0	0	0
1.6986666832761728	0	0	0	0
-0.0174341504050588	0	0	0	0
-1.5786581517122826	0	0	0	0
1.930574926811758	0	0	0	0
-0.9739581648612372	0	0	0	0
0.42335007986580564	0	0	0	0
0.5667580337010065	0	0	0	0
-4.14900833628802	0	0	0	0
8.094440377150036	0	0	0	0
-7.872354602976451	0	0	0	0
4.676176134751692	0	0	0	0
-1.7646757536786168	0	0	0	0
-0.5869574580467543	0	0	0	0
1.6587708676866484	0	0	0	0
-0.9687115602724532	0	0	0	0
-0.9915416827525334	0	0	0	0
1.8453824421663398	0	0	0	0
0.23992027160389284	0	0	0	0
-2.2717565564008737	0	0	0	0
0.9138674756608154	0	0	0	0
0.27196426147736474	0	0	0	0
0.9871053843112847	0	0	0	0
-2.2576561486620577	0	0	0	0
1.5828171820675152	0	0	0	0
0.7637172152320204	0	0	0	0
-2.9114994999908888	0	0	0	0
2.321422997875459	0	0	0	0
-0.48703140978109616	0	0	0	0
-1.3327064554825725	0	0	0	0
2.812646880682962	0	0	0	0
-4.4293525203798225	0	0	0	0
4.996694258114587	0	0	0	0
-3.5508185989817775	0	0	0	0
2.536745205933883	0	0	0	0
-5.309259254513783	0	0	0	0
8.554958433864755	0	0	0	0
-7.322942652767232	0	0	0	0
4.426649800075957	0	0	0	0
-2.4656048549963785	0	0	0	0
-0.9912391237066842	0	0	0	0
4.208756600096045	0	0	0	0
-3.2198007124570864	0	0	0	0
0.6075363549699802	0	0	0	0
0.028360897986473788	0	0	0	0
-0.3361337869232912	0	0	0	0
0.46464947406170864	0	0	0	0
-0.5237088997044239	0	0	0	0
1.2943800655568083	0	0	0	0
-1.130093098065565	0	0	0	0
-1.7825949470116953	0	0	0	0
3.4695125413072674	0	0	0	0
-2.8986767677327094	0	0	0	0
1.6071144305899168	0	0	0	0
0.26962635590935946	0	0	0	0
-2.145671991107619	0	0	0	0
2.6730818119745123	0	0	0	0
-1.4533489698669797	0	0	0	0
0.35167326312949854	0	0	0	0
-1.5227577144875184	0	0	0	0
3.1058581496382587	0	0	0	0
-1.841178159936483	0	0	0	0
-0.08729668272659552	0	0	0	0
0.5787577354916635	0	0	0	0
-0.8288260455954699	0	0	0	0
1.0936785209563027	0	0	0	0
-1.4017481333843023	0	0	0	0
1.089565375072624	0	0	0	0
1.3574005962810247	0	0	0	0
-4.0701860026458405	0	0	0	0
2.812481329800157	0	0	0	0
0.9406688661239215	0	0	0	0
-0.9148898028789816	0	0	0	0
-2.0467121307229377	0	0	0	0
3.8510252449136857	0	0	0	0
-2.4996315405838985	0	0	0	0
-0.2793779925226616	0	0	0	0
0.4426481039031529	0	0	0	0
0.9202124392994122	0	0	0	0
-2.061792605319809	0	0	0	0
3.1638210696444418	0	0	0	0
-2.3942866156027236	0	0	0	0
0.40154258775279317	0	0	0	0
1.2265543330399495	0	0	0	0
-1.1843198027930484	0	0	0	0
-0.5372987993431906	0	0	0	0
2.457379519264208	0	0	0	0
-2.4028445842392046	0	0	0	0
1.334658012157341	0	0	0	0
0.1050142638385978	0	0	0	0
-0.012685323136196303	0	0	0	0
-1.7247070565816713	0	0	0	0
0.6919754956205466	0	0	0	0
4.591690282111905	0	0	0	0
-6.9687704129367845	0	0	0	0
5.11850283756295	0	0	0	0
-2.8169606217199785	0	0	0	0
0.06365533802054557	0	0	0	0
2.6874738953637234	0	0	0	0
-4.658389261671232	0	0	0	0
4.849653379760078	0	0	0	0
-2.88712172089852	0	0	0	0
-0.49479620563645454	0	0	0	0
1.1570114802143863	0	0	0	0
-0.18765891703557713	0	0	0	0
-1.1127663135516102	0	0	0	0
1.7645567210554702	0	0	0	0
