-0.39978187323926306	0.23543589160605194	-15.307688552583812	1.5181981753754457	16833.076529123035
0.810217607619137	-1.9009031461411396	-48.37511910392608	7.215462407171785	16833.15844119856
-2.1971035933998166	-15.63434382248655	17.856332889657054	24.353631500668158	16841.09504733197
4.514388162807151	3.9025645005254574	8.137634074461303	10.921901041158023	16832.30472673735
-3.5044146405274574	-7.032708343262961	-7.817043668552827	-28.392960615443513	16842.55591295392
3.4335245450303162	16.290555363693677	-7.214023440863173	2.939529271360925	16808.594054808975
-6.288575303860512	-5.838913179646575	-6.125746194827158	-2.5440315332370176	16806.918404237524
8.584926001486664	-1.0162235048795907	-0.0791769790777721	0.6468534145974871	16767.419994866374
-7.042299440831535	14.773621178692139	7.588338617903531	-16.300157095295674	16755.096220114094
4.571556830074464	-13.68000970330332	16.42760134848713	13.035019398766039	16752.37244461652
-3.2850391850519784	2.28727721454252	-21.768885357906683	-42.54999494259937	16760.29551094285
3.467390958817674	-6.877943488307423	-2.148533121130882	37.56164843527816	16895.617582154784
-4.232934221608012	-30.977548418153	14.87886281679424	-13.347694350862113	16869.31955732788
3.5439271454927095	9.373904415027205	9.359405919041052	4.411046152387897	16982.118562551503
-0.8133076025191954	1.7289626973986074	7.026602624419269	2.6568395983664033	17024.844154662307
-1.5530941176937674	-1.4578034922601901	9.883316917088678	2.1856104182050444	17018.30684712056
0.31393509070246495	2.5320486145133927	-0.35423416969628363	7.759766931182881	16990.572823762588
2.8183787283939097	3.4261296968999133	4.248886741474365	-22.034373759781985	16888.28627881257
-3.207892793561321	8.479591728212235	-6.632624017294063	28.348987404713895	16828.126658341345
1.7798166393629842	-6.751262330338754	20.092873186553035	-2.612774441032613	16870.211248888147
-0.5059540031757592	1.4925207943226653	-10.489340532878884	-6.1507829807125205	16944.716306104117
0.28212685243622815	-4.145869185447253	1.4800459582718446	-7.7657660588068325	16943.033564878027
-3.2801335327573327	-12.084232485349041	-0.6535411619172322	19.026247914194045	16933.011302649567
7.969302707960125	11.075872328273213	-2.5909626589110104	3.8317389282405685	16871.302139231673
-10.000709709430865	7.341724322676377	6.217174283325747	-24.328003414706842	16932.394375256517
8.535480387963382	10.229280370641497	-6.149351052759286	18.75927405508405	16959.681433374775
-5.633792633452103	8.042252627222041	-4.5135456384615225	-12.61768151424235	16915.099314511976
3.570646593412185	4.525833401579298	6.291849802292816	2.675893386133211	16893.09304714336
-1.4140696292459225	-2.153863647208709	-3.3928302551182554	-7.119010534671844	16918.010431501767
1.1635650251893992	8.434050845250638	12.732818384369168	-20.574905272664154	16881.864505103353
-2.227455498976987	-19.34566630928599	8.068520560363922	5.310343308706507	16834.838972712172
3.0080720902382794	2.529498774803997	-12.757459679105239	27.01272156867448	16810.400724169318
-2.4330354293243843	-12.12248925184661	-0.9864438666194388	51.687433343469124	16740.371298216756
0.21810525211843412	2.439463769341998	3.8295422437854825	-48.759836417738484	16775.30340370716
3.0737445840320206	9.282175786639101	-3.350051070776999	-6.828459549216575	16738.341141020643
-5.022081964095776	-0.4251270101620719	-3.158520376251758	-2.559898758984616	16789.364795271755
6.04704595818388	8.821940474354449	-0.4099010830757095	24.16857947428862	17024.92709476855
-6.3515020834220195	-6.969587850559989	0.22851957755625563	25.73921217791377	17081.151770375513
5.935769943545523	-1.337421769740672	-5.489810365316686	0	0
-5.331419806273516	17.841922889133087	12.556713981670967	0	0
3.948999258302365	-0.43675259883951156	1.3102083378143732	0	0
0.4865917068510939	0.13911969689876003	-8.413101596362864	0	0
-5.313042076344203	-10.542958423018007	-11.95445069932093	0	0
6.629751576226518	-15.031668921075202	-3.1654855100437516	0	0
-6.013249617936658	4.092710298481855	9.061966020471473	0	0
6.044973933374877	0.7020154355429398	-18.887322968808277	0	0
-5.436010685237029	-3.2183231904507466	-3.260701883092267	0	0
3.324224579417532	-11.636565411939458	-11.251313679765957	0	0
-1.0903936793426112	2.388564908255269	-6.996668318506778	0	0
-0.17788039648242915	-15.066306898507335	1.3809351380883328	0	0
0.8773412631225312	3.2359221781782352	-18.13974023054672	0	0
-1.4187499032193287	1.0304952442468363	-10.672132156477574	0	0
2.2916140954548183	-0.4236329862139385	9.249168817367618	0	0
-4.0077102918969345	3.698051822111694	-2.7561215794408014	0	0
6.033736137850482	4.140707165599849	-6.83300874567945	0	0
-8.153713553999943	14.435883532957313	4.736983478101564	0	0
10.993128106004832	8.727090183805316	0.3292872260697095	0	0
-11.93471138780611	3.738735207101726	2.2262472326418106	0	0
7.740327900586557	-5.844102215424719	-19.023241528626727	0	0
-2.5261033305329192	-3.9102169447818014	4.52923605070751	0	0
1.4927538898584416	21.593278290581132	33.446738047893675	0	0
-0.5816216072690636	-0.9103481413315961	32.73805281154881	0	0
-3.0215509275700967	-14.543357785146114	-32.05435502919639	0	0
5.83739540374178	4.436805235832331	5.135155273756169	0	0
-6.099670603909907	9.643170589866685	35.339635555184216	0	0
4.673395825999208	3.482824366016871	-25.80107306619267	0	0
-0.8050419550518768	-7.163535344813056	4.797417953130122	0	0
-3.4551621651282787	17.251374033910345	0.20432599815069352	0	0
5.633722111480168	-2.933781413510694	14.63458697894886	0	0
-4.4770217025513475	2.961760518013591	-41.05998126758965	0	0
3.7854493545868593	-2.94998194522357	0	0	0
-4.0345433867750415	6.832020365421592	0	0	0
2.40405104411888	-18.887270285563716	0	0	0
0.3918578656660472	-1.0772995265763399	0	0	0
-1.6045910432917836	5.334295403324994	0	0	0
0.5309091872936307	-4.550918079481406	0	0	0
2.0463472169626087	-5.743772500331254	0	0	0
-5.57509189641393	-16.703630354647018	0	0	0
7.6956364693512	-0.1809653140858174	0	0	0
-6.601161363081275	13.872589295194594	0	0	0
6.36845980248814	14.323704110811008	0	0	0
-7.924755713955641	-7.202395893232627	0	0	0
7.83008960301926	-12.695304535078968	0	0	0
-4.725278940453315	-0.5410407095992582	0	0	0
0.7774848927759095	-2.212328946222584	0	0	0
1.637354854069585	-5.989723832648792	0	0	0
-1.7784811965621685	-8.620072159945764	0	0	0
-0.2875479749838732	1.1957281032399791	0	0	0
3.8866520700632705	-15.279808182377558	0	0	0
-6.090330198923766	-17.92718025451679	0	0	0
6.824852074856835	-17.510643274182826	0	0	0
-8.13892138790802	7.0909004104116065	0	0	0
8.38845900164253	-7.461813620631219	0	0	0
-7.028731510865548	14.48574621297837	0	0	0
7.790519837287576	0.6117853158554425	0	0	0
-9.029107924166503	11.391084734456022	0	0	0
6.904111441588739	5.284089854440239	0	0	0
-4.447744323902214	-3.761234075940017	0	0	0
4.091000942588948	-1.371871190916707	0	0	0
-4.735575734704263	0.8945029412225125	0	0	0
5.009455079859684	-9.190316035660508	0	0	0
-4.887006419956499	6.944700327862982	0	0	0
5.572820268416173	-12.771992377869118	0	0	0
-6.27926217503996	-8.510467643262764	0	0	0
6.291951406533215	-2.5375564142996865	0	0	0
-6.915758769109196	19.10870800347083	0	0	0
6.690836987626838	-5.49482506484582	0	0	0
-4.87960216106417	-17.206901951875388	0	0	0
4.620337128907586	4.194470613660535	0	0	0
-5.595484401769639	-3.383022081727759	0	0	0
4.960436064153868	-14.927928447080319	0	0	0
-4.899257526493365	8.228702338266373	0	0	0
5.692401631662463	6.959684153168446	0	0	0
-4.202910419038815	2.8577576674347682	0	0	0
0.6077284096430304	-18.133541599382667	0	0	0
2.1769389111885644	-12.093647067231032	0	0	0
-4.592602009958341	24.51376577695187	0	0	0
6.08552167708541	4.033095456151678	0	0	0
-4.3585997447016	11.176111934848812	0	0	0
0.561196981171669	-14.497334142228581	0	0	0
1.9038428463812593	9.439124766089051	0	0	0
-1.1734865789397873	-14.450055424578473	0	0	0
-1.8300028601915699	19.56037920453811	0	0	0
4.9645672247374435	5.588644755500802	0	0	0
-6.757085144819534	7.79283997544843	0	0	0
6.165163164782847	-8.415132327913732	0	0	0
-2.6951305585206313	19.07710546309434	0	0	0
-0.09870155143184434	2.3898589275705717	0	0	0
0.4745858332294759	-5.3809630805953645	0	0	0
-0.2749224289662351	-2.3709653243311664	0	0	0
-0.9155375975865354	5.541069879337243	0	0	0
1.640160674510419	2.82831985353355	0	0	0
0.09408634180998376	-11.736003959354434	0	0	0
-3.120468228193353	0	0	0	0
3.543945053790189	0	0	0	0
-0.9756435130588414	0	0	0	0
-0.48707653529488937	0	0	0	0
-0.46549881833356466	0	0	0	0
-0.9903662298050904	0	0	0	0
2.4513345977993026	0	0	0	0
-1.3090457254977181	0	0	0	0
0.38708013397702956	0	0	0	0
-1.333971881538801	0	0	0	0
2.1258940903861685	0	0	0	0
-1.6406515464131175	0	0	0	0
0.6735037018754042	0	0	0	0
0.27841256374158263	0	0	0	0
-1.755888550872946	0	0	0	0
1.2761212877593593	0	0	0	0
0.5851382779833898	0	0	0	0
-0.7341040667307368	0	0	0	0
-0.47197837849710567	0	0	0	0
0.1177014714420821	0	0	0	0
1.4664765629497296	0	0	0	0
-1.7953190004811006	0	0	0	0
1.558971250641271	0	0	0	0
-1.7922105522936604	0	0	0	0
-0.40982243644241123	0	0	0	0
3.9113295045691743	0	0	0	0
-5.026065420833255	0	0	0	0
4.994730239423262	0	0	0	0
-5.14422737580955	0	0	0	0
3.0627455476184267	0	0	0	0
0.4760167445270511	0	0	0	0
-1.777746361887118	0	0	0	0
0.6037178219570052	0	0	0	0
0.33721119516210507	0	0	0	0
-0.6287198364171331	0	0	0	0
1.0588945126964546	0	0	0	0
-0.07134906604844815	0	0	0	0
-2.196145148283364	0	0	0	0
2.4749176746883776	0	0	0	0
-1.0664771443725698	0	0	0	0
-0.3572439245275447	0	0	0	0
1.0696226816552823	0	0	0	0
0.007682770465684996	0	0	0	0
-2.9439064976151883	0	0	0	0
5.748241716889311	0	0	0	0
-7.512168826825551	0	0	0	0
9.189286606468741	0	0	0	0
-9.29181663333479	0	0	0	0
6.932218284473919	0	0	0	0
-5.027296375628282	0	0	0	0
6.466240847508125	0	0	0	0
-6.5803575638185805	0	0	0	0
3.4611385936989265	0	0	0	0
-1.6514141612930402	0	0	0	0
3.0471821559367385	0	0	0	0
-3.6655166914196187	0	0	0	0
2.5502190754340077	0	0	0	0
-2.1451407326569125	0	0	0	0
2.731377653798603	0	0	0	0
-2.8600735679954994	0	0	0	0
1.5506135296174506	0	0	0	0
-0.5991039816995496	0	0	0	0
-0.2593727473972507	0	0	0	0
1.9402279248175347	0	0	0	0
-3.8272776719868418	0	0	0	0
4.027142308386608	0	0	0	0
-3.36033777327642	0	0	0	0
3.2790083181529965	0	0	0	0
-2.9534243804613	0	0	0	0
2.123978634675275	0	0	0	0
-1.0255209816950028	0	0	0	0
-1.4657650220284566	0	0	0	0
4.388015418638005	0	0	0	0
-5.949044167021526	0	0	0	0
5.986820947046368	0	0	0	0
-4.026884729119956	0	0	0	0
-0.5641958024826295	0	0	0	0
4.5400401021458805	0	0	0	0
-4.231676777419331	0	0	0	0
0.6990825648843	0	0	0	0
1.0046887393865163	0	0	0	0
-1.7892482174514157	0	0	0	0
1.3327777859466252	0	0	0	0
1.6445630937450773	0	0	0	0
-3.0028932300167526	0	0	0	0
0.40798330677568373	0	0	0	0
2.165681670035042	0	0	0	0
-3.162622015457167	0	0	0	0
3.978833492757147	0	0	0	0
-4.584733441536493	0	0	0	0
3.6004646582204245	0	0	0	0
-1.1666155295024652	0	0	0	0
-1.3191799606204242	0	0	0	0
1.8494142100201572	0	0	0	0
0.18101071218670484	0	0	0	0
-4.787093060122174	0	0	0	0
7.301524828834786	0	0	0	0
-4.8835274546858045	0	0	0	0
1.764798164258437	0	0	0	0
-1.2477820248868312	0	0	0	0
2.63177481644459	0	0	0	0
-3.102517607183266	0	0	0	0
0.5319293769394378	0	0	0	0
-0.6434253948788466	0	0	0	0
5.478845403925938	0	0	0	0
-6.879660026508915	0	0	0	0
4.791055505714176	0	0	0	0
-3.9977291864873123	0	0	0	0
2.5578950363486257	0	0	0	0
-0.24081834393597035	0	0	0	0
-1.5163382196352444	0	0	0	0
2.628621647726341	0	0	0	0
-3.4778553656675157	0	0	0	0
3.114919769953758	0	0	0	0
-3.8573603119835056	0	0	0	0
4.1280396850754215	0	0	0	0
-0.6637834214754079	0	0	0	0
-0.3526173430485784	0	0	0	0
-3.3147307727337534	0	0	0	0
5.633120334583154	0	0	0	0
-5.277457213789141	0	0	0	0
3.294079095767735	0	0	0	0
-1.3700088275353295	0	0	0	0
0.0362400080113261	0	0	0	0
0.6412001071746403	0	0	0	0
-1.608806988825208	0	0	0	0
