-0.043441548132094	0.0637457624096811	0.13762146560407018	0.01044978052469503	16689.424498662323
0.35519683828639614	0.16065856012600221	0.3909145583230327	0.1026584914773423	16689.77942794787
0.8734704131901339	-0.6568481670104802	0.7238212495525005	1.1374391202721483	16689.423211971447
-1.077295535502607	-2.881397180734133	-0.38098271193261724	10.369058837606659	16689.924327923134
-0.4951125289646754	5.3463111534090615	-2.109801144209513	-2.585777562577775	16687.670431913888
1.2894365679372655	-5.482363312171536	-4.982600051203832	3.082682790867281	16696.373686333973
0.024882904174830855	4.7019213539761395	6.097349935674728	-15.767143389803266	16688.44726589461
-0.27698788012261133	-5.32911045798771	-9.860168453093394	-2.0961490906779687	16704.57398722585
-1.1525732225104264	3.214796583842208	10.604201963875767	6.61176459151028	16730.514627195185
1.6705860151140541	-2.884164068068472	-6.245145090663883	-17.27526049585552	16738.65735184071
-1.4193209283148391	-3.8320573638537354	-2.182933084716055	-0.44974766271222677	16709.762656727762
1.8864339273134476	-4.265440665648093	4.703006018776364	0.6709375615139948	16700.93230856367
-2.5156989891115273	-4.351660598415677	-7.966344862337337	13.998925520541846	16695.53772207671
2.596145731645926	-0.5476330941576464	6.376394523676751	-9.087127754103875	16721.56410084989
-2.1423314791327144	-2.1869119353016018	-0.756707773105731	7.897325882422848	16780.352734556705
1.5847582931261996	-1.3824833262083729	10.500667487869663	-16.675183396360325	16799.63070054417
-0.7751044191183638	-5.6276939391760905	-1.370602980062472	5.077304148985064	16775.474990447135
0.8654027213531634	-0.28168508921820035	1.779269480817348	0.23807640328485036	16887.193930933172
-1.9828250398543261	-3.6898223861049146	0.7323349756858164	-6.265941644755614	16846.973730971513
2.5133454054859428	-0.6115258833404624	-4.1315611773914185	-25.931518925688124	16797.84821030626
-1.8664233513046895	4.517347310308075	-5.130866540476617	7.124360167812995	16805.555620709074
1.854915381396907	0.36949103637248726	-3.784533093828202	-11.00778952423667	16788.683125114316
-1.8843008057760002	-0.8773903779067496	6.641383149047556	-5.628009365923006	16772.776722096267
1.1088000480606581	-1.4785192608251876	1.5422940007973693	-3.192240834654541	16751.83589740922
-0.1208726160342053	8.309387618625529	6.887319369118856	-8.335523158653714	16796.51041942044
-0.1325508662198871	-0.38244627108284135	6.752044803288015	-11.998864509964491	16814.044856176854
0.46189338868556007	0.14186303635485586	0.5867006165460964	2.7524481098372604	16810.26607582362
-1.7005508452724811	-2.7036586052352547	2.5186079241708654	-0.6099424323139431	16804.414480982115
1.9033534349949974	-1.2008655915266218	-0.7516880585816921	-3.7208285563435624	16800.447088309586
-1.3509228652349208	-3.6469358605166065	-3.9428367224593615	-1.7839165545489521	16775.537378641402
1.2754537519162739	5.257487303089306	-7.429602552703656	-6.0958409607413415	16751.892211733564
-0.6890809587860574	-2.0462135168663167	-3.9751104954842873	3.706388242297791	16750.3144258376
0.13629869969431496	1.901863049516109	2.103877163875495	9.478422616360632	16786.77892849039
-1.1435335539026283	4.368342599962496	-4.966734873640931	-6.133129706503908	16847.651099923576
2.1017944479122264	-3.1064931163521976	6.017595124230169	-5.756310774895738	16926.41408634292
-1.4583370046710584	6.164808524190967	4.019497172144213	3.227648551923835	16946.481715603033
0.5877042551155469	1.448111448005335	-6.963510331310857	7.780541207807914	16902.062906655694
-1.303522468755439	-1.5987780197864794	2.5458485432157545	-1.599627399869675	16858.10636027311
2.309707871726701	7.618185774006257	-4.03232898898807	0	0
-2.298987937605027	4.465537492252437	-2.492729270901293	0	0
2.031192274314982	1.0967309864826476	6.722452189157437	0	0
-1.402675814649463	-1.8492901567526658	3.558523463294236	0	0
-0.05603929897607429	3.6711514660181805	4.4531542022561865	0	0
1.9302255305179088	-1.1112285881529047	7.454611135390721	0	0
-2.435146108270132	4.727059380635062	7.616872648676718	0	0
2.733784251396102	0.8588443472261176	2.8934989535267164	0	0
-2.1861895861324356	1.282031298098211	12.564539085759193	0	0
0.4114133644388005	2.2659385188710957	-19.306034333670482	0	0
1.1224699401910172	2.4931038518817914	3.016291183716177	0	0
-0.723110027095089	-1.4066742784553412	-2.332832320018838	0	0
-0.2135102486147673	-6.760638449521402	-0.6983833350502664	0	0
0.038620609133147354	5.938195284349206	1.532666743223018	0	0
-0.2871271286664765	-7.5198850154004475	6.007774358769765	0	0
1.3640876430864992	4.028251185514094	0.6728611886646831	0	0
-0.7367372699116643	-6.2897390597226135	2.2020000673238798	0	0
-1.4678955492064105	-2.753908952704961	-12.258516844151544	0	0
2.1065587590256456	-3.5548691293043433	-6.791906593692772	0	0
-1.242087860902437	-2.819279188137706	2.8730373970273604	0	0
1.2835219991605058	0.5788287070731428	-6.928490375790616	0	0
-1.0543267806987515	-3.149299910134964	-1.497951201846874	0	0
0.009376901287907913	-1.253538964493771	2.7617879698708663	0	0
0.27658128657110126	-10.039875238665111	1.1513303084193893	0	0
0.10744290760577258	5.209131494591958	-4.897263904594411	0	0
-0.037398187457306165	-7.458818452890071	5.274291339478552	0	0
0.3955306500897393	1.0178844414646377	-5.863709854729251	0	0
-0.9131251442965436	-4.9785773839467495	-1.7734843868867785	0	0
-0.07851165329644516	-1.7962651918119974	1.8731343629963106	0	0
1.4036876808551852	-1.3381383178926072	-1.3742099000633488	0	0
-0.8946191996975372	-6.8355862741359985	4.142649344843562	0	0
-0.8342840198936372	-1.45499731061836	2.7048838326727065	0	0
0.9259496983025528	-12.158642988081837	0	0	0
0.1555902258429498	-3.8640965384919426	0	0	0
-1.7947720388463324	-2.685176982031976	0	0	0
3.2081599486973076	2.319355240006807	0	0	0
-3.9870838144965006	2.5812142849654123	0	0	0
3.318004698262463	-1.4175294949482975	0	0	0
-2.4626994918779133	-0.5298775275320367	0	0	0
1.922247467201018	2.7341439601735686	0	0	0
-1.3648903734946316	0.9371414961570039	0	0	0
1.0687744288933558	-1.5017815502849814	0	0	0
-1.9564954603417135	0.5523977018525557	0	0	0
3.046618729880315	0.4268764565343872	0	0	0
-2.3460023472081915	0.9569310543734133	0	0	0
1.1142386993866111	4.008423865818628	0	0	0
-1.2930188320039022	-2.0230568081071922	0	0	0
2.380293952903301	8.585440709416908	0	0	0
-2.0152472707647107	2.4915960160072856	0	0	0
1.1644262430782106	4.266496308635624	0	0	0
-0.646935351802135	-5.480128987292957	0	0	0
0.13068152235790365	-2.4148969264843245	0	0	0
-0.04865241007655641	-7.650355318070545	0	0	0
0.38224217649715797	-3.606424167726999	0	0	0
0.42190106525087145	-3.3647986617441674	0	0	0
-0.7209316283202654	1.8299039142902487	0	0	0
0.31277299529944713	4.322161097816071	0	0	0
-0.26279177941642473	-6.73901292043827	0	0	0
1.0709683385906459	6.982027516119537	0	0	0
-0.5908051990543726	2.866336720250402	0	0	0
-1.3421236598153214	5.564704005138026	0	0	0
2.414189820873915	-3.3438543656324455	0	0	0
-0.5646150709672639	3.863895150809306	0	0	0
-0.6330906090239878	1.00077929937612	0	0	0
-0.2579371397782708	-3.7030617629622355	0	0	0
0.5463947662692519	7.965548112478629	0	0	0
-0.07812444032391141	-6.488155040139397	0	0	0
0.4891938164938594	5.607768199926852	0	0	0
-1.078330516881124	-1.5703870732760592	0	0	0
1.3323977698733032	1.57169947498857	0	0	0
-1.986923348793816	4.903913501484261	0	0	0
2.2428930720675737	4.434217148120766	0	0	0
-1.3868185016676193	-2.892378307667201	0	0	0
1.669242829417236	4.9078060861572155	0	0	0
-3.384497919659779	2.6428960830878054	0	0	0
2.8770782174811558	-3.15746165227182	0	0	0
-0.4488942368917961	7.787039727120693	0	0	0
-0.2983183566690073	-2.198280445274314	0	0	0
0.13277845619047213	3.8187178001236717	0	0	0
-1.2357752517730916	2.204094363144513	0	0	0
1.7481232026406275	-0.178950806825668	0	0	0
-0.36679297406941913	-1.5327096500367716	0	0	0
-1.5045713189496013	4.630197373420003	0	0	0
2.427213572238209	2.571028434767669	0	0	0
-2.0040458113037545	-3.392962763119293	0	0	0
1.2118268732916562	1.762437292443174	0	0	0
-0.4979049361506469	-6.295695169930639	0	0	0
0.37198292593415516	-3.1863421303433768	0	0	0
-0.21985071283955193	-5.861197201771908	0	0	0
-0.6297361921298048	0.09653664833589204	0	0	0
1.2738143219170297	1.7377331353029817	0	0	0
0.02708157264170552	-2.780678667954696	0	0	0
-1.2569381874122243	3.5389454949905144	0	0	0
0.7506678457841716	-3.273057154366164	0	0	0
0.36030063059003936	2.8607704577834596	0	0	0
0.21536590159232816	0	0	0	0
-0.7243958870626841	0	0	0	0
-1.2606408956396962	0	0	0	0
2.876050034244045	0	0	0	0
-1.4184140003191175	0	0	0	0
-0.5960166061905525	0	0	0	0
3.1589413413074254	0	0	0	0
-5.407640400518915	0	0	0	0
2.6499003803043166	0	0	0	0
1.3254955192802456	0	0	0	0
-1.4087368446575113	0	0	0	0
0.8912768603643215	0	0	0	0
-2.3732328345978004	0	0	0	0
2.8279254506394267	0	0	0	0
-2.3533463152413034	0	0	0	0
2.5528718203989413	0	0	0	0
-2.6266745341136826	0	0	0	0
1.6132631934877395	0	0	0	0
-1.4163947649397883	0	0	0	0
2.5212180729327542	0	0	0	0
-2.1265716671980357	0	0	0	0
0.5946561690137102	0	0	0	0
-0.3524632190206347	0	0	0	0
0.2528672878299858	0	0	0	0
0.895670735912006	0	0	0	0
-1.1796879398155369	0	0	0	0
-0.10999460192054045	0	0	0	0
0.19869181049649853	0	0	0	0
0.9762278337035184	0	0	0	0
-1.230934586419032	0	0	0	0
0.3467412609144276	0	0	0	0
0.361349883789849	0	0	0	0
-0.7984374509525836	0	0	0	0
0.5222853478827574	0	0	0	0
-0.011461467664219072	0	0	0	0
0.17851693863494944	0	0	0	0
-0.7027080715126957	0	0	0	0
0.15167460637540842	0	0	0	0
0.7461076455557532	0	0	0	0
-0.5844913167204169	0	0	0	0
0.39944097032493886	0	0	0	0
-2.6270183517375543	0	0	0	0
2.2622372366307246	0	0	0	0
0.8231401896742412	0	0	0	0
-1.5380818030382173	0	0	0	0
1.195891134180691	0	0	0	0
-1.5201573124840095	0	0	0	0
0.807183279264585	0	0	0	0
-1.278073207161185	0	0	0	0
1.5906469943966286	0	0	0	0
0.38864588001359834	0	0	0	0
-1.7483981572716942	0	0	0	0
1.879742428027349	0	0	0	0
-0.8902008713604985	0	0	0	0
-0.27108250109250065	0	0	0	0
-0.5215739320229957	0	0	0	0
2.1485237870287364	0	0	0	0
-2.3194985403798043	0	0	0	0
1.6059180951586	0	0	0	0
-2.2654644263602535	0	0	0	0
2.5606685258341813	0	0	0	0
-1.4163100372883477	0	0	0	0
0.9773802659440634	0	0	0	0
-1.9929129450626277	0	0	0	0
2.0641167424369797	0	0	0	0
-1.3510336561006113	0	0	0	0
0.6654669640834499	0	0	0	0
0.826698809654566	0	0	0	0
-1.7088743514962417	0	0	0	0
0.7360606844477644	0	0	0	0
0.1794053052850444	0	0	0	0
1.005075706833722	0	0	0	0
-1.353390219285572	0	0	0	0
-1.0206286388590655	0	0	0	0
2.8239202320112113	0	0	0	0
-2.1877924417315455	0	0	0	0
1.1101822949855276	0	0	0	0
-0.7719636388654081	0	0	0	0
0.6543380722798915	0	0	0	0
-0.8845507410579572	0	0	0	0
1.331903830524432	0	0	0	0
-0.42773037030797667	0	0	0	0
-0.6769001780224073	0	0	0	0
0.401200654030923	0	0	0	0
-0.4992727591491217	0	0	0	0
0.8275848131193868	0	0	0	0
0.29874887968754393	0	0	0	0
-1.45835754757249	0	0	0	0
0.8985399059616483	0	0	0	0
0.6094838768223241	0	0	0	0
-0.49134583933155795	0	0	0	0
-0.8648312490513206	0	0	0	0
1.0592101074195739	0	0	0	0
-0.19273641041942113	0	0	0	0
0.31084892478792625	0	0	0	0
-1.0125109000370713	0	0	0	0
0.9290082263748616	0	0	0	0
-0.9919844333215337	0	0	0	0
1.408481404445375	0	0	0	0
-0.8392357063538611	0	0	0	0
0.8854906398440576	0	0	0	0
-2.26082466413137	0	0	0	0
2.8147572428185015	0	0	0	0
-2.4332672204514623	0	0	0	0
2.6619267242169613	0	0	0	0
-2.461852796293819	0	0	0	0
0.9911659776289028	0	0	0	0
-0.4080642904382472	0	0	0	0
1.221397249356933	0	0	0	0
-1.933139832579002	0	0	0	0
2.3216300812792454	0	0	0	0
-2.6568366778017065	0	0	0	0
2.367041931621465	0	0	0	0
-1.4652294913360322	0	0	0	0
0.5183843649095721	0	0	0	0
-0.17938804486745852	0	0	0	0
-0.6756544713958093	0	0	0	0
1.097798435693619	0	0	0	0
0.31517047923949804	0	0	0	0
-1.5359351051986323	0	0	0	0
0.5388427616931395	0	0	0	0
0.6328900414887784	0	0	0	0
-0.18398693466297544	0	0	0	0
0.10291530863249676	0	0	0	0
-0.04202866187143428	0	0	0	0
-0.8369592236837136	0	0	0	0
