-0.16091070536707264	1.4524683822582531	-3.772280273169784	-0.058723550995267715	16669.97576847229
-0.05990418660451269	4.234700980363826	-11.723792900056381	0.9347020859756157	16671.18646789687
2.506543861117869	0.4616104998671844	8.927396183959331	17.132660151801602	16673.2180052974
-3.5219052443056427	0.1945193342201179	-10.445752116388292	31.764038447135988	16669.833911117155
4.838622136218909	-1.7382890660017623	-7.5278617985440235	13.472519536439961	16674.815325454
-5.644209725601399	-2.234460604175105	-17.477664711518997	5.287132388991125	16657.28437853827
4.979531971938528	-9.330351256674504	4.427466194743545	41.56762113649714	16729.02308780938
-3.593195863761359	-2.05915847373803	1.7302785397212403	-13.606275725818364	16747.656845725287
3.0033424237292365	4.716956861369596	-4.407503188432742	25.191305558884153	16882.183158981716
-3.065561340913227	5.311685956630562	-12.645596403694256	-44.67486978753607	17129.583027877678
1.8127134238479812	5.6667318534510756	13.193450392280482	41.39499200959176	17170.197873637564
0.5688928192178082	-2.30921136399855	-20.202064375506623	-28.95731350064463	17098.984641728915
-2.2952600664527694	-1.3804522384107543	15.874674428221184	-7.23020946317763	17192.52479579522
2.617493439791623	-3.9838800725949	-4.843140784740967	30.406096980828607	17330.727954833324
-1.3625204782354956	4.787202912653058	-25.6913630536162	-7.5211152913793455	17389.248289103078
0.9581722277451732	0.4286153104631225	9.844287277596408	7.939017788509005	17348.18477942939
-1.629956684980698	2.6222805929771837	4.148678699287004	-0.4648510762611977	17274.631241485476
1.5811613628256467	7.620771652763892	33.95948212328817	0.6698085705441201	17229.097837029185
-0.007745065289086028	11.525113535973638	-23.25656239178805	18.94737059218869	17180.094317876887
-1.9438410208056922	2.854091793037604	3.2306070568674983	6.700401813238869	17221.75306313672
2.188025428293784	7.446637343049034	-29.533499539420973	2.584591865752401	17478.885178911532
-1.706681547969815	-13.301760036204655	-4.17815107061972	-2.5716355705149	17624.06332836633
2.029646153406148	10.469177449585814	-9.43056721406991	-51.51207331185003	17690.170834876808
-1.7580527560686576	-8.532986466965937	6.269597285311264	-36.98405966739233	17601.36270434326
1.0347443129654863	7.845958441279933	3.8541679975155176	56.881450437669855	17736.92087503266
-1.114851774187997	4.218554292791879	-4.741525588462281	66.56140089472166	17551.153192516293
1.5728397102987088	-7.4071931408645355	5.601230673906599	-15.554808775458554	17700.17434212454
-0.3700701869660392	3.953416642090815	5.42039184712543	23.904184106214274	17473.211466841076
-1.2786881448732288	1.7175562878225321	-19.262783748141032	0.68249922546363	17445.466352275307
0.7878276612879347	-3.736634935412866	0.9717729846752263	-22.28684027823735	17428.971514407887
0.22961434438030892	1.2128032879516866	11.398966761622418	10.422279084607567	17415.32758490825
-0.262717645323697	-1.0329139818455957	-40.290656981921785	17.25409858921398	17421.042476794973
1.6808235644772225	-0.9187894555109182	4.992385303557498	-21.85784628091045	17388.054105258765
-3.6674755930665484	0.06745236590029435	1.2417921354846584	2.382994463367652	17441.761071151745
4.444258326651195	-3.788178827508574	-10.512427179509274	-8.777769627098479	17421.67268409665
-5.08142528802901	19.476159366849387	-3.1005974174244955	3.044266775770467	17457.488546534238
4.719078697904813	-5.16816440707133	25.072233530097776	6.629495557679888	17472.479744280627
-3.983178848492102	-23.0985190737279	-25.541868856851238	3.2459346476022404	17450.13384165518
5.14959371761605	-13.17217123836457	13.145897689814419	0	0
-6.400631971374885	0.22368857604681125	12.070944801841392	0	0
4.926026779118253	6.890144287937048	6.716824458482932	0	0
-2.149098595940039	5.290180926265151	3.6625803213798633	0	0
2.2449174634798297	-11.698594688332065	-8.334381126138766	0	0
-4.336057502256573	-8.203690773291243	-8.024834064312373	0	0
3.5237452618254537	-17.021509379760957	9.915337932618257	0	0
-0.8373290514473339	-1.190556244570331	-10.605419208439983	0	0
0.1493564916614858	-1.3199752104902274	-18.341105779222744	0	0
-0.36501791763308944	0.43002641689200516	-54.2813867964135	0	0
1.0564649422511536	-7.20939295767765	-16.82747392156604	0	0
-4.06971708835011	-7.525810247194045	24.463018010370376	0	0
5.358350800457366	15.47543225122179	-20.891265040101374	0	0
-3.4271800244222277	-1.0758554387252701	14.020444934097014	0	0
1.5805096617871897	-4.4096669864515405	-8.595839211919895	0	0
-2.111177840992241	-4.831673083595817	3.4670386674873157	0	0
2.7274475174690167	-0.18576816145230168	-2.456876710275978	0	0
-2.035843059263449	1.0720619539171423	-4.481112872725035	0	0
1.1518104866105716	-2.1234211294354566	3.3732037367729646	0	0
0.06285008177727036	16.35776843930759	1.927324077354882	0	0
-0.7780417601177874	-15.00035259873286	-2.9447086166499474	0	0
-0.7493570553622675	1.9126800742806012	-3.8042338415514223	0	0
3.4230538933069354	-3.5843337926504404	-13.062294867684301	0	0
-3.437696480595605	6.574505832822396	-13.215396383735452	0	0
1.9319902437377152	-3.4093038935706232	8.270588871999465	0	0
-2.800972826840024	11.06098829352652	-26.541042976323524	0	0
3.94723261952268	0.4150414764244488	2.393361151481159	0	0
-2.225591257231109	7.538541587528556	0.550432514877528	0	0
-1.0500596561975328	-3.2651232929939624	1.6452082218324051	0	0
2.9453011612793745	-8.836016371466926	-1.9261480346067827	0	0
-1.0063743151088431	8.83215493827052	-0.39034190634045274	0	0
-3.3845596606500123	-5.431937549870582	4.737019234162901	0	0
7.576989546000519	9.342925104904367	0	0	0
-8.13835568019691	-4.2433274156536385	0	0	0
4.402342244961986	-7.873438386347118	0	0	0
-1.0484079960501518	13.468147977982298	0	0	0
-0.09367880508710869	2.965503008003921	0	0	0
2.4729752557559976	-0.8268626502811429	0	0	0
-4.407493166572429	-1.8310210747459905	0	0	0
2.2551213059807296	15.151296036546142	0	0	0
0.7397046620659751	-12.29155922973085	0	0	0
-1.4855082815281762	-6.349625536928528	0	0	0
1.9742518888860374	-2.558340027375067	0	0	0
-3.25714191375846	-0.507267489581281	0	0	0
2.4171906121690867	-5.071973381003005	0	0	0
0.2355782765133796	-6.325963652332376	0	0	0
-1.6134231569982447	-3.0491298900587793	0	0	0
2.4180122881304698	-0.6337050105075548	0	0	0
-3.9226422601049222	-5.409228747341828	0	0	0
5.4259803022771464	-7.325327791433807	0	0	0
-5.094522819698135	-2.814475079362083	0	0	0
3.7407289425886603	2.9523066121267902	0	0	0
-3.090949197603493	-7.451283836067802	0	0	0
1.7051735069916916	7.489656300598099	0	0	0
0.017406812289280538	14.149665719866476	0	0	0
0.22065362604419647	-26.003999838753586	0	0	0
-0.9263769743720758	-3.756393124077732	0	0	0
2.176161926183063	3.7950446839486602	0	0	0
-4.459243031707302	-0.06664007711137288	0	0	0
5.742048716390194	-17.499134905484482	0	0	0
-3.896775291906323	-17.541577828296354	0	0	0
0.04225341564453089	22.936581804682717	0	0	0
2.0940116837987333	-5.597239174812188	0	0	0
-1.4040128564045773	5.121319877743929	0	0	0
-0.01999657959381551	-9.872904929720477	0	0	0
2.358019637808731	0.6363760969965	0	0	0
-5.240749092566048	1.7119199459350085	0	0	0
5.42814475867678	-3.738713293481368	0	0	0
-4.264856159222894	2.616258503205458	0	0	0
4.665959164301228	-7.678819661413897	0	0	0
-4.789007180060516	-7.698749309344379	0	0	0
3.8405757652395778	3.4474542573842655	0	0	0
-3.8827426991623355	13.251982184914453	0	0	0
2.8672758141745476	-8.622725545351273	0	0	0
1.0014412109079913	-8.545559065342573	0	0	0
-3.6033517104837287	-8.8396088922146	0	0	0
1.6523105894689678	-9.24550117056927	0	0	0
1.655704749427862	2.1307423214253305	0	0	0
-2.95732926584634	26.053933807005095	0	0	0
1.5149934342075753	-27.32182472718418	0	0	0
-0.06213447191593957	13.59356640041382	0	0	0
1.399780250920493	7.222121080817203	0	0	0
-2.406456043493229	10.412535586877993	0	0	0
0.7352269986678195	8.518556438756335	0	0	0
1.0026301350831233	-3.3980980427940892	0	0	0
-1.3687697722277292	5.335876514946449	0	0	0
1.587798606708695	-7.651249739472419	0	0	0
-1.043160029539628	3.4118576536560568	0	0	0
0.14334194574532688	-10.12435454995483	0	0	0
0.6790105103721729	3.839587706017369	0	0	0
-1.2627521434735272	0.9237851222951718	0	0	0
0.020169515269614635	11.601510621021518	0	0	0
1.1535206936331122	-15.475497073856303	0	0	0
1.0769803452326627	2.757850285428347	0	0	0
-4.7161036713192885	-1.2051215605858374	0	0	0
5.806284775329772	0	0	0	0
-3.999883485049182	0	0	0	0
1.3703918181605985	0	0	0	0
0.13994491019101218	0	0	0	0
0.5035159533252411	0	0	0	0
-1.8624392744161185	0	0	0	0
0.9497415839730081	0	0	0	0
0.7462797548497164	0	0	0	0
-0.979194406624309	0	0	0	0
-0.22573530933752295	0	0	0	0
1.7794416230611674	0	0	0	0
-1.487701324899156	0	0	0	0
-0.3356845899287322	0	0	0	0
1.1338985454453265	0	0	0	0
-1.641151530523075	0	0	0	0
1.3308492242654282	0	0	0	0
1.5993243624774394	0	0	0	0
-4.577747271480085	0	0	0	0
4.950426988669292	0	0	0	0
-1.1442515721696154	0	0	0	0
-1.9389008040616247	0	0	0	0
1.7001640638365174	0	0	0	0
0.5307617993587144	0	0	0	0
-3.1745705726737157	0	0	0	0
6.00874125821894	0	0	0	0
-6.978028645759878	0	0	0	0
4.812418966154169	0	0	0	0
-1.5746108077335208	0	0	0	0
-0.397003035644083	0	0	0	0
1.8512420585808655	0	0	0	0
-1.0122501275175466	0	0	0	0
-1.5898811949269742	0	0	0	0
2.106199004610218	0	0	0	0
-0.752457882202286	0	0	0	0
0.08071195219249461	0	0	0	0
0.7118342180319814	0	0	0	0
-1.0702208472518677	0	0	0	0
1.8659650893789959	0	0	0	0
-2.201679871626709	0	0	0	0
3.1203355028920967	0	0	0	0
-6.1312667190733094	0	0	0	0
8.322577808315806	0	0	0	0
-7.365328151066244	0	0	0	0
6.036342086644709	0	0	0	0
-5.158807408320023	0	0	0	0
2.548527987581835	0	0	0	0
0.47464209344922637	0	0	0	0
-1.1990134375837727	0	0	0	0
-2.8196563558261545	0	0	0	0
9.17216821905361	0	0	0	0
-8.626726154993676	0	0	0	0
2.3716083621177404	0	0	0	0
-0.6602863670084815	0	0	0	0
2.2822608133227718	0	0	0	0
-3.242302669793574	0	0	0	0
3.360203189528171	0	0	0	0
-3.0379686793199454	0	0	0	0
4.258768520319165	0	0	0	0
-5.88863359929293	0	0	0	0
4.508301228819221	0	0	0	0
-1.049157798370814	0	0	0	0
-3.3353186886635626	0	0	0	0
7.235407634766155	0	0	0	0
-5.398673516670243	0	0	0	0
-0.16940349839441637	0	0	0	0
2.555502630627032	0	0	0	0
-1.4902699688806678	0	0	0	0
1.378575155142876	0	0	0	0
-1.3961319230422333	0	0	0	0
-0.9342834180135071	0	0	0	0
3.2349557573157526	0	0	0	0
-3.1705134193227735	0	0	0	0
2.6096790516387287	0	0	0	0
-1.2398839216244042	0	0	0	0
-1.1157008734104537	0	0	0	0
2.4096252330267305	0	0	0	0
-2.292135087413399	0	0	0	0
2.349247641957213	0	0	0	0
-2.7485798969731334	0	0	0	0
1.5143706871530682	0	0	0	0
0.03989596746858837	0	0	0	0
-0.9301022635721736	0	0	0	0
1.931331821601404	0	0	0	0
-3.4292923976325724	0	0	0	0
3.095159324515521	0	0	0	0
-0.0063562243187931244	0	0	0	0
-2.822593626407773	0	0	0	0
3.3166060916197395	0	0	0	0
-3.738506402742516	0	0	0	0
3.420723626326186	0	0	0	0
-2.380782096819914	0	0	0	0
2.458474783010125	0	0	0	0
-2.9823324108901232	0	0	0	0
2.4646236655814917	0	0	0	0
-0.8561114182623726	0	0	0	0
-0.12387353724143679	0	0	0	0
-1.4850734061163138	0	0	0	0
5.9942523859528976	0	0	0	0
-8.765384773829211	0	0	0	0
4.858369522977711	0	0	0	0
2.1924704134211197	0	0	0	0
-5.748948642113611	0	0	0	0
5.478405322077869	0	0	0	0
-4.874672514494975	0	0	0	0
3.8701874393914224	0	0	0	0
-2.517991647453144	0	0	0	0
0.9304698892854475	0	0	0	0
0.06645728498278203	0	0	0	0
-1.0075571010107467	0	0	0	0
2.1889216084890606	0	0	0	0
-1.0297913477723029	0	0	0	0
0.2161744788724036	0	0	0	0
-2.9845709480562093	0	0	0	0
5.496664860073139	0	0	0	0
-5.1695350493121595	0	0	0	0
6.038539710188466	0	0	0	0
-7.972844783375891	0	0	0	0
7.439366145138472	0	0	0	0
-4.767405865208232	0	0	0	0
3.6525577272305583	0	0	0	0
-3.1437413576969035	0	0	0	0
1.2468430090248077	0	0	0	0
0.7631854604576347	0	0	0	0
0.04143361742674756	0	0	0	0
-1.7963249197637339	0	0	0	0
1.1217635958570966	0	0	0	0
