-0.30883042185138265	0.7158018054623838	1.4684149969518216	-0.08662442458610542	16866.463264891532
0.45007348979600437	2.2258550274273574	4.6021560348466295	-0.11748023281505482	16867.879576426807
2.3174832494903654	-2.417057090630152	0.5722671514624551	9.110420339305435	16867.7711534939
-3.6343969422069407	-18.23097895304449	-18.41687461140502	46.48772279387839	16867.771889775362
2.9950625760965934	-5.007222373665975	6.193079722990703	4.929583788335876	16863.054116509385
-2.038418893310798	2.5814228915839834	-32.24041702370579	30.814184498349192	16882.587896803732
2.1267642124968873	-4.856179176749443	39.432931386547736	-25.365331238301863	16778.288064526863
-1.5226263265740556	12.213951471265275	-20.921534953922958	12.207239554850588	16755.82703802117
0.9917231522304846	-9.791197705713039	-12.842019077742066	3.757446673509463	16945.536336688998
-0.4616690586182912	0.009789130775558874	0.6058493366531224	-12.338984451904878	16933.921577369154
-1.5215428910189317	-17.35334738702084	1.2345706363131512	-8.856031563739947	16883.63831979136
2.9367577066212576	-12.825578724947192	10.340237577675211	-3.5727179993225775	16832.665330690532
-1.8838320073208479	13.053841286319553	-11.59189489623077	0.15216399655108148	16836.486164115802
-1.1496207262179183	6.7045117572461095	11.812104569747277	1.0153543680739432	17015.02568201212
2.8363221295426015	1.896897984358823	-1.4644894234491375	-17.31578582219774	17060.59589902588
-1.218758628414328	-15.759749886814994	-21.592023572075774	-41.07916178368065	16974.821707127347
0.7032509762319847	7.651864952955869	-40.72041094827459	8.157877330167452	16857.102285988076
-1.3302971410931477	6.164043059773348	10.231840855152655	-4.349094917724855	16799.42131694572
0.5272650290572898	-0.5808246487626434	11.381986924715221	-46.240422187223075	16731.102747087334
-0.2602109774315835	2.5336874576489024	17.473816906866432	25.398151250515696	16834.819056704087
-0.6921690748612406	-1.78888310041998	-28.808458254546323	-10.197426382155825	16852.384589394183
2.187029796087508	-0.07603244778551499	8.42533615739464	-1.3421526740917074	17176.961859892304
-1.571310541194002	-10.30877730784023	-15.993798137260129	32.407090224835	17009.642464921635
0.9606717671693303	-0.7088889355179546	-10.027614162638756	-54.46793994823847	16780.38118504894
-1.0017720014038218	-3.5678306369920563	-13.6514396753483	24.613468733658024	16823.804160183674
-0.9598535709276135	-3.46366310252791	-5.063777559809992	-6.101801128120911	16905.952092491723
3.886191779438491	-5.451658525739035	-4.45920808017452	28.252377104047426	16935.770574400998
-3.7916711246203505	-3.1944233596258513	22.224510198159876	-21.86127400451859	16934.05107501846
1.2189906073257006	0.4192449197317032	32.51220396245061	41.13069699048529	16985.810079434945
0.9389243225213235	2.1754448429870834	-15.376860209654296	-1.3379002261040824	16973.80500561664
-1.1625349325233074	-2.387834083245984	12.100042403898982	3.703831247669555	16955.47109589359
-0.2049290466234055	4.428296467627035	-3.738537466514785	-9.780713064916256	16996.462176752666
1.8927290827459444	2.5104104939791867	5.711551550926529	-31.612326278246087	16984.1986149688
-2.214959590095262	4.437092262561286	7.274217112683971	55.8711536807631	16887.401302492777
1.1666343914225692	6.147239789603418	-1.3112033186469318	-30.31210871636523	16787.362041018536
-0.28002191536221943	-0.815648985265554	14.1848811475719	8.20551599528845	16814.84590447196
-0.05344236751437137	2.9257290573632275	-11.868940217499116	9.200106818120602	16903.185040489
0.6391890633546637	-7.398047680432811	0.6122339109478219	-48.719174330510455	16876.47693460984
-1.048516987714919	14.978386198439168	7.459258833166572	0	0
0.29441715475923047	-6.108553193881775	-26.25487455280947	0	0
1.016399725172164	3.550697469602845	25.694925521904366	0	0
-2.1527242679367617	-5.216470817652024	-15.745938206276023	0	0
1.0856628012958325	3.266065933275563	19.96943165140796	0	0
1.6406615489950624	3.0892078041640474	-38.818724818334616	0	0
-3.6706749106565226	3.1385712459928925	-5.886300697134075	0	0
4.346903204035534	-0.7739020110778085	-17.953472114647354	0	0
-4.047763248845129	2.4350163549324435	-0.9304113746459279	0	0
2.199942357355688	2.630709946895628	-2.0480083706084713	0	0
-0.053121273959845894	0.3411244254026684	14.908692944529946	0	0
-0.9641713581813676	-4.347588945945354	-3.0309892739183226	0	0
1.6089639214501474	-1.1543657780061807	16.4339679848063	0	0
-1.4311334858945557	-4.320892920273565	-35.8501990311602	0	0
1.3320320976588462	3.113044601529701	27.482298711501002	0	0
-2.6213442264699935	11.035462432829853	9.486107435936319	0	0
4.316078052515273	-0.7355530614008288	-5.375423665351818	0	0
-3.7128671435579435	-4.177835942187194	-3.7387606468553543	0	0
2.1701892018853357	10.412813084622904	-14.809876667759653	0	0
-4.4542860724388404	-5.036224595980599	18.82196551576223	0	0
7.073724294379197	3.1915378903951748	6.659503895296325	0	0
-4.8283570919527605	3.995608387906323	-13.97657401974304	0	0
1.8818912269537122	-2.924774121466548	1.5008581913422034	0	0
-1.494839765714822	-2.663991216181657	-14.115988327521393	0	0
0.9910459621895171	-3.4077523350350347	-42.47064628745237	0	0
0.23632626256139844	-11.1862587051588	20.91903251589258	0	0
-1.212476869453127	0.5002158017664371	24.393484311005125	0	0
2.1518080431093978	-6.516862195620256	-12.476742878940541	0	0
-2.1362569076736975	-5.076749775326022	4.070714554102281	0	0
0.05359922309423126	12.331818852127867	0.6929500116910958	0	0
1.9448834103779618	-9.139156795933971	1.8062064153559305	0	0
-1.525343476985391	-6.601283927958413	-33.39545663556483	0	0
1.4259207179627396	11.624643109268249	0	0	0
-1.70912441684915	-4.8149487811640626	0	0	0
0.4401579504087607	0.3927094906078139	0	0	0
0.37759376777236753	-5.792565418849335	0	0	0
1.1011486091083853	2.88504940055833	0	0	0
-1.9583293076840675	6.963864669119907	0	0	0
0.857526001078952	-8.80133703313654	0	0	0
0.1539347382333105	25.9325381522316	0	0	0
0.040483220155131505	-1.4156384632209011	0	0	0
-0.41784026516099004	1.3626525325804337	0	0	0
-0.3290333008122275	1.165518659830198	0	0	0
0.5465011000363589	-11.422406528404721	0	0	0
-0.47396664261668775	-4.204852582838718	0	0	0
1.2198870381277231	-5.674261596928758	0	0	0
-2.181454654965357	4.640891206431881	0	0	0
1.2746480981815083	13.478748126270062	0	0	0
0.11154101992415377	4.466464532145828	0	0	0
0.4849784229216354	10.843518267621661	0	0	0
-2.165330455892125	-6.416908429617983	0	0	0
1.8701392317663945	0.28250807390320176	0	0	0
-0.31803651795786436	-5.430683507199852	0	0	0
-0.07396477127880274	-5.676965653134225	0	0	0
0.01582613373214059	0.2601407812649086	0	0	0
-0.8124129899077275	-6.252086856983446	0	0	0
1.7480634289328734	-1.0483819345122	0	0	0
-1.31545796897462	-10.029500850579545	0	0	0
0.26495364926785214	-4.454787637038585	0	0	0
0.7145399442683527	7.2642840634221955	0	0	0
-1.0147096474074928	-2.8409890180507915	0	0	0
1.7777861646987816	-10.022908249741022	0	0	0
-2.0337394213434266	18.57344995953428	0	0	0
1.6914505710974623	-8.509075714188839	0	0	0
-1.445971148239522	-4.647657298899183	0	0	0
-2.485885272794036	1.552965981845091	0	0	0
7.57440490321239	2.2586741160246717	0	0	0
-7.277008321760441	8.995569724411759	0	0	0
4.559426573243925	-11.54532530488283	0	0	0
-3.3671995278253632	-1.6610116210660593	0	0	0
1.8169851160215345	-4.74147139702864	0	0	0
-0.6329601294565848	1.9389318641383113	0	0	0
1.74418493286786	8.57263663302652	0	0	0
-3.87140799176273	-2.026146462591136	0	0	0
4.621978173342924	-6.097814248727715	0	0	0
-4.048310944710636	5.502354523716299	0	0	0
3.5485343484352327	0.5778129308521969	0	0	0
-4.209751975783895	18.813564052103153	0	0	0
5.184318866838552	9.348913655702667	0	0	0
-4.710544762665833	-7.831000880695171	0	0	0
2.8384466092346017	5.575347387556668	0	0	0
-0.2799329691121599	-0.7874265827362663	0	0	0
-1.3333672519024589	-3.928981706252621	0	0	0
1.6661829404429866	9.131750340719279	0	0	0
-0.2002148440747149	17.16918157700266	0	0	0
-2.268809721096879	-11.324236749069449	0	0	0
3.0994723929629444	-1.291702672407368	0	0	0
-2.35253704227695	3.4936781120047087	0	0	0
1.3772268110026786	2.2515573996338816	0	0	0
-1.7525175079086353	-5.649326889381477	0	0	0
2.1785696440269504	15.27394419863439	0	0	0
-0.4521446105672453	-7.829803279334975	0	0	0
-2.035043718351737	4.989000345596381	0	0	0
3.577513166313814	-13.38169330631537	0	0	0
-2.626057612986223	8.026825911147888	0	0	0
0.2658645070327026	0	0	0	0
0.6123609630113762	0	0	0	0
-0.2514372600536916	0	0	0	0
-0.9241531661713793	0	0	0	0
2.359891074468159	0	0	0	0
-1.6679334147167921	0	0	0	0
-0.0589700184582469	0	0	0	0
0.8884369756999106	0	0	0	0
-0.7031562213182809	0	0	0	0
0.5471709718175077	0	0	0	0
0.03282403570508308	0	0	0	0
-1.3534196975380226	0	0	0	0
3.06530777876894	0	0	0	0
-4.042803395354021	0	0	0	0
4.386247908780646	0	0	0	0
-3.7152573685667036	0	0	0	0
2.606231246502496	0	0	0	0
-3.4022070664227613	0	0	0	0
5.277332457615742	0	0	0	0
-4.1117447147344635	0	0	0	0
1.628584260538041	0	0	0	0
-0.8654853274465424	0	0	0	0
0.5984509638178821	0	0	0	0
-0.07558351371747563	0	0	0	0
-1.465714929142294	0	0	0	0
3.5894542714077815	0	0	0	0
-4.370976987889506	0	0	0	0
3.714245617998671	0	0	0	0
-1.2182954397023948	0	0	0	0
-1.828523292095376	0	0	0	0
3.543429622318733	0	0	0	0
-6.02554709188486	0	0	0	0
7.1962773235522945	0	0	0	0
-7.067553935654544	0	0	0	0
8.394290382210599	0	0	0	0
-8.400264628765534	0	0	0	0
5.059182251683644	0	0	0	0
-2.2266818532451182	0	0	0	0
1.950490354202124	0	0	0	0
-2.3450881245263844	0	0	0	0
0.508638460112337	0	0	0	0
0.5360696696731395	0	0	0	0
0.6833975423398329	0	0	0	0
-1.1043245074227315	0	0	0	0
-0.9823785009939385	0	0	0	0
2.8764294957225545	0	0	0	0
-2.96483354954983	0	0	0	0
1.435181691934929	0	0	0	0
-0.29633083732773713	0	0	0	0
-0.6358843929530451	0	0	0	0
0.6342534617485427	0	0	0	0
-1.1776242155700913	0	0	0	0
2.342212145851697	0	0	0	0
-2.299267908521273	0	0	0	0
0.4280598395542441	0	0	0	0
1.1110250270816735	0	0	0	0
-0.9379754869763701	0	0	0	0
-0.4408592676009775	0	0	0	0
1.3652329238690086	0	0	0	0
-0.7142944053010893	0	0	0	0
0.4877793137040385	0	0	0	0
-0.34483501918106896	0	0	0	0
1.177705616732986	0	0	0	0
-3.7625711816400624	0	0	0	0
4.502467901353931	0	0	0	0
-1.7056662060407106	0	0	0	0
-0.06327139388463365	0	0	0	0
-0.6529035832001568	0	0	0	0
3.4084705758851257	0	0	0	0
-6.4063055097281705	0	0	0	0
6.611640833522571	0	0	0	0
-4.819276004943113	0	0	0	0
3.776612819076938	0	0	0	0
-2.8733974852419735	0	0	0	0
0.22681116294629078	0	0	0	0
2.970183044438187	0	0	0	0
-4.446917343793757	0	0	0	0
2.9648945251344614	0	0	0	0
-0.4254644454977665	0	0	0	0
-1.1105631449266795	0	0	0	0
1.625841272567449	0	0	0	0
-1.6789653794771695	0	0	0	0
2.534588066055157	0	0	0	0
-3.2836392334429476	0	0	0	0
0.7942861741415186	0	0	0	0
2.567215685212588	0	0	0	0
-4.2126626138513	0	0	0	0
4.28950109064364	0	0	0	0
-1.9067611022400683	0	0	0	0
-1.3316986105776323	0	0	0	0
2.047732551230972	0	0	0	0
-0.8029787740539334	0	0	0	0
0.9036703591306647	0	0	0	0
-2.9356921036874795	0	0	0	0
4.627058591699928	0	0	0	0
-4.708596680385739	0	0	0	0
2.3252995687057307	0	0	0	0
0.841973962508348	0	0	0	0
-1.9601268349860135	0	0	0	0
0.6011394016056144	0	0	0	0
1.3998122487743458	0	0	0	0
-2.205292661394161	0	0	0	0
2.6183920017592612	0	0	0	0
-2.9636182652613456	0	0	0	0
2.2765891438825534	0	0	0	0
-1.9735200255529648	0	0	0	0
3.774993292004588	0	0	0	0
-5.6763763437016195	0	0	0	0
2.819233981071619	0	0	0	0
3.292508834761925	0	0	0	0
-6.196629947605302	0	0	0	0
3.227750799989103	0	0	0	0
-1.8546749150781991	0	0	0	0
-1.458765589541315	0	0	0	0
2.654491281520677	0	0	0	0
-2.329886987143489	0	0	0	0
2.8134007104234087	0	0	0	0
-3.4450313193071054	0	0	0	0
2.0319569706680554	0	0	0	0
-1.609055634044843	0	0	0	0
2.6974415931587785	0	0	0	0
-1.210068492290148	0	0	0	0
0.2272019628778139	0	0	0	0
0.33321990683214864	0	0	0	0
-0.3733534870249784	0	0	0	0
0.10016195862707633	0	0	0	0
