-0.4984429462795319	5.054981137369879	-1.7480986650291896	-0.1488225341584979	16892.95639631779
0.09235713790132394	15.481580696455815	-6.30426549335337	-1.3893469706205508	16888.097146404543
3.4487304790168594	-10.57375052532943	-8.312444376269895	-26.398431162778422	16890.590753657198
-3.8049853608471835	-11.830792366360562	46.524623163821786	68.47082366066171	16897.953009837056
3.704097644528993	-17.855742076737286	4.794071838046591	-9.178950010034129	16850.928786138007
0.3785696426447984	22.488645737587923	40.0883360808935	33.298359470422426	17024.56914836447
-6.159577468302608	-10.438977276367545	9.096825541221861	-75.99927786549797	16835.271426486608
5.423009283425806	4.769304976769845	32.09879562585455	-46.92689678813157	16947.126093440864
-0.2065993043321015	9.320008037308469	-24.519562726720835	2.6352906526434197	16693.46586365937
-2.739300881532934	-6.884344056551953	-97.89243982005301	-8.952518496617088	16919.34311824713
2.6958951244689544	12.051684123996566	137.59763823254696	92.10659260489459	16971.897986304506
-3.3556423054882885	-13.253551173322101	-52.79520832760146	-95.78844689786781	16716.543298227396
3.9973787033968193	9.075364029925922	29.23403812804132	-22.356480542703764	16720.74017523106
-2.2294513040483395	2.898856296283327	-7.0297387731507115	21.837145635875444	17208.746470245595
1.5432578014656357	8.115446618006416	-2.5429015198587734	-11.315206511371827	17163.97848846801
-2.640508511536666	-1.9966134460007794	-0.6869994401897088	-8.088974374104453	17171.275555129145
1.4242446820496326	-60.70378378012616	8.179561960163525	23.93755263832358	17058.67529284376
0.9252332124892035	37.17422420414013	12.8270823822198	22.210746142785098	17055.243469811237
-1.392086113788885	-8.641830091343564	0.28147550251119924	-19.170290018585632	17081.568715551824
-0.08966181534857043	-4.113594949075043	14.55070444272279	2.0423380688231134	17138.708171855655
1.5348257178985918	0.7419173995392043	-33.30511214204256	52.821762211139514	17174.702603335125
0.320534826785007	10.370421122992738	20.62676567432956	12.749050659145524	17126.95120782774
-2.178854856070373	-4.644384702174996	-9.560589482127781	-40.68170614586039	16997.86507585101
0.06231087453814865	-7.118347617783513	-5.68661921963448	-47.24371144822426	16787.457791297446
2.996279907412273	11.467938855488974	30.24652643528968	41.12319777295858	16772.15306081896
-3.0285934527746434	16.5499692153124	-60.97791522887846	-20.836176214768955	16786.78585449636
1.588935307454861	-14.548757644707443	55.90160654156401	14.538112899469212	16809.854118335905
1.7038289429333204	11.984675999191374	13.218880873679055	36.145539233388575	16996.31766975463
-5.914556093458678	5.025611409778378	-11.13463603349669	-51.940238756271015	16841.76787123654
7.992600903398795	-2.794789751784748	-7.775409827047184	58.620200048994604	16903.350444611908
-14.792388027554594	12.392397026660795	12.260026683618975	-16.45680565918991	16733.001625472352
21.90214974438291	6.6508421181013375	12.596561823569374	-28.81472170551352	16739.43416402362
-16.101733760994257	-14.207285806557465	-9.105818450898013	-0.4679658696292961	17005.45520876874
5.874744426219571	-1.6374921548517989	6.33254899839217	3.652191560731282	16836.321105595638
0.6579700680325473	-11.435790489849303	-12.747806072265178	9.221277812293565	16732.963264809456
-6.640487328347916	11.375878269279013	4.109465962595138	-2.2678455970460476	16873.97230323401
7.996357177064425	19.202032845116804	29.003034017764875	-15.337329921813009	16932.28522544629
-4.942970267560106	1.8789470279489677	-11.204583894734583	3.6080386165452865	17000.910059388156
1.4722683007767472	11.06340990353388	-9.815228744309678	0	0
0.9659200411909339	9.211859941980123	-20.95776226910759	0	0
-1.6020616614397554	3.3744320904588534	-52.84931047244663	0	0
0.7900182592735518	-5.637406201773686	5.460651456251981	0	0
0.5025707080291824	7.095909795780969	41.71134867352339	0	0
-0.5418147879735429	-7.097805100643654	-20.21803186384831	0	0
-0.19982605505452256	-2.1894534096019953	-31.189461810783442	0	0
0.941672588408963	-3.817731841194046	-8.705435760684665	0	0
-1.8097145549917784	1.828946830799893	-1.3901113943511803	0	0
1.4735190259474464	-8.996612655001314	-7.758571455412195	0	0
1.8716027712259375	7.6734018553616465	15.363171106563456	0	0
-4.508099979800932	24.32684545591725	-21.090640580580526	0	0
2.5921846353154194	-26.778407103211805	32.140961675736364	0	0
0.7464036460699788	-1.2020561024973162	-33.39404897921628	0	0
-0.9299549435605243	4.404958140670971	-9.43406420304207	0	0
-0.29128613971197126	-23.884945193170047	-12.317048117210462	0	0
1.200697425855921	12.227441439846949	-40.13293186172223	0	0
-2.032091301095072	1.666146923026119	22.561738547317674	0	0
1.4061553010258336	-3.632929768951044	-2.1393343996897443	0	0
1.1982720071572075	14.427907366129133	-3.0403998678964967	0	0
-1.5131870701907175	-1.9759438489143548	-24.136071410266496	0	0
-2.4774731805626544	-19.761125970676993	2.651278788718571	0	0
6.400565621084937	10.589948541726756	20.538170761519822	0	0
-6.945917679334677	-11.056746206420584	-56.12373499192708	0	0
5.579859958417906	12.475261096455313	-13.48186782272758	0	0
-2.7197778075353085	-1.4385666032715676	7.818901500240756	0	0
-0.49287271938376165	12.237524703676911	0.23953465218870917	0	0
2.7527828359470092	-6.672308138096952	-36.33223431752151	0	0
-5.487608995911579	0.8569867943603526	12.652464804155258	0	0
7.95392126709546	-5.951982614585148	-5.030117432660575	0	0
-8.04421818991758	-5.436484937908148	38.17719892005363	0	0
4.99617471642717	-6.060175357496931	-15.565325248494275	0	0
-1.549088268149447	0.5240478549777379	0	0	0
-0.68549917092691	-7.3778755902513	0	0	0
0.8090778523199376	7.387064747205123	0	0	0
-0.12838099766364053	-12.97551255075006	0	0	0
-0.14181528361714157	-19.955186446650558	0	0	0
0.6824422158636594	1.556661856921771	0	0	0
0.19445533712762852	20.73733696543654	0	0	0
-2.0178855042131545	-13.880140685649188	0	0	0
2.2406566277131574	27.819672898685404	0	0	0
-3.036603253305799	0.72574466800409	0	0	0
3.112124507132357	-12.800159678283578	0	0	0
-0.5941521650290298	12.64024758082676	0	0	0
-0.04239312125143613	9.70537312671727	0	0	0
-0.7752213223491538	-2.1009567738864234	0	0	0
0.21994567020393418	5.088785862241032	0	0	0
-0.20933923445804226	-14.00062379236094	0	0	0
0.9790624639059757	-6.784777285265612	0	0	0
-1.785567422050626	9.33176855788576	0	0	0
1.6405912630580701	0.14504013567202634	0	0	0
-0.38101695705368144	-10.035228006371135	0	0	0
0.9229356257445218	-4.848529005869359	0	0	0
-1.0144391559542356	-10.584353578676172	0	0	0
-3.0389328550479036	0.6033772791265903	0	0	0
6.238182950124639	-4.17986242933717	0	0	0
-7.734091428269913	-2.6221889118629207	0	0	0
9.071030327784548	-0.3662776092045803	0	0	0
-4.35035480473158	-16.008548040611508	0	0	0
-2.175003944666841	22.053336046003423	0	0	0
1.683306683167558	1.715933217048729	0	0	0
0.7390262467248405	1.2070551617177117	0	0	0
-0.9238963345014213	13.556764198801602	0	0	0
1.3491657754229536	3.64094970810779	0	0	0
-1.1500512032774992	-4.931492598627813	0	0	0
-0.9634430053048746	12.538931590080033	0	0	0
-0.23947534089442968	-7.7096094037643255	0	0	0
5.203742783161076	4.996140568991393	0	0	0
-7.572322582085732	-5.82848740414412	0	0	0
5.330911227390281	3.367367431627791	0	0	0
-2.2707834780377354	-19.505332696476337	0	0	0
0.8414673543634805	2.116492518883341	0	0	0
-0.8600885402809908	-3.7056929169841624	0	0	0
1.9599850550619564	-20.1770164158249	0	0	0
-2.6138871097887204	16.06381340935691	0	0	0
1.0706889773493202	-7.437394399695641	0	0	0
2.2763838734973163	1.8843106139258339	0	0	0
-4.903893473678131	-7.911894949908806	0	0	0
3.2895112402569993	8.390388929661611	0	0	0
-0.2618737242444098	-23.982171990720758	0	0	0
0.12225181612468106	22.483321494542892	0	0	0
-0.6425611630086863	-7.089562711758958	0	0	0
-1.1006366812513804	16.599760881696774	0	0	0
2.415265602133509	-32.279266915446435	0	0	0
-2.4919327269154934	-6.723637771057604	0	0	0
2.5530123287256643	-7.281737662648908	0	0	0
-3.0456629864473044	-14.521000251742734	0	0	0
3.7546381620935634	6.220597493567958	0	0	0
-4.291507232812627	-4.385861171453115	0	0	0
2.9453048528375803	9.860300701898495	0	0	0
-1.48350355293325	-9.375377549099255	0	0	0
0.22334407277672597	-1.2422146909584484	0	0	0
1.725173032118235	4.297578792740623	0	0	0
-3.918631254542852	4.689431922211227	0	0	0
5.014718421165426	-8.506170320459404	0	0	0
-3.307682104146302	0	0	0	0
-0.11852724653889624	0	0	0	0
2.5944442773383543	0	0	0	0
-4.981049317878487	0	0	0	0
8.120586473743785	0	0	0	0
-8.117571710484015	0	0	0	0
4.6030100036384525	0	0	0	0
-2.6912054960692657	0	0	0	0
2.2488443553222695	0	0	0	0
1.0845057164064613	0	0	0	0
-3.165794372878743	0	0	0	0
2.737202849347689	0	0	0	0
-2.210618490567036	0	0	0	0
-0.16092798143378673	0	0	0	0
5.024283422578151	0	0	0	0
-7.772498021635599	0	0	0	0
5.459864782666287	0	0	0	0
-0.32586847039795686	0	0	0	0
0.3880100860199178	0	0	0	0
-4.508807855821594	0	0	0	0
4.504760287994948	0	0	0	0
-0.8310873554974378	0	0	0	0
0.19435124311127083	0	0	0	0
-0.8138893076959519	0	0	0	0
0.5107424366266713	0	0	0	0
-0.49326073007270566	0	0	0	0
-2.1391520101930794	0	0	0	0
6.481024902843238	0	0	0	0
-6.845422887643998	0	0	0	0
6.175860011471016	0	0	0	0
-6.734029595769485	0	0	0	0
4.925047447126367	0	0	0	0
-2.6660430398052313	0	0	0	0
3.4471757984107825	0	0	0	0
-3.0983743481827233	0	0	0	0
-0.35414481406773035	0	0	0	0
2.1513867617091478	0	0	0	0
-1.9840706385556786	0	0	0	0
4.0390604326096735	0	0	0	0
-4.423492891073188	0	0	0	0
0.2284227953883402	0	0	0	0
3.149974653193368	0	0	0	0
-1.4241681766712162	0	0	0	0
-0.30125361271468165	0	0	0	0
0.24476551140144664	0	0	0	0
0.10427239404688038	0	0	0	0
0.22633350612493075	0	0	0	0
-0.9374428391899414	0	0	0	0
2.410409602919323	0	0	0	0
-3.575516728599638	0	0	0	0
2.9812833786508364	0	0	0	0
-1.067462018212467	0	0	0	0
1.567059153378608	0	0	0	0
-1.9880455644635475	0	0	0	0
-0.1794706212056525	0	0	0	0
1.4333446194715904	0	0	0	0
-1.1872004732691224	0	0	0	0
-0.5904890804542475	0	0	0	0
3.7235813626565317	0	0	0	0
-4.688085852125894	0	0	0	0
2.737294499563461	0	0	0	0
-0.4548810164691304	0	0	0	0
-0.4461636268758369	0	0	0	0
0.21537913854798063	0	0	0	0
-0.6908605623000028	0	0	0	0
1.932639789111903	0	0	0	0
-0.8382124107240756	0	0	0	0
-0.0869662209480353	0	0	0	0
-2.0805894812145738	0	0	0	0
2.0412681505187535	0	0	0	0
0.5088990631601078	0	0	0	0
-0.5416611926744039	0	0	0	0
0.12743320631390276	0	0	0	0
-2.1263132709806953	0	0	0	0
5.074976699909669	0	0	0	0
-6.211289773756448	0	0	0	0
3.825966146328838	0	0	0	0
-0.9224320682964873	0	0	0	0
0.785001587568452	0	0	0	0
-0.21146652619966488	0	0	0	0
-1.1706036811998857	0	0	0	0
1.3425114864164343	0	0	0	0
-0.7375275025470103	0	0	0	0
0.33690748774900925	0	0	0	0
-1.3074537992904567	0	0	0	0
3.488858972142026	0	0	0	0
-2.8890362896708055	0	0	0	0
-2.0736679019291273	0	0	0	0
5.506808811585039	0	0	0	0
-4.191458669587995	0	0	0	0
2.2018984481910024	0	0	0	0
-1.0500238157332902	0	0	0	0
-1.8178462941665572	0	0	0	0
5.074800384526142	0	0	0	0
-5.477666171324323	0	0	0	0
3.5515656967583737	0	0	0	0
-2.1750948383958075	0	0	0	0
1.3215196387643928	0	0	0	0
-0.1911884793619194	0	0	0	0
-2.6173171671653535	0	0	0	0
7.729161837363456	0	0	0	0
-8.21848791517884	0	0	0	0
3.9335098872613727	0	0	0	0
-2.094107831970369	0	0	0	0
-0.8192853553156993	0	0	0	0
7.952222531955847	0	0	0	0
-10.392813346025179	0	0	0	0
5.173895309735293	0	0	0	0
-0.2852427564562632	0	0	0	0
-0.8437756223102113	0	0	0	0
2.428687613718573	0	0	0	0
-4.573399855286745	0	0	0	0
4.918433277403373	0	0	0	0
-5.438311004642408	0	0	0	0
5.612558800772611	0	0	0	0
-2.681832309576542	0	0	0	0
-0.839310514388977	0	0	0	0
2.175844154933465	0	0	0	0
-0.4645153251658556	0	0	0	0
0.2915590269656221	0	0	0	0
-3.5755193708795474	0	0	0	0
4.825205006818912	0	0	0	0
-2.1916314875699427	0	0	0	0
-0.3607386616783188	0	0	0	0
0.9069164050330087	0	0	0	0
-3.164096465969969	0	0	0	0
