-3.7367393054691362	71.41597305489165	210.47319587888214	-26.00105239480027	18441.00128792721
-11.148943102253753	258.45913764849627	649.3157400052602	-125.86664102581327	18362.265960771358
103.252674925301	61.62549786701527	-459.7251056042885	-642.0895362799347	18291.37195904955
-105.38498163436469	-108.09150384049664	-89.01070515793072	-145.70467124262615	18452.595901198376
51.13705046807891	72.80757809543607	-700.2875423277305	544.1358932853306	18025.539615946953
-22.440292662735764	156.38104580027294	216.4075936697522	-285.3849271653127	19543.434594854636
15.55540919448265	-177.0257611776288	184.9175038620554	-123.21365084663381	19624.021077445184
-2.0921787265906246	58.5746421871235	-616.1715043891915	258.97450627358	21450.635176591262
2.0858638967009497	3.234001005069686	250.69978010607696	66.90776572060227	21068.457454187752
-42.48361811587382	204.86621976869213	13.726770029732108	2642.518582265114	20901.843755773807
61.55933511021282	-151.42588587012165	-114.82773734576675	-1589.293730889934	19913.16568290374
-11.885562127778385	23.682975904827643	34.682889214822254	705.2177875610718	23076.54667530919
-25.176066761918015	-286.4136820514831	159.0026131212006	-880.5527903664826	21365.531123802975
14.974121836228477	61.872032366455315	-20.48961406825731	-403.7329855640976	18243.637884929132
-9.900030136763917	-14.814814680768379	352.53041566514605	179.14363467807482	19491.679746366248
8.875818555990413	-8.854060331921843	-31.95213253065714	395.21727666990796	19045.68495641062
13.384217889310293	6.1733922163505355	110.64438757408772	273.9332807444086	19324.444776930173
-24.262752431279914	-6.6995931786655945	67.75370888982307	-104.85449668189494	19890.115756494153
6.758743980824931	63.206984361987494	88.60400596329924	-57.63138591189454	20249.510248481954
2.7686637886297305	2.6178009185877613	-205.84155399748897	291.6032803146594	21134.587042921765
6.64815971514858	-37.58844409908781	173.14906028217985	229.96742277426597	20189.960221026715
-30.9060735139035	-42.64653789524705	-20.98473074589687	-196.81179373740937	20092.815848710896
20.007302260963378	-27.557154974678966	182.87179138288266	8.123206113394616	20495.156132138756
48.4510586459556	-184.90426073496076	302.88834188794493	335.91041356698736	19491.80729720964
-85.30220308271552	141.26276441081149	-359.2283937535789	-565.8190335560348	18643.09290321511
55.935939070034216	79.78896607654498	-19.012957503727648	-395.3518649774184	19450.289936032783
-23.697033206751797	152.73532632221603	175.88950155125838	271.2001209319366	19356.474950643325
1.012552689120625	-146.64781317578343	242.6796928616406	-206.05071912437205	18589.040648216593
11.02728235122499	712.8013814079458	-371.1164267560152	-36.117046322724235	18401.599422567186
-6.599556657367991	-430.3177643474323	374.6698819220112	-396.6446992930589	19315.019753997076
10.185317150223732	-109.53492441513843	132.46025760289666	31.92951506048692	18656.60127967449
-24.01070595530365	-423.44920267630107	204.58615307520836	132.61324057469568	19836.004394381365
31.19564701756807	209.88544514706842	397.0046254243154	198.19467247390725	19143.99980930096
-34.71611113335297	58.75376648241328	-22.060696161333624	-417.87574345109516	18475.449848105523
36.94138500188773	76.3237891519364	20.346345360397322	-69.69473968308452	18948.96682432977
-26.948615622907198	-57.48293100534984	164.96269913483417	21.582869143596724	18585.52561373599
15.701704030568841	48.10647519647236	-67.67727300999132	224.72928608479162	18406.732082259507
-15.590060675724047	201.56802890810778	59.68300891073815	241.42623936696233	17898.608250683286
17.016605012221717	-133.60137739070302	-548.259239324831	0	0
-13.956797777145837	0.23533078345843705	15.119546080546684	0	0
5.676454640005488	-37.74165736848754	162.26636964279606	0	0
6.1831178253532855	52.43645461851432	104.32503548770663	0	0
-4.964856254878484	35.68571088057148	49.88784315139377	0	0
-10.738358929742553	47.008832645025876	386.03677667766465	0	0
11.478328259049356	27.581582069764224	-375.2330587576114	0	0
1.364761161951641	57.83312877883522	207.2973994394374	0	0
10.492307363113454	-98.05044813841565	-197.0160002589408	0	0
-47.00913714178263	-19.891547714430942	57.627764034365725	0	0
83.82627151711182	-57.97869078135173	150.75243861351998	0	0
-94.07938315201163	-11.44931205629932	-2.755245536128811	0	0
101.3115628621053	59.59503439541369	194.65095039480212	0	0
-117.34694169554231	154.847873690641	-193.84980193115197	0	0
83.65964996136168	-163.46435024297443	114.9507593517845	0	0
-39.5362738974908	-50.45378035790438	-44.59187953354561	0	0
99.8248948657922	-300.7050802851536	223.95107198266456	0	0
-155.3707177768326	-178.62191456581348	-388.9774494908172	0	0
117.83857476602788	-89.0612656982044	-106.40353707458627	0	0
-55.40861305840821	530.9386647545972	113.03043865292592	0	0
34.49374970436659	-230.0000148629435	87.33762470200378	0	0
-66.45515517429429	-90.16311934202578	-88.33727277499105	0	0
47.08274685953654	128.5784538308738	-28.75121371162014	0	0
62.85702345835648	-97.67822748058738	89.87961329306565	0	0
-136.7262037552325	437.8838152790581	-4.114961213575782	0	0
131.85634321136217	-266.96466739581774	-60.29431614594864	0	0
-93.91453733029842	96.96806131350651	183.00697696053157	0	0
56.81257374954003	-78.48670652712977	-13.880882814423472	0	0
-24.674351664592926	7.976198688772527	30.018013648588692	0	0
11.692092140256364	73.51229078364273	-40.581069464028815	0	0
-15.648482197514411	-4.337832088974352	-23.02859202935072	0	0
12.711936507403266	109.95540845682191	-158.53792776636922	0	0
-6.966703004345838	61.5332336911508	0	0	0
4.232799412224544	133.9946504062579	0	0	0
14.33372098312693	598.1693462329346	0	0	0
-30.729820490110683	-293.38005889698684	0	0	0
18.265113890926877	-3.6905606828756703	0	0	0
3.926559339515606	34.96255013397949	0	0	0
-11.206382930471236	2.798714395877113	0	0	0
14.9455803406183	18.04614415851772	0	0	0
-33.089978839471115	60.2511673169426	0	0	0
50.02557453920941	3.2420061353082446	0	0	0
-66.2289025875624	59.029960208164795	0	0	0
96.11108730853228	50.580127837038646	0	0	0
-105.24388223878731	-12.276647717465067	0	0	0
67.50683987865943	-62.935783715816015	0	0	0
-6.742063578791644	-72.66967491229241	0	0	0
-24.41935375584047	-0.5935649146676099	0	0	0
25.416928559927754	-26.82746755190925	0	0	0
-37.29072011731972	9.532872157249116	0	0	0
48.264790340808005	171.4111715770136	0	0	0
-42.77992113265909	-106.98061461280943	0	0	0
27.909687523027664	94.32766583674092	0	0	0
13.036263915467778	115.24751973223677	0	0	0
-44.765311102279625	43.15039870288028	0	0	0
30.804157131718995	26.79050273821308	0	0	0
-12.686651263728983	-170.2013711256813	0	0	0
6.994644071600085	-8.390583752494138	0	0	0
7.661719162352476	-10.024771132563814	0	0	0
-30.151087640378947	-53.59654315672836	0	0	0
68.16134068099532	83.10008902913893	0	0	0
-143.20232944219518	-87.43717045260114	0	0	0
222.67178232257527	43.67534415358698	0	0	0
-225.90169139473963	-70.26868565231659	0	0	0
162.17491082742254	27.611431287649452	0	0	0
-99.1791358186354	35.58127463784969	0	0	0
72.42091875056951	-99.43130646866344	0	0	0
-86.9589536183179	135.29935561439706	0	0	0
92.40837975121221	556.6277347449641	0	0	0
-62.32942121708575	-155.11441712945046	0	0	0
33.63682957707426	140.9050437434057	0	0	0
-0.6772681287559905	-55.664982502219075	0	0	0
-34.164570590122445	38.408371157115326	0	0	0
5.4935023524205135	50.07796464785997	0	0	0
87.52108254472958	42.7622694279289	0	0	0
-149.9528953900961	115.40904371862159	0	0	0
126.27920053225043	-43.22615243048108	0	0	0
-62.95295756283053	43.464416220239656	0	0	0
7.185389933284661	-26.48323430353355	0	0	0
32.404043442240265	7.006541731609261	0	0	0
-37.43886282681665	-20.45518211195676	0	0	0
18.963530666927298	53.40304962644959	0	0	0
-3.5490268737551602	-64.22604835133285	0	0	0
29.535077047388178	7.7348844973143684	0	0	0
6.869722143056954	-175.60827335584074	0	0	0
-81.68310646082747	57.75257642320686	0	0	0
87.78327643017747	-188.7692268398601	0	0	0
-19.451269092263793	292.43729540972896	0	0	0
-24.652720558252753	-191.48090698509006	0	0	0
15.915580218634389	263.23641469044645	0	0	0
-5.189049611408599	-292.16166296824247	0	0	0
8.244728453075211	6.129234189306217	0	0	0
-14.01247229300948	95.96079745866804	0	0	0
3.274571130154115	171.69609665635102	0	0	0
17.534616975872908	-271.9447801509169	0	0	0
-18.916260356144065	0	0	0	0
8.688408984148353	0	0	0	0
-12.578712171651453	0	0	0	0
28.612433903064655	0	0	0	0
-47.94754156987011	0	0	0	0
43.214693753974394	0	0	0	0
1.2070225568087096	0	0	0	0
-55.22733731279353	0	0	0	0
64.74806472899184	0	0	0	0
23.087092025454865	0	0	0	0
-122.82054613440906	0	0	0	0
116.66074415827232	0	0	0	0
-65.4818899399126	0	0	0	0
29.603290384894862	0	0	0	0
17.60548675771517	0	0	0	0
-39.91660986790516	0	0	0	0
19.094681309677583	0	0	0	0
-2.1124419664836225	0	0	0	0
2.8027626030449824	0	0	0	0
-6.4473847346807815	0	0	0	0
11.407117276076136	0	0	0	0
-13.22023931638143	0	0	0	0
7.36825396507944	0	0	0	0
-9.808720547020094	0	0	0	0
32.954386445429954	0	0	0	0
-52.13203667628003	0	0	0	0
39.814968130924676	0	0	0	0
-13.816107704895302	0	0	0	0
0.7406423295934914	0	0	0	0
4.9192248184878835	0	0	0	0
-23.785972956138025	0	0	0	0
44.281323753358066	0	0	0	0
-29.072153972525683	0	0	0	0
-1.422851165426053	0	0	0	0
12.612093472651345	0	0	0	0
-18.49209366989583	0	0	0	0
16.776438583643447	0	0	0	0
-15.212000189627418	0	0	0	0
30.651155459169907	0	0	0	0
-47.60889320172745	0	0	0	0
40.335301502160746	0	0	0	0
-4.663858314106555	0	0	0	0
-40.17796765436489	0	0	0	0
50.293460755964766	0	0	0	0
-30.61435676922609	0	0	0	0
14.194763969684942	0	0	0	0
8.077030934310478	0	0	0	0
-21.55958036256812	0	0	0	0
11.644628526901627	0	0	0	0
-5.820150801695448	0	0	0	0
-4.74198159873017	0	0	0	0
16.16826392685458	0	0	0	0
8.299336251349935	0	0	0	0
-46.048728193476265	0	0	0	0
65.50621204405198	0	0	0	0
-61.94477431024968	0	0	0	0
48.24350701016818	0	0	0	0
-39.64345861634029	0	0	0	0
38.624804722520665	0	0	0	0
-41.94069047391709	0	0	0	0
46.98093866801131	0	0	0	0
-29.805490288809402	0	0	0	0
-6.823889322297482	0	0	0	0
23.261672732671535	0	0	0	0
-23.695421943033878	0	0	0	0
28.602901800505983	0	0	0	0
-28.628769456970296	0	0	0	0
18.07573267154134	0	0	0	0
-3.473610269596236	0	0	0	0
-4.373798787348882	0	0	0	0
-5.854946888063495	0	0	0	0
24.053787395799006	0	0	0	0
-33.17967837218662	0	0	0	0
26.311109133839658	0	0	0	0
-13.08398446353742	0	0	0	0
0.6952025741832202	0	0	0	0
-5.173841411092624	0	0	0	0
48.22826490901563	0	0	0	0
-83.93740126903337	0	0	0	0
54.74926360612622	0	0	0	0
-16.46683670822854	0	0	0	0
21.293269829045528	0	0	0	0
-33.59709517422834	0	0	0	0
27.566632120234587	0	0	0	0
-29.07535047889172	0	0	0	0
39.34978402346963	0	0	0	0
-36.741831866481554	0	0	0	0
32.51967548373981	0	0	0	0
-29.222437293985585	0	0	0	0
16.180129728648808	0	0	0	0
-8.888926680706284	0	0	0	0
14.539488641922702	0	0	0	0
-12.304663149223927	0	0	0	0
1.0786778864131321	0	0	0	0
0.8164871988980593	0	0	0	0
8.074133430203467	0	0	0	0
-14.928334501140121	0	0	0	0
11.626364199184408	0	0	0	0
4.9445118161969575	0	0	0	0
-17.588059860396328	0	0	0	0
15.677165505235315	0	0	0	0
-14.715348213401022	0	0	0	0
11.713330350161641	0	0	0	0
-0.5231414215892798	0	0	0	0
-5.252046430326722	0	0	0	0
6.874421007200965	0	0	0	0
-21.363587670739435	0	0	0	0
51.411365715257745	0	0	0	0
-70.25024975234226	0	0	0	0
55.049871176694	0	0	0	0
-35.25287481493025	0	0	0	0
43.53333066197721	0	0	0	0
-57.23019446579085	0	0	0	0
37.52560832571781	0	0	0	0
-18.201905042321314	0	0	0	0
44.50654838645411	0	0	0	0
-65.16253907223471	0	0	0	0
30.86542602804434	0	0	0	0
4.372188591155862	0	0	0	0
15.932568061495026	0	0	0	0
-53.97177140870627	0	0	0	0
48.4353371658841	0	0	0	0
-18.43336896807852	0	0	0	0
-3.6740767597071624	0	0	0	0
17.17861196537539	0	0	0	0
-33.61896507258245	0	0	0	0
