0.13456805850298537	1.7902891910957877	-1.7432472794685339	-0.342225214587188	17041.606454551915
-1.0289470728862682	5.916779466774749	-5.3346649845663165	-0.6723149151834917	17041.52701755322
0.6888478462527559	4.165850529230056	3.8230732356539363	5.345055326195762	17042.731127393406
-0.690469619777808	6.7811350207974925	1.2470718378746284	12.468550908922325	17041.375499882844
2.4287508729734952	-8.83175377475866	-1.3395996837382	9.836490371016595	17042.268890572363
-3.545383817947261	-4.25826466222302	1.454730624536154	-23.141737175713658	17038.093854578645
2.037170735695881	-0.5069845479316513	8.549755668644963	7.840146866768862	17025.53734558358
-0.25411350671063104	-2.713471663495447	-5.435507115034923	13.975801348004808	17059.700103229094
-0.651393622711133	2.8277709019745103	3.6046297109427314	-55.31081086646287	16832.60605441323
1.1423710807843577	-4.321104110023626	-8.8036428347624	-5.049753490261978	16899.718978986028
-1.1398283849013353	11.063104151691839	7.61167391189035	10.43456739226724	16934.859169693438
0.2075621725392267	-1.6534366848711386	-14.601800972733571	-13.776563283900828	16891.008543564112
0.3618459039656017	6.154654996069809	5.0016627633978175	11.042792198146202	16902.399482596345
0.015614821490139263	2.135757846230689	-8.026955044740916	30.43874854954079	16938.946865971215
0.44303323587097054	-0.9892974706676796	-14.131682617858445	-29.293876145234393	16891.643719804015
-1.3125576092595352	-6.317087253529351	27.87069858828424	56.842668957232405	16895.806007740954
0.7236991192899467	0.4156466687444649	-15.649724883567671	3.464727173391964	16796.39034445016
0.4634852845356221	-4.854376510970539	15.332729389720953	26.20898370770817	16873.46968960177
1.2517089335701073	1.4359043512879381	-9.769148736756676	-7.918405889914055	16933.789337643408
-3.467261066548211	6.949275791124144	10.147499594948215	11.891750294071628	16899.790402979335
3.006088996440603	-1.2962277447030175	-2.608763975420189	-8.34906824901374	16949.470581813577
-1.5835224251960298	0.42444807591304823	5.681407746557795	10.312629576915285	16963.54952516032
0.7745388976924517	-5.945837934180723	19.59295574646795	-7.13874199115169	17020.09628538393
-0.24203156051847685	11.656212878971395	10.63106008972467	-5.999148890508593	16988.8761054626
0.4196892271748496	5.4857394225060645	3.5973737275989066	1.2273203521462932	16900.144660866536
-1.214251172442843	-4.580396708069024	-1.656535589252357	6.815784133368098	16935.36191034119
1.9327917665271457	-0.27587199773375914	19.48818297670438	-18.02298133538227	16934.069224454324
-1.7206347673808011	8.555667515016808	7.749581085110535	30.267507588687934	17000.17631142019
1.439438633167775	6.906131242595926	-4.228763102635526	-6.477802841158237	16986.811826279933
-1.9656003105473374	-2.642008161564384	1.9152334727140214	-80.18760563077328	16866.16175480872
2.4616025572872147	-12.431659718768636	3.7224927529847776	44.494900883844295	16848.945549692857
-2.4391573605837635	12.957791030124532	-19.00459374232979	-14.633094704532354	16836.25344460427
2.6470982434600785	-8.015693510973684	5.041856173890636	-10.978653633203876	16745.76450923857
-1.9010845051984688	9.365079115318245	0.6674173727224257	4.060493559036445	16827.57595067028
0.2220132353147264	1.6059753739145037	-8.444133115389377	-18.08506210393807	16911.30530401983
0.3783895570418352	0.9838378216943511	8.742849946316483	5.638528594566708	16939.504351052874
-0.4004538269200495	2.775865952639556	1.7492418299340216	17.17760821436093	16968.340252043126
0.35973005116954226	-8.74597875755456	-1.5513293312564826	-8.546610606522023	16917.510890155085
-0.3509782209705108	5.055337646922247	12.370996019592212	0	0
0.5352252353314171	-8.5587544965937	4.346718923260028	0	0
-0.7668269639895087	2.6551486263814397	3.9854322186267552	0	0
0.8614760838662718	-4.224834331815934	-2.314805134598444	0	0
-0.9219443137903696	-0.1840978759108225	-14.215840984119595	0	0
0.6769594734518805	-7.320809983592781	0.8111700593461535	0	0
-0.4389045681798862	4.636492252256794	11.974944740196364	0	0
-1.2843427438107469	2.252908545577327	7.282285227698196	0	0
3.780631195349997	-9.237234244168434	-10.399259772632249	0	0
-2.1958178673522397	-7.855374681777384	2.3475806154657732	0	0
2.247845263350719	9.657656982689339	7.380342306363957	0	0
-0.6755995108014972	-4.2111838115220905	-6.865328844255416	0	0
-0.2050600606783135	4.9306275487883795	0.8224372823622161	0	0
0.7406838449714428	-10.69298921015855	8.927494688051581	0	0
-0.9922425417866378	-4.001661083008422	-14.085128411036507	0	0
0.9849440947001398	2.6625022146103987	-2.0320012685179734	0	0
-0.29827798625652946	2.576072694055476	18.854191361905336	0	0
-1.3430231734634006	-8.280051731002999	-18.753738177316222	0	0
2.072550413681249	2.3442473606683194	-6.480042464648676	0	0
-1.6168610080273993	-0.8140480025958041	7.121710287587817	0	0
0.07558499242852434	-0.18635191008555552	0.20166270512267204	0	0
1.3040398990504372	3.3380680274749466	4.134275393754237	0	0
-0.16730314479865172	-4.269333344331152	4.639344107013926	0	0
-2.1862412584094244	-2.1747068558699993	12.382999261091584	0	0
1.6468503730477764	5.195035403052941	-22.951026615668695	0	0
0.205100571776633	-11.214924743387748	-11.815090306579393	0	0
0.029687757177491392	2.943325425423076	3.965075116595699	0	0
-1.6908255693676821	9.466200617555046	2.7371468775988745	0	0
1.603047415029934	-1.4050894541970607	1.4325183661981953	0	0
-0.5153680015649442	5.5142512536112775	-1.9971713534927602	0	0
-0.05286341573616937	-5.569853259520684	-3.814294367377215	0	0
1.2151917353670711	4.500937593207055	-0.08045813898266374	0	0
-1.8015774374861309	8.007809313000124	0	0	0
1.302013919293529	-1.3927955064801836	0	0	0
-1.2317553850584773	-4.346879975594618	0	0	0
2.0335443123581243	-6.505002095822135	0	0	0
-1.0083630013312757	-6.140846952731614	0	0	0
-1.501860482490251	-1.4352749663280804	0	0	0
1.6184425831640752	9.992418658824647	0	0	0
0.07571510837656348	0.08715453985091415	0	0	0
-0.2560575666076019	-1.9939810113264897	0	0	0
-0.9472197815262291	6.675690833712643	0	0	0
1.713104766778983	-0.7038303897248355	0	0	0
-1.7984045769565142	-0.9077553859713987	0	0	0
2.7781285237082187	-11.515382579721944	0	0	0
-4.806269591576168	3.482425528020208	0	0	0
5.53336322053557	-3.3953217184960565	0	0	0
-3.5153708853906878	2.80567767563641	0	0	0
1.5203409987678214	4.420852728144332	0	0	0
-1.3609661510407065	-11.169719211901324	0	0	0
2.6895864216676912	9.448387690712892	0	0	0
-3.659490150831388	-0.9967947738285616	0	0	0
2.7181244854819226	-3.1514140377030273	0	0	0
-1.4273981136217557	7.27150135892353	0	0	0
-0.06408995586793509	-1.5115014828338147	0	0	0
1.3313844711769036	0.4384782209327014	0	0	0
-1.660675624884604	-2.026219451215745	0	0	0
-0.3016333443020045	-3.428196541447761	0	0	0
1.921466338609953	-1.0507692634605093	0	0	0
-1.8603983618535693	-2.111524147421079	0	0	0
2.441522110055814	5.337948478120602	0	0	0
-6.1971603096514585	-0.9945453387958381	0	0	0
8.553288899103045	-0.18602273257928204	0	0	0
-6.327787738662856	-1.7836542960812025	0	0	0
3.3691772764933674	-0.46899147881368464	0	0	0
-2.0169423705133838	-5.769819218036126	0	0	0
0.3091965816992044	-2.65763884722584	0	0	0
0.020099003237177726	12.595931754148921	0	0	0
0.937312616851969	1.554795183894278	0	0	0
-1.351306852312952	-4.0567930877470175	0	0	0
0.17719923846296126	-2.6920966857150077	0	0	0
0.9595714929405545	-5.2104012239009805	0	0	0
-0.6500847205590361	1.2198367275099287	0	0	0
0.16905000995647868	2.6258371749892504	0	0	0
0.3305825344568021	-1.6368180583403245	0	0	0
-1.012449060117504	7.381515246207428	0	0	0
0.4885995819423954	-7.808126563175108	0	0	0
0.46870786937100206	1.6171172700855223	0	0	0
0.024620525894178513	2.112044768922388	0	0	0
-1.2719880110028257	-2.0913768344566677	0	0	0
1.2195039424654084	-2.4381830854669033	0	0	0
0.7582441060410403	5.237835297971266	0	0	0
-2.591764080513258	3.9388736680544056	0	0	0
2.1254064112466367	3.4362034716777643	0	0	0
-0.2179904229494909	0.37196948761537385	0	0	0
-2.5751979216567946	-5.272423047552742	0	0	0
2.8820351357013934	6.896789025258563	0	0	0
-0.39920953450621255	1.7572405166305884	0	0	0
-1.3107120653403044	-5.806377559744895	0	0	0
0.601462503676153	6.417409573984834	0	0	0
0.35119634298563795	-5.303846353183211	0	0	0
-1.1344078328286216	6.304208489879599	0	0	0
1.191414435877718	-6.080515224729545	0	0	0
0.11324454181576016	5.074519924463054	0	0	0
-1.0327674381058642	-6.670435591815803	0	0	0
0.4040447800977489	0	0	0	0
-0.11428212982169583	0	0	0	0
0.9582752419108758	0	0	0	0
-2.1056617168658605	0	0	0	0
2.218409623219884	0	0	0	0
-2.0430297508873565	0	0	0	0
1.870690774281691	0	0	0	0
-1.2285670626010585	0	0	0	0
0.8873673800181621	0	0	0	0
-1.8206779789876748	0	0	0	0
2.2785968763879225	0	0	0	0
-1.4382398092390005	0	0	0	0
1.5222375706401508	0	0	0	0
-2.3952777910353262	0	0	0	0
1.4604461899826902	0	0	0	0
-0.7699265813296492	0	0	0	0
2.053575176354414	0	0	0	0
-2.16506925194858	0	0	0	0
0.09260803072916701	0	0	0	0
1.219426863798347	0	0	0	0
-0.7210625986030763	0	0	0	0
-0.19030494850340318	0	0	0	0
-0.0076268686138689645	0	0	0	0
0.6562227551120188	0	0	0	0
-1.4789088068533118	0	0	0	0
2.4612135047854693	0	0	0	0
-2.0750701376790275	0	0	0	0
1.1341323869045539	0	0	0	0
-2.094979788671047	0	0	0	0
2.1796614449215923	0	0	0	0
0.2227300577042044	0	0	0	0
-1.0280105173254483	0	0	0	0
-1.0893805707025805	0	0	0	0
1.6464490551567366	0	0	0	0
-0.6246968359073932	0	0	0	0
0.14032105695935826	0	0	0	0
1.048983511156905	0	0	0	0
-2.1508240808423125	0	0	0	0
1.4173798329751364	0	0	0	0
-1.3747255221276475	0	0	0	0
3.409462368673857	0	0	0	0
-3.7767920486468185	0	0	0	0
0.9407341752815697	0	0	0	0
1.1465568356254536	0	0	0	0
-1.0327930308159523	0	0	0	0
0.6207645461836862	0	0	0	0
-0.19841788759987367	0	0	0	0
0.025168790969473775	0	0	0	0
-1.1486574357646262	0	0	0	0
2.329349417684064	0	0	0	0
-1.963577937035872	0	0	0	0
0.7738838710638731	0	0	0	0
0.21820185808053338	0	0	0	0
-0.6552931562915774	0	0	0	0
1.1078231301450785	0	0	0	0
-1.1458247940932296	0	0	0	0
0.5790457991407649	0	0	0	0
-0.32666953683289535	0	0	0	0
1.1183150325533475	0	0	0	0
-1.3029847193210813	0	0	0	0
1.1964025318598672	0	0	0	0
-1.495362885015851	0	0	0	0
0.9918176464009107	0	0	0	0
0.2927925757202203	0	0	0	0
-0.5900577052778502	0	0	0	0
0.9351543916753045	0	0	0	0
-2.5057869203482426	0	0	0	0
3.5214444605545836	0	0	0	0
-4.024289891011826	0	0	0	0
4.5041953636372725	0	0	0	0
-4.231368635798866	0	0	0	0
2.0096107125183664	0	0	0	0
0.45751572299194976	0	0	0	0
-1.8121658549020623	0	0	0	0
2.5124422223994287	0	0	0	0
-2.0396763803133524	0	0	0	0
0.7957547918206558	0	0	0	0
0.5962682159413291	0	0	0	0
-1.2147313850358543	0	0	0	0
0.9133853916598298	0	0	0	0
-1.6546587314874444	0	0	0	0
2.0353902114643674	0	0	0	0
-0.9805634047146725	0	0	0	0
-0.12388770213584621	0	0	0	0
0.30161744303563154	0	0	0	0
-0.7219231294467221	0	0	0	0
0.9166227177059056	0	0	0	0
0.1035724243255487	0	0	0	0
-0.9612415291839653	0	0	0	0
0.2554298650148539	0	0	0	0
0.3288476516928682	0	0	0	0
0.1878220706957805	0	0	0	0
0.15864345446074424	0	0	0	0
-1.7006613053798958	0	0	0	0
2.0804984325576683	0	0	0	0
-1.4398186161488908	0	0	0	0
0.9973685996637727	0	0	0	0
0.4019995845300528	0	0	0	0
-1.6039723308666396	0	0	0	0
0.9729111595289268	0	0	0	0
0.5770051545938912	0	0	0	0
-1.5598670619581867	0	0	0	0
1.9343212158389917	0	0	0	0
-1.7010920434941497	0	0	0	0
1.0271279375733329	0	0	0	0
-0.5838400328522866	0	0	0	0
0.15644139874164154	0	0	0	0
0.41826922158222146	0	0	0	0
-1.575003371549215	0	0	0	0
1.9820738950510304	0	0	0	0
0.493461023243043	0	0	0	0
-2.633201505515416	0	0	0	0
1.8876122779974054	0	0	0	0
-0.10413023101602192	0	0	0	0
-1.296556221234198	0	0	0	0
2.1718843080741976	0	0	0	0
-1.5839738786614248	0	0	0	0
-0.47031777147149256	0	0	0	0
1.509109935005668	0	0	0	0
-1.1084658320491272	0	0	0	0
1.4272661738006107	0	0	0	0
-2.0703336089569007	0	0	0	0
0.5804256469135325	0	0	0	0
-0.1315393736300976	0	0	0	0
0.14358299567903288	0	0	0	0
1.902922012229034	0	0	0	0
