0.13645064441531218	2.44283707633506	-0.3420118532954177	-0.4549457078704222	16673.36826069495
-0.8362954974482832	8.1550002380771	-1.094849582689676	-1.147284442340009	16673.649512844015
1.4777824934050443	3.2008117094265742	1.4367840233992268	6.917133923902668	16674.510157468427
-1.2356248698344885	1.819721659219276	-9.207668641005881	-3.531800440240062	16672.120466543383
0.24423841854223838	0.08017198837252693	-1.9639167616115571	12.608293888825727	16680.29541036184
0.2960423947928348	3.097506658164029	-14.082995794158009	-9.140649370546996	16650.13393468678
0.06898779363305607	11.551301229927226	1.3966367339244528	8.224166001988621	16685.44755834465
0.5492757727299349	9.333878607034748	-9.091105416173065	-3.253274568891058	16680.02598301659
-1.9033951107266276	-0.7999898687516449	15.492252226814983	-14.024830597347872	16689.731077208235
2.1170344158295293	10.793774033571871	-8.782447019441975	-4.628731610135333	16754.570474394466
-1.0066434954811498	4.469655061705943	5.642659408788333	-11.267156704070175	16856.625634396307
-0.24503872793069803	-12.446058223358385	0.01026111716817013	11.867272766673224	16946.22025094997
1.5514082197735348	-2.450680372931771	8.876897743382841	32.184454116969874	16947.223836760284
-3.4153269747308457	-1.356473403537315	-0.2974394368202411	15.664696028773392	16929.146499190145
3.5547247883115958	3.3534188776972584	10.695690050795406	7.738760545237099	16895.05653647491
-1.3820368552750821	-2.8204361941544605	-12.078870146836394	4.3430535030456525	16882.497373485105
0.22401889956656618	6.656812060644519	2.616569544724115	7.475249901276811	16913.6894448782
-1.4592541529717593	-4.455123280126273	-4.482918007740622	27.39193554969384	16933.205367072147
2.9779090401339445	-6.66474226247221	-2.2708400104442887	-13.195416590679699	16873.30490205624
-2.8110103267339355	7.328293803013878	-11.840052225910483	6.227678956888582	16804.566808768763
0.9430308609777711	0.14835175191348782	-11.416328336893187	-16.61580222642654	16775.104692401914
0.7018718018308618	11.802170743768798	6.433222564163486	6.231711134502149	16769.65957144071
-1.2659915073518064	-4.906494712066795	-11.274574129514377	-21.55350798455244	16786.136137992464
0.6378857467115964	-1.4070538492174052	-5.1618533493586085	69.03424918025628	16843.19125124853
0.052639261008565086	2.0430647140456486	-11.587244691032765	-58.175616144231356	16805.676708445655
0.6273832829272337	-6.045076159358366	15.605672403957854	10.336972288517273	17236.59123357873
-1.2153587674565642	-0.23616147298242396	-10.294814860361697	-9.866285396077188	17607.80269618787
1.2507549106899631	-3.279721464243565	3.3599993998734448	-7.541081885202118	17543.79703815362
-1.4530408626673292	0.7629418523734373	11.366733362826963	-0.032741984728914986	17494.131408004934
1.8954834812629784	1.374712402825601	-22.694913223776524	-4.279326086967984	17460.813831497107
-0.8463400202787952	9.11146787078551	-4.934100056119462	-2.7356528106940345	17413.74692900514
-0.30037566400110904	-2.46593635816064	6.390899757240106	-7.6865598747830575	17349.095036680963
0.6677951654582728	10.12707936794083	0.2545934997545203	19.655776441583726	17297.93431451035
0.19764675434229417	-7.343771160305096	1.037124923845667	-35.20096569585266	17192.202679307688
-1.747553869840175	2.410448446132037	-8.80245472557209	46.093916136161226	17168.696015030415
2.757716712898322	-5.247759353917054	5.9266975502288375	-13.098664822402782	17086.70152114219
-2.8620964806379234	-1.7124204347725254	-4.533509082242617	-32.84903606942446	16953.080807195754
2.9955115013839446	5.327020264164048	-0.1860542916488157	41.66639195141353	17039.215246241904
-3.7703396286661643	-1.126364785003318	-2.727974568344635	0	0
4.76277248178868	7.244566305142236	16.245685146715758	0	0
-3.6607427768237955	-2.1286981571185493	-14.748615722574883	0	0
2.4186663332564606	3.332530114430476	-1.7796116712700183	0	0
-2.4694986149239213	-3.6206853472258445	-40.07799405574569	0	0
2.8629379405793927	3.192591674476695	47.76772238387517	0	0
-2.8344139468019094	6.704844728335658	-5.367077420596203	0	0
2.2150356367391595	-0.038532470152972564	-28.79825824840121	0	0
-1.3478991584919982	-9.57651817128145	20.008605037035565	0	0
0.15466122672096105	10.056820663060286	-9.114785147158003	0	0
0.5036184289903005	-6.762381147203392	-5.619235314688197	0	0
0.38974206091701546	0.2691514065290832	2.381770258580559	0	0
-0.7913617485676383	0.12702263742220765	-2.455916976826856	0	0
-0.4391730977250887	-4.987362033044903	1.9214047482170002	0	0
1.6613561648156718	4.534983469648054	3.2124916960541015	0	0
-2.403287460202243	-0.4101838551110788	6.035410363614858	0	0
2.7700439502700576	3.774881754329371	-0.8515075124742708	0	0
-2.137998833848293	-1.4675412245878405	14.189824428268707	0	0
0.7886357033367233	5.966756768216243	-0.07445835690012359	0	0
0.1289143963644861	-1.0074150072703105	-4.055863654310727	0	0
0.4031583251400477	-13.41443437343711	1.423911155335162	0	0
-0.7925844757991598	-4.455545359164795	-3.3184637659684455	0	0
-0.40031205817909665	-0.8128351908234634	-6.744644875815965	0	0
0.7145455889317489	-2.8190014541230113	-4.996060680558443	0	0
1.5071241866775722	-2.915119623459617	20.463980430341138	0	0
-3.5684373263009235	0.1496124689886429	1.5181962906109163	0	0
3.865626288807505	-2.116760202548413	18.107758533561437	0	0
-2.9524339381947016	-5.006195936533167	8.820282586592313	0	0
2.487358992172261	-4.323140013703032	-7.0556271256410525	0	0
-1.6226598009102773	10.03617290014926	4.171629516607609	0	0
0.018595153184186586	-1.4106098635953543	-14.002777683161582	0	0
0.3649772899283903	0.8928292591487832	-11.36736323203968	0	0
-0.038166899834806145	3.478383223385187	0	0	0
0.32694986057394004	-2.9387176137762623	0	0	0
0.3014105283440145	-9.187170800499409	0	0	0
-2.4200495594365705	-1.7142940316833162	0	0	0
3.203811791270752	-0.7775434880874457	0	0	0
-2.6591269099877977	0.07045507339956458	0	0	0
2.9285048321845153	1.0688921525319728	0	0	0
-3.0083918415487503	-4.5872671335559545	0	0	0
2.3238986216535693	5.983763952083862	0	0	0
-0.9777299702650382	-9.322557081995434	0	0	0
0.2471977315781828	8.50160229505245	0	0	0
-0.581493937320694	-10.412971422836826	0	0	0
0.6028907183762229	-21.669729351414894	0	0	0
-0.04813788655435758	17.96975837291857	0	0	0
-0.5097907434545093	-16.592243498676233	0	0	0
-0.06684026595596748	12.531589358810983	0	0	0
1.664353654402781	11.81639827280678	0	0	0
-2.1098492265310114	-17.427801180972338	0	0	0
1.4485063411261905	8.131013238994328	0	0	0
-1.3284816583698955	-2.3923172356224853	0	0	0
-0.03574511716669093	-1.6791141497453452	0	0	0
2.513092696748366	-2.5474692940878754	0	0	0
-2.6845650898585234	4.317292821383148	0	0	0
1.8413485390256668	-1.606235918101504	0	0	0
-1.7212507295701585	-0.8019292290780271	0	0	0
1.8435991196430237	-5.717887246439304	0	0	0
-1.5821160952163495	7.339256325117432	0	0	0
0.8739476199387326	0.983684439195855	0	0	0
-0.3469373145265422	0.5019501322106095	0	0	0
0.8412357506126327	4.391776570979928	0	0	0
-1.6057680081167405	0.6939986291957752	0	0	0
1.5174995039375503	1.4862313707088788	0	0	0
-0.6877023503604534	-2.907603915018555	0	0	0
-0.8510054606662791	5.0944537223658415	0	0	0
1.9862304781997437	0.6241610017079893	0	0	0
-0.9200354773692467	-2.448185767035639	0	0	0
-0.4130572824787677	-0.3535769704248679	0	0	0
1.0523375478773502	1.6878498433812439	0	0	0
-2.3411528434290787	0.8691979811596582	0	0	0
2.897667432014856	-1.8520981114178454	0	0	0
-1.3005546836643305	-2.3806089817402523	0	0	0
0.10684788171132453	3.5377018677851737	0	0	0
0.6757326222636877	3.4592231071417103	0	0	0
-2.135753737570056	-4.92193187908191	0	0	0
2.345133257767621	7.135164728607592	0	0	0
-0.8548625769566058	-4.151399455188397	0	0	0
-0.49296970466983225	6.358482418867226	0	0	0
0.6998466539600088	-1.0288713048619655	0	0	0
-0.2438587242189456	-2.462774706822657	0	0	0
-0.20759098401420317	4.60260913366767	0	0	0
0.38223414823858803	6.929109425598099	0	0	0
-1.0024848418550079	3.2356171938199196	0	0	0
1.6065961477697073	-7.73544989614706	0	0	0
-2.5759102014218556	-1.982004488673141	0	0	0
3.2225321351391756	4.288354619267437	0	0	0
-2.5692001262464856	13.0102489132437	0	0	0
0.8280634177758515	9.265803619753001	0	0	0
1.0546477305353648	-7.273879203292125	0	0	0
-1.6626860593201371	-0.12517565787638318	0	0	0
1.290696291435843	0.9283356268803047	0	0	0
-1.4852283260342531	-2.5347463728579953	0	0	0
1.6849685482467507	4.349383740707857	0	0	0
-0.8591477170628536	2.517724863285814	0	0	0
-0.6281692837443345	0	0	0	0
1.7823651337646709	0	0	0	0
-2.0991913207997115	0	0	0	0
2.044537208731235	0	0	0	0
-1.6820245466663764	0	0	0	0
1.9269972907301636	0	0	0	0
-2.1929819966063633	0	0	0	0
2.241997621197079	0	0	0	0
-1.9417335085089675	0	0	0	0
1.7395938636243784	0	0	0	0
-1.1937102514574747	0	0	0	0
0.832087982588881	0	0	0	0
-0.9582673336942804	0	0	0	0
0.6598328109625484	0	0	0	0
-0.11591701962770173	0	0	0	0
-0.3647531896133316	0	0	0	0
0.6994887561783969	0	0	0	0
-0.758154646747883	0	0	0	0
0.3217400755155282	0	0	0	0
-0.6484557822935813	0	0	0	0
1.1343155647830443	0	0	0	0
-0.8700011075001299	0	0	0	0
1.135639542794685	0	0	0	0
-2.5581169040842866	0	0	0	0
3.6261463647582133	0	0	0	0
-2.4327621155635413	0	0	0	0
0.7347572747789428	0	0	0	0
0.5551721719381675	0	0	0	0
-2.3688597954119643	0	0	0	0
2.258490507076175	0	0	0	0
0.4247213070046527	0	0	0	0
-0.9144153609630408	0	0	0	0
0.8518006064562442	0	0	0	0
-4.248979262844642	0	0	0	0
6.571082896897003	0	0	0	0
-6.067957546295823	0	0	0	0
3.9802615537820216	0	0	0	0
-0.6670944852773601	0	0	0	0
-1.6340742313324697	0	0	0	0
0.14242437809201647	0	0	0	0
1.0422133210291662	0	0	0	0
0.5074491083816071	0	0	0	0
-1.415752040187499	0	0	0	0
1.5915998653075505	0	0	0	0
-1.1236871184473856	0	0	0	0
0.3249855120873306	0	0	0	0
0.05537401773943884	0	0	0	0
-0.45554023811389044	0	0	0	0
0.5434609030009412	0	0	0	0
0.26312899227589526	0	0	0	0
-1.4462823800714446	0	0	0	0
2.3959294948679073	0	0	0	0
-3.2185072225982267	0	0	0	0
3.6518165464635572	0	0	0	0
-2.1871063380943525	0	0	0	0
-0.6347247692169447	0	0	0	0
2.7890088580865324	0	0	0	0
-2.7431766237055726	0	0	0	0
0.8371130941087586	0	0	0	0
0.5385688662080597	0	0	0	0
-0.4790411255183784	0	0	0	0
0.1399495685523462	0	0	0	0
-0.009072184499565594	0	0	0	0
0.8307818743345337	0	0	0	0
-2.464490916520667	0	0	0	0
3.6359208087418153	0	0	0	0
-3.768831535297757	0	0	0	0
3.2770266392104332	0	0	0	0
-1.551652279484415	0	0	0	0
-0.820521114049825	0	0	0	0
2.6714277518675473	0	0	0	0
-2.572651536789195	0	0	0	0
1.7454496597539375	0	0	0	0
-0.9670558769699369	0	0	0	0
0.39660499225897183	0	0	0	0
-0.09848319057842758	0	0	0	0
0.35259821304606476	0	0	0	0
-0.92127956792622	0	0	0	0
0.5055357593385708	0	0	0	0
0.5284869948334929	0	0	0	0
-0.6326995640441169	0	0	0	0
0.13296521963723507	0	0	0	0
-0.9857759027183377	0	0	0	0
1.7492872257885352	0	0	0	0
-1.1070066708286106	0	0	0	0
0.5304691950527456	0	0	0	0
-0.6741406871435629	0	0	0	0
1.05957475101048	0	0	0	0
-1.8411143126189344	0	0	0	0
2.8548469899730406	0	0	0	0
-2.59060874179621	0	0	0	0
0.7402105790061455	0	0	0	0
0.890563931031302	0	0	0	0
-0.7286405943972767	0	0	0	0
0.0707152514924374	0	0	0	0
-0.4782150235039211	0	0	0	0
0.7228225055584332	0	0	0	0
-0.24502227876560312	0	0	0	0
-0.7046535144096566	0	0	0	0
1.5507040329530781	0	0	0	0
-2.2859339477232936	0	0	0	0
2.598796430591321	0	0	0	0
-1.2369344018472148	0	0	0	0
-0.2994931805571426	0	0	0	0
0.47335339868775606	0	0	0	0
-0.6422291018874446	0	0	0	0
0.8027387255741587	0	0	0	0
-0.21231941247752673	0	0	0	0
0.7910610185756113	0	0	0	0
-2.2118253864288278	0	0	0	0
2.41001539211814	0	0	0	0
-1.589784621384048	0	0	0	0
2.238325252129819	0	0	0	0
-3.083082575205168	0	0	0	0
2.0452033630874666	0	0	0	0
-1.0760702854439828	0	0	0	0
2.2445107793111845	0	0	0	0
-3.0210800528402757	0	0	0	0
1.463366523351354	0	0	0	0
-0.7197924133002971	0	0	0	0
1.4060106187898072	0	0	0	0
-1.9109738742682651	0	0	0	0
0.5012251455639571	0	0	0	0
-0.19759117831287654	0	0	0	0
0.2924972155924692	0	0	0	0
0.8653451035225928	0	0	0	0
