-0.42150646639552747	1.2672486780975305	-3.706635213453353	0.4524143154590661	16941.36260217876
0.8472502321028443	3.006498268856845	-12.194471825299956	1.6404395997562347	16940.541087895734
1.2520977816598204	-10.031948761378736	-0.8673777862803149	-0.6563934070965445	16942.909525386825
-1.0126761775854334	-4.0259287376864705	4.544382900639306	24.109597261001866	16942.853723681088
-0.38492959032510754	1.4382484137683065	-7.3751002102327305	-40.76285585091381	16931.22824761147
1.8054833640957355	-6.730561603822494	-32.00517549380956	10.731012774398081	16978.7952969351
-2.8245840276907117	5.429127735042627	22.502139369546654	-8.780801072826435	16920.635969909406
3.605868081010833	-3.574771653060644	-10.99620254816655	18.79700032433348	16945.659135659393
-4.39832207309739	-1.2629962996306645	-7.19348870403843	1.8680901204474338	17020.683454453534
3.2389114528785328	4.497035854742968	-0.41061908393733404	-2.7329988233747855	17053.61337985013
0.3146744861242752	-5.015321249497092	-4.074712104342211	-13.212547951854944	17047.397321738586
-3.0373126271293955	11.193892965638362	13.138049032235315	10.067552531102265	17000.77148702483
3.3172091021206356	-4.588632555158831	-8.239194054296632	-26.062624865043034	17076.388523603644
-4.261439646332434	-7.768607623765121	-12.676569163289003	53.289286430145836	17104.86753734461
5.037809948908873	11.00803866647518	10.663182791376329	-37.6293781353192	17052.120600322058
-3.4921118676313156	4.834088233834834	-8.220489164042647	8.01801933563533	17099.486116190466
2.1419795316881576	-0.5955470597830725	4.1117415356959555	-28.1477221095181	17069.70246325285
-0.8912879798926525	-0.22542193241133646	-17.855450662230723	6.5006835454348675	16993.613224513923
-1.467940396538097	3.7283227098600307	12.770232623893662	-13.93405220667647	16919.024191011944
2.7988970570235594	1.8165532019787207	-0.8646659948808235	-7.470144990441952	16844.80447123257
-1.2732756941131314	5.975441260920249	3.4874819722848684	-10.393518120846139	16868.17000904923
-1.311710340239344	2.7898508118713465	1.282700180198887	23.756168054919954	16928.701020181743
1.7911149605716972	1.7785063719288274	-6.21778190286939	10.123095353198394	16847.318645763247
0.7266969197334561	-5.27286074157648	10.712873475696057	-18.999656392135066	17001.096820263763
-4.471914538069321	3.1855612073706965	9.385319858253524	30.39984714815577	16986.102150031802
6.352378442209918	-12.719359113930047	15.206901218721669	14.162765472061466	17019.934613328747
-5.395304548297439	-3.3029553613235976	5.181964920413208	7.158320030341926	17023.160361863087
3.0504495031370027	-1.764361479328386	8.077282157855493	-4.985317176200539	16959.263855985548
-0.8351727170416581	-11.285618530663854	-10.959591308646267	9.123088753353414	16939.866235797257
-1.5748767950194988	12.99698368955763	-4.202015658422141	-6.2342035078331435	16983.474828745166
3.6667733886785285	-0.38746221258209346	4.604962772992465	6.816241829618463	16953.823773765034
-4.085012139187441	3.084737983779398	8.912278705323146	27.799215738998328	16956.283217430195
2.510814576854486	5.706744046343019	12.17224849205445	8.435456417938354	16916.9580817865
-0.12448320496495313	-3.4277465377099077	-7.1208392875714	-8.675715520707556	16998.564283036743
-2.4817238730522604	10.763679393935504	2.0912575057969747	-6.548155047016621	16992.197149977193
3.997351393450451	1.9524200942288417	12.304269498978286	2.491173054693803	17008.172816074413
-5.19917052749561	1.0986204664704005	-7.7612104802224025	8.802850800880918	17003.219649423605
5.862526150882992	-0.03860539273922825	-7.46241100982914	3.463202730907426	16970.867020013982
-3.9865735244459515	6.651348657822211	-13.14606760322009	0	0
0.33736190804466304	-5.167903319812623	-4.435992939990058	0	0
3.117888165364512	2.9506835148341253	1.1285978763590236	0	0
-4.948047955755314	13.685382025304037	3.4852318732186944	0	0
3.8412857340770685	4.20686545113076	24.01553092657832	0	0
-0.5414300303957162	-4.797736067517654	18.667215797238143	0	0
-3.637550348816319	5.711914453669941	-7.667879754599468	0	0
4.6550209189691785	-8.368601169389613	-0.6297749765170977	0	0
-2.7854583745395374	-4.584567118918109	2.5031419364007945	0	0
1.8804588451771878	9.39345589175852	3.6639656020574165	0	0
-1.9161396063995042	-6.017906611365902	8.00468080082588	0	0
1.9808532723759598	16.978272581925097	-1.5145390564829029	0	0
-1.2847961486054515	2.5401764416160333	5.55909270893757	0	0
-0.9979569320877815	7.749793447530017	1.1084501832116729	0	0
2.8596428666881124	0.36811422433558505	12.481674517473209	0	0
-1.5021753364951422	7.4496913505410305	-8.234940402604835	0	0
-2.54937747376335	-12.58900643484506	33.022631655072516	0	0
5.910481189251058	8.72431556023109	6.641358649123305	0	0
-5.778237935232646	13.791972438737332	22.626281047759804	0	0
3.4994028961056713	-8.902832927251204	-30.692184972944304	0	0
-1.9909592014566684	19.033194003561164	0.5523331464765704	0	0
3.0223963351608916	-2.6074591353575585	-9.23213630994492	0	0
-4.797263727303317	10.9411379118432	-5.944100122151212	0	0
4.146778719608534	-6.573811020541342	8.792845435356938	0	0
-1.6291510743942652	-3.440075457868936	-11.981965535593588	0	0
0.007142472829571034	3.3999935660945653	-4.322894389307237	0	0
-0.3653316753431781	6.447755304170144	-9.396153729623535	0	0
1.6100043772281865	-5.5356736334131895	3.4888302917348284	0	0
-1.658590809904183	10.260219592938085	0.22233622248816687	0	0
0.2572811559184771	2.328589529003274	-1.1716674132190548	0	0
0.30787307017470766	4.577808470654141	0.21227781640311605	0	0
0.5278259553672768	-1.224881243588662	10.176687873747554	0	0
-2.541096723447481	-1.868165911340789	0	0	0
5.143189892093538	-2.945946066927327	0	0	0
-7.184804101431276	-2.971140845252755	0	0	0
7.086507373302446	-2.5347490911739285	0	0	0
-5.019710181664692	11.123210682735518	0	0	0
2.4695624487027175	-3.3787056451006094	0	0	0
-1.2112173757118114	-1.1544347325808744	0	0	0
2.022877416480952	-5.368503172133067	0	0	0
-3.3591903891864874	-1.915745812408943	0	0	0
2.8640452471417106	-0.31324875273087827	0	0	0
-0.7800485389643299	-1.1336660198787456	0	0	0
-1.5092945128521578	3.6057464322550388	0	0	0
2.0646099301752088	-6.723234158139078	0	0	0
-0.4119522141300678	5.126879371509048	0	0	0
-2.9411271746810215	7.641392660598449	0	0	0
5.628606701091627	-16.838138042064465	0	0	0
-4.90053181787809	15.992608571634506	0	0	0
2.2619962949563757	-2.1158681850196217	0	0	0
-1.0771753157941788	-3.2048035275138744	0	0	0
3.293267387866692	12.181929313445167	0	0	0
-7.075753891837273	-11.688583509511432	0	0	0
7.815250732624072	6.152192862487034	0	0	0
-4.334614074844566	6.475336535738116	0	0	0
2.780447788282963	-0.40511899846634236	0	0	0
-3.2836842355696803	3.57677260945551	0	0	0
3.531030796223881	7.420316512725712	0	0	0
-2.91021398949286	3.1506663461814526	0	0	0
3.611031244784712	-11.235447106998038	0	0	0
-5.005233386028216	-5.311412431651192	0	0	0
5.7063958435135405	7.371692728664996	0	0	0
-4.040407069513812	-4.159317534437847	0	0	0
2.2777186567015733	3.495813837293788	0	0	0
-1.69333434664604	6.55765788188215	0	0	0
0.822482935342137	-8.114127629982448	0	0	0
1.4926367872974708	4.272810225364118	0	0	0
-3.5045821369083754	-0.3752281681714251	0	0	0
2.7257055630358735	-3.9965551661585508	0	0	0
1.0546369672233311	3.481881347449189	0	0	0
-4.451315785108449	3.034128329102785	0	0	0
5.481271419414249	11.058740016702956	0	0	0
-4.005127602285185	14.013193075252168	0	0	0
2.392651261709233	-9.592210068497252	0	0	0
-2.2832926925947348	6.31900815961307	0	0	0
2.3109848437150475	-14.561028959222412	0	0	0
0.8786802584235147	-7.159130568356588	0	0	0
-5.0301633475277185	-16.860227210047668	0	0	0
6.793703082415512	-2.0962787726110577	0	0	0
-5.378394634949103	6.810767087599466	0	0	0
3.9828968233798534	-12.808339255776936	0	0	0
-3.9028465968714983	8.68712389651219	0	0	0
3.16469827180331	-20.789954323701984	0	0	0
-0.4859249644171939	13.385089305571661	0	0	0
-1.6530251639567055	1.9696231451498178	0	0	0
2.3579239045717273	-7.044673892688792	0	0	0
-2.609321004941272	-2.563156173706112	0	0	0
2.411066317427803	2.6870645231776322	0	0	0
-1.1248929360602702	14.484467897061691	0	0	0
0.04270049734926573	8.866722126496072	0	0	0
0.28626105240147126	-2.8711092957568525	0	0	0
-0.584647436818095	0.6894984189141766	0	0	0
2.1234269817452898	0.5455294979803824	0	0	0
-4.089647593600439	-0.8459681920827151	0	0	0
5.792001839369995	-13.232559653803605	0	0	0
-6.137048618309912	0	0	0	0
5.658388438065714	0	0	0	0
-5.295529299594548	0	0	0	0
4.2300401546822854	0	0	0	0
-1.8979227612281733	0	0	0	0
-0.2843904174500338	0	0	0	0
1.6463633024693678	0	0	0	0
-2.6178661146442224	0	0	0	0
3.705386519848652	0	0	0	0
-4.498790789253263	0	0	0	0
6.128021203678884	0	0	0	0
-7.6936403086317355	0	0	0	0
5.688044596511382	0	0	0	0
-0.4231582164587877	0	0	0	0
-2.7181804687495443	0	0	0	0
3.0306210754166116	0	0	0	0
-2.721572056886913	0	0	0	0
2.028457786126019	0	0	0	0
-0.7770348165740373	0	0	0	0
-0.6352556567575505	0	0	0	0
0.40718074784061997	0	0	0	0
1.042308257779709	0	0	0	0
-2.590202986634644	0	0	0	0
4.026578609353287	0	0	0	0
-3.309708397581666	0	0	0	0
1.5857626338120454	0	0	0	0
-1.3666835150376784	0	0	0	0
2.7902700312205724	0	0	0	0
-3.251047462812373	0	0	0	0
1.3757499793997994	0	0	0	0
-0.9850804473849948	0	0	0	0
2.4576412391761338	0	0	0	0
-2.720465591575312	0	0	0	0
3.3153533791151517	0	0	0	0
-4.643295520915906	0	0	0	0
2.5100266660049044	0	0	0	0
1.3058479229624211	0	0	0	0
-1.801384303985941	0	0	0	0
-0.34185484008891365	0	0	0	0
0.9500509138773268	0	0	0	0
1.2185176189287432	0	0	0	0
-4.4241788040252175	0	0	0	0
6.204371178909007	0	0	0	0
-5.291327455485721	0	0	0	0
2.7419813178357444	0	0	0	0
-1.6423866260751012	0	0	0	0
1.0642526241500434	0	0	0	0
1.1318720361917585	0	0	0	0
-3.847679336762212	0	0	0	0
6.6693371170229625	0	0	0	0
-7.6284731675952315	0	0	0	0
6.194841156417375	0	0	0	0
-3.299482379360576	0	0	0	0
-1.005772131723461	0	0	0	0
3.6656661901609624	0	0	0	0
-3.9342358531457506	0	0	0	0
3.352373195761764	0	0	0	0
-1.759980729637583	0	0	0	0
0.16231797434660677	0	0	0	0
-0.7136882796343258	0	0	0	0
2.9582886576923784	0	0	0	0
-5.634640771992586	0	0	0	0
5.524463033553744	0	0	0	0
-2.7045392765081004	0	0	0	0
-0.6124842044755283	0	0	0	0
2.597700304712795	0	0	0	0
-3.8292270065079634	0	0	0	0
4.136003216161207	0	0	0	0
-2.9539962184674025	0	0	0	0
1.2481784793837463	0	0	0	0
0.24523739955942858	0	0	0	0
-2.9031291862703057	0	0	0	0
5.41906770212681	0	0	0	0
-5.865537094872366	0	0	0	0
4.736742169604945	0	0	0	0
-3.7689977302642816	0	0	0	0
4.625868570125768	0	0	0	0
-6.285728693799328	0	0	0	0
5.291626827760361	0	0	0	0
-2.8437636648546416	0	0	0	0
3.069996028946086	0	0	0	0
-4.92336036459082	0	0	0	0
4.185676756632191	0	0	0	0
-1.0039564505267506	0	0	0	0
-1.7073072499787614	0	0	0	0
4.906122529605689	0	0	0	0
-7.627259695100385	0	0	0	0
6.514083634852355	0	0	0	0
-4.366738379761543	0	0	0	0
3.7994824928331425	0	0	0	0
-2.4399309437690775	0	0	0	0
-0.4405182696090506	0	0	0	0
2.450712936862452	0	0	0	0
-2.3286088087291645	0	0	0	0
1.8181980814644874	0	0	0	0
-2.656323953341648	0	0	0	0
3.7282764368216306	0	0	0	0
-4.060315997848711	0	0	0	0
4.339237094548743	0	0	0	0
-3.3900526146063044	0	0	0	0
1.5992025968522299	0	0	0	0
-1.9416563281789436	0	0	0	0
2.6750745393700583	0	0	0	0
-0.8925117425035154	0	0	0	0
-0.2522572563999006	0	0	0	0
-2.0274773822690833	0	0	0	0
6.244870025217239	0	0	0	0
-7.599800678354427	0	0	0	0
4.620542169926047	0	0	0	0
-0.9212502897592998	0	0	0	0
-0.6956085501380898	0	0	0	0
0.926306389990458	0	0	0	0
-0.9686381655771541	0	0	0	0
1.1297317516932992	0	0	0	0
-0.7452200590695099	0	0	0	0
-0.18243348152009276	0	0	0	0
0.37402831699540684	0	0	0	0
0.43687015659759254	0	0	0	0
-1.9649468677913617	0	0	0	0
4.112065048743787	0	0	0	0
-6.210755831736755	0	0	0	0
5.9626763862533565	0	0	0	0
-0.974379234600363	0	0	0	0
0.32739916956959547	0	0	0	0
-1.0949612408414424	0	0	0	0
-3.128248244772898	0	0	0	0
