0.024788627913650885	-1.0210675819775616	-0.4333270256644397	0.085743332705988	17050.606960039073
0.03162009455880366	-3.3488752844718377	-1.1148460516291294	0.8966726774033589	17051.423036887434
-1.2056778309090461	0.8152649690253639	5.187697631005747	8.372018671762376	17051.156727088463
-0.2843850228840239	-5.012267602164449	-10.073808174869527	-2.2641889507974753	17049.60654484019
1.6324235243198117	1.839112020690557	-19.27582047456056	4.986743753012874	17057.557185515732
-1.5998269600181914	3.052528815309003	9.001344006144222	0.4006980569447478	17029.369526260765
1.1621404647967495	0.09191958976196446	1.943324284873185	16.09462753402977	16977.57052223061
-0.22277330457726663	0.7688107282547136	-2.3179488990971038	-12.840960873052566	16928.58730443277
-1.1361667567018898	-2.133754119414334	-4.554774832652143	-26.28965409274217	16951.316884720458
0.7707071233441312	-14.867332589282611	20.124963652406265	4.232209001786742	16913.46818196235
0.6322275080991133	8.596703526647559	-14.358318786743268	-2.059849509667643	16883.185917903502
-0.590053067043641	-6.166689132060917	-0.04594860826661318	-1.1299005240110205	16868.324459012503
0.11379797271622749	5.0043737713768905	-0.23916773507360745	8.211279723699377	16822.092275206418
-1.1195798389232579	1.0653163801637504	-7.032897762058283	-26.866487694774207	16751.696514137762
2.995408648294358	1.3795353697859838	6.616772697787283	33.471466798992054	16809.276293733958
-2.886287096765045	6.983624427840326	-13.96510388065937	-25.390927749031718	16809.465066522433
-0.059005980288091564	2.480075774436159	6.184827076118495	37.07729807992611	16991.94177813086
2.850501184013453	-14.375667164980605	-18.263311050037842	3.906398357368829	16961.650350485725
-2.215757635951462	3.851782273038218	-2.961304113537537	-17.617307261750568	16980.636282817162
-0.2291800046719885	-8.676095489482293	-8.750668364767222	34.36912094559692	17059.372903826723
1.8750862840492317	9.838903378476545	-4.254328793616068	-18.52001673407119	17017.717617683877
-2.5071091432188766	-5.642060308208293	13.997434469701759	4.350255754862673	17024.41274614222
2.4072110915424574	-0.8763779879692919	9.331290929973093	4.957107573285114	17035.308130355937
-1.5971763876679788	10.080654696900957	5.347605420335341	-49.05220138430752	16980.458458347894
0.550636712399367	-12.362896250916712	-2.6318271722672506	42.13440709922935	16873.990964113877
0.16390493998345335	10.430350075169436	-1.2600066081049164	-17.183508181620553	16806.903841497377
-1.4630224469752164	4.261190529193968	0.18600740438994023	5.122951695120392	16881.40810970675
2.045922805391143	1.9094472719405928	1.7476658913639795	-0.1944467639223859	16974.963161143412
-0.7228177840178205	-8.45158933858805	22.712166907766374	-6.950990921649662	16988.97896439232
0.2722179890577223	12.72373863816992	12.37015059351549	-21.353677790920116	16912.62520927336
-0.5561127673268444	-4.597235001567725	-4.190860241732096	44.80023128056983	16900.673376735846
0.4305199788307874	-1.2871147640430038	-10.141814521196068	-11.15322780910175	16926.880860525802
-2.2810861872570243	-5.891711867031354	-1.359906756688119	10.91872877748088	16898.853126398273
4.567818783029352	-0.31809099827577114	-4.7311349855985725	-8.437371210253588	16974.55272376629
-4.2066060026444205	-4.061972175913986	12.669730997379318	-9.12156439704772	16918.79450073639
2.9693804161417674	12.049865863579129	-12.80630037985783	1.4538217212325435	16897.24259892304
-3.9335470729972073	-2.204365652166196	-9.149086544862755	12.505420707089826	16947.7499938263
5.424099569851229	7.265669741420339	-14.447097831423534	2.0995688496319076	16921.552943624825
-4.56633504703791	-7.632559614676367	11.474037448653164	0	0
2.3486747016605634	1.924285218875049	-12.919703998119346	0	0
-1.5830990398588227	-0.05396109684579642	6.076137169612579	0	0
1.8067019896742167	-3.2722060335652614	-21.227221824188945	0	0
-2.0317032021968586	-3.3278511687359114	40.25844454479234	0	0
2.4302337684561763	-9.03792635287683	4.286966369294078	0	0
-1.470137764612133	9.075193531895906	42.66946530780896	0	0
-0.35269582294586854	11.530222281808086	-10.338833898950284	0	0
-0.21972727898484834	1.8466668330733924	-15.00810350312669	0	0
2.527124456296555	-9.358148500527157	-1.3404538389097382	0	0
-2.420286848824958	0.7760059193760824	-2.490495033493062	0	0
0.04583530283778714	2.9558766915753054	-1.833215353084796	0	0
2.1687890241221766	-3.494003022125007	8.96866439177984	0	0
-3.3581367082698534	1.252855643707484	-13.818334084274895	0	0
4.6053697861019955	5.7818719819525555	13.771384867254483	0	0
-5.208686278481984	6.124153408448528	-30.89973656103787	0	0
3.2656953148144083	1.9887213969729842	28.82847904803144	0	0
-0.6488521564946552	2.288937830716087	5.616248046779873	0	0
0.9458600119387768	-3.1252636818677573	10.018202623736471	0	0
-2.5354139470547494	2.632902933956821	-6.0419467096837	0	0
3.509614911484313	-9.720478485916672	-4.7234729210066035	0	0
-3.771081733579429	-2.0555991361198522	5.103739018142278	0	0
3.4883175477277106	-14.234457234884374	3.632695236605116	0	0
-3.15888029379434	6.50179493705582	2.734142002335801	0	0
2.825524052000695	-2.0520157159399446	21.932366935341747	0	0
-1.51367874318764	13.19988076585247	12.36731578495207	0	0
0.040526885092631915	-23.561638209419698	1.7044957831131455	0	0
0.7539011783318159	13.310815732424054	30.126053437438728	0	0
-1.8313844662012997	2.0397116744267265	-10.954081284882292	0	0
3.6717481205604514	4.684400976412242	4.59884198038894	0	0
-4.04049890608497	-8.96490630512745	-32.12329857698576	0	0
2.1626463169416184	-5.539695069446999	3.9057714683464297	0	0
-0.5821072550809845	15.689834475115447	0	0	0
1.9480597739735543	-14.166336537122312	0	0	0
-3.483751305325974	-15.10027232784929	0	0	0
3.2421793066987448	-1.529126233705341	0	0	0
-3.8825729275443663	-2.0626789487011123	0	0	0
4.726999518579689	-9.793783111851567	0	0	0
-3.589938209722604	4.0781848462104975	0	0	0
1.1825145448498233	-17.109881574960625	0	0	0
0.48330965474692533	17.381482100522994	0	0	0
-1.9474860869432433	-0.6784543479549399	0	0	0
3.2561442142628607	-16.032813526124592	0	0	0
-2.7563346203483405	20.09870564538886	0	0	0
0.8543396088606556	-17.78974180430677	0	0	0
-0.5822983230509067	0.7496844986584534	0	0	0
-0.21834873256775467	-4.061974792411547	0	0	0
3.419027836294397	-11.847292650399787	0	0	0
-5.9268783870794906	-3.6485169970595592	0	0	0
5.537691672688823	6.758552910493606	0	0	0
-4.301936665015731	4.643838758131025	0	0	0
3.146475998389029	6.589828591939792	0	0	0
-0.998095683411627	-24.12095695172436	0	0	0
-0.7068426684205491	8.57244635512307	0	0	0
0.8765455156916602	-1.0784043687142457	0	0	0
-0.7222012694465363	-1.5075203692746797	0	0	0
1.25438618106174	-0.5774571900810983	0	0	0
-1.2796392165830497	6.6305605815203705	0	0	0
0.7221650675888682	-5.343531799783143	0	0	0
0.037297857373715715	3.6743110262006837	0	0	0
-1.3548474490742493	4.5934300523214375	0	0	0
3.037361269117504	-7.123610127019447	0	0	0
-4.360328441989402	4.6616505050040615	0	0	0
4.425621945836113	-6.107716489784913	0	0	0
-3.987717969509603	-1.3111755754298784	0	0	0
2.9000416308810415	2.26480130209103	0	0	0
-1.0782627132622054	-7.1472706642545205	0	0	0
0.7415464384322661	3.0243050467565666	0	0	0
-1.9533323941477718	6.022394313882188	0	0	0
1.2146946203571787	-3.4495212975171654	0	0	0
0.9138501298322339	-6.750428853856668	0	0	0
-0.1766624057604318	-0.2770565380355592	0	0	0
-2.129328678871346	2.4895203785191313	0	0	0
1.5596101183031834	0.44152440997592635	0	0	0
1.2762868875308229	0.32097704105108704	0	0	0
-3.3567949692672983	0.33958565086517467	0	0	0
3.678534220276333	3.8136457944925652	0	0	0
-3.447958078491979	-3.1176056294135535	0	0	0
2.8894618805735774	2.3483010648078277	0	0	0
-1.7859361523092048	-6.636847559556045	0	0	0
-0.12452485217497866	-2.3497316550639766	0	0	0
2.3837189798016354	-4.0898004813873	0	0	0
-2.8911718323995785	-3.1424632979311795	0	0	0
0.9171978058894936	-1.3252759057729548	0	0	0
1.3288464669322622	-4.627904316973911	0	0	0
-2.6326778169982035	-5.887086111585425	0	0	0
4.257741103114327	-7.9736301208783615	0	0	0
-5.189731203519422	1.150942150049815	0	0	0
1.866974506145091	12.71507978447594	0	0	0
2.673215801912896	15.83025830335427	0	0	0
-2.358891553222591	-19.046697176031756	0	0	0
-1.0453961528033275	-20.65630626448555	0	0	0
3.3811839405103186	33.96571450444207	0	0	0
-4.0868249270184265	2.8488412134637002	0	0	0
4.565609745106954	-22.670381843543282	0	0	0
-5.046556112652361	0	0	0	0
3.7501909218194385	0	0	0	0
0.26936721079534465	0	0	0	0
-4.559808630770121	0	0	0	0
5.8930173714470016	0	0	0	0
-3.7982747391382574	0	0	0	0
0.9055611542044275	0	0	0	0
-0.18940273937899121	0	0	0	0
0.9700361864480413	0	0	0	0
-1.371739418266067	0	0	0	0
1.6582401987230782	0	0	0	0
-1.268938469290589	0	0	0	0
0.3264225841452202	0	0	0	0
0.577058704834954	0	0	0	0
-1.3917601776929658	0	0	0	0
0.3138199386309495	0	0	0	0
-0.6289952130224421	0	0	0	0
3.1362751782272085	0	0	0	0
-3.1964418915521406	0	0	0	0
-0.2126022973688464	0	0	0	0
3.2945147398777053	0	0	0	0
-2.6533803730399796	0	0	0	0
-0.5859092573878044	0	0	0	0
3.5804409763500544	0	0	0	0
-5.34476871120296	0	0	0	0
2.9671047019298697	0	0	0	0
1.420428765190735	0	0	0	0
-1.053797457889445	0	0	0	0
0.596935935273649	0	0	0	0
-1.7090820885140943	0	0	0	0
1.0076087479771871	0	0	0	0
2.3024060284690364	0	0	0	0
-4.041264197704933	0	0	0	0
2.9700314458753354	0	0	0	0
-4.4722483889112965	0	0	0	0
6.634682379425151	0	0	0	0
-3.4149340814875515	0	0	0	0
0.7142169633907969	0	0	0	0
-2.7396219924595755	0	0	0	0
5.220130862277635	0	0	0	0
-5.4737002673201545	0	0	0	0
4.984776458621148	0	0	0	0
-4.499247540169925	0	0	0	0
4.482391300867221	0	0	0	0
-4.736110263480263	0	0	0	0
2.44922018054222	0	0	0	0
2.4837466860828528	0	0	0	0
-4.201302476305926	0	0	0	0
1.1853484527637832	0	0	0	0
1.9925271789333152	0	0	0	0
-2.496891459075904	0	0	0	0
1.8854218321373466	0	0	0	0
-1.8242907540874427	0	0	0	0
1.7021856250261322	0	0	0	0
-2.0665673809339324	0	0	0	0
3.618463268232034	0	0	0	0
-4.766720773533173	0	0	0	0
2.932680090788722	0	0	0	0
-0.5617595388208088	0	0	0	0
-0.7180394020900849	0	0	0	0
1.271628894683701	0	0	0	0
-0.7162108815988901	0	0	0	0
-0.4698215866371953	0	0	0	0
0.13711263614826663	0	0	0	0
1.2615981133300664	0	0	0	0
-1.3359610127563357	0	0	0	0
0.7482105375351509	0	0	0	0
-1.1596744894836633	0	0	0	0
1.8579025274620875	0	0	0	0
-1.2362798218537847	0	0	0	0
-0.19902123391334214	0	0	0	0
1.2306182229504614	0	0	0	0
-3.1177140406035377	0	0	0	0
3.9370802656329644	0	0	0	0
-1.4919916372220143	0	0	0	0
-0.27628065087868947	0	0	0	0
-0.18226990076795602	0	0	0	0
1.0462634554886137	0	0	0	0
-2.798328482105447	0	0	0	0
4.285141980471224	0	0	0	0
-3.2663735894387855	0	0	0	0
0.551694972954202	0	0	0	0
0.2430811827719026	0	0	0	0
0.7939656624606144	0	0	0	0
-0.578266494972624	0	0	0	0
-0.46904684628574245	0	0	0	0
0.05516961168738277	0	0	0	0
0.4276865436456987	0	0	0	0
0.1921237651437977	0	0	0	0
-0.6369556113602286	0	0	0	0
1.1270544191945646	0	0	0	0
-2.175804438640043	0	0	0	0
2.0835669624423545	0	0	0	0
-0.16519303350037262	0	0	0	0
-1.6943147676128092	0	0	0	0
2.26141105464707	0	0	0	0
-1.8505358346786238	0	0	0	0
2.1647605856095424	0	0	0	0
-2.503284365814956	0	0	0	0
1.9129988227072872	0	0	0	0
-0.7283476125158117	0	0	0	0
0.12116402452571862	0	0	0	0
-0.1324244522109126	0	0	0	0
-0.11114854286016396	0	0	0	0
0.08338567324891244	0	0	0	0
-0.5864414789120644	0	0	0	0
0.534272683827183	0	0	0	0
1.2734124161114053	0	0	0	0
-2.0179405445868355	0	0	0	0
1.704244619515606	0	0	0	0
-3.5580213612735108	0	0	0	0
6.173510066924855	0	0	0	0
-4.6502325649701675	0	0	0	0
0.8682450125164536	0	0	0	0
1.500554625030361	0	0	0	0
-2.522482692771341	0	0	0	0
3.5768612098807537	0	0	0	0
-2.1520183689786734	0	0	0	0
-3.8194255017707377	0	0	0	0
11.966984725650043	0	0	0	0
-15.879856548838497	0	0	0	0
15.236860925744864	0	0	0	0
-3.7484512523028215	0	0	0	0
0.6854858582623464	0	0	0	0
0.5039971208899132	0	0	0	0
-11.583557914531433	0	0	0	0
