0.13740039859007425	-0.38211798192505597	-1.8612757232973962	-0.019639903965725125	17111.108225688284
-0.3442206113352171	-1.1230672615787682	-5.3402572115696785	0.6702292666482776	17112.984483519063
0.37949274988176995	5.108219280988038	10.764207835194355	11.537764635988907	17112.954887142976
-1.1144649959789916	-0.6668129341138211	8.400977995747638	0.5966044031948741	17110.727980089632
1.0071051296193545	-1.1799064965990453	15.914455173081564	14.652222670484917	17120.883756688258
-0.5017543068108736	5.073227621848531	-0.40612088375637256	-8.35103824846189	17080.91697398388
-0.4736414419186801	-1.4556637457317976	6.592584721741929	0.4677318270527877	16985.550245305425
1.1761260956006794	8.738608583968876	-6.090655083360332	-13.574378768953821	16970.53430138018
0.26446314533002635	1.5471969737783127	-4.484430539464981	-6.538027196528574	16915.286582306737
-1.2732033893704084	-0.18187905827746675	1.6436094244565425	-11.987448463339021	17171.769923041935
-0.8281870919592222	-1.2672330110233645	1.4653767793936083	-9.013431027536	17169.51153868752
1.521091361607624	-2.648213387659041	-4.300210672999796	-13.199703918801475	17092.54186992325
1.1477053295234683	-1.5262680872728112	-1.415986440206197	6.622000456308385	17067.402104389927
-2.397698599808102	-6.768779769775094	5.2860593641844815	-6.359673782533221	17075.344449727723
1.4034080712423034	8.48713118031317	-5.3446592031739755	-2.1382739904760655	17007.059615161223
-1.0215064368125226	2.323635874607895	-8.64136635935769	0.26217114943470676	17075.862430545276
1.6022276029278544	3.4304159299358403	1.1759832536813235	24.205399184752167	16999.271419711473
-0.4003978365437675	3.31196178474422	-12.856290688271216	-35.86377123140066	16772.98228603175
-1.0749112433298507	1.2072991490553662	5.464137251689223	-1.9752213635528904	16697.654770800993
0.43369806180547243	-5.282344481708343	-3.25679032165651	0.8481821378722572	16587.730663362567
-0.5265733688287924	1.7719035966912315	-3.763452254651952	-9.74928592645611	16508.29108399524
2.0441469196785675	-1.8523571580371794	-11.914146389296945	1.7151460751222487	16582.866268181384
-1.7616994495743512	-2.0322991320828407	8.094738380573304	11.872577942362952	16632.532763520096
1.0886003585076125	-0.08275239057761041	-7.364864063421322	17.760698060272333	16642.17302244868
-2.608407949568061	-3.9303091819823237	-1.9833737640576743	-23.448744687730496	16785.869512902213
3.4383320377025726	-3.4038387992118544	8.671491856586371	-4.15440326633059	16836.966511525225
-1.4504309014141228	-0.6740141112298659	-10.189562362156451	15.04585267242608	16897.623022848264
0.15320020159042258	2.8648678406712094	10.029871705706412	-14.416657543653216	16836.986570901543
-1.3199639690035596	-3.379249296974649	-7.375726631331645	22.79088706749802	16757.527123475473
1.194695430227327	7.100093859815956	0.2694451696665112	-9.634673313441766	16654.00929825136
-0.16346423491801687	-8.812267332379847	-7.354098332137923	-13.612219849200358	16709.126492490956
0.2988214198620156	3.65042184880145	0.6989861567618618	10.704135823968429	16748.872515978437
0.06868861390589842	-2.784324420019445	9.304355268006091	22.688678504385692	16842.186110970688
-1.7460520733000564	-1.656196250340514	-10.348819086099951	-21.32541904028585	16964.04877589926
2.3451689313895727	-4.06484980225521	0.49172688775905726	5.63972525490658	17033.04919151569
-0.8909552663443421	-2.622349843542189	7.086640211467142	-1.7454049809619363	17049.86375032988
-0.239924210784757	-1.5472908601446491	-2.8778245640892806	2.509195041888276	17056.664519137987
0.10830161147373474	1.342774865422662	-2.8630495248268915	13.363713354749095	17062.58363212898
-1.1969001704367983	9.324428818224547	0.49716284488501117	0	0
1.7574118768000915	-3.5482752051867124	-2.1807580290440853	0	0
-0.8433125315492447	-2.45699071101712	-4.759443143077846	0	0
1.6781658413162006	6.384542900927947	-3.5605376274703957	0	0
-3.2637186073931943	-0.2402280585587917	-10.473880298333356	0	0
2.311609222635795	1.6217620593210569	13.83394135464485	0	0
-0.6477430804499704	-4.752473780224044	0.9915168334433275	0	0
0.6663414764036375	3.8328678169651766	-12.237098643921769	0	0
-0.4631662451139391	-5.6259927039959905	1.9753689449896683	0	0
-1.0150323128771532	-0.25749545996941947	-3.1696900933149834	0	0
0.8655993941636595	8.815690670515977	-2.5336548364832367	0	0
0.3044924366013433	-7.244333261136248	11.496031212767846	0	0
-0.025903314492616403	2.1573502701690472	0.08526747348587094	0	0
0.02148559903738345	-1.530842639911043	1.5605314068419887	0	0
-1.1937525338608026	-3.689738269888295	0.5937182356179704	0	0
0.5226525362023224	-3.5408860664760624	-1.651374337636085	0	0
0.8165298948528985	0.3593245536659353	4.726596341268063	0	0
0.21384646051237866	-4.378135707885782	-3.289218845762491	0	0
-0.878461886144251	7.596240502004932	-6.26422629449587	0	0
-0.6684908917572443	1.8337990234517036	5.8832146654306285	0	0
0.7598432062415768	-2.3413899945236096	-1.7474501674559093	0	0
1.7934739869808851	-7.4548978161393435	4.640193322803896	0	0
-2.0609633734558344	1.3784009044075418	6.987473764008442	0	0
-0.7380593794968533	-0.8610532028051026	-1.1595027118104753	0	0
1.5452795080073116	-2.548553746980062	1.840946807465059	0	0
-0.4833777443448639	5.744394001458069	-1.019303258209149	0	0
1.2190962676124784	-4.671247760650914	2.978948169396375	0	0
-1.7359962478519577	-0.2940210548950972	5.086479506075605	0	0
0.7084851546284767	-0.9812971827886301	-1.7437038829925768	0	0
-0.6655013777797407	3.707811291379322	0.020640932361629893	0	0
0.9163526906946942	-1.0516318416499075	-5.493598149085102	0	0
0.2120068379854061	0.744177072121964	-0.10899564496560288	0	0
-1.1962198440889793	4.40890737117649	0	0	0
0.5297930177065737	-3.5795110750374803	0	0	0
-0.5739153257810656	-5.494868382123244	0	0	0
1.2769146618052787	6.313425585701474	0	0	0
0.3847591652006699	-7.975579946470532	0	0	0
-2.096379146231186	-1.1772693238235519	0	0	0
0.5443060953765624	7.6111389468151245	0	0	0
0.8708080270789793	-4.8106153104667655	0	0	0
-0.7704511784055157	1.1713652794280307	0	0	0
1.9212970910407918	-1.9528618534960884	0	0	0
-3.135040502211723	3.262431700761539	0	0	0
1.3928302351116528	-4.681469425831935	0	0	0
0.25649532496191085	1.061143412332484	0	0	0
0.3688171949067538	-0.7384944147223322	0	0	0
-0.12323060751901949	6.320644559441035	0	0	0
-1.4804707651692226	-0.6231628966201939	0	0	0
1.6719284235593435	-0.796219637010438	0	0	0
-0.55163732871344	-5.688431993310701	0	0	0
1.7645178793775997	-0.19393294672148897	0	0	0
-3.6409332675188395	-0.17325629264416165	0	0	0
2.7357159303458687	5.373278875420112	0	0	0
-1.5278372654271735	0.908684330300062	0	0	0
1.6172076023649637	-0.24303012439013116	0	0	0
-0.775991199507537	-3.1620714153587244	0	0	0
0.4348232059227115	-3.1962913873587766	0	0	0
-2.264812142054822	4.73943514592213	0	0	0
2.3050830942723692	-3.231329604344623	0	0	0
-0.1925802827045544	2.672892285856669	0	0	0
-0.3198143389169843	-4.608026279841077	0	0	0
-0.7038588643029584	12.864661460664848	0	0	0
0.28771355664417086	-6.300475452849945	0	0	0
0.8994977232180972	6.126028921373717	0	0	0
-0.45551389789699215	-1.3459576155827833	0	0	0
-0.24509792521614315	5.222134653248382	0	0	0
-1.4272794385898706	-4.684541845981094	0	0	0
1.705383494925762	0.7170512665074611	0	0	0
-0.7193394718319297	0.3247395192645115	0	0	0
1.2733485774925484	4.640728102682083	0	0	0
-2.312995080724498	-5.326259794996389	0	0	0
0.9667515368853827	1.8063078380999542	0	0	0
0.483934567573975	-5.082973088043815	0	0	0
-0.22224831346556329	3.2479012046357667	0	0	0
0.48903370353092157	0.5665807010105723	0	0	0
-1.854442300785088	-0.5358884092620073	0	0	0
1.3922359956752146	-1.7749598306537777	0	0	0
0.4579917208219868	-1.4204556268319237	0	0	0
-1.3931069606850457	-1.205746301767185	0	0	0
2.5711436646763417	1.5457438205092586	0	0	0
-3.466056149968857	-4.4055804911948115	0	0	0
1.0547464167033738	2.611029361954536	0	0	0
1.8583262095324073	-4.874142929539175	0	0	0
-1.3313944752982607	2.8617221013662117	0	0	0
-0.11042698892752867	-4.9838591708588424	0	0	0
-0.4573400857942005	-2.1063107085461468	0	0	0
1.0242475101510777	-3.1594487764898247	0	0	0
-0.9598102876716297	3.0754754346452415	0	0	0
1.3568309610247837	-0.4759715263061395	0	0	0
-0.49859186615955764	1.4419751125473326	0	0	0
-2.0797798825829688	-4.17969948087444	0	0	0
3.211222924792118	7.671613003559813	0	0	0
-2.3326029579962366	-8.67797727823119	0	0	0
2.416324493376223	6.378155746649966	0	0	0
-2.096215098852568	-3.744040666855369	0	0	0
0.42358189752113873	0	0	0	0
0.48404575615214895	0	0	0	0
0.6123365808883463	0	0	0	0
-1.5501355843885491	0	0	0	0
1.328085167169668	0	0	0	0
-1.3607268178652419	0	0	0	0
1.8705361290742246	0	0	0	0
-1.1290416896007542	0	0	0	0
1.0269862698308998	0	0	0	0
-3.3019976337003882	0	0	0	0
3.8092503596448495	0	0	0	0
-1.3140535058939875	0	0	0	0
-0.3199715568406063	0	0	0	0
0.152784526960545	0	0	0	0
0.06942111624893954	0	0	0	0
-0.8044456034970793	0	0	0	0
1.850140938493091	0	0	0	0
-0.32530943173507865	0	0	0	0
-2.1963284790461373	0	0	0	0
1.6705599665518704	0	0	0	0
-0.5061330433302018	0	0	0	0
1.383053128612353	0	0	0	0
-0.9541310393750919	0	0	0	0
-1.3257117372413418	0	0	0	0
1.0210161866223615	0	0	0	0
1.2329450607572738	0	0	0	0
-1.6556620382860459	0	0	0	0
0.8789632887383405	0	0	0	0
-1.9181058625966472	0	0	0	0
2.207373358040499	0	0	0	0
-0.9267504898072545	0	0	0	0
0.6702739965167126	0	0	0	0
-1.0144455261996725	0	0	0	0
0.1301313822374297	0	0	0	0
-0.6650168320983951	0	0	0	0
2.349367535250501	0	0	0	0
-2.3000386974675138	0	0	0	0
1.2352098528346502	0	0	0	0
-1.9014377204497848	0	0	0	0
2.1809367906491985	0	0	0	0
-0.9545903173250636	0	0	0	0
0.44545154108640617	0	0	0	0
-0.8146158817707203	0	0	0	0
-0.3678257997260701	0	0	0	0
1.590709601744777	0	0	0	0
-0.3125856991440088	0	0	0	0
-0.9229495819774485	0	0	0	0
0.010754358827568922	0	0	0	0
-0.15913408709682386	0	0	0	0
1.8942915997777732	0	0	0	0
-1.7044342876490504	0	0	0	0
0.5711952559231364	0	0	0	0
-0.29673246516248497	0	0	0	0
-0.13544619033554994	0	0	0	0
1.4722522833716951	0	0	0	0
-0.356000765227769	0	0	0	0
-1.899643100780878	0	0	0	0
1.2214117104831885	0	0	0	0
-0.20535344941719558	0	0	0	0
1.5151849674600086	0	0	0	0
-1.1557197307132014	0	0	0	0
-1.6650258315860498	0	0	0	0
2.4481263454745914	0	0	0	0
0.2501919353521629	0	0	0	0
-1.2208168134268647	0	0	0	0
0.12221642268433897	0	0	0	0
0.26604090858499063	0	0	0	0
-0.25196337831878424	0	0	0	0
0.8538972610227162	0	0	0	0
-0.3293596489792421	0	0	0	0
-1.005889569014002	0	0	0	0
1.292236851513941	0	0	0	0
-1.6411020682018247	0	0	0	0
2.134835397641531	0	0	0	0
-0.49216334916397386	0	0	0	0
-2.0070851848455575	0	0	0	0
1.977117509667572	0	0	0	0
-1.1781720068516321	0	0	0	0
0.9377906920825154	0	0	0	0
0.43571420025638474	0	0	0	0
-2.3623728189204556	0	0	0	0
2.3568916268794666	0	0	0	0
-1.0844444029767644	0	0	0	0
1.5612390558816074	0	0	0	0
-3.3291122941289473	0	0	0	0
2.6209500699172636	0	0	0	0
-0.81700153791828	0	0	0	0
1.366410139707824	0	0	0	0
-1.2365211722040712	0	0	0	0
0.29920924701002605	0	0	0	0
-1.394058485145102	0	0	0	0
2.4492134714177993	0	0	0	0
-1.4864770934853695	0	0	0	0
1.1778870289384855	0	0	0	0
-2.0369719919605345	0	0	0	0
1.6399594990855562	0	0	0	0
-0.3674513837189508	0	0	0	0
0.7417209240023084	0	0	0	0
-1.208022068867173	0	0	0	0
0.6356674437071419	0	0	0	0
0.7500821571323186	0	0	0	0
-1.712695651261015	0	0	0	0
2.9068908783218177	0	0	0	0
-2.6829731978390186	0	0	0	0
0.6351481011218922	0	0	0	0
-0.0036391764071055377	0	0	0	0
1.348125241084702	0	0	0	0
-0.7845445356538647	0	0	0	0
-1.4272620867844665	0	0	0	0
1.3741134079511426	0	0	0	0
-0.6682867850987364	0	0	0	0
1.2483684910298436	0	0	0	0
-0.9162453541729363	0	0	0	0
-1.222555017709844	0	0	0	0
1.6315760691646162	0	0	0	0
-0.6016831648705363	0	0	0	0
1.302931268111486	0	0	0	0
-2.1781564550690646	0	0	0	0
1.0783303430082327	0	0	0	0
-0.20586667038611495	0	0	0	0
0.9925540043224217	0	0	0	0
-1.3545338041867225	0	0	0	0
0.5992757111552294	0	0	0	0
-0.13635788415945171	0	0	0	0
-0.1823672911148364	0	0	0	0
1.3547987023780905	0	0	0	0
