-0.6226158305006777	2.0098474615413835	-12.741360287519043	1.2679006026408786	16724.377475513964
1.004858955336367	3.820143358894427	-40.968341213768625	4.822857026438982	16721.97722278393
-0.7723636274749879	-19.294147211721473	2.339716846234907	2.071539349038261	16729.89679480317
1.7019890586428659	13.30472615692689	21.67845763531983	7.944247043300166	16725.29654638571
0.3266430719420228	-9.282542792712803	17.28774072828155	31.107443888920926	16720.764625312957
-2.3196613456228476	8.029593791745008	-16.86423953352771	-0.8784892057175568	16730.08565360916
1.2729821088260493	3.459952559943858	12.189612305407408	1.2176941460638204	16670.567973808662
-1.1245476800591092	1.1023138565626809	-3.3682884899638594	-20.33580909455995	16551.474376436177
2.0696285992987953	-10.378858965562706	16.774299239535424	10.368857229960398	16561.95436049095
-0.965406059896857	8.771941211451235	21.554039432725872	20.316275062167875	16651.143071292347
-1.1409960609532348	-2.181015550680165	38.42038975536302	-7.6485889728629814	16720.211535494404
1.0147144991078605	2.881480052509602	-25.502946529672116	16.20226146044004	16902.61333712448
-0.656265193744666	2.265055420705366	20.785549426981802	-15.979231205671354	17020.45175072783
1.2675792274735187	-7.7954105127063045	0.8702724455018966	-28.497120756733622	16879.751747403283
-2.7343927367013166	-12.049513713897127	-17.146870592492064	8.149878542675566	16821.402226627248
4.998537612869086	-0.7978723650759534	-7.586664303510588	22.716061217797773	16951.232442408775
-4.659258026015124	14.513347219526132	7.337995555786179	-30.680189954838198	16904.350104522247
1.8429487102372804	-11.029861556704198	-2.7872415420695233	-18.938178008694777	16823.339556223877
0.2447042899723968	7.543077002497796	-7.610017047890523	3.558241829038394	16838.1527134004
-1.6594641745067875	-12.411325044086674	-11.400057546503419	-20.14108865856295	16853.725302217754
2.954508200206483	1.2464072800267232	4.508374022054454	37.80654888457025	16921.87113072495
-3.295844439219323	6.510487055814956	11.320861984793822	-10.976653498000132	16915.15830886605
4.19132641595268	-7.253029164898145	11.687645983073182	-26.307140088791243	16700.9458678316
-4.748215781526781	-8.718700663854378	-3.4539788427317575	14.1996403887333	16737.924444148448
4.411819916592805	7.932192849328075	-20.126089035343426	25.842796055784873	16772.210694909438
-1.8547702935103558	3.978929347359461	18.610020179220115	6.541126886951204	16808.093387531946
-2.7551957969920053	-3.725398117077681	6.3851186139449965	15.577661771944634	16778.19479388846
5.78225803266087	1.3795769244435476	-25.179247933302776	6.57392201390816	16847.908177801153
-7.068068757238386	-7.727394195038656	-5.578729763542654	7.137592501310962	16822.875279285974
7.630997193183717	4.99104692754802	8.639246381226783	-78.6078040869056	16768.123490879076
-5.8853647218248994	-2.7489900824403577	12.498098841812691	15.702008277723849	16894.364881981783
0.7741162819553935	-8.345970364425533	3.707966074436058	2.5807870283798167	16898.732081997787
2.5346271864005843	-10.941129371435544	-4.218170140340931	-17.379919238757694	16727.789501003623
0.5410310732678383	-2.620085385206899	17.668274772450445	33.61072888698155	16747.333422760854
-2.6561482673107832	-8.009388375283741	15.117841706451358	-45.06700204968625	16789.983719061343
0.29436025024619994	6.461086938725529	-16.69178322198306	15.840760657528705	16758.11303302337
0.7734838852340999	12.740619224308716	-18.291900881119176	33.13455095368671	16689.249314533823
0.6737266751328619	-3.2078327343601956	28.954905371879192	-44.16858319347513	16526.681954390504
-1.8307124252115372	8.937365672362553	-7.555064261349727	0	0
1.3913620687874726	0.49566016550411973	-22.60376989822491	0	0
0.23684007201092783	10.259241893895748	-2.408558426980491	0	0
-1.9740885547854958	3.388200424788664	1.8346969721735036	0	0
2.5587266930338046	8.647440335870044	15.93680794234757	0	0
-2.1529515767831313	-6.199326246058298	27.468925963409106	0	0
0.6710451770432684	7.336165205726587	-3.3559356316402074	0	0
1.8243857387710634	-4.7768802666163666	0.740528391086599	0	0
-3.073682179660615	10.535374017888508	8.560363897315554	0	0
2.453284516497284	11.528312516931976	29.534883250087418	0	0
-0.7631707796586369	-4.0661756756461	-5.456421214414462	0	0
-1.2545672730866997	19.259292583192092	-10.193293500644003	0	0
2.6791239227160446	0.6947994110700009	-4.188993038780978	0	0
-1.8751735960118054	-1.8943942438673602	45.85786401065812	0	0
0.9628790844325792	14.08336916417295	19.009664174501864	0	0
-1.3245517121677963	12.252921970272205	22.919855464975072	0	0
0.890428989822162	-6.051472261804292	-13.581826903853639	0	0
1.221251113223694	7.77822653369067	18.191287555766863	0	0
-1.7637730006509713	-14.803761861438247	-17.39714416801307	0	0
1.1965009934458593	14.954353877836773	0.7280508435591599	0	0
-0.720908391422995	0.23153612194087714	26.544935285855914	0	0
0.25259017380777493	-8.272438130394328	-34.645415973303514	0	0
0.12635636322696797	-2.6325398201449417	20.837788603608104	0	0
0.7524197831255677	-8.311137891746661	-12.676948855552212	0	0
-1.539905414327535	-2.4092038300566685	24.528969640616012	0	0
1.828142439193826	-6.4803044221267	-2.8681485804966087	0	0
-1.2110421562468616	-15.220342292616024	18.604424849013327	0	0
-0.2028447009161809	0.9537518917044352	11.492327519698762	0	0
0.7627219950176993	1.3494736078131098	1.4807088980893894	0	0
0.8313770806370684	12.165715171973943	-2.684489422440876	0	0
-2.247756573822059	-6.832412322133365	-18.731445805861128	0	0
1.684116985497937	2.192262917439969	-13.691048850790992	0	0
0.9121022065432598	3.446112938959395	0	0	0
-1.7397618831589057	0.05431945383186587	0	0	0
1.1669520138341127	-7.019155530462584	0	0	0
-1.508673919959925	8.552198259440644	0	0	0
2.9116983688060003	5.681772668149648	0	0	0
-4.099827350403672	-0.5318635341580347	0	0	0
3.5831001179354587	11.178927469170688	0	0	0
-1.1648041335192971	-1.2386998181543092	0	0	0
-0.302843173953697	-1.7523826475193758	0	0	0
-0.6471340362590823	4.781340740500497	0	0	0
2.30617430097238	-27.917019933162976	0	0	0
-2.428750167210474	17.652573461037896	0	0	0
2.3783512857480247	2.778712718273198	0	0	0
-2.6230777123850686	-8.635475147037624	0	0	0
1.0130299285131485	-2.3564514160251377	0	0	0
1.9022324630712717	-0.24916732202629532	0	0	0
-2.938165497017458	12.81764661848203	0	0	0
2.930527180678645	-6.161477835794635	0	0	0
-4.033109860761044	-1.9644280948866637	0	0	0
5.069056910077961	2.985415992803098	0	0	0
-5.025168459395303	-23.374005997881476	0	0	0
4.445727878134704	15.051304757603091	0	0	0
-2.9700871675391696	-8.649812344705381	0	0	0
2.372021814991875	-1.4879824457238229	0	0	0
-4.102831303737112	-4.9528967373133455	0	0	0
5.709848095192065	6.609680677331234	0	0	0
-4.5650515014700375	4.365915968606551	0	0	0
2.938297435172899	1.6976715475557853	0	0	0
-2.103025432052924	-7.408952068660021	0	0	0
1.913048669743418	6.647368393177963	0	0	0
-2.5362730902872173	-2.196298263367275	0	0	0
1.5636477727386762	9.541407861749022	0	0	0
0.9081137711781864	-6.346070273845974	0	0	0
-1.585733176674509	18.141975468633767	0	0	0
1.4973737620688752	2.798481316919215	0	0	0
-2.2910156916275852	5.732973143949508	0	0	0
1.0754266842363975	-3.566794344247498	0	0	0
0.5496024602547749	-8.876950646604072	0	0	0
0.029069732628116185	-4.871614688400911	0	0	0
-0.8998016818934147	-7.643496787572985	0	0	0
-1.1158282167404678	2.027921851213428	0	0	0
2.4402815599209546	2.2267695590258754	0	0	0
-0.9665613075935653	-1.992593920821946	0	0	0
-1.1323185508530997	5.177934417568217	0	0	0
2.2377869950138987	-2.4667074842050667	0	0	0
-2.6324631536569427	0.628093392704514	0	0	0
1.71427696384346	1.4164543362764235	0	0	0
0.4615548704406862	-0.08377745931875324	0	0	0
-1.874173840245298	-6.1033300671359	0	0	0
1.4168122776691163	-1.9570964695304838	0	0	0
-0.571006669953114	-2.542886624748604	0	0	0
-0.4022201322134791	20.87989123491861	0	0	0
2.020731244648715	-11.894272913886276	0	0	0
-3.338002917309012	5.405356291817952	0	0	0
4.02172304570658	3.836248008097783	0	0	0
-3.0846780363067765	-3.3987956334754514	0	0	0
0.8112729375795951	1.9197735004133847	0	0	0
-0.4112632857788725	15.915619914508731	0	0	0
2.102573864492598	-13.157881291008941	0	0	0
-1.9733346224318353	-8.349765305141965	0	0	0
1.3958038695914823	16.058262215101294	0	0	0
-2.5935688884877592	3.6777383818195943	0	0	0
5.441697868072566	-19.662680295157905	0	0	0
-7.082467101264804	0	0	0	0
5.513319426753782	0	0	0	0
-0.6751509925638572	0	0	0	0
-3.895421174729151	0	0	0	0
4.461838558744994	0	0	0	0
-2.9063054524788186	0	0	0	0
1.1463922407376472	0	0	0	0
0.40142052292919317	0	0	0	0
0.03701269467600099	0	0	0	0
-2.70525714506433	0	0	0	0
4.459775078056012	0	0	0	0
-4.589460990137987	0	0	0	0
4.393878260484456	0	0	0	0
-3.5243206151289996	0	0	0	0
3.2932601111310973	0	0	0	0
-4.096901077209402	0	0	0	0
2.4325297375607775	0	0	0	0
0.9753445979962407	0	0	0	0
-2.2924852963046973	0	0	0	0
1.3369551334941931	0	0	0	0
-0.8585301505256169	0	0	0	0
-0.28938717859381313	0	0	0	0
0.9964981875329002	0	0	0	0
0.2009113068107382	0	0	0	0
-1.1783723272465565	0	0	0	0
-1.8498508968085972	0	0	0	0
4.916954201064421	0	0	0	0
-3.622670990864549	0	0	0	0
0.528535711241723	0	0	0	0
2.172058808573574	0	0	0	0
-5.098367930211296	0	0	0	0
7.38648092486541	0	0	0	0
-6.356988687337903	0	0	0	0
4.34382881985578	0	0	0	0
-4.666694046939739	0	0	0	0
4.74795627080379	0	0	0	0
-3.58772354378641	0	0	0	0
4.072711949509092	0	0	0	0
-5.759941109316415	0	0	0	0
5.46512793564353	0	0	0	0
-2.4968629092503534	0	0	0	0
0.11187791191056817	0	0	0	0
0.1343326030008427	0	0	0	0
1.982175557547727	0	0	0	0
-3.218212868224832	0	0	0	0
0.18082918932609005	0	0	0	0
2.149673742088069	0	0	0	0
0.052397629256574874	0	0	0	0
-1.8043601535771856	0	0	0	0
1.0295815768313545	0	0	0	0
-0.6861521932884287	0	0	0	0
0.7533285499919629	0	0	0	0
0.2867667280490096	0	0	0	0
-2.0098898049858036	0	0	0	0
2.7391624597523148	0	0	0	0
-1.8568771198651035	0	0	0	0
0.003722682467980576	0	0	0	0
1.8859514124194305	0	0	0	0
-1.67389475735078	0	0	0	0
0.48990983668607413	0	0	0	0
0.11378689200788017	0	0	0	0
-1.2603303591747732	0	0	0	0
1.3250392213073852	0	0	0	0
0.8910228964820206	0	0	0	0
-0.32142215193015744	0	0	0	0
-2.473970451932445	0	0	0	0
1.2965940823818158	0	0	0	0
1.672513753848314	0	0	0	0
-0.6496509660301157	0	0	0	0
-3.405996885613	0	0	0	0
4.209729875187058	0	0	0	0
-1.73703283563259	0	0	0	0
1.0609698452824787	0	0	0	0
-2.0142754642735383	0	0	0	0
1.375251946415986	0	0	0	0
-0.07816128263140598	0	0	0	0
-0.6175229227192176	0	0	0	0
0.47354550094732417	0	0	0	0
1.0017224484992866	0	0	0	0
-2.6165910444737435	0	0	0	0
4.120414729369806	0	0	0	0
-5.449630933875532	0	0	0	0
4.736431332846486	0	0	0	0
-3.9502741009982145	0	0	0	0
4.26577660895677	0	0	0	0
-3.440196647633485	0	0	0	0
3.2460873722356993	0	0	0	0
-3.7129000425862273	0	0	0	0
3.103734591114133	0	0	0	0
-3.1991572209766517	0	0	0	0
2.571848369733644	0	0	0	0
-0.45640979315280106	0	0	0	0
-0.010697202161239261	0	0	0	0
-0.6917955751442193	0	0	0	0
0.9202891815422447	0	0	0	0
-1.72318533951713	0	0	0	0
1.237220632943398	0	0	0	0
-0.3393864730300038	0	0	0	0
0.4374858476464709	0	0	0	0
-0.5509510955156287	0	0	0	0
0.08703986566688826	0	0	0	0
-0.40568351789064394	0	0	0	0
0.9001096333025203	0	0	0	0
-1.4811435178442665	0	0	0	0
2.118939587369411	0	0	0	0
-4.3682557668035145	0	0	0	0
5.311769016339625	0	0	0	0
-2.878108344302177	0	0	0	0
1.1024984507185493	0	0	0	0
-2.029609148766845	0	0	0	0
2.237477305944438	0	0	0	0
-0.838440811642208	0	0	0	0
0.17324061042790362	0	0	0	0
-0.10987589417592147	0	0	0	0
0.9976352945381279	0	0	0	0
-2.382911622632456	0	0	0	0
4.587132343500869	0	0	0	0
-6.590360203216193	0	0	0	0
4.648359055392717	0	0	0	0
-0.022990979670886702	0	0	0	0
-2.4876330715841704	0	0	0	0
2.3322125124622417	0	0	0	0
-0.8904410948494075	0	0	0	0
0.07549418280721198	0	0	0	0
1.2121199235778022	0	0	0	0
-2.483702208910806	0	0	0	0
