0.3860239605841542	-1.0160163843908805	13.423876262787545	-1.0185075984313414	17094.598027657514
-1.2874883129717318	-1.0316513729735135	42.31114528264084	-5.612877178356257	17093.76133182283
-1.550795216630334	10.199521215972808	-17.978442430600012	-28.07007713538843	17086.966800346858
2.4614530169142483	-8.393031230260107	0.09288453591516088	-4.68688748550511	17096.348524775603
-2.8430756376093314	3.729569694007843	1.6864816846221515	-52.56731998286065	17075.775934687757
1.3810672489548281	2.719377280957815	-6.637953101830476	-67.52070680493709	17154.16463422107
1.0840836977598585	-2.907901421081263	38.79642875507125	15.154490667269044	17349.630928579474
-3.2123429776018995	2.9322020088640244	14.673207482905482	2.995016555682696	17556.731119351185
4.815922156220992	-2.5284413317166354	-19.995794280503418	37.90659691252395	17221.05260050457
-4.4375007071635295	-3.6034392924474616	35.937126644097205	-36.663428972257805	17126.52558619281
3.157452657111037	-2.0342788696210476	4.340748052223091	4.957782629166303	17065.87541837269
-1.3624724576874812	-13.441989133615024	-18.38799121042345	-5.655964710223799	17045.46380195349
-0.2983143417261189	-0.7967876580532618	7.79018817238078	-17.1877317246515	16982.379543702882
0.1522899360566683	9.658159821574571	-4.853811093522921	52.879904616107964	17106.729304828823
0.4232044583069907	12.936291044556214	-5.47695583315604	-38.62712456268258	16975.557070648887
-0.9638030698942046	-4.384017442238999	-0.4715455498544969	15.934890002923723	16993.43978567353
1.1593695823929338	6.498815797407232	9.212471633475701	-55.58498581274864	16868.80471348267
2.071639295876494	-2.7294775275875907	-18.83892052182	49.385443105054776	16894.82783236162
-5.4759336958721505	4.727648249045615	21.486524078405452	-21.780990945637555	16738.28695643013
5.653741923270495	1.1023220644374447	-46.083958842276175	22.831475039731245	16593.83829394777
-5.45295732720129	5.489094962626204	15.478194060655625	33.83703709924656	16640.04014165952
7.344257477479786	-3.428210874369512	-12.162975228817075	-15.779645037226956	16656.974801339853
-9.206867215730242	0.3364183268011516	-3.562629198714731	13.502142626489814	16842.420806920356
7.457805398972383	-1.473203344064757	17.24453269779491	-18.217744173022425	16908.205126300512
-4.910354677312732	3.5727885298631037	-10.242801136193592	55.70131154366727	17090.06478121983
2.8232270769851056	-9.187743782947948	1.437807412904391	-37.90970307010741	17196.98132257331
-1.1372947854942197	9.7157064110027	6.97994557876514	-0.4764719927503336	17043.98808042712
0.25010436068266273	-9.475364850885484	11.756464031251255	-37.78415400584862	17105.813687550006
-0.6454406548086951	0.9919931664923354	-13.391727338028034	29.67797290107572	17101.314019730336
1.85068296879885	0.8440711764639701	2.8703158906835	37.39775761707767	17119.287013922716
-2.4913475580912134	2.275192669892384	-9.393866748510746	-47.55672475826853	17113.09398254612
0.07898541302729711	-3.400159268696065	2.462667025302096	30.729194699204527	17155.13628241132
1.1983888850859614	4.423406751538941	28.998106749364354	-17.39914661061809	16888.93693940981
1.028228336834772	-3.890163045707915	3.727728023761287	28.444817887327517	16978.34901952437
-3.4065904140711964	2.288141750988345	-1.4224487941253017	-17.118838387364093	17257.681068602167
3.8917123721956415	-12.438926802714434	18.705164491092006	16.154081325343725	17252.401034795614
-4.057525496828802	-4.580253068028199	-11.372865272096831	5.317108888094708	16801.350543413857
3.1543469632479884	19.802198187860995	4.583269264211367	-34.396059208176254	16573.296678991195
-0.9784814908765327	-8.279611132956603	2.677689461954529	0	0
0.0704054709743005	14.11458051021161	15.405628407465343	0	0
-0.22972309158847537	-5.662141253713216	36.28096399462696	0	0
-0.005356986410461673	7.65680856274053	-10.291854088398892	0	0
0.6063309878276186	-3.381384519574432	8.585791719590318	0	0
-1.2738001783147723	4.397925124256773	25.756872225173495	0	0
1.2045595340229696	-4.700556016689738	-7.556943770505669	0	0
-0.3324519678836566	5.794906268898401	-5.592943012177713	0	0
0.7297783984952915	-3.5478884332177145	-11.115730722193433	0	0
-0.10102130865295322	-4.1141612137092025	-23.857311535057207	0	0
-2.721713379614208	7.4767537111558084	24.30996217247184	0	0
3.4383192376734044	1.0136571321488361	19.77130273436208	0	0
-1.9523583969640939	7.79180567491197	-17.549021047528598	0	0
-0.08718928104418211	0.12406784751740219	36.288818409141925	0	0
0.5892264084591474	1.7864008967199965	-19.812394150376747	0	0
0.4545157080320479	-1.2672965183372966	10.341553983558853	0	0
-1.500551984702227	12.596255637606063	-30.135460359452637	0	0
1.2475172623325435	-5.29045529071653	5.316035385312745	0	0
-0.28670524533696806	-0.890234729762966	35.91097459952593	0	0
0.06573347324064827	-10.454116913031243	-11.49498106278179	0	0
-0.01567854547011649	11.87338423195397	-5.564856165753909	0	0
0.3916118741621233	-7.819634450530991	-0.2964434155611144	0	0
-1.3574117720048804	5.487464384333343	18.41857375659957	0	0
1.3650588798945122	-4.723059473836635	-8.344434166678354	0	0
-0.3822479199385853	-6.9924922566110155	20.716576405512498	0	0
0.22775328864019428	-0.5856193184661294	-5.323343880024808	0	0
-0.7506583230841173	4.743281333088419	-6.057629971179736	0	0
1.2795842938158657	-0.2715569706326022	1.0432304162748238	0	0
0.3493805411103139	-3.883710421722853	9.939507743736726	0	0
-2.689979254471055	1.6585515769238341	-9.382390060608472	0	0
2.6100792954209666	-0.3584648013821692	3.3106823050703724	0	0
-1.9351113576839083	-5.480940408739009	6.168582038188987	0	0
0.42745222398136207	2.019236499340714	0	0	0
2.5505056644740947	-3.964046383043943	0	0	0
-2.533589317298798	-9.02956813929373	0	0	0
-0.03492164909169304	7.0440402252931165	0	0	0
0.16940808392632078	-9.860588917756914	0	0	0
1.2906501708580294	8.890581435731612	0	0	0
-0.8364618937815891	3.0204513039578913	0	0	0
-0.6423903499867905	5.876739654350843	0	0	0
0.6236345088277631	0.12946704356061645	0	0	0
0.9405990349328164	-11.616762740063521	0	0	0
-1.9037337331004238	2.9771635345223544	0	0	0
0.8783888879919743	-7.146099081038528	0	0	0
-1.0865875786029378	7.4153864855476	0	0	0
1.9099932312726509	-2.2395802918807135	0	0	0
-1.077315770853211	-6.751112726541294	0	0	0
0.4912265562835003	2.768257510534724	0	0	0
-0.8151606992314697	3.1973604421739736	0	0	0
0.9459801301450668	6.831065445333948	0	0	0
-0.5406230423532818	3.2645174373079016	0	0	0
0.04756835352002042	-7.297439407740711	0	0	0
-0.20553970571392455	8.31407851213045	0	0	0
0.8816258448759768	1.5990521495816594	0	0	0
-1.8904172429960155	1.7780910057574175	0	0	0
2.7510115735591114	-2.9811407123194726	0	0	0
-2.140579313271381	-1.1499940578608374	0	0	0
0.8038065305124107	8.28274771933539	0	0	0
-0.4111494872812358	-3.4015621938163534	0	0	0
0.46863837218280224	7.182804493830275	0	0	0
0.33295741566478654	-11.645454289523244	0	0	0
-1.8694573059238593	7.758008169342858	0	0	0
3.0351933568910567	-5.267173466501987	0	0	0
-3.2594168020511916	-7.8107383873540215	0	0	0
3.3219178478201243	6.556024770832053	0	0	0
-3.7303309917041503	-0.7375153056608212	0	0	0
3.5080226629736515	-0.394350726658395	0	0	0
-2.7697249342975283	-2.610409097337289	0	0	0
3.474912172365073	-0.8214447790711716	0	0	0
-3.453737086515069	-5.146034508682504	0	0	0
2.413558911131915	-5.72479640699045	0	0	0
-1.789090434543965	0.13256515632249943	0	0	0
2.431356119595705	1.3405451155823442	0	0	0
-2.9507629781250415	-9.301777015253414	0	0	0
2.1053452082413173	10.136340986774456	0	0	0
-0.8634662253304413	-6.983676104595233	0	0	0
2.044605845124785	5.29616579683114	0	0	0
-3.421820158898221	-4.260969444971799	0	0	0
3.228670355864807	5.220417108145611	0	0	0
-2.6435293175183787	1.688943878469587	0	0	0
3.136596881506499	9.23517633994306	0	0	0
-4.087654429763461	7.876748806715682	0	0	0
4.470436129134157	-10.17911398778827	0	0	0
-1.8843169522326164	-2.851132988720039	0	0	0
-1.8843175063473794	9.175897396965752	0	0	0
2.5881351767842133	-8.97434446047724	0	0	0
-1.8904519353116669	-2.874235694435484	0	0	0
2.1849067765249686	-0.9190796988032588	0	0	0
-1.5975589096784617	6.992426074615636	0	0	0
-0.3996390685527871	-0.011191185743243182	0	0	0
1.1283038106044998	-2.4311786051483466	0	0	0
0.11621496575471468	12.584962891594202	0	0	0
-2.5356886620137047	-15.710440990132383	0	0	0
3.7625077842819294	8.187907066616852	0	0	0
-2.713007614346388	-4.234153884036161	0	0	0
0.9353432499328704	0	0	0	0
0.6219239054693801	0	0	0	0
-2.6738670778856175	0	0	0	0
3.229800723466873	0	0	0	0
-2.9108270360018764	0	0	0	0
2.662820968110701	0	0	0	0
-2.7184380988447714	0	0	0	0
2.4149441605669253	0	0	0	0
-0.8741020139172733	0	0	0	0
-1.194783229520766	0	0	0	0
2.2959026180808237	0	0	0	0
-0.24499449158742692	0	0	0	0
-1.979018519839343	0	0	0	0
1.2911485863773322	0	0	0	0
0.4859907564615682	0	0	0	0
-1.8381444931022841	0	0	0	0
4.138489237692376	0	0	0	0
-6.316227654972721	0	0	0	0
5.252570496254869	0	0	0	0
-2.09623732577419	0	0	0	0
0.5243414841650207	0	0	0	0
0.3411771001662842	0	0	0	0
-2.834003856646916	0	0	0	0
2.993619078493822	0	0	0	0
-0.7614950869740227	0	0	0	0
0.07975231512013892	0	0	0	0
-0.5932215144750685	0	0	0	0
1.3335503317790511	0	0	0	0
-1.6050565348387238	0	0	0	0
2.3830509008493124	0	0	0	0
-3.9518824662255625	0	0	0	0
4.828749529346368	0	0	0	0
-1.7108059144516474	0	0	0	0
-2.553993297243018	0	0	0	0
3.344291856201096	0	0	0	0
-1.6093743856177838	0	0	0	0
1.003757901260208	0	0	0	0
-1.0777468009688747	0	0	0	0
1.051720025993447	0	0	0	0
-1.6029614961840437	0	0	0	0
2.422291274031579	0	0	0	0
-2.449471998440522	0	0	0	0
4.446117403771268	0	0	0	0
-7.304362000358552	0	0	0	0
7.489046045765981	0	0	0	0
-5.489413479886743	0	0	0	0
4.827201730157789	0	0	0	0
-5.550724921150518	0	0	0	0
4.31131802178507	0	0	0	0
-2.095322728904634	0	0	0	0
1.326325535902555	0	0	0	0
-0.84335974161732	0	0	0	0
1.4265072505073917	0	0	0	0
-2.9799998602839253	0	0	0	0
2.385464029781616	0	0	0	0
-0.1795965673278559	0	0	0	0
0.28142999420577297	0	0	0	0
-2.0159887238902314	0	0	0	0
1.9429621635183025	0	0	0	0
0.3600611322425138	0	0	0	0
-2.5297845226698286	0	0	0	0
2.1300011418712685	0	0	0	0
-0.992639517458656	0	0	0	0
1.399119524594333	0	0	0	0
-1.8773561171882776	0	0	0	0
1.586280591173903	0	0	0	0
-2.9605183925721263	0	0	0	0
4.000888035138402	0	0	0	0
-3.0942784183960086	0	0	0	0
3.1752271514981345	0	0	0	0
-2.88934766524126	0	0	0	0
1.5726351766591193	0	0	0	0
-0.11435821906306387	0	0	0	0
-1.5564357062995882	0	0	0	0
3.3890673602654573	0	0	0	0
-5.063764211890479	0	0	0	0
3.5668853952261586	0	0	0	0
0.018164305933474623	0	0	0	0
-1.5394844856225092	0	0	0	0
1.6091365767737074	0	0	0	0
-2.054918790521093	0	0	0	0
1.5525221112726513	0	0	0	0
-0.9344621160892146	0	0	0	0
1.0785295733519789	0	0	0	0
-0.16551835728665765	0	0	0	0
-1.0123045886453426	0	0	0	0
-0.7125315073040142	0	0	0	0
1.6014206025866926	0	0	0	0
0.4975808320214199	0	0	0	0
-1.2023171383477944	0	0	0	0
0.5601701118548164	0	0	0	0
-1.2417910918480217	0	0	0	0
1.2871336377340512	0	0	0	0
0.2963461908666005	0	0	0	0
-1.1509882759469718	0	0	0	0
0.5571571394697372	0	0	0	0
0.2334132679569052	0	0	0	0
-1.736688805881414	0	0	0	0
3.5350921685004195	0	0	0	0
-5.498224909512629	0	0	0	0
7.5729702166112105	0	0	0	0
-7.4845854645677505	0	0	0	0
4.2562645114141375	0	0	0	0
-1.0097923047177915	0	0	0	0
-0.48699318720355933	0	0	0	0
-0.20514900533413538	0	0	0	0
1.9285352820679762	0	0	0	0
-2.414901765435509	0	0	0	0
2.4821632312760116	0	0	0	0
-0.821629768585403	0	0	0	0
-2.768228673789963	0	0	0	0
4.756081664351697	0	0	0	0
-3.777353289044278	0	0	0	0
2.392061643948992	0	0	0	0
-0.7176406475530754	0	0	0	0
-0.8876806946180693	0	0	0	0
1.0250286821324792	0	0	0	0
-0.18740729624727237	0	0	0	0
-1.664783385181444	0	0	0	0
3.65874011721386	0	0	0	0
-3.7009380845225266	0	0	0	0
1.991578029792315	0	0	0	0
0.5321718943060745	0	0	0	0
-0.048718565524076496	0	0	0	0
-1.4860440832090305	0	0	0	0
0.23270792445650557	0	0	0	0
