-0.31689842360145803	1.5061763297263013	-8.317578523783553	0.6025374147733942	17375.282307359666
0.29666060982508924	3.4033412259957316	-26.37359637606778	3.588005629132539	17375.811883440958
0.4043079978874289	-8.72289349603389	10.527219456513322	21.87170925835366	17380.585019391165
0.3103118216755689	-2.651955990244673	-12.480789502763542	-3.41706677703624	17373.06697587601
-0.8325675495691911	-4.384287013384281	-5.586418491123823	21.06108921034763	17391.383327330845
0.6670218732958872	-4.8369036186947625	14.672041387697845	-23.46074333263155	17322.660795864173
-1.2655429453406484	3.605151546207935	-7.064031506709824	17.623115189470923	17223.93927768519
2.9588435166753797	3.8029026901631084	-1.9008188584460441	-20.992708993786266	17162.430862517038
-4.3665443451745745	3.722516983628111	14.305437914390282	-4.275048958896207	17245.456504079015
4.2128711286652845	2.86528207202889	5.926657092209112	-9.659325026755965	17180.84307772751
-3.212492531801331	2.066687225624861	-9.360278083098777	10.991687296751252	17038.17177601913
1.6763027896798732	-3.6539226056712266	-9.783344239405665	-6.5551865229812165	16991.358830676847
-0.31354897055365427	2.3617385859028275	-0.22791072227151687	-5.731952543232865	17013.775764474078
0.3207320019558466	-2.4128704286473095	17.82794369851503	-14.56988673730828	16944.362472179866
-1.207817654732196	4.984304877158451	-9.580047586416427	4.4384901090690505	16917.536406629137
0.8861949917024603	-5.784035910624354	-4.703986409601043	-3.1281307425409466	16907.0707369736
-0.742855159060305	0.6740174239826473	0.23426835353515685	-4.897338881800167	16903.306995289713
0.830184174838557	-3.1266896080926756	-0.4452790336143124	1.255576404062154	16895.36610509279
0.11190370580970921	-6.879290993298056	-0.49775574411233947	-3.0799849315231	16879.773777644128
-0.6769029340259536	6.168150224648841	0.2636516157128739	-10.175832527742017	16856.359971283906
-0.6116094616254273	-0.7424023638418902	4.676815547926523	12.103224804407887	16852.50011856978
1.5125809397802144	-3.129105874534588	-2.0424477392495533	1.0056088137294665	16814.152516944465
-1.31312586722688	4.477926764744382	-1.5271634266541128	3.876104817958961	16789.03048805295
0.8160282234671072	2.2913298236377386	11.685438862583325	10.645656982264299	16782.274789188625
-0.6885597037569795	-8.137842296884571	-6.096772718611234	-6.7356438451105305	16815.45313666461
0.9518899499686668	6.25719086338345	-4.768067193327468	9.355943178532954	16827.060512289718
-0.7059512234595218	2.5094224837768664	-7.071562399514306	-0.2257894088704404	16825.126048724298
-0.34753614626514917	-4.8137597219963695	1.3522572352095636	12.596273334400394	16819.653395987694
0.540384156898206	-2.2821666762552653	-2.031347824682939	-3.239343248721937	16795.30443268683
0.4391684423476505	3.205951347928604	-1.5142893565607523	0.9689039360807499	16802.109845131625
-1.653452966960316	-1.9019237865092435	6.03115863802455	-0.04590773759971967	16736.444523001715
1.6861235417131581	2.777007124311112	-0.4968766460024341	13.991903930992137	16791.784924663854
-0.4362365486327988	1.6585949555347952	-5.207478634132386	-20.230415858204807	16933.394974937943
-0.5990586469169301	-3.461858860890473	2.1140004751368764	-114.51060324917974	16896.404421933523
0.46473194303365517	3.0548960504620197	5.241935541605017	57.2833607661217	16912.09211448276
0.24140818040612544	3.3711776034442096	2.5610788524164434	-13.499995674210595	16819.398998809822
-0.07729787833375923	-2.017807496005304	7.268116268815831	-17.613589502092353	16541.801291747324
-0.6270157433931942	-2.972688055104747	-2.720005139244506	127.73094955580788	16557.857662434883
0.9836681121427233	-4.746558654334102	-1.1540300789951772	0	0
0.05905192735215792	3.6975839378488047	1.8390404429055849	0	0
-1.7140471144966867	-0.6282717368840949	2.3405247451993603	0	0
2.385184416129242	5.160720510537473	2.5256337814105336	0	0
-1.6075117375076218	-1.219297136187464	4.250516514638093	0	0
-0.28017094038435886	-0.20991853657920956	0.998418055541606	0	0
1.9534335718255846	0.7584213226436844	-1.6719854085758499	0	0
-1.1872202054984555	-5.902155675206245	1.7762736570995799	0	0
-1.003430902608116	1.3651530740944082	-7.343820909342881	0	0
2.0935546541963532	-3.6630635022209503	-1.3428304504084991	0	0
-1.8377647446004275	-1.7117607199050369	-9.292409789407316	0	0
0.7626753174374983	-0.189640284990773	-1.8656937346166274	0	0
0.6981953201416928	-0.14492843887173734	2.8599711183866106	0	0
-0.4503555289477603	-1.2937762901867131	-1.2331132586651137	0	0
-1.0029710338581097	-1.8254822983608392	4.6774959250282535	0	0
1.1164608483853087	-0.7397883835665198	-2.229499899954831	0	0
-0.8793063612356775	1.96322005068766	11.1961067025983	0	0
0.9820596613628894	-1.492103418570501	-5.93664415270743	0	0
-0.12525378207011073	-3.0854029351402374	1.795277004532565	0	0
-1.1110609687961457	-2.126640039549116	-3.3994553868704003	0	0
1.297185783452214	9.734222640532806	-1.804168433165799	0	0
-0.5026417875287521	-1.7023648287721045	1.2605592162540376	0	0
0.1528670289866838	-0.16002048720923057	-2.488359191127685	0	0
-0.31673274788902006	3.161926884145224	-0.8866360547412739	0	0
0.39867428052345133	3.527870142679596	7.741286478702179	0	0
-0.5597128877184545	4.820227953020982	53.696670270570806	0	0
0.6421496128243902	-0.8751396803132039	0.49245098788652797	0	0
-0.1431489475149661	1.1476018605241194	2.757180802135707	0	0
-0.008683791195714718	-3.1839321757187307	-3.7365065076552924	0	0
-1.088131801916468	3.6195129547020173	0.3682169079965121	0	0
2.3028600664852306	1.7745640394958144	3.78395092878543	0	0
-2.5358764959878854	3.070951424602363	-20.847864432221428	0	0
2.4785872600218397	-0.290898476526408	0	0	0
-2.26685307054548	-2.7299740158258388	0	0	0
1.3582212040005643	1.2936527377978564	0	0	0
-0.3855030945203026	-1.5026209177038083	0	0	0
-0.8670921280982213	-1.3468078061471047	0	0	0
1.856180241494478	1.152804158282862	0	0	0
-2.632459930026606	-3.867765421372056	0	0	0
2.5113890622237136	2.447900183579833	0	0	0
-2.381885257113886	-3.46061383816555	0	0	0
2.133932911824388	4.905607749769203	0	0	0
-1.2366325809661376	-5.713686744809259	0	0	0
-0.5904726812835648	2.7302355429720606	0	0	0
1.4734257322385673	-5.510594953862864	0	0	0
-1.2734795562744523	-2.0115498859993295	0	0	0
1.3280374527662318	-0.043291728982673305	0	0	0
-1.3445563580276527	0.4969306561754223	0	0	0
0.937026547296334	1.174768370399363	0	0	0
-1.5946195885468626	-2.162626600670073	0	0	0
2.3204403098396256	0.6273252692597353	0	0	0
-1.862294886350064	-3.0612030342057324	0	0	0
1.5019352139197437	2.6635163387672236	0	0	0
-1.6531694402781767	-3.0241754045371607	0	0	0
1.1135522887279308	3.3362328587851593	0	0	0
-0.8089581958223491	-2.4153932506352263	0	0	0
0.6203353942270553	-1.5250762076352231	0	0	0
-0.33170786738003954	-0.9328979075941319	0	0	0
-0.6100452726896108	0.2979610028928974	0	0	0
0.9466330999583974	0.8916664364861973	0	0	0
-0.20228812163714593	-1.714056176578957	0	0	0
-0.14523728055220175	0.1366356338830883	0	0	0
0.2244091171159397	-0.10372803075848225	0	0	0
-0.7802207816223827	1.6578818647558933	0	0	0
1.3844879064928364	1.6966265787240715	0	0	0
-0.9831463070478321	-4.345996865235861	0	0	0
0.061685755567005174	6.270324895120517	0	0	0
0.12157588153004895	-12.554230684967813	0	0	0
0.1348644837913895	0.4679747109191439	0	0	0
0.0239698944149751	2.89499439339302	0	0	0
-0.1330813288797401	1.2919330642045566	0	0	0
-0.40591530381939833	-1.4263090716156555	0	0	0
0.45338853267654144	0.61824042763336	0	0	0
0.2110683069388628	1.6819728571429238	0	0	0
-0.81778654747243	5.261488976362621	0	0	0
1.2190471260127893	-1.5435539689558837	0	0	0
-0.4063062689098871	2.740720183842434	0	0	0
-1.5513298516155416	-1.4105063512334084	0	0	0
3.0217182302916115	1.9867750535227415	0	0	0
-2.0970949147217794	-1.9905385678806127	0	0	0
0.15463590304005237	8.993467671085916	0	0	0
0.7267889088176105	1.2518230960194359	0	0	0
-1.0200201043710848	6.769081239688788	0	0	0
0.6982928195134974	-4.538297059739364	0	0	0
0.41793258155998103	2.615328229158706	0	0	0
-1.100735356384405	-3.7856720522061096	0	0	0
1.1901479238560029	9.999506103021801	0	0	0
-0.9998457213917007	12.229349580930688	0	0	0
0.7565230299248995	0.44061153044429346	0	0	0
-0.3638668505619975	-3.506253701908065	0	0	0
0.4271132278445009	1.2536435618992101	0	0	0
-0.3051566385928979	2.0260865925942113	0	0	0
0.3235696976682334	-2.9210930541499067	0	0	0
-0.37432202062515785	-0.14822115948212655	0	0	0
1.008312790058099	1.6929413037854033	0	0	0
-1.885711691259523	0	0	0	0
2.410728342972895	0	0	0	0
-2.571248718831548	0	0	0	0
3.5217731551693916	0	0	0	0
-3.476610443541105	0	0	0	0
2.264685148405178	0	0	0	0
-1.4423491203644403	0	0	0	0
0.8575058223060452	0	0	0	0
0.20863735526258864	0	0	0	0
-0.8900565248398848	0	0	0	0
1.228647642416128	0	0	0	0
-0.9864448775147707	0	0	0	0
0.6078536920902522	0	0	0	0
-0.31513421582868517	0	0	0	0
-0.7543891319433129	0	0	0	0
1.3784823565842146	0	0	0	0
-0.9857273934618789	0	0	0	0
0.4527187068010292	0	0	0	0
-0.2563625857089491	0	0	0	0
0.47206851908551783	0	0	0	0
-0.5464074460686987	0	0	0	0
0.2724958279040166	0	0	0	0
0.24706920409083466	0	0	0	0
0.10081616138499783	0	0	0	0
-0.5511827182797617	0	0	0	0
0.14696740062910152	0	0	0	0
0.7283008529529695	0	0	0	0
-0.23363046753704708	0	0	0	0
-0.9216785313045364	0	0	0	0
0.9777227722828457	0	0	0	0
-0.553907489293131	0	0	0	0
0.7772295022033191	0	0	0	0
-0.9332321439143598	0	0	0	0
0.7435086024422048	0	0	0	0
-0.8124575460247527	0	0	0	0
0.8066334508759425	0	0	0	0
-0.525118609425526	0	0	0	0
0.307928813181114	0	0	0	0
-0.6168325884668207	0	0	0	0
0.8831612241311646	0	0	0	0
-0.5399048527759049	0	0	0	0
0.280800515354656	0	0	0	0
-0.6377544418736889	0	0	0	0
-0.006660568809813583	0	0	0	0
0.6814104745423748	0	0	0	0
-0.036325424729461986	0	0	0	0
0.21178306485565912	0	0	0	0
-1.6481536159903456	0	0	0	0
2.006958385280761	0	0	0	0
-0.8672760692316288	0	0	0	0
0.4646123563026663	0	0	0	0
-0.654021537216174	0	0	0	0
0.24227270324768568	0	0	0	0
0.2825255378263236	0	0	0	0
0.2287452320082437	0	0	0	0
-0.6645415942276287	0	0	0	0
-0.02200397890280925	0	0	0	0
0.37510773320533985	0	0	0	0
-0.07267430451875612	0	0	0	0
0.5686718308015344	0	0	0	0
-0.6828280565224034	0	0	0	0
0.3803191705622666	0	0	0	0
-0.2544281104118937	0	0	0	0
0.6861510564831264	0	0	0	0
-0.334730951735871	0	0	0	0
-0.2874509671957455	0	0	0	0
0.2978006167887983	0	0	0	0
-0.25291730550804914	0	0	0	0
0.1887868409140765	0	0	0	0
0.16287031474480074	0	0	0	0
-0.551242464072736	0	0	0	0
-0.36490864548517976	0	0	0	0
1.1020400084826534	0	0	0	0
0.3507180281850921	0	0	0	0
-2.0021793919238036	0	0	0	0
1.166020206359505	0	0	0	0
1.0958205904615568	0	0	0	0
-2.5385816772451832	0	0	0	0
2.451227109670036	0	0	0	0
-1.538876109986397	0	0	0	0
0.34762339028713996	0	0	0	0
0.2577666050465979	0	0	0	0
-0.25456181625923335	0	0	0	0
0.7344859297333244	0	0	0	0
-1.7944425934746562	0	0	0	0
2.817747520917912	0	0	0	0
-3.4390731770449676	0	0	0	0
3.7942164058952343	0	0	0	0
-3.9032010666934482	0	0	0	0
3.492928759568045	0	0	0	0
-3.0856273116776194	0	0	0	0
2.176398329634253	0	0	0	0
-1.083264791373118	0	0	0	0
0.8299528200472963	0	0	0	0
-1.7155315047638737	0	0	0	0
1.4421789884105607	0	0	0	0
-0.33489181535779267	0	0	0	0
0.2644721173151865	0	0	0	0
-0.11195167142291496	0	0	0	0
-1.019569108548339	0	0	0	0
1.5182772061678662	0	0	0	0
-0.4648195388619314	0	0	0	0
-0.10937654257896412	0	0	0	0
-0.2031060511354923	0	0	0	0
-0.08116843855741962	0	0	0	0
1.1536340805739087	0	0	0	0
-1.6345448432910459	0	0	0	0
1.249566690829127	0	0	0	0
-0.22478873153610124	0	0	0	0
-0.5128375358630777	0	0	0	0
0.6154814935325916	0	0	0	0
-0.645011134514661	0	0	0	0
4.465598652489412	0	0	0	0
-9.41736553449529	0	0	0	0
6.008033289827246	0	0	0	0
0.467531987802424	0	0	0	0
-0.8413057772101595	0	0	0	0
-0.413500086007204	0	0	0	0
0.18182574346428737	0	0	0	0
-0.16494476929761248	0	0	0	0
0.17017829735436862	0	0	0	0
-0.09188788499371014	0	0	0	0
0.13488547639415316	0	0	0	0
0.0026057285251042117	0	0	0	0
-0.26913886265483455	0	0	0	0
0.29487662948669424	0	0	0	0
