0.1081903756549778	-2.106304607309319	-1.8738014982116056	0.41302058601850433	17047.391519836943
0.4215081854860614	-7.026446539266637	-5.6078461755406295	1.7219144314886279	17048.538670815724
-1.81994434349523	0.3749588914092499	4.745107242729318	7.7718153208602985	17049.063368353556
1.6939842924142283	4.2259482542904365	-3.104076534240477	-9.382395821445328	17046.74765893967
-0.8553431224427186	-2.5963638886747873	13.972384464464582	-4.123507661625126	17055.87178704079
0.17393332289379515	4.442979682663989	5.154317202394068	15.09891410728001	17023.109161562992
-0.5924394605112511	-4.928255016903286	4.040414657952283	8.28174607248576	17014.00681253473
1.3010938424924632	-0.6733454637099925	0.21109680289087862	-23.53429871292876	17020.74226583457
-1.009237573131827	0.6572430247947665	-10.615221100644703	15.731942323308658	16988.126539947694
0.556813940398392	-12.946107743693709	-5.670432805513897	-23.350295313728324	16956.51362323856
-0.5773832693271643	-2.5912301219411304	19.928533859220636	2.223276848180859	16983.546701099545
-0.0035463238308466316	-5.202324998089047	-0.4069388503236411	15.299314897127758	16973.78835216266
0.8488645300635937	-1.4334414726695357	4.652290561934535	-10.070790417100213	16926.21806487601
-0.975902906754051	-0.7800186748428501	-1.0595204064529753	13.484744828681656	16969.800344505136
1.5889423589466176	-1.6928001281408385	15.958547464625894	-12.061668874946065	16985.66597142123
-2.5937977039084217	1.273640815664443	-26.0798225453032	24.0748862601493	17076.28900957036
2.6791314223229676	-1.0914909614719122	7.316925035676917	-4.339230738827354	17012.378305603073
-1.1098755182234115	5.810415485402416	-0.7192030984587632	-6.634502150071526	16929.882838161247
0.1257876765833288	5.189229970164078	2.030188157836477	-7.335006371306477	16918.2625264964
-1.0502718300178344	1.8334782752621237	2.8817306689540203	51.666740457252445	16889.461474464762
2.6338629412994976	4.858059952492091	-5.146298292694539	-13.05151577476849	16937.306973664538
-3.4015989988152313	2.271474796522483	-0.3747616831742988	23.119477987305103	16967.233536381413
3.797897646617045	0.399918431293834	-8.359143621194136	0.9871167040660112	16962.319895913664
-3.620885889250161	2.2392924115487958	7.519294311480593	15.713561174893414	17018.497793052207
3.2728095216384787	-2.668698242224103	-8.436280580405366	8.029905659940255	16981.84584331713
-3.278373461526904	2.5005602655410115	5.339118403292986	21.323664336964185	16941.019296485087
3.4645160254705587	-2.7558969253361525	-3.8689157585798313	6.47648900148927	16984.538901576547
-2.8164942116115483	-1.3556871179181442	-17.218664355204083	-1.7686139617405843	16916.989574945273
1.634775703381024	1.1364071081156908	6.58283150412484	0.5293157814957539	16947.890307842456
-1.2820062029879793	2.233674596901132	-4.748267961775156	4.343155544162826	16913.707108325496
0.6170799268359346	-3.2486649772423632	2.8223515711890883	-9.520951422362273	16911.957583047224
0.5870960503935336	-2.2194514449895877	7.322089252143982	19.50504506375745	16861.74448258352
-1.1927199041637806	4.767869487317512	-4.590448183032848	-24.422574441592644	16864.04560056988
1.5202335298799525	3.9087440048515205	-2.1197259233327372	55.77165348640749	16803.07391977671
-1.6944775514387445	-1.093613186880674	17.16795366572414	-15.002766492385675	16692.821106316453
0.5628057947820224	3.8658843043515176	9.557713915762633	3.8419929376267987	16741.93910792532
0.3620135661270254	2.18590664979218	-0.782482000565679	-6.551889062917525	16817.293140348014
-0.038281708091290056	-4.359189769148777	-10.360750729436802	-43.59228004871852	16833.159024822224
-0.3714366742722959	10.645975544082056	8.056226833754963	0	0
-0.1927335743016343	-5.454587388050214	-1.7501859823219377	0	0
1.1356739681803987	5.489097857622248	17.854520950644954	0	0
-1.1499952200875896	1.4444191963659492	-4.5456120445474255	0	0
0.8460466928437782	-9.402010518989883	1.9634519961093702	0	0
-1.0310660354226897	4.929349004688241	11.333437526603532	0	0
1.5850343570913523	-3.004219174817173	-0.08961677219902242	0	0
-2.294775469870636	5.097832706718506	2.0763433374987414	0	0
2.081000849093982	-8.466341606277709	-6.381721679648223	0	0
-1.8650791466302081	2.5871221953673995	-2.4088607664919266	0	0
2.3367588468440132	-0.30228717745482925	2.494262818463014	0	0
-1.4048012049217675	-1.7024441678203246	1.4888574166848656	0	0
0.4413914633340852	3.1081582530765317	-3.303254143242995	0	0
-0.9861318555111751	-5.400816057165343	0.36010241731514725	0	0
2.110793291174083	3.6701649954122786	3.2804549261811218	0	0
-3.5037635925976076	1.6889318307875314	-1.4646497630913302	0	0
4.472949803643424	-6.172049534923104	6.895722784124729	0	0
-3.480899167356476	-0.06256474561748604	-14.233454776676481	0	0
1.992616849333693	-1.2481332170300306	5.319272023932115	0	0
-1.8138829945572823	3.815423432667636	6.155999333360896	0	0
1.9847298168916652	-2.3965388108610526	-22.329770073913423	0	0
-1.1008023522692056	3.487228637027677	20.595457678509916	0	0
-0.06070593622539633	-1.0558201523070778	-18.42666098615706	0	0
1.6489309909780516	4.339699123222331	-3.057842051099726	0	0
-2.6625802748586764	3.1382255655702664	-10.542080036924673	0	0
2.9976538857579555	1.758379773650752	-4.668610375251518	0	0
-3.135814915542106	0.1360313345133335	9.489308134952623	0	0
2.742799710337522	5.349623517801753	-4.452589517735532	0	0
-2.7395079032306526	4.040069124580938	1.885079776656525	0	0
2.8533637269003904	3.0186418850382495	0.4610666248564854	0	0
-2.297517511997647	-4.137022518090426	-0.8834218394300564	0	0
1.9227947372762983	10.959522525472998	-8.226924359252493	0	0
-1.803926673821934	-7.5197117792120665	0	0	0
2.2803633515353425	-1.7586666753955882	0	0	0
-3.5768904263355594	16.030506439227437	0	0	0
4.070234632083469	-7.464092154724462	0	0	0
-2.3171825705968487	-0.5944825683597372	0	0	0
0.08840312662670868	8.910189407199951	0	0	0
1.1093892726774328	-1.2920591418645628	0	0	0
-1.0768597809237122	4.191047823386015	0	0	0
1.5955077899916503	2.8239650965743337	0	0	0
-2.5041404614520744	-3.9556155028955544	0	0	0
2.5062510775496634	2.8868840387677324	0	0	0
-1.9838792546893202	-4.4301621537064335	0	0	0
0.37647785965091174	0.5005694272516834	0	0	0
1.7431367165076566	8.426101684505483	0	0	0
-1.7987025222023547	-7.949041735588672	0	0	0
0.5059682712456421	-1.6252141167230718	0	0	0
0.24652763043463466	-4.138598411777657	0	0	0
-1.105604145044289	3.5067050258184693	0	0	0
2.224154217800489	6.50424592496374	0	0	0
-3.2241992158714154	6.379910062078231	0	0	0
2.89841661788747	-5.571447756611136	0	0	0
-1.7437176076628091	5.33027125358749	0	0	0
1.4692460308173096	-9.471312172029378	0	0	0
-2.56329741963755	2.708775342905348	0	0	0
3.1858007361633938	14.042332979983328	0	0	0
-3.1633272346084453	-1.7819881311621941	0	0	0
2.9599888024358023	2.0040016637532574	0	0	0
-2.5352085275508145	-6.159782906344006	0	0	0
2.806187065671672	-0.9644234312049633	0	0	0
-2.15812804577552	4.594568854567122	0	0	0
0.2578164957023361	6.536073153017249	0	0	0
0.6640684667487662	4.786316453242719	0	0	0
-0.6330707003438434	4.66732224888483	0	0	0
1.2333909139926362	-2.941177914938436	0	0	0
-1.5238806804646927	1.585718442403497	0	0	0
1.6995571045978792	-6.191386091998879	0	0	0
-2.3499836223878106	1.153120664706151	0	0	0
3.0672065344091592	-7.595718055183461	0	0	0
-3.033597334583419	1.588247928838058	0	0	0
2.478134525812962	3.6609817726935745	0	0	0
-1.8664612074039866	8.425267600563018	0	0	0
1.9625585753339436	-7.688875420406696	0	0	0
-1.7475027361001523	8.658219531901196	0	0	0
1.3378535637974736	-13.991776038313944	0	0	0
-0.9269967215828245	2.3178064968724073	0	0	0
0.11639869037837514	1.0486328704597838	0	0	0
1.1742584719859224	7.192723822073454	0	0	0
-1.330941179313065	-0.2670121375528609	0	0	0
0.5927059594298996	-0.2601795021303914	0	0	0
0.13301231366638433	-2.3465567555272813	0	0	0
-0.37025457363809267	0.8125104442218074	0	0	0
0.3999894594465374	-1.5103469543908332	0	0	0
-1.0201292825275914	2.486344109232128	0	0	0
2.349345218811898	5.473348520399867	0	0	0
-3.7243679760637036	-3.966776053403713	0	0	0
3.6667891072788876	-0.8155126342410952	0	0	0
-3.143088663757311	-5.796422585869813	0	0	0
1.969258600094399	-9.367443631880015	0	0	0
-0.18048785990577443	2.200179076563927	0	0	0
-0.3670601115287937	-0.0765135842068645	0	0	0
-0.4092446845782334	-1.3652572966917944	0	0	0
-0.8034066902418218	2.5390579994188656	0	0	0
2.7360164780464302	10.806914606678774	0	0	0
-1.8007548329742349	0	0	0	0
-0.06674054866302015	0	0	0	0
0.5810336628451083	0	0	0	0
0.8768247967106149	0	0	0	0
-2.3799323052657684	0	0	0	0
2.264386887023086	0	0	0	0
-0.5413493081103624	0	0	0	0
-1.9749273673652112	0	0	0	0
2.7542885863638773	0	0	0	0
-0.5475923743509554	0	0	0	0
-1.358932885636932	0	0	0	0
1.2641789042706009	0	0	0	0
0.7031263185137675	0	0	0	0
-2.975183308970095	0	0	0	0
4.218858189149522	0	0	0	0
-3.369085317232148	0	0	0	0
1.812891077495422	0	0	0	0
-1.0698863039348865	0	0	0	0
0.45342973118683716	0	0	0	0
0.6054634553105842	0	0	0	0
-1.226330759479339	0	0	0	0
1.5671321349855063	0	0	0	0
-2.783970169647908	0	0	0	0
3.432555259746991	0	0	0	0
-2.2131365285876754	0	0	0	0
1.3611049964979784	0	0	0	0
-1.3005696122622865	0	0	0	0
0.4472907113710676	0	0	0	0
0.39459325451575467	0	0	0	0
-0.9398417716191432	0	0	0	0
0.17779939132696398	0	0	0	0
1.8894273721782184	0	0	0	0
-2.112872793941513	0	0	0	0
0.25110221447459224	0	0	0	0
0.6942491719892985	0	0	0	0
-0.8182159693900317	0	0	0	0
0.3085423356588919	0	0	0	0
-0.03836018133967656	0	0	0	0
0.10617318312183954	0	0	0	0
0.04123301553600811	0	0	0	0
-0.19723948946648306	0	0	0	0
0.5916528530323859	0	0	0	0
-1.6156955828724477	0	0	0	0
3.152358122855702	0	0	0	0
-4.447323707573958	0	0	0	0
3.8124179753105096	0	0	0	0
-1.9011711865327925	0	0	0	0
1.3380251758773127	0	0	0	0
-1.5736117339730455	0	0	0	0
0.5378309819296376	0	0	0	0
1.6749267743848009	0	0	0	0
-3.577073978624945	0	0	0	0
3.036070753015977	0	0	0	0
-0.8255406983989246	0	0	0	0
-1.4031530777199421	0	0	0	0
0.8688425139078149	0	0	0	0
1.2492869843854564	0	0	0	0
-2.2988786357287836	0	0	0	0
1.5116870348290519	0	0	0	0
-0.4752833041587081	0	0	0	0
-0.12864207313536014	0	0	0	0
-0.39342794254924485	0	0	0	0
1.1337962763703615	0	0	0	0
-1.7554488430377262	0	0	0	0
1.8870804290738619	0	0	0	0
-1.1971742815444486	0	0	0	0
0.5582995830420856	0	0	0	0
-0.29207857722370534	0	0	0	0
-0.1111067199871627	0	0	0	0
0.920627069038531	0	0	0	0
-1.3384254344379514	0	0	0	0
1.2633620581492977	0	0	0	0
-1.3491961262408907	0	0	0	0
1.4929660206288133	0	0	0	0
-2.097907073176266	0	0	0	0
2.1896013717068996	0	0	0	0
-1.4459846945427017	0	0	0	0
1.4171430598658787	0	0	0	0
-1.924501314893277	0	0	0	0
1.0051746144324127	0	0	0	0
0.4561970315445194	0	0	0	0
-1.16032784242757	0	0	0	0
2.0424943102074025	0	0	0	0
-2.3472873164008803	0	0	0	0
1.1028045342340533	0	0	0	0
1.172337428085676	0	0	0	0
-3.066899264643638	0	0	0	0
2.77876313800499	0	0	0	0
-1.123324712791721	0	0	0	0
1.124832547609131	0	0	0	0
-1.39075954688699	0	0	0	0
-0.9619397938024292	0	0	0	0
2.8480451342031685	0	0	0	0
-2.6666064226616015	0	0	0	0
2.2567452880642307	0	0	0	0
-1.6491438662494105	0	0	0	0
1.2409548683686538	0	0	0	0
-0.3907818258750737	0	0	0	0
-0.6733102062536531	0	0	0	0
1.1138539612876457	0	0	0	0
-1.0315862594512026	0	0	0	0
0.8596985801532213	0	0	0	0
-0.02327124454935614	0	0	0	0
-0.872328498704519	0	0	0	0
0.30296947318081635	0	0	0	0
0.7627581259132015	0	0	0	0
-0.7208803046707004	0	0	0	0
-0.22008115236714332	0	0	0	0
1.021545878212038	0	0	0	0
-1.738550981845485	0	0	0	0
2.855653887613215	0	0	0	0
-2.977191879436141	0	0	0	0
1.8216736655909713	0	0	0	0
-0.7359107436179642	0	0	0	0
1.3166462839624415	0	0	0	0
-2.334536311099747	0	0	0	0
2.0817542735620123	0	0	0	0
-1.3225374577143256	0	0	0	0
-0.3071974455425064	0	0	0	0
1.2099160931707758	0	0	0	0
-0.310109226190761	0	0	0	0
-0.7772607670887979	0	0	0	0
0.11819138022482889	0	0	0	0
-0.09618255329749559	0	0	0	0
0.22385531096713862	0	0	0	0
0.32964611186856274	0	0	0	0
