-0.14086312806612966	1.7450184109838318	-5.460815118204124	0.3271879203319372	17069.566488406992
-0.461633521761172	4.753886492633029	-17.44239254864553	2.1774741246550064	17070.206291703995
-0.8388801577023415	-6.1668209097546764	5.588165526493	18.528883012938678	17073.948851049052
2.320880790795691	-1.8439315142095012	-19.195013364578188	-18.896057344076397	17066.767948872715
-3.3848059518412157	-1.0914395251263755	3.7862471252690426	73.84793006138766	17090.897801982326
2.1667100833558948	-0.31749883789873934	4.391207866205363	-29.592842052969615	16993.299475725285
0.09731650820509685	-8.904491467301604	-11.117956437916945	45.8149984104233	16475.41624955584
-0.8410665575158518	9.534269927688086	-13.198656641453255	-37.570284778718474	16326.185007961423
1.3950084750235376	9.22542901493302	1.1179722300148711	-0.500417259927687	16323.361113198662
-1.862929963968	-0.8421014694830617	4.1022433932433415	-16.967130595820464	16549.680344864137
-0.15298671850857914	1.0730157955641388	9.354380306812729	-1.0348992504987535	16558.51864852054
2.769669001599034	1.6857483694386772	-13.00341238650357	0.22146585950763154	16437.80629827888
-3.2812641862086096	7.864941366924988	10.027411262585488	-27.567908451816706	16495.603332097824
3.2117006620243203	-4.730027047459316	-0.5154275476356105	41.969961629604015	16735.34468295377
-2.2047581885576335	4.1462201745603195	-4.677342061263005	-7.8148385091988075	16810.336642692055
1.455361617907144	-1.757008140954099	3.707691427567667	4.732950201352111	16861.08393573959
-0.9979517479940014	3.494923318143293	2.76405026180133	-13.349600942605846	16698.254674216878
-0.21390908011264287	3.5075801229149874	5.552226281888551	-10.333628864312885	16666.849151118688
1.4818800039980857	0.12152322233545476	-7.472946588931066	33.60676761169111	16751.61054223717
-1.2620648425452714	2.417204937996111	-0.24506225321076158	-24.251053145451905	16673.335698823
0.4551948086461337	-10.043314725588125	-11.26496127314553	-19.543642709676675	16555.439558598577
-0.3370859377654867	7.7110240605723135	-19.116191172015704	52.353490378778176	16387.086336090964
1.5533983022826874	-8.940838898372789	-2.5015086898630017	-5.785528767709081	16247.340711461313
-1.7366854188180056	1.5077338293221558	-14.681710966570805	27.669018173504384	16760.712226732037
0.06832044788361458	-2.4692378650430413	5.832398618350638	35.768315289269054	17025.674211708152
1.6957113420644419	-2.0884954593382403	8.499880800432564	-20.66321985759417	17075.62568177353
-1.862177468744676	1.5695430607116592	-6.371842102299311	-31.785546939467082	17272.023346903472
1.1698433449632404	-3.7810187116176053	-8.173221730799142	36.921268549453	17296.83028619618
-0.887428960124808	1.6450691674505862	-24.275429302790243	-31.04473578055712	16985.07401937713
0.5957605956540277	-3.119351575694452	5.434360727746665	6.19727289007038	16988.07121933045
0.00020271711314734375	-0.3689947121699859	-4.401417059288448	11.524259614477998	16986.678040873394
0.2120627495171732	1.1932574334876662	6.601343193103858	-2.0348855921797053	17033.535066395805
-0.6514247208898993	3.1512960645995065	-5.003683188837115	1.0452069809049078	17098.33301582475
1.1900192094296642	-1.6349925788994994	-1.068208411850307	6.942782991545016	17242.56096899011
-1.2643782957321648	0.7574522111921311	-4.67356207611526	13.954473549169336	17173.50969470758
0.20835568042423347	1.737795685939716	-11.244450942170815	-3.015694054076846	17309.542538503905
1.5071502588307126	-3.095918063486593	24.800388633332645	-20.635287977723806	17330.781337705037
-2.2861362248629646	-1.5236800195153322	-18.60280846747075	5.394886189654926	17390.725725366538
0.04047107726703558	-0.5931779621117528	21.39132574511916	0	0
2.423457423712776	-0.660653446480417	-0.8635060481073396	0	0
-1.8655367069443187	0.36086762073791334	-20.43248406172306	0	0
-0.06958262549326122	-8.987810262655621	-0.575163075876489	0	0
0.4853943958081146	3.2744198951576635	18.00679014368282	0	0
-0.34132255412624346	-1.4482971739282462	-15.784539206157206	0	0
0.8969753198206121	-4.493451490369523	-3.981934818604742	0	0
-1.2599851344903001	2.194551307324005	1.5433744282678248	0	0
1.0782292480055418	-6.645751757001413	-1.3279571125793694	0	0
-1.0679810080679886	7.073702835335851	-8.918869746083146	0	0
0.5622355015325979	-0.26033340163528607	-3.355094986960168	0	0
0.391033746818529	-5.118610316599245	3.8821138161197126	0	0
-0.6028771885736148	4.085408075449031	-5.51160642690526	0	0
0.6648052175381949	-4.745186666958212	1.9958109867565526	0	0
-1.2847100419909907	-1.3860497489461068	-24.207087231228684	0	0
1.5041188367270095	-7.1906023072617415	5.151270211866361	0	0
-0.40620567631307836	-1.3594646238779902	-19.163434824212246	0	0
-1.0432002196731958	-2.407624598155685	-1.0534643813468847	0	0
1.3425317057745971	-3.8589477506876477	-10.278049383025063	0	0
-0.601478380609251	2.2406934872140525	5.189080393772315	0	0
-0.20216420890424303	-6.616523501228642	-1.6320508955324016	0	0
1.1180041169211208	1.7385753473360452	10.416101762157894	0	0
-1.601210250381719	-9.708990283627202	-10.325473336502085	0	0
0.8730240147059405	1.682532281508685	3.7051117317895716	0	0
0.07247253949677201	1.7290101444164918	12.562709726809487	0	0
-0.9912941262818222	-4.245528129680565	2.472657956117658	0	0
1.4598446035602137	-2.998112786417856	1.5031497037038832	0	0
-1.1145310432460178	-1.3218301905957048	-7.314015829939109	0	0
0.2897162142580072	1.53384329242607	2.528832579913967	0	0
0.5307492832088059	0.12902023732952017	-1.041073910135708	0	0
-0.5522787571358094	-5.876912298515087	7.748827498587659	0	0
0.2731050141673421	6.614759443336496	-5.082198545194899	0	0
-0.5078424992225337	-6.329097101575201	0	0	0
1.1898297753032736	1.4721400439141945	0	0	0
-1.5583420684620108	-6.30557581190741	0	0	0
1.1506159597328178	6.323853745535175	0	0	0
-0.3757075968298409	-5.805145429186524	0	0	0
0.6673269282775962	-0.4585967060569871	0	0	0
-1.4994803292294918	-0.6229101986637815	0	0	0
0.6397015927682617	-2.027505199932598	0	0	0
1.7974991472571133	-4.879985034482921	0	0	0
-1.9467214918174776	3.0041342775986095	0	0	0
-0.4092328889949002	-0.5352267211201891	0	0	0
1.7263005126209663	5.6250955198742005	0	0	0
-1.0526075732378857	1.6715906240461322	0	0	0
0.9614964380733255	-2.797320915076746	0	0	0
-1.4473457373364411	10.300424896064044	0	0	0
0.7551036529994377	1.0638457496294222	0	0	0
-0.2361960902995861	-4.453290087102971	0	0	0
1.5844777308773317	3.572464197426882	0	0	0
-2.2485600032741573	4.410215123779352	0	0	0
0.9241506693198502	-3.9824839936399172	0	0	0
-1.1686233440444838	-0.3876295495068831	0	0	0
0.8205183412511516	-3.2199808532069767	0	0	0
0.8827918278664058	-0.8068967894019607	0	0	0
-1.8422142810408744	0.2978750266792076	0	0	0
1.222835620912882	-6.730956612659995	0	0	0
-0.44714354077315477	9.713947617856334	0	0	0
-0.7930977041009157	-9.797463155568664	0	0	0
1.589319420706211	1.256833437324211	0	0	0
-1.377167829611821	-1.4946240488353837	0	0	0
0.7584652017472138	0.7400592718026573	0	0	0
-0.8167552348938614	1.9135765749273261	0	0	0
0.5634637366556348	-0.33271413495747026	0	0	0
0.7572758256998782	4.878177402815851	0	0	0
-1.3710764477882336	2.750739220762682	0	0	0
0.3705803836469812	6.579587838456952	0	0	0
-0.5736885236323914	-3.4256496942729626	0	0	0
1.7533638182007323	0.5397008343164487	0	0	0
-0.3445784072691893	11.059521327236958	0	0	0
-2.1608191151040614	-4.43685494646828	0	0	0
3.1431313914605212	4.512952064012083	0	0	0
-3.208327862536578	-3.7998615328932885	0	0	0
3.250985078146293	0.6788075595534622	0	0	0
-2.482667806239398	-3.3737304975164335	0	0	0
1.4976735730304753	-0.640090225700483	0	0	0
-1.621923800832981	-7.405465608567695	0	0	0
2.181751228355182	-0.9096441872346617	0	0	0
-1.4012369052402036	-4.246068376915645	0	0	0
-0.48350207973163606	-2.9951371859432925	0	0	0
0.5475337094616819	2.6525563249035855	0	0	0
0.07038235015761529	-2.2023911665121148	0	0	0
0.24248694136574755	-3.269584578775934	0	0	0
-0.9244743197420036	-6.4751260826368195	0	0	0
1.3175087762332538	3.999295392642111	0	0	0
-1.8049409662981404	2.5956613941589666	0	0	0
1.8097509358953232	7.2457913077696645	0	0	0
-1.3197268243756994	-3.6320905641977106	0	0	0
0.5807826986493225	4.365715511251764	0	0	0
0.35752471070617986	-6.146320507752293	0	0	0
-1.681363237731837	0.8791391950914544	0	0	0
2.1748563661439206	14.231728418964792	0	0	0
-1.6633043634656346	-19.990759469327614	0	0	0
0.8619869427757365	8.149957567278065	0	0	0
-0.11701828028301975	2.9513840329844783	0	0	0
-0.335480423684281	0	0	0	0
0.5486918372806571	0	0	0	0
-0.22857744834448113	0	0	0	0
1.1658660901439433	0	0	0	0
-1.8656691552378462	0	0	0	0
1.4103408645682975	0	0	0	0
-0.8479562843772399	0	0	0	0
0.4919252570957724	0	0	0	0
-0.21138214070997918	0	0	0	0
-1.101267305838931	0	0	0	0
2.8139023210995333	0	0	0	0
-1.68082849037134	0	0	0	0
-0.1936209503166495	0	0	0	0
0.5700653290697559	0	0	0	0
-0.6177343722466659	0	0	0	0
0.8756347379013718	0	0	0	0
-0.4923134164718803	0	0	0	0
-0.05397193047880222	0	0	0	0
0.1548400430221264	0	0	0	0
-0.041130813600652516	0	0	0	0
-0.49528833891597657	0	0	0	0
0.46718390865082426	0	0	0	0
0.4051152911543525	0	0	0	0
-0.9000130969654023	0	0	0	0
0.9658809836415543	0	0	0	0
-0.8274225332244498	0	0	0	0
0.8942041256049151	0	0	0	0
-0.7459415988637161	0	0	0	0
0.41685433373438485	0	0	0	0
0.15727732318478616	0	0	0	0
-0.7249350917293782	0	0	0	0
-0.33600294637751915	0	0	0	0
1.7631193150607132	0	0	0	0
-1.5082398401684713	0	0	0	0
1.8384972445397167	0	0	0	0
-2.2770469462310245	0	0	0	0
0.9946917163812969	0	0	0	0
-0.5682003606979151	0	0	0	0
0.9765945768321345	0	0	0	0
-0.5521664120831886	0	0	0	0
-0.43420015120187827	0	0	0	0
1.5324897097685195	0	0	0	0
-1.6347403889795018	0	0	0	0
1.1287443149316303	0	0	0	0
-0.4314557472319933	0	0	0	0
-0.09424468740829184	0	0	0	0
-0.24943598262700561	0	0	0	0
0.7122420804523344	0	0	0	0
-0.25320266236487754	0	0	0	0
0.07121446460369185	0	0	0	0
0.13009594983227402	0	0	0	0
-0.26910574285926003	0	0	0	0
0.037844516336875245	0	0	0	0
-0.27909554429599837	0	0	0	0
0.7849623065169595	0	0	0	0
-0.27797533706647926	0	0	0	0
-1.1655168136902958	0	0	0	0
1.2846071418037255	0	0	0	0
-0.29824574839352636	0	0	0	0
0.26053234466279207	0	0	0	0
-0.8186522719012714	0	0	0	0
1.1085712567032644	0	0	0	0
0.270009430312399	0	0	0	0
-2.100759634319317	0	0	0	0
1.8474730656480176	0	0	0	0
-1.3048310137297108	0	0	0	0
1.903357964094873	0	0	0	0
-2.8758899660919894	0	0	0	0
2.4730360469172723	0	0	0	0
-1.697728433925974	0	0	0	0
1.2044100404465397	0	0	0	0
-0.8631393518597861	0	0	0	0
-0.11755860237929738	0	0	0	0
1.144411402750542	0	0	0	0
-1.7689386411033041	0	0	0	0
1.0285070050481906	0	0	0	0
-0.013180453625231792	0	0	0	0
-0.21940046209099506	0	0	0	0
1.1369515405494184	0	0	0	0
-0.9200107744519954	0	0	0	0
-1.1828931492197512	0	0	0	0
2.888871921259863	0	0	0	0
-2.609954435917608	0	0	0	0
2.0849299964226944	0	0	0	0
-2.6435460405390785	0	0	0	0
2.8045379655097236	0	0	0	0
-1.3468160216973715	0	0	0	0
0.2344194587976105	0	0	0	0
-0.44574440905954305	0	0	0	0
0.7996838061300693	0	0	0	0
-0.6656581159833763	0	0	0	0
1.2644193019804746	0	0	0	0
-1.5818216918402825	0	0	0	0
0.4969341495963562	0	0	0	0
0.8190333582688041	0	0	0	0
-0.9020899314936557	0	0	0	0
0.8586268029567847	0	0	0	0
-1.2760411201993946	0	0	0	0
1.3799376310324973	0	0	0	0
-1.415340165393566	0	0	0	0
2.061262636882965	0	0	0	0
-2.057283903577506	0	0	0	0
0.8188597906639146	0	0	0	0
-0.05143274414471932	0	0	0	0
0.09873094046568553	0	0	0	0
-0.278420696492617	0	0	0	0
0.8054358803218875	0	0	0	0
-1.9957414792568713	0	0	0	0
2.9034335079866196	0	0	0	0
-2.466488300949429	0	0	0	0
0.7698015567920038	0	0	0	0
0.09803858831121204	0	0	0	0
-0.07584931471077994	0	0	0	0
0.8109527475938165	0	0	0	0
-1.5712958609080943	0	0	0	0
1.505413971195999	0	0	0	0
-0.9598070175363347	0	0	0	0
0.9597594211401628	0	0	0	0
-1.4539750075485713	0	0	0	0
1.6834812127336463	0	0	0	0
-0.8824617867443081	0	0	0	0
-0.9521194412224929	0	0	0	0
0.9207818878427787	0	0	0	0
-0.3219989001232193	0	0	0	0
-1.152442834740178	0	0	0	0
2.2624581403553847	0	0	0	0
