-0.8438759149812967	28.041025060340644	-41.65215018850323	-0.4435504172764837	16208.617406796064
-5.0407524597685125	85.03013791650812	-133.63932684085677	6.085249225396993	16207.473489983207
12.54331859310551	-28.794682758714742	38.582246543142446	103.19665231227197	16236.189854208871
-4.574540083230332	22.567289680643988	-51.62184451689916	-315.0519580293429	16181.608487122447
-4.274035852578166	5.785472342309298	8.908425785559288	156.81469929294906	16363.88992398949
4.010354408512548	-22.613843561114017	23.9500723592612	-48.61821839960744	15686.87803479548
0.3549958843455059	21.71434019137633	-34.59087576465703	37.6477876723999	14194.37450964011
0.4698963356091639	-3.349720944408759	10.044781333416097	12.000583233526001	13856.473487425057
-5.596440237679907	35.73201290203704	-8.660415034994102	-4.823949935886361	13726.619556724187
9.170168843248696	-5.068859451274143	13.288725864336868	6.3342991833155935	13681.556022725106
-8.518724880816293	6.409102956242023	-1.6739354122610735	-14.498995430338866	13669.797589988922
5.436917473019122	-14.210788273152588	-35.39997665766158	53.17487724265803	14019.20354140665
-4.579531596102306	11.667124966221401	-25.527008012055987	-10.497186609189129	14801.176023073916
6.720041955088689	-2.7858243937973555	32.86483700125835	5.998795359253307	15578.304512318758
-5.301150197551735	2.0005504805879895	-32.822326808017706	0.8453725699590393	16222.265449230665
1.252668129794401	10.637609545997165	9.728605652017734	-7.333556699927129	16615.193770129565
-1.523387817974843	-5.6725301274519	10.983765048311483	25.66285508599377	16966.168366814036
3.3408145236275786	0.12428408887504361	-18.648624515174333	45.870103733816876	17102.778956012105
-4.152559382634081	7.7618287729141215	1.963098848639973	-2.1600776040284018	17370.687964753874
6.168861261830095	-16.1399361050167	12.678462711960861	2.081443003413767	17569.08683866791
-9.090772458240359	5.797991590408863	-40.000741248218034	40.70821104104286	17735.55346748996
10.46563418565077	-12.607957602797597	8.40836296120115	-25.808615509081562	17716.392980233482
-8.598788378101041	-5.15041394897267	-8.46831321174183	-17.86642282422659	17775.58044677641
5.224198808806342	-9.221424099260794	-6.178831047609236	-15.261426119079573	17852.831596784818
-3.1445172731381135	10.365194467782167	3.2128659321201383	5.468693330368183	17892.006702359024
2.8447403997690373	6.345938814467338	33.713959841006414	-15.654407946861	18007.149116072782
-3.165063370425557	-17.485315387615003	-33.678398450009354	36.56364697971122	18174.94964135852
2.623829836225106	-2.1285968560246786	-2.6905189240357856	114.19597186713543	18302.503600619806
-0.6289487429130958	19.04575059242456	-8.410772969541782	-39.42356169438452	18498.974737119184
-1.1644683647627687	-28.54013221359697	9.92654518078622	-19.556254141584674	18683.123109441567
1.152421441750235	4.737236459677156	-21.909884421993226	-2.486301003111066	19076.059935405894
0.20909757588858469	-1.224331495425531	-40.13405553470848	2.444745423421864	18836.81558103827
-2.035475511246311	21.62788045413253	-35.01435942183328	1.4589595310577579	18567.22765400521
2.3291407326605054	8.389275396099407	-3.961429020603788	8.720007892036449	18381.023496952836
-0.02732517536164636	8.308518066248084	1.2177336242350805	-28.94495982119824	18181.768405937415
-3.3587785996670476	16.620073767223353	-16.26590667807524	12.131664866678534	18203.22039854618
4.214205754061602	61.603204264292536	-10.844577613908484	20.37418865608521	18102.516069843714
-5.371388594520333	-15.723130133879536	4.876310392617356	-17.45914780686158	17964.860866882158
9.218368612720226	0.4594408076031158	-8.157931272487303	0	0
-8.516223114903688	-11.615545258727565	5.680934922729364	0	0
3.7487691043279057	-7.332192728377173	-0.9533095416903308	0	0
-3.1117923190470975	-13.098226545841193	-0.25550671841367034	0	0
3.3610482269860213	3.731749575343507	-13.036260587375295	0	0
-0.5798304502003973	8.956786080398167	19.10961278244912	0	0
-3.338286905660034	-18.666548916516987	-36.60477857609493	0	0
7.266489804962639	17.918021283523814	6.547515357335229	0	0
-9.902097349067787	6.717544161970714	-15.818613028578739	0	0
10.873011743089712	-0.19763758298839207	38.67274325067004	0	0
-9.633963239438998	53.74450381605993	-72.35462279194887	0	0
8.324926946931107	-9.328637810046736	-23.434060184429157	0	0
-8.648431813768795	11.545461297355253	-14.004477181005853	0	0
9.827552760785046	-7.501432531178409	-72.4724607969105	0	0
-8.921571864678079	-5.674408063179094	6.932351523572692	0	0
4.781332226663274	-10.634631901869781	15.55811689500166	0	0
2.2657857037047933	1.984724349022244	-23.819199976679386	0	0
-8.035615261521194	-15.38508207198197	20.054401500691455	0	0
6.5330262336255345	-8.312656904978752	-22.793903987759464	0	0
0.26440952049906485	7.816841716939749	13.923011436569425	0	0
-3.973966985080068	-1.7846330314524153	25.775794007300988	0	0
4.580138717894904	14.710992976266041	-46.58825031656747	0	0
-6.956933635450106	-16.842626367870267	-7.425922070078244	0	0
8.589656449044512	22.220986510554837	-19.576888551086853	0	0
-7.014633426360476	-10.051363709817025	0.021678911151823854	0	0
5.819552881146578	14.66496378612348	-0.7570812039289478	0	0
-6.41162718684388	-4.24764636162557	-4.427093766282212	0	0
6.900766304340756	0.8540822081018717	18.34319649981275	0	0
-7.212811499337121	-11.469246374495256	-2.3919686270025835	0	0
7.0674275959557775	-14.788523668995467	-0.4269073766037508	0	0
-4.762245541551273	11.678417422234148	-17.091761085961963	0	0
-0.02650113403639409	-7.143704969155465	7.349575046604485	0	0
7.267286430442574	2.3192757973611577	0	0	0
-12.002517345807789	13.265161959401922	0	0	0
9.124040589343764	-21.916363859619736	0	0	0
-3.9559494302039226	14.236070344244766	0	0	0
-0.18212539539869255	6.567388178192289	0	0	0
5.021084012879939	-1.9168355135276869	0	0	0
-10.353244427699302	-10.981353480441228	0	0	0
14.365710213148368	-27.897876033146716	0	0	0
-14.498645119867469	6.29793914476349	0	0	0
11.748398424513915	-5.329213972323899	0	0	0
-9.837367742881476	-19.33417699053072	0	0	0
9.01450838543915	13.434658509531289	0	0	0
-7.414874162653078	6.060965392549363	0	0	0
4.703829987174004	19.9431734389092	0	0	0
-1.5180009334356015	21.165032796008205	0	0	0
-0.8269302297919978	-11.704015757574112	0	0	0
0.4080398635179421	17.886718241526623	0	0	0
3.0600737897908488	-13.252099515649363	0	0	0
-4.595138418170436	13.14727169867568	0	0	0
2.5646945691233043	1.3584085075828796	0	0	0
-1.4029176816398063	0.7881763342021912	0	0	0
3.766408898815122	-15.440708805563546	0	0	0
-8.218005715994337	9.090865900996263	0	0	0
11.101007704199354	-7.67773276442189	0	0	0
-7.492799050258185	-24.9339221574739	0	0	0
-1.0064667043790223	-20.033613718736788	0	0	0
5.384478197892129	23.329011908367363	0	0	0
-6.123306766253506	-20.193997533652947	0	0	0
7.552328362462681	25.48107292569007	0	0	0
-8.954145707423315	-38.37914480875189	0	0	0
9.777809447252935	-42.93926376191169	0	0	0
-11.035804259114578	5.183930038994276	0	0	0
11.180191538022804	1.6523727316875494	0	0	0
-9.753927539405304	13.42056471658438	0	0	0
5.978665530741722	16.213093199368245	0	0	0
-2.1938759938093284	-18.752780100284554	0	0	0
1.4259643197260843	0.515896120794082	0	0	0
-2.301706231367575	9.45822239338679	0	0	0
1.987953361161317	-16.331759412305317	0	0	0
-0.7711589204192393	9.23863886292959	0	0	0
0.2352360835132501	19.882004256716726	0	0	0
-0.5061920399610855	30.271720219232122	0	0	0
1.3334768223951485	-35.57794020262034	0	0	0
-2.9335554184962405	-42.17712855295902	0	0	0
3.5011814398989713	-4.757104976406907	0	0	0
-1.994064252774912	10.753449760204077	0	0	0
1.9494366717590452	8.808168183854079	0	0	0
-5.378116881962477	-17.62639890216809	0	0	0
7.488942120983353	-2.573050635803895	0	0	0
-2.295997166990105	-13.665204274463107	0	0	0
0.448841551255704	-15.139867365305733	0	0	0
-6.62473987214981	3.5967483612994613	0	0	0
9.667430764481388	-5.960324299813664	0	0	0
-5.343322255819473	-22.876088220889613	0	0	0
2.2992983018522395	-0.4769196951795891	0	0	0
-2.9818318049993238	10.725093840196195	0	0	0
3.3182219960316672	-7.396064559991075	0	0	0
-2.353269169534194	3.8934559838229603	0	0	0
2.621117170971594	-22.281261731966552	0	0	0
-3.5552550923805626	-27.308528003343156	0	0	0
2.6771887314504355	44.199536816727544	0	0	0
-0.580068156199026	6.6893011586708155	0	0	0
-2.628560681403144	-4.629559134096112	0	0	0
4.81606339076685	0	0	0	0
-2.528773251636075	0	0	0	0
-0.1282657517451966	0	0	0	0
-0.42830295910911076	0	0	0	0
0.007919264449469665	0	0	0	0
2.3298668459376515	0	0	0	0
-5.349686121821371	0	0	0	0
9.215415210990606	0	0	0	0
-10.604537273492824	0	0	0	0
6.240502255606579	0	0	0	0
2.6382432357605694	0	0	0	0
-8.920160177797385	0	0	0	0
8.44594960494311	0	0	0	0
-5.344540499314604	0	0	0	0
2.4294143840154874	0	0	0	0
0.9564364821106821	0	0	0	0
-2.9606099536442656	0	0	0	0
2.367973331297094	0	0	0	0
0.5871246056209785	0	0	0	0
-4.216726645882012	0	0	0	0
7.053152268329789	0	0	0	0
-6.169230276806644	0	0	0	0
2.5254875325356636	0	0	0	0
-0.02643143331899722	0	0	0	0
0.8035350810627406	0	0	0	0
-3.402866846804841	0	0	0	0
3.4774234456936597	0	0	0	0
-0.7812675222951242	0	0	0	0
-3.2987878167395976	0	0	0	0
6.416892417495106	0	0	0	0
-7.707315378832192	0	0	0	0
8.150641932188385	0	0	0	0
-9.842368618809978	0	0	0	0
11.967825812115485	0	0	0	0
-11.840941261890357	0	0	0	0
6.825387637578082	0	0	0	0
-3.543936598011875	0	0	0	0
5.406561832776077	0	0	0	0
-6.155808652677003	0	0	0	0
3.666467094591475	0	0	0	0
-1.8239517841583748	0	0	0	0
1.4573344189119837	0	0	0	0
-0.6522622778689069	0	0	0	0
-0.2477081680629567	0	0	0	0
-0.3592263900738004	0	0	0	0
0.19244690370896222	0	0	0	0
1.7844808984244196	0	0	0	0
-4.843831351966735	0	0	0	0
9.964853220149543	0	0	0	0
-12.596010444864731	0	0	0	0
9.567219197494033	0	0	0	0
-6.594579120082848	0	0	0	0
3.935068926617305	0	0	0	0
-1.5618311205906537	0	0	0	0
5.67238220899533	0	0	0	0
-12.74509407807868	0	0	0	0
10.403390255859797	0	0	0	0
-0.3725693287129772	0	0	0	0
-4.7121427969292995	0	0	0	0
1.3750115255328552	0	0	0	0
1.1424412509997808	0	0	0	0
1.5759685468816187	0	0	0	0
-1.9056378283588487	0	0	0	0
-4.13181526540798	0	0	0	0
9.755839822193295	0	0	0	0
-14.025532859029298	0	0	0	0
21.51138459512891	0	0	0	0
-22.48213449427775	0	0	0	0
12.279231014122054	0	0	0	0
-3.0309943354588498	0	0	0	0
-1.3658379712241313	0	0	0	0
5.105918124693829	0	0	0	0
-7.887633706895407	0	0	0	0
10.338404460855315	0	0	0	0
-12.01309910097629	0	0	0	0
9.158473530994911	0	0	0	0
-3.0067711739717353	0	0	0	0
-2.6870089968068456	0	0	0	0
4.727707127038364	0	0	0	0
-2.3968208265020294	0	0	0	0
0.3830783848922863	0	0	0	0
-1.0761670635257232	0	0	0	0
2.7638567460437926	0	0	0	0
-5.147456762847106	0	0	0	0
5.886317571875438	0	0	0	0
-2.944197346225586	0	0	0	0
-1.0574923279086406	0	0	0	0
7.108515108528216	0	0	0	0
-12.267879884833363	0	0	0	0
10.273242994674355	0	0	0	0
-2.1081589495421795	0	0	0	0
-7.648315698573633	0	0	0	0
16.143757066024477	0	0	0	0
-18.812648296794677	0	0	0	0
14.978949982956067	0	0	0	0
-8.368601240575309	0	0	0	0
-0.22885299681096427	0	0	0	0
6.466191004541869	0	0	0	0
-5.239296289515231	0	0	0	0
0.09812484976512081	0	0	0	0
2.8025476405637164	0	0	0	0
-3.7894336321495814	0	0	0	0
3.9242008600783223	0	0	0	0
-3.6814326081187403	0	0	0	0
2.5523245112394832	0	0	0	0
-2.006873314827615	0	0	0	0
2.6783373520981897	0	0	0	0
-3.634038397294205	0	0	0	0
2.652071650128349	0	0	0	0
-0.3376767371545313	0	0	0	0
-0.5990251064523449	0	0	0	0
-1.734552192659585	0	0	0	0
4.848235341727644	0	0	0	0
-6.572955785756889	0	0	0	0
6.638155475182309	0	0	0	0
-5.549567380335972	0	0	0	0
2.5587331118026526	0	0	0	0
-0.045774145335009564	0	0	0	0
-1.5127504034348647	0	0	0	0
5.158088366122094	0	0	0	0
-8.814297543384036	0	0	0	0
9.91784077141675	0	0	0	0
-3.483611276266295	0	0	0	0
0.1517589345275283	0	0	0	0
2.8453045938092103	0	0	0	0
-10.193983260132939	0	0	0	0
