-0.1623180591687472	1.1175801707455406	-4.80994953737833	0.28882422159611565	16716.970136971064
0.17319167033432592	2.807725765585282	-15.375778720975276	1.6107557376890185	16716.68853712071
0.7723740017757734	-4.533820991086664	4.020789012649047	6.60211929726961	16719.23057318282
0.205034596741406	6.134510656562547	1.9447822432504722	-9.844401941824643	16715.991107108814
-0.6580594514883984	5.293619619341996	-4.170206072010117	9.499289232163164	16723.337728479026
0.09238432239632743	-4.184336315219312	3.1124639697448657	9.4031556734206	16695.763937073974
0.9007423401624735	-0.833078995163838	-7.49228184150023	5.204323637865144	16714.004049497235
-1.1277901653916516	10.36476459048729	-8.928281220132078	-2.9050329632247696	16753.841301598342
1.0355374292689419	9.2652337114489	5.962488626996091	-11.072834606504784	16808.53904512961
-0.0795139795448776	-3.123619811290496	8.296299964290696	-23.541236870556347	16804.245252224566
-1.6747869953904555	-0.6382927719250944	-18.32094505176856	30.727740667823866	16825.508958286686
2.863775638425956	-5.268471618237143	-1.5724930484449544	-85.98036125928381	16825.71996305082
-2.297606561561331	2.464814145922844	1.1691729606172316	45.52297909734405	16995.180610064082
0.5516976331968806	-10.852751447057358	-2.391511241834948	-14.138157748851597	17188.909438269668
1.4073649441356437	-5.5981576214241855	-10.84606155528482	22.88488703125921	17153.825797713613
-3.5057859365737016	-1.762948216940039	0.3322806453288507	6.564556759345493	17217.028388548075
4.539700621517369	-3.6995036580280285	0.3648537532640006	-8.991297650442704	17116.515844139896
-4.22492962450017	-4.467497833943277	4.9349176656263865	27.337688431067903	17038.432232308063
4.281287230493255	9.681227698904237	-7.594507325038151	-24.648245089370093	16985.449033480265
-4.347676591153153	-1.3082366469668827	-17.72498457771067	25.647382701711052	16941.08364667459
2.8697438820261425	1.650167123476031	-5.7502841090555705	-10.61528422119899	16927.142300417112
-2.516512150336048	9.142310305485807	23.02822681981047	17.945085034430562	16873.241224353354
4.040322383953743	-5.251430690574701	-5.736614322020259	0.985602575015335	16879.184259427115
-4.784053188232413	5.079679388710048	-5.964399278121363	-6.729484217146776	16861.61961014362
3.09806691298202	-2.6530845763340736	-0.057106509665715066	7.16988207203066	16879.416047659055
-1.703457929589895	-0.028319632848692322	7.089508679574294	-29.840176623880595	16861.509537851955
0.817438386259461	3.2762963891850134	6.936410937021947	26.36363299513799	16803.716159721407
-0.08558094501783131	-1.2270450211339892	6.114715194812874	-22.863300610309665	16837.769336550362
0.21802497062908088	-11.62471365834211	-15.404621304765655	8.731265896536115	16822.422053240414
-0.13213864766802885	6.673656291389591	-1.1736340271436632	-2.2664844471243555	16680.160524197254
-0.5234582375847054	-4.021244239356264	-72.22482570501087	0.6144685746456844	16653.26159649034
1.6273581490138085	7.5904336776373285	38.16279567840657	4.857159893787042	16651.345199533378
-3.265479039455869	0.5963729549839627	-16.688335262738065	0.3814315918184832	16640.307870502827
3.541362137050598	6.813440343605421	4.564667987050981	-20.665247707529275	16588.23505258767
-2.5617882940939367	3.220459972269765	-1.5001590108231682	-66.034136352649	16541.518447252485
2.1690083911562965	10.509143108702006	-15.207970635844546	21.207787092579608	16452.849401311167
-1.8221167803769873	-4.700043432947069	19.993357834171803	72.99338979890939	16410.22432388251
1.399034940228617	1.8268331999569796	2.058533068564955	-11.166275802274384	16146.337735808122
-1.7212576692365928	-2.2038991419533716	8.330162039044907	0	0
1.3219708120446256	1.5706429605025392	10.037182191850292	0	0
-0.2700325455573136	-3.34086431652365	-2.837783054207037	0	0
-0.18788804182459273	-6.58255466014181	5.979552871799797	0	0
-0.8564460383123205	-10.873835589852789	3.7678859922918093	0	0
1.9946971303861076	1.407001060479658	5.343249821655235	0	0
-1.9240342194440174	16.60591778128199	7.53157043093907	0	0
1.1248178333758787	-7.1624817296777366	-3.9020968142991705	0	0
0.3037941425159474	-10.747900801041865	8.958468827538411	0	0
-0.7108143120738433	14.215216928853224	-1.972365034958571	0	0
0.2674574503133229	-7.915039619954371	-20.26219824294931	0	0
-0.6801811014335115	5.752880919720667	6.889834571301279	0	0
2.2397935627104104	4.6498516386164255	2.630416577824789	0	0
-2.4434176130452556	-5.47616706958776	-46.366715463475245	0	0
2.1799272760059054	7.311222289727311	21.33732815979998	0	0
-2.6139776384478424	7.768720315809482	0.6751999172286531	0	0
1.5304697639161517	1.3255478337619593	-1.3171924633090129	0	0
0.019207899295338393	-3.7062354693815323	-9.73776437479279	0	0
-0.18918165554780586	-1.6470623235743815	16.50413757216171	0	0
-0.4287543232644353	-9.260590487183102	-19.70415266384721	0	0
-0.05846618486357613	-85.0825591107207	-6.6275350690468	0	0
0.8282323490611248	14.592637331519114	12.231786224507687	0	0
0.2890427242628206	-9.048156940523633	13.580883010566382	0	0
-1.7882593624630019	13.496799050001684	21.99058846180388	0	0
1.233226417007728	-1.2767142923363224	17.98278389495539	0	0
-0.22852847067176185	4.364287067417727	-0.1188641501805705	0	0
-0.3290480072088826	-0.28746066981948104	17.721035787597643	0	0
0.6717942289895404	-6.067174145510158	40.451046677140894	0	0
-0.4963249632226123	6.607455161434892	-8.936039865085831	0	0
0.18453148464094227	-6.687934283706539	1.2695373719428744	0	0
0.9943423852749547	-17.98402267130453	-47.151573725196045	0	0
-3.4981660833984733	6.229888197959362	-7.1102134498966905	0	0
4.127689429868937	-6.8142859437423695	0	0	0
-2.78604144641713	7.150452572503568	0	0	0
1.7008804158074895	7.39576137237048	0	0	0
-1.9971006745121613	-4.500927938715911	0	0	0
2.9024598710900094	1.3095288618220735	0	0	0
-2.3680353196478805	-6.866418897282621	0	0	0
0.9914086380871368	14.504720636810063	0	0	0
0.7834009767014791	-10.213552305514348	0	0	0
-1.7266394110754888	-4.638801684758839	0	0	0
1.9243270273989168	4.445682357202401	0	0	0
-1.2098468210405642	5.722238635616812	0	0	0
0.8533083544842839	-1.206519736001205	0	0	0
-1.2781824071855539	-0.6371353415451821	0	0	0
2.862814388596682	-13.060040805004071	0	0	0
-4.361111178112942	6.980159587830769	0	0	0
4.164418541030024	-7.461219553493294	0	0	0
-2.526653862903565	-1.6456397574220318	0	0	0
0.5049508991177021	6.13469106981713	0	0	0
0.7187195951160064	2.2028662673847066	0	0	0
0.2173111923260791	-7.036734810806024	0	0	0
-3.3447858736766136	0.9094142277694033	0	0	0
5.194647214056957	2.6579089150751827	0	0	0
-3.621138694355075	11.578102251398093	0	0	0
2.2140029560759444	-18.20171366300812	0	0	0
-3.062268283733708	15.712969339595567	0	0	0
4.167499591094689	-1.830092812506443	0	0	0
-4.576106189792071	0.5754969044586673	0	0	0
4.359691975555862	0.1043485803896047	0	0	0
-2.942822834659154	-0.09764132993143448	0	0	0
0.8133218739423071	-20.618939032126278	0	0	0
-0.3692365330022511	9.439302013625955	0	0	0
1.569922180765694	9.636656389970632	0	0	0
-1.1589072067372044	0.6000750626330458	0	0	0
-0.3347031942695864	-0.7785144523264904	0	0	0
1.302396322994909	-7.315064480298311	0	0	0
-3.2535672487926064	-6.548321134063272	0	0	0
4.587349402085167	-1.0475789989687811	0	0	0
-3.177606172392018	-4.886037995148762	0	0	0
1.1904511993496527	2.107068465991553	0	0	0
0.3314384336403009	-1.8332045134552288	0	0	0
-1.9178135430104604	1.0740450365697995	0	0	0
3.964642764244388	-4.395869569166521	0	0	0
-1.5020462180924383	-6.060073347756607	0	0	0
-3.675594186059861	12.915218862733639	0	0	0
2.538438312230369	-4.453928003657879	0	0	0
4.985687202217086	12.006086960483216	0	0	0
-6.570363059095932	7.953525179224364	0	0	0
2.334274444685043	3.1913536617783294	0	0	0
-0.6205211721450752	-6.337463707317305	0	0	0
1.9310487875697646	7.808307901859429	0	0	0
-2.0652783218825803	2.4349253143571232	0	0	0
2.290145888426437	-6.922091199708163	0	0	0
-2.3581480757632534	5.094333317085493	0	0	0
1.7922659117946225	0.4675606998859507	0	0	0
-0.5341710968311446	-0.9906835212713929	0	0	0
-1.177008123482885	0.6888429925152693	0	0	0
2.257923591719596	-1.012387939490381	0	0	0
-1.5618282037773028	10.960294107554724	0	0	0
-0.5755864453399582	19.270404123187063	0	0	0
2.140168504607715	2.716264957626464	0	0	0
-0.9671687153866415	-7.637678044857168	0	0	0
-0.32460446730586767	-20.400532268989593	0	0	0
0.8802374740023424	-8.533804314852823	0	0	0
-1.5935828852770584	0	0	0	0
0.3793175283030834	0	0	0	0
2.4915734869836257	0	0	0	0
-3.0181934307781617	0	0	0	0
2.416642428388208	0	0	0	0
-3.4208993304657582	0	0	0	0
3.309478009629096	0	0	0	0
-1.021417942003339	0	0	0	0
-0.5735556742180492	0	0	0	0
0.8435750031665634	0	0	0	0
-1.3521683057341178	0	0	0	0
0.5980843238819489	0	0	0	0
2.161758792959354	0	0	0	0
-3.564272358132058	0	0	0	0
3.136044725914367	0	0	0	0
-3.311528587725576	0	0	0	0
4.263958191238572	0	0	0	0
-2.196090713131106	0	0	0	0
-2.0029448258441604	0	0	0	0
3.9611279521278107	0	0	0	0
-3.469520468877711	0	0	0	0
2.7082906036352625	0	0	0	0
-1.798322928447412	0	0	0	0
1.2599164925419402	0	0	0	0
-1.0960184557729207	0	0	0	0
1.320899262545403	0	0	0	0
-1.253103862665803	0	0	0	0
1.3538084813578237	0	0	0	0
-1.9675022814217868	0	0	0	0
3.14081472191495	0	0	0	0
-3.8077048567510587	0	0	0	0
2.6928487793171243	0	0	0	0
-0.10296907128930854	0	0	0	0
-1.4931306398862034	0	0	0	0
0.19378936388431356	0	0	0	0
1.6241193692972402	0	0	0	0
-1.1251103991650027	0	0	0	0
-0.5807533022933598	0	0	0	0
0.6291303249113938	0	0	0	0
-0.4494301929772533	0	0	0	0
0.6079489137168537	0	0	0	0
-0.0625293380783134	0	0	0	0
-0.3970973428133675	0	0	0	0
-0.6778085361873494	0	0	0	0
2.6844785666492967	0	0	0	0
-3.5226323385231098	0	0	0	0
3.3256121532916367	0	0	0	0
-3.2640759281454663	0	0	0	0
1.8224902203025835	0	0	0	0
1.090480195847455	0	0	0	0
-1.9365621836599658	0	0	0	0
-1.244420175420494	0	0	0	0
3.504905817108501	0	0	0	0
-1.5171982768349466	0	0	0	0
-0.47253384219099104	0	0	0	0
1.503443928935333	0	0	0	0
-1.72457319766432	0	0	0	0
0.4040653720489473	0	0	0	0
0.4812458118002496	0	0	0	0
-0.6020945248873133	0	0	0	0
0.8475792889075251	0	0	0	0
-0.8305090873533203	0	0	0	0
1.916119064957158	0	0	0	0
-5.314385762377825	0	0	0	0
6.715215858101047	0	0	0	0
-4.658564462814631	0	0	0	0
3.0345820913576276	0	0	0	0
-2.274344932025805	0	0	0	0
1.0509143107368075	0	0	0	0
0.06724350602241458	0	0	0	0
-0.8478596216761005	0	0	0	0
1.1612315429162905	0	0	0	0
-1.044200443378898	0	0	0	0
0.8849709674447368	0	0	0	0
-0.24622133877927155	0	0	0	0
-1.044223840731	0	0	0	0
1.9991917379934847	0	0	0	0
-2.1043945786110356	0	0	0	0
2.32738571428316	0	0	0	0
-2.04330618108677	0	0	0	0
0.35135608595350476	0	0	0	0
1.6126958605847506	0	0	0	0
-2.6173111992293485	0	0	0	0
3.7207241819641226	0	0	0	0
-3.544663232221538	0	0	0	0
2.3973205287016413	0	0	0	0
-2.1378436145597846	0	0	0	0
1.9553070501328804	0	0	0	0
-1.3238864201383436	0	0	0	0
0.4591704787113997	0	0	0	0
0.3857152353270763	0	0	0	0
-0.31564313147801215	0	0	0	0
-0.20446926051322833	0	0	0	0
-0.37613286009489855	0	0	0	0
2.551366592134343	0	0	0	0
-3.7835737711785526	0	0	0	0
3.4429100471659666	0	0	0	0
-2.309558046889535	0	0	0	0
0.4010541600470887	0	0	0	0
1.3184863341779263	0	0	0	0
-1.2016151654631102	0	0	0	0
-0.19216449979204242	0	0	0	0
0.7729330007366926	0	0	0	0
0.4831997631125091	0	0	0	0
-1.0705517967985827	0	0	0	0
0.48113705806510154	0	0	0	0
-1.0234613161115576	0	0	0	0
1.734648208081154	0	0	0	0
0.5819335726878663	0	0	0	0
-2.8722735167013624	0	0	0	0
0.9131760547792851	0	0	0	0
2.563625398867778	0	0	0	0
-2.975336952578708	0	0	0	0
2.281156912728889	0	0	0	0
-3.2197319201027383	0	0	0	0
4.694500505108593	0	0	0	0
-4.5350487182286585	0	0	0	0
3.7502178764516003	0	0	0	0
-4.992401401493602	0	0	0	0
8.842342166669816	0	0	0	0
-12.272322099602391	0	0	0	0
15.711310740577233	0	0	0	0
0.903980970903639	0	0	0	0
1.7784846557678478	0	0	0	0
-7.6310261998719895	0	0	0	0
-8.962915496866188	0	0	0	0
