0.5740378193327373	-20.874260797725235	52.12902738693515	-1.9431696334557387	16578.23779864169
5.381307464695773	-59.86218285628137	166.64728193411662	-14.241837281334782	16578.921879291916
5.500270490836925	44.59061125550295	-46.81545213022062	-102.20550083494382	16546.62115049398
-15.188559835027398	-34.05251572585923	16.681456739985606	57.25310184304546	16590.345703657993
16.176773730188373	-7.546790677325369	-31.89628812329154	-57.23580797940859	16497.64057392443
-9.052457483150704	6.83595493464756	26.707624849559892	31.958413262673844	16838.518229192785
1.5220434138222245	-21.546369050317068	-2.340374046854876	28.560243985266396	17020.897983481802
0.9391651833717987	4.172167008565282	-2.9746718591780734	-124.03859870718995	17046.517070547754
1.8593460694849995	-9.60330202359593	8.39484648370572	179.29397929732897	17022.76899092606
-6.9579021770294744	10.629986684782764	3.0338018665241435	-169.81518994813655	16945.72870011856
8.840113442678842	-5.197669379912149	17.395059191386153	110.10125592194703	17234.903674802095
-5.904054170887854	6.0105414284141006	41.770949409993364	0.9859419880783946	17447.084915288124
4.456674320514651	-4.843034881187272	68.08354972091556	14.376174221251318	17429.72463755317
-3.984425649750726	-34.179707101822494	128.18912717851543	47.35026570374754	17221.283020164272
2.432047641070966	22.197956307447996	-74.81453868268014	37.49440097750889	17078.430230025842
-3.1789257921156633	4.488268356123648	-24.652371036979574	-231.83210676396243	17248.153154400232
7.165516866434423	-17.016197131799977	-232.14535522706387	250.03268705527367	17312.75587218029
-10.571791328297529	-4.787499528278509	64.86907688785475	-11.266023998573075	16594.319545665796
11.174879407343148	-27.40560213541975	-86.2547462527222	-57.4893344528398	17051.701387665278
-10.423070870190358	-9.460817211578224	56.61466600886797	117.92399749025157	17554.62244649025
10.46660657415	11.647703554207489	7.236692432163494	-67.53598381931849	17517.465173219705
-11.049383327118463	-5.360653894693172	-15.801009603481958	-145.0502420571281	17264.28551283425
11.655268637256967	3.0245109042645737	3.8618128123826096	-67.95635966605269	17284.88142090235
-8.938637004986631	-18.87936398187791	8.402404003908828	-35.50008070523825	17074.21667442745
2.6967728944282428	11.271162149903851	-66.16407682307131	30.468284909664447	16983.06962377379
2.107691851234563	-21.48012709454948	42.1511957072853	13.01066473559895	17294.38505081161
-2.0947434210590643	11.688271545112435	-20.64009618986006	-8.999127770531715	17288.66143494537
-2.155534739511843	20.15233791969918	-58.99510585831449	-40.4139856925174	17200.05421246857
5.690820733999551	28.62211961146184	-248.82249901608884	45.86534491565001	17137.60265692074
-4.343884822493401	40.86609989187548	116.20035371685802	-20.197724450777713	17259.5141964675
1.9225492881741388	-83.57181293121985	-67.72005744092483	8.381242262123806	17053.348172510447
-1.170986256225838	2.2871363402342695	-37.079964723757	-15.217900962086148	17103.202575617364
2.1281875834503907	-28.76638220064042	31.51469959141319	13.74261773826737	17043.939673109646
-2.7355136290693736	-5.030423138166988	-0.5458677662939522	67.16707810479276	16955.984729275213
1.4589401406398395	4.311493717774312	-28.91637961581337	100.68421317144211	16940.19042282287
-0.4531312588703429	12.171483427519561	-22.60800828888685	-30.01758929885176	16998.302900690163
0.5527752441862219	-9.013604020625394	11.58608901808438	-122.94660866846834	16914.607939597066
1.072479946207821	3.2857939987503073	-12.341451439726626	-22.54048833054412	17209.847732864204
-2.259265957897142	-23.689255254535496	0.5785973044855126	0	0
-2.550361115374095	0.16986169244052007	6.442763737024009	0	0
7.793616565379892	5.709928725921046	-236.15386308070927	0	0
-2.3324381935596747	7.024011005686468	-5.258527693851548	0	0
-6.356903093651958	-12.891167747754139	-104.65521896481172	0	0
5.085073199282235	-8.452552826613442	-33.10151011082543	0	0
-1.5548466554628888	15.473479515962438	-21.522159917658072	0	0
7.041512062721544	-1.6271721148719678	4.050023519325833	0	0
-9.885772046121637	-17.628813638245603	9.983101029106507	0	0
1.2796744408773435	38.36612409564073	14.785955615961768	0	0
4.004919123982084	8.310608418205106	19.20570371785618	0	0
-1.7387038283157423	9.14040891806333	9.61133805211307	0	0
-1.5919972389657175	-7.464372516525174	-26.795419147392934	0	0
4.119357633592422	10.043426415132103	-14.189404833023872	0	0
-6.634939983038457	-2.9259925822274084	-171.15404595537228	0	0
5.247257308338604	95.55500577836759	92.61811802034255	0	0
1.7461291648467423	73.0464767557346	-3.140187210266504	0	0
-10.705037910539012	-82.26778755041938	-12.018592190135962	0	0
25.04743009372264	-19.822664832257693	-7.286378600690341	0	0
-51.18409916328602	3.227379991382449	12.606644621096109	0	0
63.86540586544163	12.361104603754384	-11.629955619966623	0	0
-42.45968725335462	13.91683781333893	-8.276572757464237	0	0
19.78283745573718	-70.11775156152848	-2.0538546254877303	0	0
-16.36522921057049	44.12672531628297	12.738449627509212	0	0
14.90151737518321	3.570680217108176	4.9797932168575585	0	0
-6.2473625790426865	4.049079876466735	-2.157431901294885	0	0
-3.816553380918762	-19.443031965544165	52.691209268088954	0	0
7.158360042032612	-13.586157285193394	160.98047060020903	0	0
-5.509843598125613	42.97555040096948	-58.348960659014864	0	0
3.9562722179860472	-11.691727191402578	22.371897696905847	0	0
1.3400354276721131	7.069362016176996	-185.82639312620154	0	0
-6.430680195311375	53.037775799118094	16.123889379723337	0	0
6.497284977186105	13.050770821594725	0	0	0
-5.790044406540645	10.580650004391586	0	0	0
5.377430458715331	4.048384598769175	0	0	0
-1.9867052673639591	-0.8323316228725872	0	0	0
-3.1535432384539703	3.26088919824916	0	0	0
6.009435398453412	-25.012638627399227	0	0	0
-5.652998403905798	13.395920762316933	0	0	0
3.896097820822874	18.258948231990473	0	0	0
-2.6530565657116227	186.16212529320984	0	0	0
2.8776531963564196	-51.46915068026141	0	0	0
-3.330773912635486	-2.162212403873525	0	0	0
2.996334266719586	-20.795766281461134	0	0	0
-3.510694240234969	-36.76346416108581	0	0	0
5.224122575325502	-28.036958840903537	0	0	0
-8.437713581069616	-12.435336329855453	0	0	0
12.123491971237442	3.816714541073324	0	0	0
-12.306836746037064	-0.9463007277054913	0	0	0
9.71623149439337	10.229010668951105	0	0	0
-6.514225473629352	3.3952931346634614	0	0	0
0.23885884088517884	-22.472467236737884	0	0	0
2.690868300222668	1.0006163423584553	0	0	0
-0.17581386691226442	-1.2122738008875444	0	0	0
0.8620035489048945	-15.925833975391328	0	0	0
-4.09589745365961	-5.612962501906637	0	0	0
4.465648735915416	4.14059094335154	0	0	0
-2.4906227157704777	12.42006059177919	0	0	0
0.3905025796043944	-17.799035504392563	0	0	0
1.3691655368638465	-12.795206509609443	0	0	0
-3.894415696736253	10.521631255656288	0	0	0
5.003350075160284	10.017109716390337	0	0	0
-2.949598208929878	-11.558999337054345	0	0	0
-2.4058430588858286	18.88060912278212	0	0	0
6.378894421686731	-166.6129783522266	0	0	0
-1.7950562202178233	51.04756984109518	0	0	0
-0.17204818584230708	-55.190670928249375	0	0	0
-22.427010070730866	15.869128397892219	0	0	0
50.977883500677436	18.542220726320252	0	0	0
-46.041922729622705	18.210709448158397	0	0	0
20.89930016744566	-14.120377166854254	0	0	0
-4.18860687634826	-11.182850535197943	0	0	0
-3.8199080669867627	5.754909011574355	0	0	0
5.506878008343904	3.05291387441131	0	0	0
-4.221116522000727	-1.8801821592745682	0	0	0
4.249040689687099	-3.8148950052284007	0	0	0
-3.3437370737759835	-9.658086332823132	0	0	0
0.6313444342775156	-14.848776737595799	0	0	0
3.8519249508306146	9.796557349043503	0	0	0
-6.127880732609668	-3.4867104853355357	0	0	0
-2.300752021510519	6.918709275458042	0	0	0
16.81781847150353	7.802604390899958	0	0	0
-19.42963801682489	-15.245597944152706	0	0	0
10.203427464509701	15.258813639594727	0	0	0
-2.514790513641003	3.2052173800332824	0	0	0
-0.5523687453092307	-22.25214517327938	0	0	0
1.9037640630932344	-21.78905751292025	0	0	0
-1.264287341913949	17.093807281761976	0	0	0
-1.3980864302662042	4.917110216505748	0	0	0
5.174186733363008	146.85634434874768	0	0	0
-10.441920008170008	-50.68468238547189	0	0	0
12.275423434298574	1.2165959784228306	0	0	0
-6.76687988324035	8.255128350089265	0	0	0
1.4920692253393852	6.685988019855117	0	0	0
-1.2912011663791674	-152.19190292737312	0	0	0
3.9588001731912073	0	0	0	0
-8.972003188489758	0	0	0	0
16.23358415099662	0	0	0	0
-19.61964735900179	0	0	0	0
17.084232787524975	0	0	0	0
-13.980940396105872	0	0	0	0
11.723959736562811	0	0	0	0
-9.782246500690718	0	0	0	0
8.476123608064277	0	0	0	0
-6.835578478844319	0	0	0	0
6.560162746094882	0	0	0	0
-6.190539511228174	0	0	0	0
3.3586605044606017	0	0	0	0
1.2153330586156983	0	0	0	0
-4.664508456721812	0	0	0	0
4.320555093674763	0	0	0	0
-2.1408185947607805	0	0	0	0
0.15109939442825748	0	0	0	0
10.471606745447609	0	0	0	0
-32.30218861209547	0	0	0	0
32.910019898142885	0	0	0	0
-4.74002336612989	0	0	0	0
-9.908034268362464	0	0	0	0
2.710319504067556	0	0	0	0
1.4906093975201316	0	0	0	0
-2.26231879547894	0	0	0	0
7.465532872141679	0	0	0	0
-12.465873950466865	0	0	0	0
9.413111754338146	0	0	0	0
-2.9694830365464497	0	0	0	0
7.32567747333966	0	0	0	0
-15.244292889782209	0	0	0	0
11.1500714840438	0	0	0	0
-3.7528230372504012	0	0	0	0
3.2738821737854167	0	0	0	0
-4.310108127767165	0	0	0	0
2.2566279326103142	0	0	0	0
-1.3800281240769081	0	0	0	0
3.5622601619229286	0	0	0	0
-4.869280715545898	0	0	0	0
3.0986708127893365	0	0	0	0
0.10453651932314756	0	0	0	0
-1.0027650848148824	0	0	0	0
-1.329479594437494	0	0	0	0
4.651696433278595	0	0	0	0
-6.4474519085550455	0	0	0	0
4.334656439157975	0	0	0	0
0.3063106233230144	0	0	0	0
-1.7741107250595718	0	0	0	0
0.696428178901435	0	0	0	0
-0.3120398593174514	0	0	0	0
0.04373410927375687	0	0	0	0
2.542943860481131	0	0	0	0
-4.68493724940592	0	0	0	0
3.01844345396853	0	0	0	0
1.0249402416271565	0	0	0	0
-2.2858942980868306	0	0	0	0
0.347790802617304	0	0	0	0
2.969392900818505	0	0	0	0
-7.450498799820508	0	0	0	0
9.391424829942224	0	0	0	0
-7.5355080718792635	0	0	0	0
5.385363752209422	0	0	0	0
-3.202989155033478	0	0	0	0
0.8444240992693679	0	0	0	0
-1.7691726819876337	0	0	0	0
3.1338531637377045	0	0	0	0
5.663366988985992	0	0	0	0
-22.218468287063722	0	0	0	0
20.63062985560198	0	0	0	0
-0.6796726407531182	0	0	0	0
-4.154761309816614	0	0	0	0
-6.576479942656142	0	0	0	0
6.726437125572005	0	0	0	0
2.2485498167110194	0	0	0	0
-9.152751129311198	0	0	0	0
12.45435667533043	0	0	0	0
-12.533845894473593	0	0	0	0
7.303601307247767	0	0	0	0
-0.6674010023119479	0	0	0	0
-3.6266080448395854	0	0	0	0
4.902326123684823	0	0	0	0
-3.4213186097516726	0	0	0	0
0.8193387245015913	0	0	0	0
-0.9312677605215072	0	0	0	0
1.6472760169649945	0	0	0	0
-0.6689569311943231	0	0	0	0
-0.43305250549460794	0	0	0	0
1.2363698155968805	0	0	0	0
0.21304087095634117	0	0	0	0
-4.015675047987031	0	0	0	0
7.0427600457117805	0	0	0	0
-8.862815375152827	0	0	0	0
7.947997817044289	0	0	0	0
-2.7823726715807098	0	0	0	0
-3.5666612165477574	0	0	0	0
7.1018851136596695	0	0	0	0
-7.863367695539111	0	0	0	0
6.509005703433736	0	0	0	0
-5.4201455179669935	0	0	0	0
4.37246364507412	0	0	0	0
-2.67596528876134	0	0	0	0
1.1176467227791846	0	0	0	0
-0.3408060192369433	0	0	0	0
1.6073380810733582	0	0	0	0
-6.11085569036856	0	0	0	0
9.161360102831807	0	0	0	0
-8.567252139987765	0	0	0	0
7.431398874600468	0	0	0	0
-5.305169876306131	0	0	0	0
2.7496764414726442	0	0	0	0
-1.2889231749710675	0	0	0	0
1.2885038084459026	0	0	0	0
-2.410098830116482	0	0	0	0
3.4215671269716594	0	0	0	0
-2.673231979558736	0	0	0	0
9.372150865687672	0	0	0	0
-26.94958356594052	0	0	0	0
29.774987526548657	0	0	0	0
-8.456876212717837	0	0	0	0
-3.562495470344743	0	0	0	0
-1.2921776461278327	0	0	0	0
0.14555980102094424	0	0	0	0
0.09022863714806562	0	0	0	0
1.1762175385227422	0	0	0	0
3.751954870182999	0	0	0	0
