-0.33385003171173366	1.7205537278858216	-8.591894061281351	0.6573200666579879	16969.272605176528
0.3349367480093548	3.954167863089168	-27.480782766527938	3.504413635906161	16969.146588706408
-0.11559615105767307	-10.674160830024732	7.6879801065694835	15.714005306525522	16973.94841452808
1.135891295067701	2.2018054663479703	-6.001920215842858	-7.8017905896927005	16967.59947737876
-1.3009940223820209	4.596050104629462	-14.318217096019467	-20.142375279358518	16979.513142199416
0.22712468533320873	-7.118154171891277	-8.341264804259708	-38.59262706442786	16937.85297526651
1.6334163659970997	-3.849635102819555	-6.82185632864865	1.628815383665895	16900.68982482135
-2.6733663358888435	6.413383972288756	-1.5293067155751174	-7.597123935470904	16886.714039269667
2.1457539769249365	-11.194722354311274	-5.495256199809674	-7.20689532607166	17011.838350632803
-1.4234529812545773	3.8712101487065453	11.928544892290859	26.67715974054761	17114.52942173201
0.9484904257174165	0.241041026918964	-11.388540151920765	-8.433618107073983	16995.51708617823
-0.38040265090728553	3.261960352391384	-1.1500393899134735	8.848427732738244	16847.409070685888
1.1181851865385042	-1.0667933675912877	12.64631811664529	-22.432175037065676	16808.300095439354
-3.6554910552233437	-0.25798786468084955	-11.006690582649412	-16.26625366085868	16959.07789276398
4.110138646732253	-2.949472487829645	6.531554454175449	-30.593804705252623	16974.88759342018
-1.9368121173484525	2.1959069300462417	8.181440708433684	-10.151890914894437	16947.039891085882
0.18049311036710236	-3.1710960180000427	-12.69783777447492	-14.980512655918076	16822.281929848068
-0.5573029635047106	2.070671862858589	-9.186363932419113	15.634634230398675	16952.105632720235
1.2599541576633229	8.966441835338237	-2.87973686118157	6.262057443935632	16959.325810523238
0.21983864210157833	3.7361214637675744	17.463028745101795	-4.116974318475826	16884.966763811382
-1.5307293128079849	1.5228997676193146	-42.38439266109489	18.147992793937192	16811.54466961809
1.6257784927329126	-0.25741473485625477	6.636923715457556	-14.609310023711402	16828.107017550374
-1.1715579229254658	3.4921097564333934	-10.484141358771325	-4.975150131279335	16783.12190607269
0.4676788682211779	-8.105133479098669	-8.675240577107985	3.109713886992168	16879.137394636833
0.4590060918216281	5.144863447367257	-3.54893351672969	-0.8061331732898651	16863.744014868083
-1.1164898957186011	-2.334035481898084	-0.231405112237141	5.220431868048735	16807.34689035606
1.2954056842574673	5.548018521199232	30.413457020874688	4.543782878762684	16793.793564517735
-0.44177911555087235	8.262066173244115	-17.840162235806133	-6.908759855133326	16789.36851781516
-0.0520903687572698	-2.459119093159188	4.391717908179118	-4.548546386645569	16791.464384160226
0.11580284543369856	-1.8138936090711013	6.694810825902593	-6.322445308200486	16926.113609346623
-0.8896034266159774	-1.953262390851748	-7.0644422058280725	-15.952752873018781	16960.0107394579
1.0048712374824618	8.598029971738697	5.866158994819472	29.6888716507802	16893.78083931597
-0.7266807099763426	-8.25817524137549	-5.6424860619526385	23.48687233249761	16910.73332449873
0.5932048653746236	-1.0367263726718576	1.5125207764895094	7.7226184262227235	16871.45714922937
-0.1709850521271079	3.2559031573845516	5.553948619905853	-0.7646434977853005	16874.137546399084
0.49314414520119243	0.0373641729459564	-14.89657119165625	3.7844875385384285	17041.59330599656
-1.556728950557961	4.057402436887422	-11.939911519713505	-7.235868906953499	16998.1052931459
2.040430844537667	-6.2021334727589235	4.771971945977953	-13.611245351589886	16981.370073066544
-1.928601803450782	15.015459823456304	37.48148978055255	0	0
1.7352976255423087	-1.0477178674805074	-16.830249421161014	0	0
-1.559882451036458	3.079040321841525	16.19021019527497	0	0
1.642245511059464	-9.291998122462452	-23.610114981829284	0	0
-1.1307688020566289	-2.3074121007797004	8.192390531366584	0	0
0.13576607418259812	0.8731508099553267	3.9836841846629483	0	0
-0.35884159322526443	-12.051823979966379	-0.9959141637900473	0	0
0.9536043123810458	14.503323390948808	-12.102273890929382	0	0
0.013699200237283549	4.179137678618595	-15.019560867131148	0	0
-1.1562546258671844	-5.093185602351653	-12.19010766799002	0	0
1.358570282770465	6.776843062710938	-2.6642635170565967	0	0
-0.8954971826510416	-17.509851121184376	-7.288773414651914	0	0
0.23480476150064788	3.9122219902113287	15.09453868572497	0	0
-0.9192355351945594	-2.652383915062984	-15.734332082774898	0	0
2.5121803138182557	-2.0645942417811867	1.1006310591163384	0	0
-3.1635353379222266	1.1540232577947478	-10.32483660961131	0	0
2.7229191376920454	5.976343720205783	4.8846441694036	0	0
-1.821035450618126	-1.150342632438047	10.78771922050666	0	0
1.0133705514000866	15.267017828598078	-2.206102323874987	0	0
-0.5605589713297121	-4.152016617028558	-7.688790157062371	0	0
-0.36143585099563325	4.1557989341864285	7.089439575943686	0	0
0.8050276037411663	6.664713622104074	-21.19837157500426	0	0
-0.03798496878048496	4.260722957828598	-14.375398181686535	0	0
-1.6538248299491656	-2.049616216042267	9.24291321955343	0	0
1.759783388990634	0.8134465147316661	-6.3460248930170025	0	0
2.304614253578208	2.867600000320138	-0.5663890084195629	0	0
-4.126073353663408	-3.118238535597115	-3.4769617969626694	0	0
4.816171655487416	3.5957907197504753	-12.231083616332413	0	0
-2.0272056167044354	-1.49573929973851	6.540684132206593	0	0
0.6270573687983614	-2.2015982627888775	-3.4059970170893763	0	0
-2.3881097727192753	1.2581194538065716	14.194049567305129	0	0
1.7397176935274175	8.690086348766613	-0.7268622931378701	0	0
-4.0728708614472	-3.8714631739408674	0	0	0
1.455499797521604	-1.4215218750397014	0	0	0
-3.612571211020253	-3.0504138243817067	0	0	0
2.0141330465787277	1.366059602399389	0	0	0
-0.0692213540875386	-1.9308909647847372	0	0	0
-0.8658425663591842	0.2095967921469537	0	0	0
1.5972266326258193	4.235443664853079	0	0	0
-1.774740777906267	-0.41263123056310036	0	0	0
4.8483654119615025	1.786527124116489	0	0	0
-5.712456822178751	-7.342674765808731	0	0	0
4.89204822725717	5.814724315646849	0	0	0
-3.190311918514489	0.46187109791111425	0	0	0
1.7932449501481287	0.4654917234076592	0	0	0
-0.11264604616558671	-3.7946913951725776	0	0	0
-0.5120217755999334	1.6284595412316065	0	0	0
-0.167520083026929	-6.122433746485434	0	0	0
-0.501211686172141	12.514056055771057	0	0	0
2.245228195111693	-0.3121658597864325	0	0	0
-2.0980420298812135	7.120033502868097	0	0	0
-0.2643496108813892	-10.950603193033544	0	0	0
2.183219798185881	4.635439258010074	0	0	0
-1.0324259777210898	0.7040163913289277	0	0	0
-2.1356197971579576	-4.047133309670144	0	0	0
3.7981252012767825	4.120723852535768	0	0	0
-3.104175235306201	-5.605568761602136	0	0	0
2.3521421997236374	1.6023632540701058	0	0	0
1.6664929681333902	-7.193735617810134	0	0	0
3.9438320204806843	4.788169353392078	0	0	0
-3.361699062276763	-9.157002451404885	0	0	0
3.1745008891370787	0.7631245427325268	0	0	0
-2.287098903561038	-7.5638124219655225	0	0	0
1.1264830566376887	2.0964582637187092	0	0	0
-0.329711290001768	-5.630272916597676	0	0	0
0.43979600803956487	8.516590584307679	0	0	0
-0.9927678234260782	-1.1462438779341184	0	0	0
1.0767054595700785	8.948043416512618	0	0	0
-0.27005618857336344	-5.219942088471612	0	0	0
-1.0530623883675432	2.9747739154056276	0	0	0
1.0609261545616633	5.168366224936413	0	0	0
-0.2529528793735025	-3.656535984510924	0	0	0
0.655943336700652	2.52875169182861	0	0	0
-1.4959391618569882	-0.30838561363466965	0	0	0
0.594269255573245	9.992671983255349	0	0	0
0.8888091269911982	4.575078627038728	0	0	0
-1.451391044731558	-1.3618886697370272	0	0	0
0.7599019572924135	-4.366985682992755	0	0	0
0.37284592836828523	9.214631898339945	0	0	0
-1.5796581882981187	-0.5746323589715416	0	0	0
2.3248590350393386	-4.355849719553298	0	0	0
-2.0524154011960647	2.522795393501731	0	0	0
1.6760734253207588	6.223434029991083	0	0	0
-0.9131952926224187	-1.0230762504492432	0	0	0
0.25032066252645535	3.323233437728547	0	0	0
-0.48738565437820824	1.9202124802128182	0	0	0
1.078168640122172	2.4212080187067357	0	0	0
-1.4448548533038803	-3.8119019340761255	0	0	0
1.247324403825985	4.965099389801331	0	0	0
-0.21102337877450594	2.2548036931639004	0	0	0
0.058404948575400795	-0.5148963212091218	0	0	0
0.016276977131951753	2.689750942385089	0	0	0
-0.2345405973037913	-3.6797563556097614	0	0	0
0.09260894407096032	1.230897145016172	0	0	0
-0.4372350098748754	-3.2509640249005756	0	0	0
0.2738099466611459	0	0	0	0
0.290442853548214	0	0	0	0
0.049727370582445474	0	0	0	0
0.09515379196560048	0	0	0	0
-1.5153359125138337	0	0	0	0
2.1825553885315827	0	0	0	0
-0.23170592574618354	0	0	0	0
-1.8151686872283008	0	0	0	0
2.4167171297760035	0	0	0	0
-2.812045748256523	0	0	0	0
1.8787051989244858	0	0	0	0
0.08902728795820991	0	0	0	0
0.3878803191590734	0	0	0	0
-2.759719649669215	0	0	0	0
2.3819013892240832	0	0	0	0
-1.5238129619690852	0	0	0	0
1.2432961518385355	0	0	0	0
-0.6278629146792625	0	0	0	0
-0.06600325145515029	0	0	0	0
0.5337594364604925	0	0	0	0
-0.5454686264231228	0	0	0	0
1.03993450483609	0	0	0	0
-1.6905231135237955	0	0	0	0
0.531477568774136	0	0	0	0
0.38240479888581547	0	0	0	0
0.043207358483442704	0	0	0	0
-0.38642309175914846	0	0	0	0
-0.1786302444045873	0	0	0	0
0.22364660517172297	0	0	0	0
-0.10238358044760076	0	0	0	0
0.14428413082456615	0	0	0	0
-0.4189958405531016	0	0	0	0
0.508588762153309	0	0	0	0
0.15833174457875288	0	0	0	0
-1.523576128328557	0	0	0	0
1.23495605680408	0	0	0	0
-0.1827861076477646	0	0	0	0
0.6470839065654204	0	0	0	0
-1.4671115111247204	0	0	0	0
1.6897828096664824	0	0	0	0
-2.5273473673513394	0	0	0	0
4.675613758185115	0	0	0	0
-4.659052857780878	0	0	0	0
2.5219424746060426	0	0	0	0
-0.5667020494147792	0	0	0	0
0.3842416200434471	0	0	0	0
0.0772638795139784	0	0	0	0
-0.5593604027022678	0	0	0	0
-0.6656818880999538	0	0	0	0
1.7421134547078552	0	0	0	0
-1.3960950017024842	0	0	0	0
1.3825271469744678	0	0	0	0
-2.249308814544385	0	0	0	0
2.706751510611902	0	0	0	0
-1.5368143627730788	0	0	0	0
1.2374686655732887	0	0	0	0
-1.590581668184278	0	0	0	0
1.1124287732627423	0	0	0	0
-0.14400705243599532	0	0	0	0
0.3688622013657721	0	0	0	0
-0.4817737195681744	0	0	0	0
-0.5040040112939153	0	0	0	0
1.5810564866901018	0	0	0	0
-1.1157132902483298	0	0	0	0
0.08376526827735375	0	0	0	0
0.4119134878066575	0	0	0	0
0.6876321941409174	0	0	0	0
-1.1530219696820652	0	0	0	0
1.1699744147913052	0	0	0	0
-2.4119110067058145	0	0	0	0
4.40674404567612	0	0	0	0
-4.629117594072035	0	0	0	0
3.3995053571065483	0	0	0	0
-2.3380301111209363	0	0	0	0
2.0954059723502425	0	0	0	0
-0.7659959986757556	0	0	0	0
-0.9759105970564192	0	0	0	0
1.4162058687013257	0	0	0	0
-0.6056381825345483	0	0	0	0
0.26803146051182125	0	0	0	0
0.38346805135439155	0	0	0	0
-0.16805533795651684	0	0	0	0
-1.341755972413182	0	0	0	0
1.9581011531361199	0	0	0	0
-1.585190270888674	0	0	0	0
1.8765244491209145	0	0	0	0
-1.7056996068831154	0	0	0	0
0.8578481620858796	0	0	0	0
-1.041816453645282	0	0	0	0
1.5895085903925619	0	0	0	0
-2.2008083873376947	0	0	0	0
2.6902120919442822	0	0	0	0
-2.121594539819178	0	0	0	0
1.7289098002495749	0	0	0	0
-0.9027067603824293	0	0	0	0
-0.47456189512079305	0	0	0	0
0.7562896829120689	0	0	0	0
0.4123267478291126	0	0	0	0
0.02626670613835813	0	0	0	0
-1.2542914577933857	0	0	0	0
0.6403730807477714	0	0	0	0
0.4154002726937449	0	0	0	0
0.3873773538097183	0	0	0	0
-0.8816542045080169	0	0	0	0
0.9790088230994343	0	0	0	0
-0.046071464295508235	0	0	0	0
-1.289925448277529	0	0	0	0
1.6898765277832268	0	0	0	0
-1.9841987771553846	0	0	0	0
1.9612860425432146	0	0	0	0
-0.9369025376461124	0	0	0	0
-0.42123855718147496	0	0	0	0
1.072849727136827	0	0	0	0
-0.5658308443137585	0	0	0	0
0.16477690594854977	0	0	0	0
-0.7588518707165903	0	0	0	0
1.2110733538714555	0	0	0	0
-1.2414086294025992	0	0	0	0
0.9511733721054512	0	0	0	0
-0.5377677384415591	0	0	0	0
-0.089097095419433	0	0	0	0
0.35114401604574397	0	0	0	0
-0.34633130914031085	0	0	0	0
-0.12457620664636693	0	0	0	0
0.05844432586152948	0	0	0	0
0.11486512677227978	0	0	0	0
