0.23687151366909376	-2.635471484446761	2.30072078486171	-0.05041461147415305	16707.825315578397
0.2684845974226633	-7.948031646940066	7.748212653417468	-0.08013608283656026	16707.927490537586
-1.0613526746269812	5.949385326885533	2.5455990357691576	-3.0035395118203922	16705.574426338702
0.11866992034342871	1.2216481308743852	-0.12955778934363593	-15.502566813281518	16707.269612219694
0.6282003975072854	-1.0196744863726366	-37.726471299123006	16.83643249261914	16710.10831032381
-0.6214087530393257	-0.033573837241419824	4.5242000172746515	25.994509559094766	16698.96363941143
0.1839924292217674	-11.05064468669542	-4.239475442634756	-14.118157401286169	16715.31965414298
0.7083590645372055	-4.809331094884676	5.603035066447092	-2.0743626243234132	16804.189255914756
-1.366128900281602	-2.7372470618253857	4.264282371908152	18.599202491892527	16913.77267835708
-0.5270119969686462	17.10037963572099	-15.25233221173633	-1.0907603694909938	16898.172304642187
2.435095725782695	-8.396243091957807	6.936969119961958	43.71955962920735	16901.33647398692
-0.5323827822202247	-2.142464399218021	5.848938327428613	-31.95499967994661	16925.50728546673
-1.6530616566604408	5.18097233168664	-12.673321936211494	3.280505941876825	16903.023928748815
1.4290914440073479	-9.692020326828228	-1.4767671548118244	9.945334511177933	16857.081704072152
-2.330216734907154	6.809273770738969	20.455846040746437	-31.295451026060874	16979.088892045515
2.9873315914114613	12.643441892675398	1.7593182814902661	19.24804002950853	16969.057144597646
-1.5007265298540204	-1.5465868517883763	19.12288002270263	37.80249050479709	16992.440295640212
-0.7628321412675021	2.931322716387953	-0.08050278256743582	-52.58492917565641	16984.55595884663
1.5472439960249957	1.7762111433073997	6.317639625814749	22.475235199925564	16995.320481696795
-0.5031607825510847	-4.455108780986102	9.968885146734607	-2.3580875647847392	16852.73772180896
-0.4626927495246136	8.183575259222295	20.460444188753243	-10.125466530589875	16841.581737473483
0.5021327966069506	-12.311761365632535	-5.508634283386371	-4.284893295671893	16806.78500258618
0.472208993343763	13.402797367750374	-9.662656164461197	-14.047435640067889	16821.872100848446
-0.9586444402346643	-3.8985051042788257	-4.041069761725609	-28.100199111507422	16877.778308360674
-1.123547276752653	-1.6828983151298686	-12.13176286887348	-51.283802775823744	16861.876816890843
4.905690617418074	1.293803731650307	4.408486681762469	26.822871001220236	16917.604173059495
-7.198155672863976	6.817514101651085	3.497208484947464	-16.676072724091554	16984.91809435223
6.6775644420549725	-2.0411113429905896	7.611228541804252	36.681191036180664	17289.81496836768
-4.34465434020899	1.8834427223366035	-0.8256324266478003	-10.321683495292291	17298.344844067848
1.053919451892959	3.0926495219149785	5.701953162667735	-2.2764559015578527	17120.03426105836
0.7814577732720736	3.1938844240475674	4.025332517236009	14.20767742497813	17067.35063815206
-0.06626468403233332	-14.528236605554703	-11.538051717041967	-13.57419339979269	17005.063460513265
-1.1053681717694133	0.6855573276254532	17.9415284728656	20.212964528733778	16919.011445202832
1.3258197521986403	0.6573082013927873	8.245717447229936	-9.783999575707213	17017.582309052836
-1.4666978417681662	-7.429226961662735	-3.036640682653683	15.006195986721309	17028.70496064074
2.027184148294019	11.989650303951692	14.845886807783415	-2.9998427840280044	17043.461402131317
-3.0697187149625975	-11.534314138812768	12.072836137377905	-12.436939942325054	16972.6326002768
3.4494295169588653	4.859706684311767	7.637557850561464	9.269560627920896	16985.979940311132
-2.2677670328972965	6.48060009313069	9.301709485915609	0	0
0.5960609786645534	-1.6698111924209584	2.392696858906646	0	0
-1.6494632587710711	-1.5626902637156874	-2.753891821583977	0	0
3.3689165285555376	-3.4831243173821136	-17.734586172307473	0	0
-2.235657518994806	1.8877565153941447	5.9835248492254465	0	0
0.1935531031766331	4.715688177897327	15.594744084189614	0	0
0.6128321755423372	-2.2025542641852596	-8.177730813755701	0	0
-0.24167425571093304	3.288552355558906	2.9655640056721353	0	0
-0.6498211644011747	1.851584942817432	-21.274238123345427	0	0
1.277828641862527	10.389138997697472	31.413994803332542	0	0
-1.2402378478328089	-7.336279445391199	-11.644960056195814	0	0
0.9228553669882302	1.5608138781728016	-1.2563105819696432	0	0
0.20578319313450777	-5.9891097362101675	-4.014175326844736	0	0
-2.6667303775303637	0.9707958957173517	-2.2719795834099727	0	0
3.7939963037107916	-12.739543916638631	7.329193391950881	0	0
-1.8707053469293982	11.470805289503133	-3.421390212137055	0	0
-0.2554410627483108	-1.090632952427356	21.40545972878239	0	0
0.719206216165901	-7.341365962945076	13.923323307769223	0	0
-0.09930741440024349	21.53973740861455	-24.582520919839965	0	0
-0.4066796848747103	-12.040024854567903	-13.730818710884279	0	0
1.7194227606677046	-2.3818223195126507	3.8684556529157135	0	0
-4.186348166107905	-1.1253513915534725	-2.653817787278882	0	0
5.343547453495255	-3.8877653315228855	4.158002582266533	0	0
-3.3713448768978793	1.448512137848816	-7.710408636105825	0	0
1.381586577429772	4.854203447782091	8.794670118687165	0	0
-0.9595967525519171	-5.316992894620618	-23.471889135535136	0	0
1.8055202316086465	5.010188969691129	0.07540732641287207	0	0
-2.421001919231358	-6.784386102543159	9.897340452911308	0	0
1.5667556430470242	2.174696900306003	-4.337262655079343	0	0
-2.2985851309632324	-0.7987853608704256	2.1916794940692768	0	0
5.310566094377329	-8.632168553553747	-9.994693420521884	0	0
-6.592580971122565	13.635356403803371	11.906493959607388	0	0
4.732343595059724	-1.9303992001653043	0	0	0
-3.1354035530766424	3.965097429240579	0	0	0
2.697341766517553	-7.789340314730971	0	0	0
-1.3509454146033306	-4.290993765591821	0	0	0
0.3212624131538817	1.8499654918306732	0	0	0
-0.5900419631948353	-14.121420733479859	0	0	0
0.34118543358223263	8.114291993679615	0	0	0
0.6717998998087396	3.8880998160728524	0	0	0
-1.241710702683335	-9.254674592808314	0	0	0
1.4025726868769937	12.314277460048984	0	0	0
-2.0729504771510605	-15.621841197864349	0	0	0
2.423985159678722	0.03201774427881077	0	0	0
-2.1865724083798526	-6.708273809047327	0	0	0
2.4079844559122137	2.1248611631020324	0	0	0
-1.575308139111982	-5.016635094434456	0	0	0
-0.05408978944193876	-2.305754066588136	0	0	0
1.2025558799197356	0.624676250736492	0	0	0
-0.19403238381976706	-5.578821140161352	0	0	0
-0.885861266305227	1.46902082291777	0	0	0
0.7285590816812757	2.4539343525091724	0	0	0
-0.6416901022925998	6.677850841436907	0	0	0
1.2673107027498745	-9.291321367981098	0	0	0
-0.07804403168800889	0.8030530589918357	0	0	0
-1.5608853265595428	-10.847951652563054	0	0	0
1.7492181929315507	4.189563319736195	0	0	0
-1.688415986750151	-5.778893013160896	0	0	0
2.463868734092685	4.658363943615967	0	0	0
-2.3242041966976004	-3.2251426491566093	0	0	0
1.219180536623277	0.5561212992843139	0	0	0
-0.38099344287602577	2.5539380715321585	0	0	0
0.8247219558269734	-1.3554197538115744	0	0	0
-0.7544643363436734	3.241811938946441	0	0	0
-0.32880155706321545	-1.0454316139875601	0	0	0
0.9421572888602867	3.6706380478157925	0	0	0
0.1353017671225345	-7.058953184017028	0	0	0
-2.115127342784369	-0.9116019286566228	0	0	0
2.4193011645362574	0.38677046815732297	0	0	0
-0.46808235778558327	11.58270675475378	0	0	0
-3.185495444286431	-11.289297339993084	0	0	0
5.43527285126509	5.353933024533035	0	0	0
-2.7224049205195087	2.3971356009542077	0	0	0
-1.9318561884139456	1.1210136941433433	0	0	0
3.796022134827979	-5.162607166692922	0	0	0
-2.5895000907389942	-8.036118215671763	0	0	0
0.19409000475523186	5.699342169133473	0	0	0
0.27447384116072016	7.691557920060291	0	0	0
0.5399253234088661	-10.117148183753727	0	0	0
-1.3522136733559975	4.889755543044899	0	0	0
1.3078153092729394	7.321601097547678	0	0	0
-0.20646565957716945	0.454563706390843	0	0	0
-0.8752336166731851	-1.9858372680064988	0	0	0
2.3149519989532195	-2.3459805065633503	0	0	0
-2.8251397484887306	0.06280072957260074	0	0	0
1.9526947411610678	2.0119483959081634	0	0	0
-1.8085385451641685	-11.826911187883795	0	0	0
2.493286884249798	5.83254184772143	0	0	0
-2.1813891509626373	-2.333257980307323	0	0	0
0.7898225738394871	-3.9337426761991807	0	0	0
-0.9139774786513328	11.03942609572752	0	0	0
2.2273926883641053	2.414493677441506	0	0	0
-2.576489137792713	-7.31805081539467	0	0	0
1.024951610621926	-7.089652288839929	0	0	0
0.9851361306016244	7.600649341800889	0	0	0
-0.3312049535747761	0	0	0	0
-2.8034639770643963	0	0	0	0
4.664884486533559	0	0	0	0
-3.281286225560372	0	0	0	0
1.6141384440728999	0	0	0	0
-1.062449478998495	0	0	0	0
-0.47082927638491157	0	0	0	0
2.8692747345977523	0	0	0	0
-3.412439106436942	0	0	0	0
2.138347570968321	0	0	0	0
-1.1633760599891048	0	0	0	0
0.7696880537237334	0	0	0	0
0.35200403051674556	0	0	0	0
-0.7000071889482555	0	0	0	0
0.5200058613093077	0	0	0	0
-1.794779702133951	0	0	0	0
3.9890033057563414	0	0	0	0
-3.971256071466854	0	0	0	0
1.0579959452000907	0	0	0	0
2.4517050316154254	0	0	0	0
-3.5739147871694357	0	0	0	0
2.3776257868212767	0	0	0	0
-0.6679160675909728	0	0	0	0
0.7899645802381983	0	0	0	0
-3.396020189401426	0	0	0	0
4.238343865111503	0	0	0	0
-2.0918481135254865	0	0	0	0
0.7272999418957724	0	0	0	0
-1.5934196338617639	0	0	0	0
2.1317871666648287	0	0	0	0
-2.184365672049296	0	0	0	0
3.4575844945591214	0	0	0	0
-3.619634982588174	0	0	0	0
2.337484874573846	0	0	0	0
-2.114074741386169	0	0	0	0
2.51815695574426	0	0	0	0
-2.238008188476094	0	0	0	0
2.2939595891215774	0	0	0	0
-1.9867481066633843	0	0	0	0
0.7911692554613907	0	0	0	0
0.05691031328113638	0	0	0	0
-0.17339083629147467	0	0	0	0
-0.1023948190130568	0	0	0	0
-0.32595052212089115	0	0	0	0
-0.03048772574994274	0	0	0	0
1.706419239596876	0	0	0	0
-1.6964864485776445	0	0	0	0
0.6870999664627391	0	0	0	0
-0.30756995537554843	0	0	0	0
1.0582030853348598	0	0	0	0
-2.989468445321613	0	0	0	0
2.9573387260341377	0	0	0	0
-0.9528150915843625	0	0	0	0
0.5188288716495322	0	0	0	0
-1.7436019037947617	0	0	0	0
1.950264688917919	0	0	0	0
-1.7336241703852835	0	0	0	0
1.5067273412171147	0	0	0	0
-0.9845539828310663	0	0	0	0
0.1549037757459928	0	0	0	0
0.6278614625520618	0	0	0	0
-1.9045528869578803	0	0	0	0
2.6643539646772396	0	0	0	0
-2.6813802067772556	0	0	0	0
1.8818869691471818	0	0	0	0
-1.0399073680092883	0	0	0	0
0.9860530537106129	0	0	0	0
-1.6308428432805684	0	0	0	0
2.347662847255613	0	0	0	0
-2.94367400027091	0	0	0	0
1.7960999874956443	0	0	0	0
0.6673217496715438	0	0	0	0
-2.4172303901157193	0	0	0	0
2.6406142928766343	0	0	0	0
-2.0150409139939356	0	0	0	0
1.951859086972533	0	0	0	0
-1.294559032448582	0	0	0	0
-0.2531061022333674	0	0	0	0
-0.46055466514886945	0	0	0	0
2.7929601069654595	0	0	0	0
-2.407940785936539	0	0	0	0
-1.0292277042605207	0	0	0	0
3.560446957515083	0	0	0	0
-4.16892098134295	0	0	0	0
2.0444037981136205	0	0	0	0
0.44027646151562294	0	0	0	0
-0.6531275549218591	0	0	0	0
-0.09414904929397494	0	0	0	0
-0.8618892940825233	0	0	0	0
2.048618209385225	0	0	0	0
-1.1973131827730015	0	0	0	0
-0.4590487726617454	0	0	0	0
0.8186899509285723	0	0	0	0
-0.09837757334192077	0	0	0	0
-1.6962040707578083	0	0	0	0
3.5636135141237943	0	0	0	0
-4.141340756042823	0	0	0	0
2.5301602531938556	0	0	0	0
0.15806123122691673	0	0	0	0
-1.733169553503508	0	0	0	0
1.6505959123445777	0	0	0	0
-0.536201809937296	0	0	0	0
-0.36058294943750724	0	0	0	0
0.23391108465464328	0	0	0	0
0.05226190123343599	0	0	0	0
-0.5443172169838348	0	0	0	0
1.0633360016772073	0	0	0	0
-0.9032174506358004	0	0	0	0
0.22784369178025088	0	0	0	0
0.21668039850768395	0	0	0	0
-0.8593244545457068	0	0	0	0
1.3686878107101634	0	0	0	0
-1.6126142224290305	0	0	0	0
0.22721184842327347	0	0	0	0
2.616494198629404	0	0	0	0
-3.497755198036458	0	0	0	0
1.5036084884015892	0	0	0	0
0.591429778670296	0	0	0	0
-1.0535280335320394	0	0	0	0
-0.17916607902688497	0	0	0	0
1.6498533562081406	0	0	0	0
-2.235152078654437	0	0	0	0
1.0556482414787496	0	0	0	0
0.23159996619197187	0	0	0	0
-1.0845795897375012	0	0	0	0
2.116563589535126	0	0	0	0
