0.020060979526938638	0.08665686467623601	-4.447342024544852	0.3946645513524629	16890.252260845496
0.08431133668786117	-0.402137374617098	-14.063954931429365	1.9834029142355263	16890.310234360873
-1.4521053506757795	-3.618847048383074	4.780625363640453	8.336940792228035	16892.67639585655
2.104267744388224	4.832194487233018	-1.9535930046795045	-7.270003247454852	16889.283294851957
-1.69274560197573	0.25871296999218174	-2.453808390426147	31.85065267461745	16898.599864070267
1.3558519200007169	2.4442949421478914	4.138007722961561	-7.306066749745327	16860.104694955815
-0.7959360612310604	-8.817914986407473	-8.543991710271484	-3.3487814267001283	16921.570821797533
-0.09944248950485246	-6.528891290228145	1.631665217715124	-5.1916765855080484	17021.712007065194
0.9510447613466226	6.328331114662738	12.628520919767979	3.180089819518301	17081.393676796615
-1.5557205123990627	-0.15152796737136498	-6.123360185959825	-10.995960611617164	17157.33652409082
1.5684830692424683	-1.0535465931617978	-2.9819993603843926	3.09655585681233	17180.109405240924
-0.5257765113495978	-6.011061582981007	5.303260250430867	3.69752437588852	17207.778385362828
-1.5208179849510586	3.708709317166729	-6.473211417048191	-2.8219509777273117	17220.65230972921
2.5502966551845745	0.5286632296352565	2.8153299192544665	-0.5646830756876682	17233.52199126541
-1.7842745875043562	-4.0252741849288896	-1.876687336187615	-3.097314599341388	17266.236684766092
0.9293213682332606	5.612765920085593	4.241873908596247	16.988816707139165	17295.875555494327
-1.145605576273553	-6.802429529991144	2.750411607400764	0.4940733694458572	17302.970748115284
0.3185547515758955	7.811269228877038	-0.5951939917399045	-10.221347603652532	17290.611728584674
0.7409858953926971	-6.0630863371478085	7.738777216498903	14.287080210555587	17347.390836566025
-0.7804111720704299	1.3950424382141904	-10.372637041868899	-2.9345680072577522	17266.714588283936
0.20335568730024534	-2.958817162810803	14.639831925629267	15.577776201423376	17148.266350392223
0.612467769900114	-0.724212251594551	2.8385288273056233	-3.389970194784098	17171.3251438055
-1.6963699240325312	-0.19919620495178947	-5.381811843733232	0.2452719186345007	17144.161918655896
2.0097884798576118	-5.274897080462068	-0.24216433958980588	-29.66884735580308	17201.074681325943
-1.331635666907296	0.7045326847770923	-1.727809652464103	3.008940452374617	17165.06424796254
1.8418357147246596	0.7885117469495952	-9.187348312140458	-1.3994071094328717	17151.024770643213
-3.446867659932572	0.5602563148538309	2.8591144148760037	-1.1830933218029713	17159.295278171776
3.2380354040322175	6.6900893338716685	-0.09281078306797497	5.947942847197282	17221.436316538362
-1.2274888946932165	0.2013860294042331	15.806777197062104	1.4870018801448737	17264.376421607936
0.19972868087075568	0.8875616292524171	-6.85437745790928	1.4633125643825906	17261.774858771
-0.7669815518314493	-0.7386083941625685	10.077192659826324	4.187499839573832	17271.299859354272
1.4460828980469103	-3.482131263378946	-27.357419961944444	-1.8479091382253046	17259.85761410612
-1.0320586741308517	-2.380469639503602	-22.308812442320885	-4.361539319583841	17245.526128166115
0.24828619617426995	-0.9034760056612612	13.8018915907561	-13.5975036306518	17244.482974578037
-0.2434920055325236	-0.6440757670874717	-7.175477053876946	9.316566510473393	17252.226774561223
1.1078180252785046	0.3257947738382825	6.054348667693802	-1.8441180567539845	17247.616516819784
-1.6801828523273983	0.10160006064648996	3.4028535534492335	-4.853499527921173	17194.150157789867
1.5605739151018696	3.9362473232082067	-6.593193162200649	16.68249373146608	17193.701705257216
-0.8700445140914326	0.921670593259762	2.041717188263476	0	0
0.7219772467148431	-4.874401489300013	0.024490268303054563	0	0
-1.1757132356984386	-4.94311033665295	3.581963259421414	0	0
0.93161112410003	-3.7590874838232367	-11.01449776009855	0	0
-0.2569790094750033	0.3378951390203042	7.500183334608522	0	0
0.7690215429542917	-2.130909408142614	8.495073073690321	0	0
-1.2149992359362258	4.752744694558501	-8.814163660714897	0	0
1.063247047812105	-0.7850563805511115	14.769891239781927	0	0
-0.6905642707923292	-1.253313216786566	-13.732909335814227	0	0
0.32174466367936816	2.3787821185829614	-9.604745306544686	0	0
0.029121205056611643	0.05615086435203409	3.544154172146847	0	0
-0.01533458912455643	-2.63326946490578	2.4296202277115952	0	0
-0.8378371759134211	0.18211225670802378	-6.216189197760926	0	0
1.4366024239707471	-0.35724835381058995	-0.49017708492446843	0	0
-1.0006645261937308	-3.5428623700615702	-0.3643818880024696	0	0
0.8257931150381879	2.5052946051952034	0.5289188288295037	0	0
-1.5183158165553223	1.3588272505328405	1.5235076792099989	0	0
1.4691770656664005	-6.539672248963555	1.6103348708789014	0	0
-0.7169708685269995	8.129418309511763	-5.027500472400334	0	0
0.8666632000176833	-4.976836275865153	-2.362052557152822	0	0
-0.6626779498264668	-2.995702559341538	3.8468451426787595	0	0
-0.3774637470369484	0.3110856893354992	-6.907531738626645	0	0
0.5259592658359225	5.427133937206406	6.9995011693724365	0	0
-0.4948390266454794	4.597821403976141	1.0322346688446515	0	0
0.7949492200391148	-18.07164795338744	3.6656615179351064	0	0
-1.2034718301494394	5.7955918019289925	-2.3470134095124564	0	0
1.4381292292906096	-2.048112308270092	0.519442243379288	0	0
-1.2598357094768389	-2.857164333503853	7.020959282137667	0	0
1.4264141458360484	-0.004320250785355029	-2.8836022795539975	0	0
-1.7189196838148604	3.1415367306006203	1.132592570435051	0	0
1.6011073781092051	2.348116020820612	-6.57862040042771	0	0
-2.1419206365563426	11.555613932580286	2.1564826333854796	0	0
2.0149089151149724	-5.362562239959402	0	0	0
-0.9465419134354107	6.837208917125011	0	0	0
1.0207763008227744	0.45533708805429285	0	0	0
-1.4682527577450557	-3.226524665812562	0	0	0
1.3724201351772365	0.33358706809821115	0	0	0
-1.719049490430578	-2.847054616265396	0	0	0
2.448375977083863	1.1317138268192792	0	0	0
-1.412865260605571	-2.2642107235537736	0	0	0
-0.17764978530253472	-5.277833720351865	0	0	0
0.8468723870947841	-0.4370995015211463	0	0	0
-1.3488219578538647	-6.083451667147187	0	0	0
2.3467837218703878	4.301062974412005	0	0	0
-2.641977756980374	-5.922619257185119	0	0	0
2.442345375262313	1.0574933127984991	0	0	0
-2.8303830346225283	1.7017838818582192	0	0	0
2.647044249483997	-6.012354592799937	0	0	0
-1.4837011667018203	3.9175736781384103	0	0	0
0.06608430470028281	-2.7971585506474383	0	0	0
0.15172103662747816	2.0654696576794294	0	0	0
-0.0025725879866342893	-14.545973130485493	0	0	0
0.2782211088571671	10.040523930397129	0	0	0
-0.36797494182794566	-0.7643845578642612	0	0	0
0.2443696304215024	0.5003365503199433	0	0	0
-1.7306711639883972	-1.1108144262899629	0	0	0
3.3682311857172778	0.9763416395917801	0	0	0
-3.320944372543167	-3.675328133567575	0	0	0
2.9117526754014023	0.4644230452418867	0	0	0
-2.945323535823462	-2.1141629631075745	0	0	0
2.4033821177417423	2.3432779804273736	0	0	0
-1.6958579856470664	-0.19197647707406418	0	0	0
1.7692450264627766	2.0299579246559034	0	0	0
-1.6657312084595546	1.635267222052903	0	0	0
0.5881799755658648	-6.212672410868933	0	0	0
0.25071318960567623	3.6048295199418305	0	0	0
0.07650574073750249	0.11935931353798424	0	0	0
0.39485444217721266	-7.556185817275335	0	0	0
-0.7075242905609542	1.6705823729916318	0	0	0
-0.2610045541766084	3.510610117557661	0	0	0
0.1631004459607368	-4.556212049732224	0	0	0
0.5730733086632966	-1.225495159774482	0	0	0
0.7390430660733927	-0.6852167757398604	0	0	0
-3.2017485284069096	2.1117013613598914	0	0	0
3.95158707958214	-0.9796085227657585	0	0	0
-2.309459985418968	-4.731091492843973	0	0	0
0.4071898845029338	5.767293475693123	0	0	0
1.0683901014724313	-7.363130972744585	0	0	0
-2.9524891225007224	-2.404860086178104	0	0	0
2.9306245091186724	2.7319789285440947	0	0	0
-1.4239157871927333	0.31362658260670173	0	0	0
1.4752392862129255	3.2282650382734914	0	0	0
-0.9659504087158552	1.2283906114751488	0	0	0
-2.487753098272826	-1.4232869336623821	0	0	0
3.3310224834891144	-0.05007960176585868	0	0	0
0.11905122672184376	1.085258624932024	0	0	0
-1.81583297366398	-0.745168713104249	0	0	0
0.6616877323778141	-5.355779093118443	0	0	0
-0.1650122706370638	3.572668223893686	0	0	0
0.20090804503172421	-1.903922235026414	0	0	0
-0.3201637364590937	0.8328720822362499	0	0	0
0.6254444053334254	-0.6006647635813067	0	0	0
-0.8974544977399503	0.3942712320423709	0	0	0
0.4036663349233649	-0.3035945370406239	0	0	0
0.7576726548676547	0.6691673228620658	0	0	0
-1.0148408901896033	0	0	0	0
0.4612077405948227	0	0	0	0
-0.7100092455176537	0	0	0	0
1.537066735847695	0	0	0	0
-1.3869000932715068	0	0	0	0
0.5553057095975902	0	0	0	0
-0.13804537465085076	0	0	0	0
0.5735144085608255	0	0	0	0
-1.7323748935894798	0	0	0	0
2.7595500779033273	0	0	0	0
-1.5997137488052857	0	0	0	0
-0.5053060256912048	0	0	0	0
1.135605379817008	0	0	0	0
-0.9791112168594154	0	0	0	0
1.205483431063513	0	0	0	0
-1.5051353457231968	0	0	0	0
1.4792933576875527	0	0	0	0
-1.4148556489276416	0	0	0	0
0.6750969072771511	0	0	0	0
0.5237190755321208	0	0	0	0
-0.6428913011522113	0	0	0	0
-0.6390507564751502	0	0	0	0
1.2477488346990526	0	0	0	0
-0.677377442885458	0	0	0	0
-0.17350101730920642	0	0	0	0
0.5312486212984808	0	0	0	0
-0.7590946674434065	0	0	0	0
1.4407645885682925	0	0	0	0
-2.0186229936466233	0	0	0	0
1.8002311426917146	0	0	0	0
-1.404432590484646	0	0	0	0
1.000736274817541	0	0	0	0
-0.5869094373981127	0	0	0	0
0.991822677029603	0	0	0	0
-1.6767070929907035	0	0	0	0
1.1790867851104139	0	0	0	0
-0.45187457747528725	0	0	0	0
0.832610940586278	0	0	0	0
-0.7483424275257349	0	0	0	0
0.025138110598994956	0	0	0	0
0.35582137098359823	0	0	0	0
-0.0502616930068811	0	0	0	0
0.07994238589098757	0	0	0	0
-1.4041558280457025	0	0	0	0
2.8430211774983647	0	0	0	0
-2.4977134279976028	0	0	0	0
0.9012931495679624	0	0	0	0
0.13781919508144824	0	0	0	0
-0.8385167169096519	0	0	0	0
1.1746817982025703	0	0	0	0
-0.4551727107971999	0	0	0	0
-0.29287028642114876	0	0	0	0
0.4780747371556018	0	0	0	0
0.3013272721754561	0	0	0	0
-1.5476707167044097	0	0	0	0
1.8582743727938222	0	0	0	0
-1.012970705313542	0	0	0	0
1.0277866061871848	0	0	0	0
-0.9773748637706277	0	0	0	0
-0.03045509007807823	0	0	0	0
0.5620345865598608	0	0	0	0
-0.3453201980834706	0	0	0	0
0.7633286412499913	0	0	0	0
-1.4593571957524603	0	0	0	0
1.46413421024738	0	0	0	0
-0.9629963313455434	0	0	0	0
0.6136046228987695	0	0	0	0
0.2905116351797261	0	0	0	0
-1.489391617818157	0	0	0	0
1.0224016707572048	0	0	0	0
0.14001716023612687	0	0	0	0
-0.12724558424456944	0	0	0	0
-0.3258944505022683	0	0	0	0
0.497790792238213	0	0	0	0
-0.7192720292220756	0	0	0	0
0.3190196144117934	0	0	0	0
0.9288547642851697	0	0	0	0
-1.8984166104882192	0	0	0	0
0.9499794947366311	0	0	0	0
0.20598684886808627	0	0	0	0
-0.6563733127745763	0	0	0	0
0.7413739721779322	0	0	0	0
-0.6773277269724645	0	0	0	0
0.2865474300029618	0	0	0	0
-0.3510694979866429	0	0	0	0
0.9867144619648727	0	0	0	0
-0.7087786325259273	0	0	0	0
0.04088311391186039	0	0	0	0
-0.5644071782338287	0	0	0	0
1.0482076253326653	0	0	0	0
-0.26454168200261563	0	0	0	0
-0.9530363086338483	0	0	0	0
1.04350154959225	0	0	0	0
0.08016714807880732	0	0	0	0
-1.3063255562802354	0	0	0	0
1.545065290882242	0	0	0	0
-0.2818666404517387	0	0	0	0
-1.585138496837672	0	0	0	0
2.8853051442771616	0	0	0	0
-2.3830250145488634	0	0	0	0
1.8489470626993452	0	0	0	0
-1.7270935086455808	0	0	0	0
0.9801128484746471	0	0	0	0
-0.2435263407842143	0	0	0	0
0.36525907105791333	0	0	0	0
-0.4073744801423942	0	0	0	0
0.21236420678213364	0	0	0	0
-0.5876339495724565	0	0	0	0
1.739245447573019	0	0	0	0
-1.9919927100341255	0	0	0	0
1.4727854836671028	0	0	0	0
-0.879431115902058	0	0	0	0
-0.3269089024005467	0	0	0	0
1.7188109270344682	0	0	0	0
-1.6921534171773942	0	0	0	0
0.42332934229006014	0	0	0	0
0.5686561363327058	0	0	0	0
-0.8186674456929879	0	0	0	0
0.8470575584044227	0	0	0	0
-0.5666165855942822	0	0	0	0
0.5976327489146627	0	0	0	0
-1.0551196688753208	0	0	0	0
0.3941511521987948	0	0	0	0
-0.025660370041656222	0	0	0	0
-0.003249611874750258	0	0	0	0
0.6720081134764371	0	0	0	0
