0.15934554660823608	-2.512895284733027	1.6426851604721975	0.016383554094161923	16901.572104228435
0.498055101011353	-7.722022892309646	5.740715898019118	0.2912903342954962	16901.209855641453
-0.46715543861390785	4.837592314311536	3.0699248004570023	-1.7496444655427297	16899.72565237472
-0.6209108457788517	-2.0826639072868645	-3.752151698984548	-13.37936470737688	16900.71847540977
1.4567436683486008	-13.339089671658414	-45.841298814082194	17.50120082604235	16903.603350429523
-1.0716222872289123	7.781526901436578	7.926008782885347	-5.178863660860159	16891.66116088611
-0.8877612138979956	-15.26165133616442	-5.895362288240179	88.2849721771707	16916.638407590093
3.852425403416504	0.09255337011796172	-12.507673956772479	-47.00026236869449	16877.825695722986
-4.343224373987141	-7.292937351762141	23.26467376486721	32.67241222362033	16945.806328226703
0.07214344520957638	10.799338823531457	-15.10423588711869	16.464916139462844	17333.386474904568
2.6184619699071234	-4.921744810413841	-0.08282362963990408	27.258055144840625	17236.841224684988
0.4919473660394047	-6.422261771928966	-6.190923715554902	-12.069794953939436	17069.12840155801
-2.9427286659858822	10.003349207084142	2.524253208506323	31.418836433099315	16994.609740497843
2.2797422292510205	-8.75208743307855	-1.2577878058910272	-7.970282900314601	17016.73504997531
-2.4228426935627	-0.01936624933429698	8.591826170468721	-34.01140798859902	17287.133323080878
3.27002086217815	4.448309804667836	-1.6397122730734566	29.572179053248192	17302.223763869635
-2.5138730606574313	8.37086974007211	20.318944963959183	-2.237063485048907	17289.183908194856
1.1212028757950492	-11.020669507635233	12.45016639940863	-23.041073789546743	17171.739208935734
-0.2753030745963372	9.07453730216777	-9.591852942040973	23.134163788900793	16996.262008568483
0.8643471840716614	-9.895270400892429	30.756651758273506	-1.321079540638877	16863.36760708021
-2.3524159027770892	8.219329406800526	21.657200988347427	-44.76210739310619	16810.680813007
2.2074017836234034	-11.311634493000042	13.4985846048736	84.76311883009373	16667.479203265124
0.3518159257939075	7.932931938028503	-20.156204475440433	-120.06534395000845	16774.480174644235
-2.3280475161907574	-2.506912493204979	-5.566174004470469	17.33027154700835	17230.066192964092
1.3396080559401966	7.4061115265095765	-3.6386437341368207	-40.12486123276946	17431.406527213698
1.8900700468156089	-1.656772052506284	-6.8692420931801905	10.268378683648876	17430.0533605684
-4.359710302562441	13.33995083499272	7.186815622631528	9.589535707762792	17254.635606278724
4.356366287549164	-11.59153134396226	2.250738357514379	5.726499269767487	17178.152894362345
-2.975562248013354	5.648760652125091	11.99358518236349	10.589565026576167	16990.485551531496
1.121345027729042	2.049283607892761	-0.9919568574148059	-4.3821247753113255	16690.011117024304
2.3190998857057963	7.105032567165374	-6.416467548607898	-34.396854400191046	16574.68516453511
-2.4238607045255876	-19.960265268786067	5.811152158823717	3.8145922542855857	16567.105197551435
-1.0310408293654163	-1.362592176009592	-0.04573360438969587	-19.276563838659385	16742.079723829098
3.210250163227471	-1.9301300543842927	27.417461613319844	2.2943459156362422	16953.65490947107
-3.3680907637202964	0.47181587180769213	-12.588977517017923	9.817974691183565	16956.990835164608
3.177556716271134	8.5659460386455	19.52594517497161	-0.194732788366764	16928.310360239295
-3.0999538582769546	-8.109305781820574	8.471388484888294	-11.41931860285014	16782.732515818134
2.391771572275175	0.4139542866501955	7.599903661862541	10.885231164322832	16757.38489094793
-0.41045508207851356	-1.113760323676658	4.6927550213944755	0	0
-1.4181199402186735	5.372382048118141	17.580915888055586	0	0
0.8851957159742199	-1.1637736938790084	0.4354497318348365	0	0
1.3677316401432194	-7.6924551024572025	-29.127071483797792	0	0
-1.8737011950275644	3.166119026503864	19.83131093127018	0	0
0.28639956137020306	5.228282951015345	12.149417167998692	0	0
0.039910485055948186	-6.743384914881702	-20.10706800965316	0	0
1.106055359065195	3.3505042198124215	11.815166986174972	0	0
-1.229981691163978	-6.2620595562224395	-12.966866540469482	0	0
0.9004901550093933	5.761547720271281	8.655858982008112	0	0
-1.1167345803684512	-2.010318683295381	-10.494277083165528	0	0
0.6490967716334382	-1.7476668022497108	-18.59364684520513	0	0
2.496121180477452	-3.316303690162826	-3.5299145685352045	0	0
-5.906994442982423	5.010594580367368	-12.701970527529781	0	0
5.4168475990388245	-19.57702322755398	14.874643430331218	0	0
-1.955778447332058	13.258972477555417	-9.286497395198111	0	0
-0.7231607385301047	-0.13328132281098704	7.308775353340536	0	0
1.8207683443767948	-8.10646879846442	17.383751030252142	0	0
-1.6335179796831838	20.937896101363037	-4.718374251472923	0	0
0.03320400900202003	-8.570491610837664	-12.4485527725259	0	0
3.215057517448855	-3.563072362260499	-1.773799427980066	0	0
-7.600771601015218	-7.623551760727587	4.193132132382118	0	0
9.265170025938048	-7.551965682403207	-6.994574432835975	0	0
-6.371930625614141	-5.264872710795366	0.8520648503764363	0	0
2.8748411794148936	6.79675250004491	-12.579187995333768	0	0
-2.006382713219466	1.9290594066004019	-19.218059616879657	0	0
2.4129339182499407	-1.7451928832567134	-6.622486063950987	0	0
-2.4069408534656773	-2.7556777952454254	6.237243993846903	0	0
1.6394991094855556	0.18205545147527147	-1.1229042828829705	0	0
-2.4017810589071686	2.310969355018017	-0.23345015730662055	0	0
4.448890024735803	-5.2639804814265645	-3.0163244949909114	0	0
-4.265138405856334	16.142938006674726	13.178597476674767	0	0
1.8804454340961243	-10.60616112631358	0	0	0
-2.2273998578363603	5.281794047180725	0	0	0
4.003251983677828	-12.387567627583394	0	0	0
-2.464228143531905	-0.5571749018194367	0	0	0
0.02737637584438346	3.6803265006208505	0	0	0
-0.21722428817050599	-14.55578361651849	0	0	0
1.3978692337975716	11.942143388488411	0	0	0
-0.2966772633737875	-2.7555449468241022	0	0	0
-0.35871809367530005	-8.282931878642898	0	0	0
0.5307305350914291	14.668502366631728	0	0	0
-1.9224509821349045	-19.76421395908214	0	0	0
2.3764694532363677	5.245362406945176	0	0	0
-2.010746008242421	-7.057372192451609	0	0	0
2.0783196953157628	8.814612151528593	0	0	0
-0.8429855115411229	-10.023926351867331	0	0	0
-1.0076960223343434	-0.9496816173144822	0	0	0
1.1492551187558888	-1.3682623401837617	0	0	0
0.33756847695553205	-2.887215690124819	0	0	0
-1.2605558744735958	-2.4178210562636764	0	0	0
0.5980557905223165	1.1995966294902445	0	0	0
-0.9117514404212557	0.8471533499266428	0	0	0
2.2858957081279314	-4.471118679225228	0	0	0
-2.030412911649769	1.4821213096874715	0	0	0
-0.11705911600453334	-10.691641415138164	0	0	0
2.0485844899356067	-3.7394970573609214	0	0	0
-4.033092015516694	1.8669533360152002	0	0	0
5.47814865860181	-1.6844997117151195	0	0	0
-4.766709804598648	-2.1616110677841647	0	0	0
3.14167979069169	-2.219914916365717	0	0	0
-2.592805217249463	2.62656983753331	0	0	0
3.6347155089260497	0.6642343413829295	0	0	0
-3.950345049377802	1.0813506850391619	0	0	0
1.892692545307348	-3.914760972782936	0	0	0
0.9419665747699923	3.9399053543883156	0	0	0
-1.8000438913909989	-6.847457332131256	0	0	0
1.2015069075061504	5.7872821232747995	0	0	0
-1.3278812449451465	11.455162242856474	0	0	0
3.1738573386812305	4.481526081267681	0	0	0
-5.927150253206662	-6.333830152143221	0	0	0
7.5402049554418085	-1.6357347110644795	0	0	0
-4.4390530619101725	5.830293340891657	0	0	0
-0.42006975872079266	-2.985802036136832	0	0	0
3.003798416487612	-12.947069084777304	0	0	0
-3.268486199270086	-10.863474888491147	0	0	0
2.7315974481617715	-2.1401943348311647	0	0	0
-2.5007632356309983	10.451899967075306	0	0	0
3.2299626154393977	-8.165162557846848	0	0	0
-3.615277074554754	-1.3458991346771967	0	0	0
2.56967693930892	5.177847157829838	0	0	0
-1.0883061033462695	0.22476854186256645	0	0	0
-0.6297844497347	-7.638941272546809	0	0	0
2.908844466457154	-2.790387205987635	0	0	0
-3.4815817065607106	-12.062862751028746	0	0	0
1.7857229528995546	8.093932448810264	0	0	0
-0.19365969788759685	-11.363377306548308	0	0	0
0.9930876621266762	6.359303157895212	0	0	0
-2.2461850697306502	-7.051435268608891	0	0	0
2.3642131516827334	-0.10877780208401333	0	0	0
-2.6835091585232362	5.497828673173281	0	0	0
3.4195290500482116	-1.2324962665752608	0	0	0
-2.9305124548300583	-0.46355565675358434	0	0	0
1.3642337390757362	-5.275215116705631	0	0	0
0.3653784378331508	4.973619722533023	0	0	0
0.6470709126956109	0	0	0	0
-4.370789670886076	0	0	0	0
6.496779107202343	0	0	0	0
-4.2624958487065285	0	0	0	0
1.6508086994213542	0	0	0	0
-1.7724484090428234	0	0	0	0
2.453759718287003	0	0	0	0
-1.0952232804782156	0	0	0	0
0.30193026557827807	0	0	0	0
-1.5708760509704973	0	0	0	0
2.45833269755029	0	0	0	0
-2.225362849001506	0	0	0	0
2.3701225913261226	0	0	0	0
-1.8046831139879842	0	0	0	0
0.08320732344343185	0	0	0	0
-1.1670238714287606	0	0	0	0
4.19664819145013	0	0	0	0
-4.49081137746775	0	0	0	0
1.5970796152852031	0	0	0	0
0.7588645777711918	0	0	0	0
-0.009592730851437636	0	0	0	0
-2.647867485156837	0	0	0	0
3.4922599046217755	0	0	0	0
-1.3028956652850212	0	0	0	0
-2.9976232862986407	0	0	0	0
4.778419348200359	0	0	0	0
-2.591730119989826	0	0	0	0
2.041998893401747	0	0	0	0
-2.8168175383528578	0	0	0	0
1.808425966503151	0	0	0	0
-0.5332057441999609	0	0	0	0
1.7452806652967396	0	0	0	0
-2.967250253526288	0	0	0	0
1.826506660537028	0	0	0	0
-0.9557118261634372	0	0	0	0
1.4589794425660543	0	0	0	0
-2.418533096787151	0	0	0	0
3.3874245658543813	0	0	0	0
-3.1172162899905516	0	0	0	0
1.860849726088972	0	0	0	0
-0.023915855336419156	0	0	0	0
-1.3823189534475588	0	0	0	0
1.4546226119206551	0	0	0	0
-1.4062064418717242	0	0	0	0
1.0598704042550509	0	0	0	0
0.41814187061907404	0	0	0	0
-0.7739519050886798	0	0	0	0
0.27772805416430657	0	0	0	0
-1.249173112372425	0	0	0	0
3.0298697707135602	0	0	0	0
-3.951443712714685	0	0	0	0
3.257388225679307	0	0	0	0
-1.9332096762045055	0	0	0	0
1.4498440631884435	0	0	0	0
-1.3250358760146597	0	0	0	0
2.082907225939259	0	0	0	0
-5.105516077436171	0	0	0	0
7.192807955644341	0	0	0	0
-5.775426147154356	0	0	0	0
3.6274289596858154	0	0	0	0
-2.2364069501559243	0	0	0	0
0.4695766868148681	0	0	0	0
1.417016244488181	0	0	0	0
-2.097542609320122	0	0	0	0
1.1888352757335667	0	0	0	0
0.43706449422172255	0	0	0	0
-1.0301757216142846	0	0	0	0
0.7287464010369504	0	0	0	0
0.6430510801569795	0	0	0	0
-2.207593630928578	0	0	0	0
2.4514785804169676	0	0	0	0
-1.527957806487649	0	0	0	0
0.2450297214742676	0	0	0	0
0.4186437010725754	0	0	0	0
0.6991575776291015	0	0	0	0
-1.714025640144726	0	0	0	0
1.2404316248405962	0	0	0	0
-0.2535110438438082	0	0	0	0
-1.7663507099686697	0	0	0	0
3.6783185454423943	0	0	0	0
-2.650286392833074	0	0	0	0
-0.883354421695131	0	0	0	0
3.877759901272036	0	0	0	0
-5.33737785363931	0	0	0	0
5.664933103450096	0	0	0	0
-4.93039527793762	0	0	0	0
3.6848034685294238	0	0	0	0
-3.09188140665686	0	0	0	0
2.2859630635569275	0	0	0	0
-2.0877438376359336	0	0	0	0
1.9693015872948223	0	0	0	0
-1.9735041432259024	0	0	0	0
1.7677340592021977	0	0	0	0
-1.564592553160125	0	0	0	0
0.46049210709406907	0	0	0	0
1.5451816500231743	0	0	0	0
-3.867823925611745	0	0	0	0
4.784582488537531	0	0	0	0
-3.3577424678345054	0	0	0	0
0.9016111019689248	0	0	0	0
0.6806479920075503	0	0	0	0
-0.49305116736413623	0	0	0	0
0.5739356415804124	0	0	0	0
-0.2874880220512992	0	0	0	0
0.055635820654174495	0	0	0	0
-0.8293428372310956	0	0	0	0
1.6861080336867218	0	0	0	0
-1.0045703658214364	0	0	0	0
-0.46280719436206397	0	0	0	0
0.35563229476034053	0	0	0	0
2.1433587080912986	0	0	0	0
-3.3565898855633947	0	0	0	0
2.593973601783162	0	0	0	0
-3.201887359431133	0	0	0	0
5.579033844305187	0	0	0	0
-5.776983436864107	0	0	0	0
2.9671848293188106	0	0	0	0
-0.637934841348077	0	0	0	0
0.02470141532204906	0	0	0	0
0.07963673224663381	0	0	0	0
-0.258476037393514	0	0	0	0
1.2889105943439816	0	0	0	0
-0.06794417983729062	0	0	0	0
0.24557514912329736	0	0	0	0
-0.7225646741830971	0	0	0	0
-0.9667126491255118	0	0	0	0
