0.11585646781516346	0.5076510754122339	6.297584033292509	-0.6518498155046899	16940.672138203925
-0.6439251959680163	2.7353581180755455	19.906226221726897	-3.109114295723728	16940.36603842437
1.0313901917653823	5.770208796580782	-7.459958244015198	-10.728732518724556	16937.574646922134
-1.2134898061358967	-6.5802519922225	-0.7357984149204242	-17.07757033026168	16940.41674749306
0.7758379125971331	-3.7625836313457555	8.125980038737495	10.62829333749906	16939.308952391784
-0.41589039588582466	7.998594375314141	1.0641760214475369	-22.567538040130856	16940.903716807814
-0.29315928915931977	-3.9296849851968503	-5.994626589624573	5.354183277106017	16915.60343526642
0.7760650973117293	-3.578219236127488	2.0894844484612065	-11.330569391777331	16951.545346155963
0.26543431320433797	-1.029823795338892	-7.953908760039042	0.4235270535944835	16926.794056708906
-1.2791907697972533	-5.258957067286822	5.741884452657942	8.301696466969887	16931.382151403814
1.7136409874422966	1.6258550108346341	-12.938956349860177	-5.8974494604216545	16945.04624125353
-1.6585353839439492	-2.6366188403279764	4.232153914228917	1.9804493031787587	16920.468912492073
1.7074507493962656	1.0709727231303887	-3.1600852358830593	-31.02899524495389	16931.637000016934
-1.3788029165408417	0.904768004170478	0.2578942002823936	11.561424957468304	16919.96963708256
0.7463150048219944	1.610357214801411	-17.12915194973344	-25.453363811527964	16889.234609451498
-0.16916290357557529	-2.4813823149387844	5.334710415664404	18.274315622253653	16882.10104461213
-0.46591895481802936	0.8742066261105705	6.142589431433933	-17.339188015742508	16859.615394387874
1.01057759046801	-1.6008487836915606	14.120888495503806	0.9304233205043175	16709.35077393854
-0.7445562839815452	2.857682929049332	-16.948701078673878	3.8568686538949777	16713.759464528717
0.4503793170517696	-1.4070683048388517	7.723013863212259	4.046555042324556	16704.552002787306
-0.6549993545764536	5.1488890541241545	11.731311189878241	6.989335687162253	16740.06264504304
0.9619527005934572	1.7786343499539683	-5.032718861411098	7.423793464227174	16764.052085054285
-0.9063115003351712	1.297915664438733	5.701598977967819	-12.476939595697985	16830.51177638383
0.45704458840570794	-2.7099653894309697	-0.9956258576618922	-226.12870428358133	16812.361443183767
-0.04857023039219399	-0.28788326064173475	2.9627001513643876	16.494949290609625	16869.11803531632
-0.20600395645155345	-3.755939733548921	-9.258015726002313	5.829243694747987	16587.447900914358
1.0103747928016844	1.3237558369913742	-2.684226066937782	-13.557453228591086	16705.321954881976
-1.2278969313251693	4.881739554442397	5.4085803454430845	-14.504497037427484	16826.417764333662
0.3361048021439643	-5.192493374648137	-0.5214973431659189	14.075682500067018	16849.361307808613
0.278622534321066	2.4678702969696147	4.999229160760109	18.097801658248912	16777.395725008108
-0.0005983321488258753	1.3193235832095738	-11.694934554995456	-8.914911058718658	16743.935095949793
-0.4302454893249532	-0.41673908637572765	-9.511370918773821	26.565779509534707	16737.703650887237
0.21161140685381952	7.642022643893583	9.005308705894578	-19.71393152152936	16640.720924711808
-0.8479600775206322	-2.7342002377391807	2.461291496611068	2.551115474000227	16646.138539219453
1.6213758459439376	-2.7780042712084594	-1.0628807411487742	2.6029310666593375	16748.460500346002
-1.0645498321031965	-0.6009480817754564	6.050637790500559	1.9949975717756274	17022.300966257448
-0.2358241027182828	-3.5460467428762428	0.170662765546993	-8.5744552632693	17075.358102039347
0.8921189913323389	6.667148058512424	4.796132646398064	5.0840109887489575	17088.873535562325
-0.922891474288484	3.9156423639194884	-2.5034698791056798	0	0
0.7646277696942363	-5.770064024420265	0.6183216558045928	0	0
-0.15159235266143867	0.7296378307084552	-8.661798968354873	0	0
-0.5945043681435962	3.940070529953779	1.5924528426138806	0	0
1.0131845146455447	-0.534659769006737	4.296637184964069	0	0
-1.0570176355492578	-0.7422906240791676	107.74490244261398	0	0
0.5751340125908584	1.7979085264140622	244.1580112638969	0	0
-0.09213601697803853	-1.7059013823276814	-77.965774774535	0	0
-0.04123935805846202	6.9542464753637745	10.122370987337433	0	0
-0.07851925520493808	-2.8970433775168303	-5.0859712536610004	0	0
-0.34423159681752935	-4.91821380546493	2.3314748418384283	0	0
0.4938176647957988	2.6379085413104377	-14.546554444708335	0	0
-0.31759330544205966	5.43839232064704	0.8843422235310641	0	0
0.4093649337633707	-7.761475251951076	-3.4920174467676617	0	0
-0.6715243725353588	4.838239314695045	-1.6627566887215721	0	0
0.41575406136932713	-3.5767113822357643	4.4710902836527	0	0
-0.6454755257153622	0.26984491603978	-2.027047614625303	0	0
1.3215844732145925	-1.1274824236621583	9.145635269311938	0	0
-1.1254978367050867	4.2501485142517765	-10.678198169679746	0	0
0.31934262029782445	1.3900662048151418	7.98127261049531	0	0
0.43227100616142167	7.455950583069033	-4.936784971181453	0	0
-1.5703762447094505	-3.213871168722072	-8.277437169158887	0	0
1.6647269599749563	-3.2540176509147543	1.0345735083692915	0	0
-0.9326173395026842	2.7699758316505267	2.3842517374667693	0	0
0.6603522311353842	0.5360478164001634	36.386701255008944	0	0
-1.7383900446294973	-5.965189841635343	-1.5697197415183979	0	0
2.577787383951822	4.807514830637935	-5.8677074723734535	0	0
-2.703280445960594	1.0416449046947633	9.37090333036194	0	0
2.4423631208945693	-4.547384427887387	-2.859181990992397	0	0
-1.061089379726262	-2.9038554124854414	1.4379731169903636	0	0
0.22262403886487192	-1.263934544147368	-7.082993645536277	0	0
-0.3051130925823955	-0.7087536885701908	6.8757170829828596	0	0
-0.03396402179128444	-0.2404042807297202	0	0	0
-0.4343964504426552	-2.3788207820340332	0	0	0
2.3247721797659935	1.2673662975223579	0	0	0
-2.9854410959881363	-4.002002919051499	0	0	0
2.885145590045191	3.2816831255857224	0	0	0
-3.19890280054598	-2.0110780506921913	0	0	0
2.1815345372415607	4.518843247244071	0	0	0
0.04685848459747888	1.452114022423146	0	0	0
-1.6771379627310523	-0.9654680581360751	0	0	0
1.6816898990873383	1.048820785443759	0	0	0
-1.087576114081358	-1.4563787581806906	0	0	0
0.3439188153754529	-1.564066735524996	0	0	0
0.3469729156736818	2.6969959964735537	0	0	0
-0.7198340448966221	0.10913657216627115	0	0	0
0.5580342344177964	40.41170390512039	0	0	0
-0.42838589205133815	170.0934640965796	0	0	0
0.9327799439940136	-73.20529894946999	0	0	0
-1.141993765941578	4.352701471656189	0	0	0
0.5415303235282636	0.4905881740856657	0	0	0
0.09763890570997802	-3.1380115215902364	0	0	0
-0.24745314671390872	0.9216333748308045	0	0	0
0.47140375773221876	-5.1105451694738235	0	0	0
-0.7725468786488676	3.397861631443547	0	0	0
1.0745718358336092	-1.2177839927205554	0	0	0
-1.5278093963784514	-3.1808424315651607	0	0	0
2.5305316026955325	-9.361797180729162	0	0	0
-2.8475138643460056	3.746145246332084	0	0	0
1.6664306204048742	-2.0416259459147383	0	0	0
0.08057522962111108	-2.6382479422999765	0	0	0
-1.0182750867079449	-3.81449027365246	0	0	0
0.4695136797102606	-0.5162656714506255	0	0	0
0.6097384091667095	1.8779594546224487	0	0	0
-0.3675233379209928	4.391493262214247	0	0	0
-1.244711335834019	3.337596041230988	0	0	0
2.239085873154366	-3.3763621538268396	0	0	0
-1.6014982138293874	-1.3608312921402046	0	0	0
0.8739225813201585	-1.50136429215501	0	0	0
-0.648612684357964	4.88321503075268	0	0	0
-0.21549061321103835	0.38121647623850663	0	0	0
0.9778273874143153	-1.0797173023296835	0	0	0
-0.8664861659998664	2.8262625755649395	0	0	0
0.023863525980061695	-1.8884181020635395	0	0	0
0.5437379912626028	2.098365080409515	0	0	0
-1.5412209278304587	2.4971544500381597	0	0	0
3.5460991458865934	-1.194261781141094	0	0	0
-3.7407631054792034	-5.1337974542180405	0	0	0
2.221760838702764	1.4833014042478752	0	0	0
-1.5340017081201793	-1.753445522186567	0	0	0
1.1051350321272437	0.9003711528858815	0	0	0
0.16726282076334087	-0.9666109073977509	0	0	0
-0.534142211754542	5.2785447314726355	0	0	0
0.3526805068597767	-12.10525126550609	0	0	0
-0.6854975202008902	-13.534291416329566	0	0	0
1.2571735542824456	1.1287233604630202	0	0	0
-2.0102134078106033	5.013459692166741	0	0	0
2.9432256473547724	-5.619679633772201	0	0	0
-2.6151117835195734	2.960963224682885	0	0	0
0.6484111814635156	2.8361372773516536	0	0	0
1.6189627355629455	4.533543753402228	0	0	0
-2.4398681879765647	-0.26422414200328603	0	0	0
1.8545707120212	-1.5079334426442657	0	0	0
-0.8894038447182169	-4.729382032156607	0	0	0
-0.012766290494937493	-1.899069052917028	0	0	0
1.3155902903992427	0	0	0	0
-1.3500892685125194	0	0	0	0
0.18448259273579737	0	0	0	0
0.840035091971842	0	0	0	0
-0.9959951707216064	0	0	0	0
0.8992626717564605	0	0	0	0
-0.5446591511758783	0	0	0	0
0.04254779735233427	0	0	0	0
0.20110638014566717	0	0	0	0
0.11032173181358473	0	0	0	0
-0.6458806176925407	0	0	0	0
0.36005153221993424	0	0	0	0
-0.4230320770823255	0	0	0	0
0.9807928496219631	0	0	0	0
-1.4638964293419576	0	0	0	0
1.2049390980371584	0	0	0	0
-0.45650014235266667	0	0	0	0
-0.03229680172717764	0	0	0	0
0.17172146499525098	0	0	0	0
0.1354370695993694	0	0	0	0
-0.5729082604628104	0	0	0	0
0.4386362842809177	0	0	0	0
0.3986042786693673	0	0	0	0
-0.7433766878028649	0	0	0	0
0.9093071137657063	0	0	0	0
-0.7046414962715133	0	0	0	0
0.9116149312840989	0	0	0	0
-1.2096266584092064	0	0	0	0
1.604868492758932	0	0	0	0
-1.1595185234331993	0	0	0	0
-0.38556736962659954	0	0	0	0
1.4014829650181397	0	0	0	0
7.769493041389538	0	0	0	0
-24.022827296547995	0	0	0	0
13.921566272064034	0	0	0	0
19.68172095380453	0	0	0	0
-27.233007295543615	0	0	0	0
9.792037771566768	0	0	0	0
-0.59036287107714	0	0	0	0
0.4770641737525878	0	0	0	0
-0.4923520389481624	0	0	0	0
0.17810564707229304	0	0	0	0
0.4005343955145335	0	0	0	0
-1.3758619653078057	0	0	0	0
2.160663200818348	0	0	0	0
-2.3951605288143867	0	0	0	0
2.5409535619060435	0	0	0	0
-3.004813662222247	0	0	0	0
3.119630847358742	0	0	0	0
-2.93616677921365	0	0	0	0
2.380557506209257	0	0	0	0
-1.7204438922596879	0	0	0	0
0.8169968931935756	0	0	0	0
0.6417707320552495	0	0	0	0
-1.1288012738509963	0	0	0	0
-0.1175323214909696	0	0	0	0
1.3959444076705765	0	0	0	0
-0.8975072670866382	0	0	0	0
0.27488814001353035	0	0	0	0
-0.18103320005550927	0	0	0	0
-0.39175674871129473	0	0	0	0
1.3261668775108362	0	0	0	0
-1.3139635273479868	0	0	0	0
0.621781564687943	0	0	0	0
-0.8454431292695759	0	0	0	0
1.2760694170297597	0	0	0	0
-1.3480481027342819	0	0	0	0
1.3909675570809483	0	0	0	0
-1.6382676233799387	0	0	0	0
1.6298510786266647	0	0	0	0
-1.213862999159943	0	0	0	0
1.1497281620278912	0	0	0	0
-1.15415338034812	0	0	0	0
0.4520053604890464	0	0	0	0
0.2147857496564285	0	0	0	0
-0.30272301217170394	0	0	0	0
0.5599693514289612	0	0	0	0
-1.2039359327888164	0	0	0	0
1.0899395552919415	0	0	0	0
-0.07464344157296665	0	0	0	0
-0.08883565621192702	0	0	0	0
-0.026936120804670338	0	0	0	0
0.12248421854175717	0	0	0	0
-0.843352825093767	0	0	0	0
1.4142701477908588	0	0	0	0
-0.7657807134959853	0	0	0	0
0.23745718613371025	0	0	0	0
-0.2882112021883785	0	0	0	0
0.7452582950766953	0	0	0	0
-0.9083157522157919	0	0	0	0
0.4961450882014091	0	0	0	0
-0.13179243276339037	0	0	0	0
-0.49803803273893266	0	0	0	0
0.9921630759852391	0	0	0	0
-0.2278189114937561	0	0	0	0
-1.2177277587617041	0	0	0	0
1.6874669769306863	0	0	0	0
-1.667567608315153	0	0	0	0
2.797911426993295	0	0	0	0
-3.5232355939160485	0	0	0	0
3.4000524730895236	0	0	0	0
-2.680325040056175	0	0	0	0
2.2236986448586222	0	0	0	0
-2.0951661587419963	0	0	0	0
2.611724942783212	0	0	0	0
-2.1422316227183344	0	0	0	0
-0.46234190023083244	0	0	0	0
3.02416927770755	0	0	0	0
-1.6521270758117979	0	0	0	0
-1.4282735537183555	0	0	0	0
1.547368863304115	0	0	0	0
-0.5485215341634344	0	0	0	0
1.1512043792524977	0	0	0	0
-0.8530949211807268	0	0	0	0
0.04992973055023242	0	0	0	0
-0.5007960878516968	0	0	0	0
1.5143629395078833	0	0	0	0
-1.6723380566713786	0	0	0	0
1.5046040168698482	0	0	0	0
-1.131722217101995	0	0	0	0
0.9844844498449206	0	0	0	0
-0.4420808753619738	0	0	0	0
0.27650726845586604	0	0	0	0
0.15953970601210443	0	0	0	0
-0.491436957727565	0	0	0	0
0.3959918054237477	0	0	0	0
