-0.09768231023606688	-1.5545733508027197	6.246608463598349	-0.2409356013673687	16948.06338809199
0.18107508710303932	-4.206284237962265	19.674775834169708	-2.0358159245001843	16948.333202541216
0.9303067055619394	2.9864767794450273	-9.230353950765931	-12.799406572192197	16944.99396279382
-0.6737668129589522	-3.2426885082399366	-0.866121615136052	-16.789459535113807	16948.700224450524
0.24147145029276373	1.2347638345430951	13.96220815392195	2.2028734647009287	16945.37230911528
-0.9428927083534688	-8.355821664189072	-24.5526512026166	8.353558806764099	16955.486735762326
0.4267182650425241	4.965563263835328	-0.7853660063278198	-29.68569594327124	16920.89782195975
0.3024827081535122	-10.16289652774661	5.116705638241015	10.816433406067816	16905.001195986137
-0.4825029534514087	14.00301663731473	-17.080645386455075	-2.570043930237958	16819.401565704007
1.969548933481967	0.944119722474376	5.872915514529339	34.332297184419886	17044.67887924825
-2.9190276334221537	-4.683052371243875	-2.2975853760787714	-38.23938198162321	16950.66398411802
2.3304538708214295	4.846283278335015	-1.475909147837001	8.492508376900574	16963.23981256683
-2.7196353976184398	-1.3041381313200446	-29.420882718932774	-17.800156849399073	16936.804354098058
3.2876776133917573	4.441849564661183	4.025651186201387	-16.979368998113145	17043.655396005583
-1.6038526234921946	6.469939518040611	8.07866342221024	0.029296252886467755	17073.780405697533
-1.5206292075845411	-1.73660276221419	28.769901857981623	13.87102124785983	17111.290737422543
2.7929573074333334	-2.322871100959084	-29.58469884340913	15.078306406380449	17105.032392332654
-1.8513457163927	0.14790033144380743	18.13560723234447	5.265773149894443	17097.613642905977
0.5236990026208801	12.346968249076639	5.5431357480121335	9.875249324228747	16981.4854240278
0.4058008849168786	12.874534909362644	-5.547831074119145	3.5874611129578966	16850.66573226963
-1.1925599094977244	1.8494242022919138	-7.9695823449665255	-12.321310651088666	16804.17901657458
1.1270440204853287	15.867518874767327	-16.34528437408116	-15.327564842297377	16807.26656641054
0.1656700538800422	-0.8095449913237047	17.072018471519968	-4.2919311827362066	16795.81120055243
0.18003979998802322	9.221922133151054	4.956703068222751	-15.76916984382153	16778.0712906083
-1.96183312348343	-18.58273458980875	-24.243826717146717	5.216308609239647	16910.20568309885
1.7028302561401603	14.341089467179842	-1.2504529445448043	-21.01656537097402	17000.864788693005
-0.25280248021132934	-5.904618948020328	-10.567649867595563	18.872628660917727	16977.863303593862
1.721220925145218	7.728749803864524	-7.5460390748954325	-33.782429281860644	17007.01841206569
-4.258321564310364	10.107733519946024	15.318749298677474	6.39548476552703	17077.67497711499
5.214043066674911	-9.017038649243005	-7.8141977500997655	15.66005315937511	16989.14112826043
-6.1700642837696265	-4.564408688575178	2.740146799227986	-13.219640929822674	16877.497761662147
7.04684711842814	4.716787025083278	2.8978389840729193	-88.62085898296293	16821.90287926118
-5.79780669184445	-5.803998990486036	-29.087440395208375	12.999711364537092	16802.051204644373
4.200273802517977	-3.43796387187804	12.263012664968059	-9.503122310078155	16731.27404657069
-3.921028036887016	16.223031803085064	-6.9814128616048805	-4.520281215106024	16646.059693355463
4.519289005855072	-4.261886035474291	6.21098653514882	-1.0804790830084698	16581.062423603005
-4.037478229866387	5.17823668498437	-16.17546427114577	8.727245673898082	16648.32163609136
3.485787826038802	-2.4402466114201573	7.691335745906613	3.566790377218524	16672.096676170815
-4.221302788756262	5.426839365947011	0.576913378413181	0	0
3.9412373166560997	-4.331106373360214	1.9834748069317953	0	0
-1.728195744197933	1.4284652460604121	13.216931381516574	0	0
-0.5749476369163915	-1.5236417361857804	-44.080855883203284	0	0
1.7298828792717629	1.1521349003445351	2.628745560951046	0	0
-2.0786525467910337	-4.997362872090072	4.493288703909656	0	0
2.8678928454707417	1.5878834669827526	-12.137327625849252	0	0
-3.7457526593905612	0.06497411127676855	-3.8387297862281144	0	0
2.603650163168055	7.652203727792397	10.634013773370782	0	0
-0.04313354936735436	5.554514300789705	10.566037506483312	0	0
-1.364580147463812	-7.587079136133497	-1.481514078606196	0	0
1.0348286783870364	-2.1807474828767184	-0.34497078891047295	0	0
-0.8933344935110625	3.8323493511777116	-9.066196538800611	0	0
1.2520558375416115	7.241904121929636	-24.17564660321871	0	0
-0.5532675886064382	-14.18434200506303	8.505714412424624	0	0
-0.60742101249852	3.7363389280523904	-14.704346604240925	0	0
2.673203277507362	-8.6103217449417	-9.645570242642464	0	0
-4.6018498249241375	11.347498015312297	0.0909422736155534	0	0
4.4883097252971	0.5392306060591494	10.33618904930701	0	0
-3.660929004501085	-7.174185459384113	-9.760707953254425	0	0
1.484741691471264	-0.6661487699932991	15.26696612671995	0	0
2.0525653903417336	2.765938615419131	-1.5462552763542732	0	0
-2.515426809094116	-7.080712699851787	-21.2897676268623	0	0
1.3182436569449862	-5.276611503459698	-12.155712729729274	0	0
-1.9742550429132208	-0.48375156590667956	-1.669909937393939	0	0
2.1750637525293612	0.16618060777349797	-4.3299573939553255	0	0
-2.374815807307023	0.6392804804829382	21.044713678318672	0	0
4.344729528893204	-0.6855214495628275	-24.887942873239254	0	0
-4.996661269590618	8.495525291516572	7.3692830124300315	0	0
2.950750984457194	4.331279857222832	-2.320801021925149	0	0
-2.016805552426689	-7.403978064223367	18.466745073675696	0	0
2.4514669040453185	-0.09881954290090533	-25.394341297196434	0	0
-1.5380806436488683	5.0013059552280765	0	0	0
-0.7327984946126023	-8.392107344257589	0	0	0
0.9221751400372185	-3.486724922602278	0	0	0
-0.6482044260208255	3.6935491374735108	0	0	0
2.3835641267712475	4.802998153439788	0	0	0
-3.2929616252943177	-5.0559465148137335	0	0	0
1.6301540572737494	3.427701066968325	0	0	0
-1.4746813559910947	3.9797556951018507	0	0	0
3.116569050033405	-1.6339473362703743	0	0	0
-2.505042067121167	0.687626267215407	0	0	0
0.7236185369723671	-8.073895827581111	0	0	0
-0.26963579939720717	7.265804722523114	0	0	0
0.14913590702156654	-4.229966333189424	0	0	0
0.38726494690333624	0.7865449648329488	0	0	0
-1.0975278650961826	-4.383211065855242	0	0	0
1.8522656116807923	-3.0591602463863126	0	0	0
-3.2070915661171995	5.137681432268707	0	0	0
3.75751516818125	-0.5842818243999233	0	0	0
-2.9996257461028293	0.3254097190094143	0	0	0
1.4020058553158563	-5.841014999913064	0	0	0
-0.27910710247250137	-2.2782485399063503	0	0	0
-0.3081884781166764	-1.3196065216840651	0	0	0
1.6274997256680308	3.685768678334462	0	0	0
-3.03727218909129	2.3760463302921124	0	0	0
2.690727412656358	0.667604715977113	0	0	0
-1.3079973405815437	1.4472054280975115	0	0	0
-0.8176291714921717	2.1521510924954583	0	0	0
2.9335638565381217	7.960189351165454	0	0	0
-3.568182239401999	-2.4473287030103705	0	0	0
2.6683300208343184	-2.456843296623063	0	0	0
-1.7172475705361236	-0.37830906768498096	0	0	0
0.13783544804817893	5.817869809529547	0	0	0
0.736132537266883	-0.8802139017759245	0	0	0
0.3681715848978797	2.282617672119244	0	0	0
-0.8977408349301257	1.890385896161284	0	0	0
0.6175539831980217	-4.344907662966591	0	0	0
-1.1555111991905918	-1.0771711603862641	0	0	0
2.459600952782182	6.096929031258767	0	0	0
-2.654836216598852	-6.477917267784441	0	0	0
1.0953076727813382	-2.387359397533828	0	0	0
-0.1239991872143662	4.806541870441151	0	0	0
1.468100809426005	-6.845932283773955	0	0	0
-2.619158445261725	3.3528519180860314	0	0	0
1.850206567123287	-7.229933305760767	0	0	0
-1.6540617398227582	2.3623143337295502	0	0	0
0.5518232370459302	-9.913725325204126	0	0	0
2.0645257216604165	11.751649577719881	0	0	0
-2.9447981152844633	-2.4297005118585133	0	0	0
1.2862245781705326	11.02606033666622	0	0	0
0.8201716440632225	-17.194128384127914	0	0	0
-2.462886757100705	13.187524401727067	0	0	0
2.528938187886226	-0.917742660718325	0	0	0
-1.6826563934163374	-3.233249539755626	0	0	0
0.9215307656646203	9.978366601250073	0	0	0
-1.2323219554031297	-17.683999656606325	0	0	0
1.5382305101372395	9.339041235561204	0	0	0
-0.7251566476620681	6.3217012092097775	0	0	0
-0.759279779466226	0.34740150776708134	0	0	0
0.43778635203429417	-1.4365358957359575	0	0	0
0.02976026934425846	3.7038575776254277	0	0	0
0.9045795285604257	-4.27981774139964	0	0	0
-1.5602044809072098	2.92562827959577	0	0	0
1.157779660743138	-3.9507282051166612	0	0	0
-0.8694020496266148	0	0	0	0
0.4098589263180017	0	0	0	0
1.5254717448351442	0	0	0	0
-2.9431026329085768	0	0	0	0
0.7419310334447928	0	0	0	0
2.2676429702203933	0	0	0	0
-2.4577296553611134	0	0	0	0
2.050271199013885	0	0	0	0
-1.4198603449128981	0	0	0	0
-0.575387698493742	0	0	0	0
1.5948388654197103	0	0	0	0
-0.49800537506762765	0	0	0	0
-0.07957033237430267	0	0	0	0
0.3616788992821043	0	0	0	0
-1.5520116200026308	0	0	0	0
2.0846764234033373	0	0	0	0
-0.4642617636743367	0	0	0	0
-1.087057291056702	0	0	0	0
0.0505881110419395	0	0	0	0
1.3300411572099549	0	0	0	0
-0.4777088600650501	0	0	0	0
0.2224757880488184	0	0	0	0
-0.695277852440455	0	0	0	0
-0.7295030504094697	0	0	0	0
-0.09763054665803139	0	0	0	0
1.6544690137078533	0	0	0	0
0.7024874496528213	0	0	0	0
-3.0173704592317065	0	0	0	0
0.5948492478413314	0	0	0	0
1.4425591758920078	0	0	0	0
-0.29027010402040787	0	0	0	0
-0.34174265057352926	0	0	0	0
-0.7549149403222515	0	0	0	0
1.1094375882677738	0	0	0	0
-0.583502805067134	0	0	0	0
0.7523900539531994	0	0	0	0
-1.5325046780372062	0	0	0	0
1.2929693929032169	0	0	0	0
-0.776544431842801	0	0	0	0
0.9496775747017665	0	0	0	0
-1.4445494243156176	0	0	0	0
1.8211088418026975	0	0	0	0
-2.4535871725454257	0	0	0	0
2.409127388334497	0	0	0	0
-0.6906921262386447	0	0	0	0
-0.42479914261186025	0	0	0	0
-0.7240755822476288	0	0	0	0
0.8052779506604892	0	0	0	0
1.3553646826169086	0	0	0	0
-2.212797615254267	0	0	0	0
0.985541287377977	0	0	0	0
-0.36771326483822264	0	0	0	0
0.7512647866195863	0	0	0	0
-0.33035675890424443	0	0	0	0
0.6299537688450414	0	0	0	0
-1.1759285214064903	0	0	0	0
-0.11278536721342647	0	0	0	0
1.1388546846670664	0	0	0	0
-0.28565664262038126	0	0	0	0
0.27339312911752245	0	0	0	0
-2.1800638840792885	0	0	0	0
2.822093614081915	0	0	0	0
-1.6188042156888898	0	0	0	0
1.2224376359322662	0	0	0	0
-2.3595534055706224	0	0	0	0
2.035322996584469	0	0	0	0
-0.40535992931337006	0	0	0	0
0.050700076975097375	0	0	0	0
-0.42245217929429657	0	0	0	0
-0.24869399198672681	0	0	0	0
0.48188523990754817	0	0	0	0
-1.1778534376718213	0	0	0	0
1.6511458459655586	0	0	0	0
-0.046325925345094277	0	0	0	0
-1.14134938811155	0	0	0	0
0.49663473381938417	0	0	0	0
0.1897440821058325	0	0	0	0
0.2711678696085258	0	0	0	0
0.392577764506143	0	0	0	0
-1.2961788168783244	0	0	0	0
-0.17576291498397012	0	0	0	0
2.0779418422541696	0	0	0	0
-1.6276840873374638	0	0	0	0
0.2451338834827297	0	0	0	0
0.05357656540261502	0	0	0	0
0.49475299454024935	0	0	0	0
-0.330581274685386	0	0	0	0
-0.06239492561336846	0	0	0	0
0.3817918752689522	0	0	0	0
-1.2752232068541005	0	0	0	0
2.0455362516900877	0	0	0	0
-1.5021870020826569	0	0	0	0
1.4542208154762832	0	0	0	0
-0.8948031617238072	0	0	0	0
-0.8185744520314131	0	0	0	0
1.2397123184282108	0	0	0	0
0.2727240666040345	0	0	0	0
-0.9739242465406193	0	0	0	0
-1.104016386061673	0	0	0	0
1.7905270257465347	0	0	0	0
-0.9549154747552606	0	0	0	0
2.803673029008415	0	0	0	0
-1.6012920598646616	0	0	0	0
-5.286029266469271	0	0	0	0
8.997145481522779	0	0	0	0
-6.352978779541473	0	0	0	0
2.7809293997270714	0	0	0	0
-1.4310291769163683	0	0	0	0
1.1598923772973393	0	0	0	0
-2.0820740857614837	0	0	0	0
4.012172759428431	0	0	0	0
-3.254346426962236	0	0	0	0
0.02367035263806372	0	0	0	0
0.7313955715338665	0	0	0	0
0.959506761180613	0	0	0	0
0.2903418671368101	0	0	0	0
-2.3011926206770994	0	0	0	0
2.2064464198016864	0	0	0	0
-1.619108193321857	0	0	0	0
1.5573990997571556	0	0	0	0
-0.9850986746733597	0	0	0	0
-0.3029492030043599	0	0	0	0
-0.01397681529975614	0	0	0	0
-0.27148503779786637	0	0	0	0
0.04820343414896655	0	0	0	0
1.1012273619045558	0	0	0	0
