0.4716069717849791	-4.766400106804667	4.5815467814267095	0.02168759872336068	16690.840607549995
-0.24625663153174315	-14.297237718291157	15.295679252704844	0.2939863319165852	16694.531089974273
-4.2518151514062765	9.739929464779507	6.799046247089606	10.930164185958702	16690.267270702003
3.211385826643486	-7.017472767278058	-16.6471497977835	15.547503827679535	16691.36091485418
-2.0426859019847683	8.306308728647878	-2.1586829305667266	-25.433716340397126	16697.296879219208
1.4357257615121028	-1.4781124654632052	-27.519538978460062	36.542385608780776	16680.62652914584
0.2052408646504844	1.0875920621223258	46.818735510404636	-33.01229781717555	16622.69840747439
-0.4475487657228925	-14.923794976646057	-15.038821004999448	38.67240195401372	17175.23377864325
-0.584202318929556	6.312146719814123	-0.6314104419585789	-40.98143340715444	17477.013318703768
-0.30581882775197045	7.933478500382691	3.124829562090369	36.66899187818845	17241.73249109082
1.911433391259152	-11.157272033112015	12.74357371892863	9.99708056989627	17121.122862793593
-1.9487135043657986	4.536231666808902	-2.315735123469892	48.05590330239717	16982.62971672384
-0.4474057445479147	3.9609083102120692	12.885858489661345	-11.281165033952476	16759.402060699525
2.1460881242969663	-7.572235660357869	11.069371491340362	43.336499865047514	16788.079242519954
-1.40474309767405	12.613960197355283	4.078459473570376	30.48898862210322	16884.958261734697
-0.4925855335193674	-12.288161696804679	-10.519389838433568	-47.60396637105447	16839.129539032892
3.1787888065683774	3.426847419192086	27.296721325887432	-35.3159347043712	16771.218114661824
-3.920409030608994	-4.55819983030203	-10.846127009020464	-17.351533305923738	16750.35492997724
1.540494507713234	1.98789551256462	-3.1548746190125314	-15.59185652826001	16773.556559694473
0.38004166401376693	7.9503339635646455	4.587743578815051	20.998978578354993	16938.63378322596
-1.073169680480163	-2.1801305748833357	-24.401908341244706	33.001264094935195	16983.014409532057
1.0445669074095179	-3.631969552956349	12.67963525037753	14.441145782417223	16869.103364997507
-0.5205659692994757	2.4441274147386167	-13.068884879084706	43.27362364263492	16881.561810955493
0.4266673407965058	-21.151193713089015	14.39136880089822	-20.697588054128758	16803.76390825527
-2.236516991845214	-9.955733490039947	19.622685663418267	3.395414922744095	16887.019155868016
3.455114443710663	-12.36399135108681	-0.24523415761574086	-36.074944966768385	17027.884397093887
-2.0458154200082603	-7.510288989825455	6.3198673342559175	-27.353183553207757	16990.90879032128
-0.27498777221989457	-19.019520659947098	19.26076283823285	-34.663532655053615	16893.19950589165
0.5823403770327573	-19.98385515735427	-29.3328116127971	2.6627439051825093	16826.168176304647
0.6748779523334107	-6.301266014957854	-12.406172973873709	-14.667488256706648	16738.742913158403
-0.19807346935095893	5.885111272003542	10.249249141517382	1.9538816061857176	16851.0570232629
-2.8256392618688437	-8.071112195772038	-13.439872938724037	-18.472859532780646	16848.153442360992
6.03678439026384	14.015648004419397	-2.9942328312679365	-12.679579554596529	16700.66518648391
-6.858455056920029	-5.156417118025168	-46.1760890215747	0.29335291051644674	16713.835768326047
6.051505466705166	1.5979672693095708	30.499753990115735	-14.272760737272733	16699.475548585557
-6.209127440282785	5.852511676991924	-11.931441197518254	0.873692893104959	16753.07578252493
7.1604419562485475	9.04133526730606	-3.5968175824391153	14.60785129207838	16947.252687366978
-7.072007428721129	-0.5619202660537752	28.021907082795934	-0.2842243755390683	16981.314178756234
6.323850359334251	3.6918735683729764	31.044353355753145	0	0
-4.336215901795633	-1.0788074046738672	14.424894760592053	0	0
1.7904370871874207	16.45973699618549	-13.342677504170027	0	0
-0.014351587862151405	-3.2510860917970845	3.8280181685852313	0	0
-0.7109291944494203	2.7030092302939224	-34.110273781617735	0	0
0.9918850863911572	-2.2422344661657974	-6.731772821992237	0	0
-3.0062717683672417	1.3010075546262811	-9.310275682458709	0	0
6.567075351532118	13.957265646704748	0.2627401260463671	0	0
-7.891312762343254	-8.994645283055625	-1.3558606873644692	0	0
4.482851883223411	-2.6118139724683616	4.1931958265082585	0	0
-0.26892677463117565	-1.7670977874243476	21.281369785382182	0	0
-0.9964343154414692	-14.779012163040157	-22.423063350579525	0	0
1.3007959796389414	3.1082690417848227	-31.996705281425818	0	0
-1.2607844277535207	9.216754650740889	-9.08044377855363	0	0
0.08854569500019238	11.64660495368728	15.918383811651708	0	0
0.8735233074357538	-8.085808174500869	11.863606782399444	0	0
-1.8544300493859893	14.48520810598361	-3.671475060960205	0	0
3.1984578610138072	-9.699670027603602	20.236967291713768	0	0
-3.3385562289674695	-3.2027865690627877	-5.031508579897604	0	0
3.019393911289086	5.810671563282128	13.991442489711545	0	0
-1.9607207733553977	12.809318702023248	-4.242561049264026	0	0
-0.7246944056951392	-30.302613501416516	-12.571933031629996	0	0
1.4294430667311033	18.461092749596787	-3.5230666612228276	0	0
0.20426120271582704	-17.11393548926346	-1.4706155544117507	0	0
-0.09873734109525856	4.741227100674266	37.30891134587954	0	0
-0.9374592455304267	-8.18264082333161	-28.46091771722199	0	0
0.08841427161291904	-10.551283767891995	23.746826856129616	0	0
0.9774218031360888	18.910401410386527	-6.005288408755661	0	0
-1.4558070127129241	-4.973459588474483	1.024345601429843	0	0
1.678804560108155	-1.5012432457395448	0.17969297038141008	0	0
-0.6929129282511894	-9.59946554371583	-2.20802918052172	0	0
-0.794307759211037	-0.7119600439992055	-14.852871400056912	0	0
3.0440300806540037	-6.838465268841141	0	0	0
-3.8821106670328263	-6.105535031255982	0	0	0
3.1919633616922667	2.2411256324546684	0	0	0
-3.569506593538428	-1.2319466588980745	0	0	0
4.880016703420942	1.889279877419959	0	0	0
-4.486101667433047	1.2868931768783014	0	0	0
2.471272088590517	-3.537012849764835	0	0	0
-0.7852554305371413	-1.685341965143195	0	0	0
0.7750969675574666	10.302332204512766	0	0	0
-0.9666266801741727	-1.680496136126905	0	0	0
-0.08163328813226656	7.222728759474883	0	0	0
1.5578636600067526	-2.28615509071809	0	0	0
-1.9497320620442622	-3.4717672684321954	0	0	0
1.5484518414192223	2.6820879489204117	0	0	0
-1.0650565194783255	16.354292279447627	0	0	0
1.463196371055723	5.420250887466274	0	0	0
-1.6547478113588525	-3.6648394770882575	0	0	0
0.30083809620762025	0.7760573007200335	0	0	0
2.53337803749087	-9.981306982508976	0	0	0
-3.3644352590197713	12.25845492869395	0	0	0
0.6762709472763717	-3.4933954919008485	0	0	0
0.5920571833235186	-1.3565590774738325	0	0	0
-0.18631132196293265	0.5844314361487193	0	0	0
0.5780748483579288	13.672881839637235	0	0	0
-0.4404905383885591	-18.484014331137004	0	0	0
0.9343404528964285	-0.8064296881536137	0	0	0
-4.30238602536749	15.339413227400456	0	0	0
8.326151778332289	-23.834594476174132	0	0	0
-11.075658792463969	23.051692483415586	0	0	0
11.132089491939922	-1.0885943290932758	0	0	0
-8.942967637861393	5.680436360361654	0	0	0
7.712781342786364	-11.334075988028516	0	0	0
-5.846690177786499	-5.87176319436859	0	0	0
3.039211052003921	2.741776838498879	0	0	0
-2.426828903719361	-7.728314391208471	0	0	0
1.787295992779569	-1.0369201173734766	0	0	0
2.182267893854778	-2.140772677966588	0	0	0
-4.4618408033938195	-9.216339536524579	0	0	0
3.901201312482229	-12.436124474267636	0	0	0
-4.054524831937577	-2.517388236839352	0	0	0
4.07543206289796	-1.7094484631459181	0	0	0
-2.8639799394756693	-2.5105350316294377	0	0	0
2.3082627486888256	-1.1747156201952365	0	0	0
-3.5720478823843607	0.015627810201443992	0	0	0
7.007770755421596	2.1973139950085994	0	0	0
-8.088356738023407	-7.26849610863632	0	0	0
3.131419173760861	-1.0944788353596735	0	0	0
1.8180101270899627	18.105752159903716	0	0	0
-1.330781481593867	-3.300872012176619	0	0	0
-1.4750996481320016	3.832671179194797	0	0	0
1.7197318924080065	-14.17464532374828	0	0	0
-0.022683078204408957	25.33320573035347	0	0	0
0.24357654391928207	-1.147433316611803	0	0	0
-0.412498591591131	-10.339554134285642	0	0	0
-0.14676644052376986	16.40397290124225	0	0	0
-1.3561433323675374	-0.2779412194036439	0	0	0
1.4507615473490674	1.0208977918572586	0	0	0
1.411795571933439	5.365298614838828	0	0	0
-2.002024989800134	-2.5292446207323067	0	0	0
0.4890422826304217	9.792901300446431	0	0	0
-0.43627663691095364	-12.010654987658278	0	0	0
0.19222403416245726	5.077931759275167	0	0	0
0.9940246006337361	-8.227032398649989	0	0	0
-1.6665069004336885	0	0	0	0
1.4275799414636836	0	0	0	0
0.34907686178484454	0	0	0	0
-1.8939885110691819	0	0	0	0
1.0190393669491797	0	0	0	0
0.28410510180686543	0	0	0	0
-1.0330328024958675	0	0	0	0
1.3136255471204237	0	0	0	0
0.619492852718615	0	0	0	0
-2.769700562727806	0	0	0	0
1.5949377977233112	0	0	0	0
0.10490827746356501	0	0	0	0
1.5996465551632042	0	0	0	0
-3.7301651809751633	0	0	0	0
0.7202308010715797	0	0	0	0
3.645015867658543	0	0	0	0
-3.0384850244404475	0	0	0	0
0.5656333648853575	0	0	0	0
0.6445632650193573	0	0	0	0
-1.5081495558847564	0	0	0	0
1.1309705286075342	0	0	0	0
0.6338685896797855	0	0	0	0
-1.4594129316755513	0	0	0	0
0.6674683207645771	0	0	0	0
0.5523518505721725	0	0	0	0
-0.2642041344901216	0	0	0	0
0.02665255964238611	0	0	0	0
-0.4586602175060719	0	0	0	0
-1.1302619340802735	0	0	0	0
2.749025373110719	0	0	0	0
-1.0927106524139205	0	0	0	0
-1.4153404250161543	0	0	0	0
0.9053509245286833	0	0	0	0
1.8610625931162161	0	0	0	0
-3.125301984422933	0	0	0	0
2.808742125040041	0	0	0	0
-2.5032837915069592	0	0	0	0
1.2346931852011807	0	0	0	0
0.9448380585008422	0	0	0	0
-1.801470626627932	0	0	0	0
2.299076229920871	0	0	0	0
-3.8391495608206725	0	0	0	0
5.279156655368247	0	0	0	0
-4.87873394352706	0	0	0	0
2.9436362817649737	0	0	0	0
-1.9888004024186188	0	0	0	0
2.063072387877554	0	0	0	0
-2.0060309001434575	0	0	0	0
1.4567024865271634	0	0	0	0
-1.7956464441529505	0	0	0	0
0.19676213916761043	0	0	0	0
3.8276878529730993	0	0	0	0
-4.83107272118135	0	0	0	0
2.4217238689019567	0	0	0	0
1.410255782133703	0	0	0	0
-4.495147702556224	0	0	0	0
3.6808762914178033	0	0	0	0
1.0285365682118197	0	0	0	0
-2.674166395785477	0	0	0	0
-1.6041109961749243	0	0	0	0
4.877049815110219	0	0	0	0
-2.9681833418057053	0	0	0	0
1.7895280746673805	0	0	0	0
-2.577007158751961	0	0	0	0
0.9765578053884028	0	0	0	0
1.6718660396627811	0	0	0	0
-2.9790504639091893	0	0	0	0
2.755182967784471	0	0	0	0
-0.49776785063431817	0	0	0	0
-1.7534559106191523	0	0	0	0
1.8088463187546822	0	0	0	0
-0.6304499647559538	0	0	0	0
0.35328383583985357	0	0	0	0
-1.7083793824375988	0	0	0	0
2.156962065472115	0	0	0	0
-1.4136525517534082	0	0	0	0
0.48245120324430246	0	0	0	0
0.47246902095006504	0	0	0	0
-2.5073547622986467	0	0	0	0
3.8626969261392077	0	0	0	0
-2.9571717856668727	0	0	0	0
0.4485197699159684	0	0	0	0
0.986285172589966	0	0	0	0
-1.07490545318786	0	0	0	0
1.2593441421767224	0	0	0	0
-0.5511967886033062	0	0	0	0
-0.7939662292013594	0	0	0	0
1.5123414104872808	0	0	0	0
-0.9793164378082153	0	0	0	0
-0.3710749536380291	0	0	0	0
0.2806756344292367	0	0	0	0
0.4699091119143688	0	0	0	0
-1.2169074639157458	0	0	0	0
2.2254033397237336	0	0	0	0
-2.1095595492715233	0	0	0	0
0.8344199572097963	0	0	0	0
0.2712157373579629	0	0	0	0
-1.3104846458072856	0	0	0	0
1.9896635022924016	0	0	0	0
-0.8606835303501228	0	0	0	0
-1.369370387642526	0	0	0	0
2.1752181208966377	0	0	0	0
-1.664389870313272	0	0	0	0
2.1362021237676174	0	0	0	0
-2.9139692555388947	0	0	0	0
0.5429852581422381	0	0	0	0
1.523108489072598	0	0	0	0
0.4591848649782051	0	0	0	0
-2.1513496265127188	0	0	0	0
1.7855766173387622	0	0	0	0
-1.2868420759341461	0	0	0	0
-0.9842647874826014	0	0	0	0
2.679236365554715	0	0	0	0
-1.1956658642864397	0	0	0	0
-1.0816922114307488	0	0	0	0
1.8516537920195546	0	0	0	0
-0.8296183598653784	0	0	0	0
-1.0582277826381485	0	0	0	0
1.550011181002155	0	0	0	0
-0.8621211566438944	0	0	0	0
0.9230382580630234	0	0	0	0
-1.8772040419688878	0	0	0	0
0.8668648390100415	0	0	0	0
-0.16443182642994003	0	0	0	0
-0.5257930031336429	0	0	0	0
2.3563926053225046	0	0	0	0
