0.4659169593778856	-0.8412146065097943	5.78159766171197	-0.7014777530172864	16883.59295914195
-0.6248709991322414	-1.2410733380496453	18.891630662080374	-2.452756371081918	16885.6789240311
0.6517696658001668	12.64842756674161	5.355547001646798	-0.4265086703158687	16880.92189482493
-1.726298125179241	-10.181197397014365	11.619510223283555	-26.197172360283915	16882.801566576156
0.21659054131494315	9.951465199145765	8.080640823308826	-8.100955242427673	16892.222039727134
3.2703335016241653	3.045111589324769	9.633368320727485	4.424165971474551	16858.353712110136
-4.705796310637361	-1.21332219635962	-16.283379706455378	-11.790147072505917	16851.464434905116
3.252088323798766	2.138320190610443	20.129164089080064	54.242152730374855	16894.952872947193
-2.0871512612415586	-0.7289226897279875	-17.423063425795604	-36.75993181265035	16964.375588350325
2.9339234231071387	-11.39603340129991	-4.081615679008351	14.365641071068254	16770.684598426582
-4.111853861502652	-4.077613564435126	0.2671769405384623	-13.572791798610751	16757.742961864777
4.485577413563725	-0.3007343981771555	16.054492223190294	4.467786078340069	16757.247634452575
-3.697053211726427	-0.7765772033578529	3.5189797046337645	-47.23762696997852	16771.82628837341
2.1260010277265167	-1.2750920694291779	-3.448530305199043	20.265107174728726	16787.735185896825
-0.9873825822258908	1.6050859606248196	10.678768995947365	-4.500542786083457	16813.13970678004
-0.017979472073967884	-3.1335794034441093	15.731530933168614	37.08679842133985	17059.338342977444
0.7721101852648147	-3.1635643868225714	-1.630334638633741	-5.752085164490495	17081.611842727467
-0.930907688212578	6.685218031094088	-5.308960390944009	30.01991390935291	17053.259760702043
0.9395064274446554	1.1921230737155426	-4.287382211845909	-21.935306436057374	17072.85407937732
-0.8805666950788762	-1.4304886956223868	11.963404086037286	19.86286719340174	17046.270482542946
1.4389199334447014	4.239626668774626	-8.406450318069972	-12.438024934269606	17092.915963889576
-1.3195400642548876	2.5374253761393675	12.486103579962332	15.69174886432235	17043.794910145483
0.8117130605674348	-0.8769121469027041	6.350949652214567	-10.375515810526196	16971.343956935485
-1.8123738224031882	16.099177481703947	-7.573080566862444	-23.425501390085245	16972.51912506244
2.7200849157787914	-1.5177835238951545	2.5016530447482808	3.4857194732239662	16970.6407470815
-2.19648096746738	-3.477079015824742	6.8013582716274925	1.1560813488095079	16901.048646244744
1.369581551097042	10.198259951402804	-7.357827078857525	-10.64674012013164	16836.83267615447
0.20183817089043998	-3.885109493534074	-0.4053882415773131	1.723807909776582	16821.30248650654
-2.167151450910467	-2.652828316639976	16.195428336044273	24.907953085887286	16827.556149741347
2.449998268083604	-2.373126415399504	-7.922979335887334	-9.573121872467567	16826.325612584995
-1.3630317374343974	2.230033244129139	-4.911320247942314	11.05017542919552	16941.588483450265
0.5659364976724177	-2.016067376393444	-3.0208065111226006	-3.4920457827827533	17055.7198106114
-0.06949011409188444	6.630012920198247	8.21109964923933	-4.3628162501351255	17019.065110234707
-1.379961568987781	1.686240477534227	-29.736889557719806	-3.583228899683718	17026.965142542504
2.8415383558421325	4.903062012863117	11.630102176955134	-7.667141841945067	16999.435409268153
-3.425617418137186	-3.080249064984642	-4.7777297685968705	2.17740461689219	16966.230868044466
3.242752704697409	-1.2457941353722788	-0.9196028817672897	9.08282883646028	16958.874518117518
-1.7907723326305884	-7.322552971853845	-2.8884888365151653	1.9137175010979206	16930.39892936381
0.4296451913718755	3.2978778327071865	9.030431555358916	0	0
-0.3130714393380316	6.02907277861663	-1.5612201263389949	0	0
0.5408131267502228	-5.641271766000543	2.3441402945783523	0	0
-0.3246211732150428	2.8688047470240576	-2.9071118362865462	0	0
-1.6985088632436103	6.664796891606407	13.917136071138998	0	0
2.9698060737696323	-2.2867594940668	-7.511393183635846	0	0
-1.218679704580083	2.517096109907257	-0.2767109669644725	0	0
-0.7872785859567841	4.9512719778875365	-5.79105904071983	0	0
0.532760761014778	-3.6654081924543647	-16.8501586825289	0	0
0.5837399746990783	6.681484079817224	-3.1105430361615305	0	0
-1.8421427260545755	1.8300275589201789	-7.094254602734878	0	0
3.5304335187135933	-0.15053373202950127	8.966429938739964	0	0
-3.415634816952661	-2.927730545888643	-13.465177614043611	0	0
0.9191138149656553	4.118425285019278	-6.8080349386635675	0	0
0.45657453739240594	-2.9208095553653806	10.550590502771144	0	0
0.8423853050150356	-5.416838642549166	23.35236067615537	0	0
-2.0532202176625844	-8.338585817067838	-4.640295517939592	0	0
0.7941868526799425	2.8153214930422337	-6.789571981112161	0	0
0.0023347491431593426	-0.12125808716869813	-10.575304397090207	0	0
0.4719386317922485	2.4279594000659728	11.658373456484952	0	0
-0.24619694286620586	-0.172654009340512	-11.816349448602523	0	0
-0.10375565282873112	2.7753665498027544	3.783221712829885	0	0
-0.7695803436985784	-6.969701477631901	-4.242557525330383	0	0
1.1304427388240939	3.4726032201468726	-0.08048689087890182	0	0
-0.19993995157664557	-4.529929255643033	-5.34938374383232	0	0
-0.13864287687980692	-8.71747495582823	6.713586155551198	0	0
0.11853282170481805	8.83882503035639	12.44014349271606	0	0
-1.2233492416256198	-0.1598951197775449	1.083253953904432	0	0
2.1253260186531335	-7.604440967724997	-0.7781551508404903	0	0
-1.6589536895930337	4.580988207033691	0.8520208494353341	0	0
1.0794613775565693	1.204375597778082	-5.378517464911184	0	0
-0.2606088085536129	2.7083330992482217	-13.619913428015892	0	0
-0.7468706727781367	8.830406331696267	0	0	0
0.6778364071479288	-4.71597374734344	0	0	0
-0.6131797604499809	0.024856307950749112	0	0	0
0.9590594432930644	2.405345302716931	0	0	0
-1.0224216457056627	0.7630965147173185	0	0	0
-0.4819725780813897	-9.811752308356759	0	0	0
2.7698388808154704	-4.313520451032424	0	0	0
-3.1507636929430802	6.355178827539959	0	0	0
1.595056806850316	3.17869915695033	0	0	0
-1.0017472939267336	0.015242841173112254	0	0	0
0.8641425592569192	-1.7812988091068078	0	0	0
0.10109237872958943	-1.4920240076709277	0	0	0
0.7485042226692471	2.796583964268592	0	0	0
-2.0042833556695143	3.2442308959286805	0	0	0
1.4899626015247804	-5.360630426639112	0	0	0
-0.9659135040433711	2.3662714478611733	0	0	0
0.8966243566205421	7.13325812724527	0	0	0
-0.5668231570857003	1.1092355861616312	0	0	0
0.6529802744708135	-0.32878039822150384	0	0	0
-1.0947790880129418	0.48828328919857	0	0	0
0.5825580746296382	-7.318999793278344	0	0	0
0.7345379939521308	5.272197733237078	0	0	0
-0.6531579368818186	-6.397178479994992	0	0	0
0.38379273438644645	2.024697226001571	0	0	0
-0.7773381435310895	1.0764925353891641	0	0	0
0.750679283099629	-2.015306715578852	0	0	0
-0.13506861915748658	-2.4267419216147204	0	0	0
-0.6957432523327682	-4.855127091655085	0	0	0
0.05528325673845558	-2.585773648058158	0	0	0
0.5229418031326318	7.536409959548855	0	0	0
-0.15362790095253587	1.2712680723227194	0	0	0
-0.6824944001130575	-11.166519948407206	0	0	0
1.2062493658388078	-1.3584486132293563	0	0	0
-1.7395786752745934	3.4103685342048635	0	0	0
2.088261824330189	-2.9531728964012203	0	0	0
-0.6518344357506294	-4.2797509871526955	0	0	0
-1.1721805591324213	3.4653630546159846	0	0	0
0.7941515546284492	-9.229375033303285	0	0	0
0.2863426191447189	4.6956481383160025	0	0	0
-0.6196054483699811	-0.5335532548157786	0	0	0
0.8916808010601471	-3.434703920138638	0	0	0
-0.6999513412406841	8.82245844224743	0	0	0
0.01319131961851383	-1.5080533748105367	0	0	0
-1.0466193587575319	-3.7684314270177808	0	0	0
2.381196976013811	-1.95483648505828	0	0	0
-2.002515238817942	12.120282472413827	0	0	0
1.5150291913160387	-4.653762764081357	0	0	0
-1.2492855089144683	-8.670889459547325	0	0	0
-0.18923734536280534	12.994829649165247	0	0	0
2.46851304106476	-0.16288106844908157	0	0	0
-2.5288551114493103	1.1652988567436182	0	0	0
0.7276271392214255	-6.898850611760132	0	0	0
0.2556189473742876	0.3485685764750741	0	0	0
0.13004404165140215	1.3049593808816766	0	0	0
-1.47069019540222	-3.137501799811332	0	0	0
1.7002182269906925	1.5017689686965596	0	0	0
-0.3101178515711638	0.04918357562983289	0	0	0
-0.49966718139597077	-5.7693554053699	0	0	0
1.2281791184456026	3.0607586043457857	0	0	0
-1.0747202609921302	-3.197132864250868	0	0	0
0.17442867237155468	3.3831124505070065	0	0	0
-0.07972706923014528	-1.8704042861421968	0	0	0
0.3715291519386952	5.202217641937736	0	0	0
-0.2267443684088306	0	0	0	0
0.33890722151863883	0	0	0	0
0.36318023282704814	0	0	0	0
-1.6527502531923446	0	0	0	0
1.2013361430183593	0	0	0	0
1.294473014027382	0	0	0	0
-3.175194787403541	0	0	0	0
3.1895414908926654	0	0	0	0
-2.7361780707090517	0	0	0	0
2.1850169766506724	0	0	0	0
-1.2137300530475272	0	0	0	0
0.7692300492654098	0	0	0	0
-1.049781916883532	0	0	0	0
1.2490268315896387	0	0	0	0
-1.4668137710636842	0	0	0	0
1.4321236079156705	0	0	0	0
-0.14078207247615637	0	0	0	0
-2.1703259257938257	0	0	0	0
3.4287140189918404	0	0	0	0
-3.2364054238329913	0	0	0	0
2.8853091795540493	0	0	0	0
-2.750884456148974	0	0	0	0
1.764746401202892	0	0	0	0
-0.9371602063101889	0	0	0	0
1.3500404020062007	0	0	0	0
-2.1793259229381405	0	0	0	0
2.4398010530346	0	0	0	0
-3.151042603436963	0	0	0	0
3.7360175705590493	0	0	0	0
-2.732550325888674	0	0	0	0
0.2883540370901869	0	0	0	0
1.7195208690042776	0	0	0	0
-3.026732089504364	0	0	0	0
3.149469301050381	0	0	0	0
-1.8166172344384464	0	0	0	0
0.4970453334668363	0	0	0	0
-0.6440391376558665	0	0	0	0
1.4220870163734745	0	0	0	0
-1.3962638177756403	0	0	0	0
1.1090919449436143	0	0	0	0
-1.1316784081751123	0	0	0	0
0.2501334600632248	0	0	0	0
1.2383996042251084	0	0	0	0
-1.6424537621248945	0	0	0	0
0.5727248887896081	0	0	0	0
-0.6770804700322799	0	0	0	0
1.4475900963980664	0	0	0	0
-0.928360050283203	0	0	0	0
-0.829294078864308	0	0	0	0
1.6483733938978347	0	0	0	0
-0.8852117635919683	0	0	0	0
-0.25847289610575075	0	0	0	0
0.5271080110511264	0	0	0	0
0.2950396763033325	0	0	0	0
-0.4600984941152859	0	0	0	0
-0.25115752139007697	0	0	0	0
0.905722532893563	0	0	0	0
-0.7251054157253378	0	0	0	0
0.5090049210688932	0	0	0	0
-1.2550805039178456	0	0	0	0
1.9579945569196155	0	0	0	0
-2.3793276769338405	0	0	0	0
4.045648323471902	0	0	0	0
-4.238358495672422	0	0	0	0
1.1624263677411832	0	0	0	0
1.8981967170179104	0	0	0	0
-2.5547629776904586	0	0	0	0
1.9483862531612886	0	0	0	0
-0.5122909083689677	0	0	0	0
-1.7357182116081873	0	0	0	0
1.5735445041318883	0	0	0	0
0.31632035249075585	0	0	0	0
0.1968264724982518	0	0	0	0
-1.6831791762317962	0	0	0	0
0.8901385234483001	0	0	0	0
-0.019814465579933938	0	0	0	0
0.8814586817915924	0	0	0	0
-0.8687791750292462	0	0	0	0
0.24251055669373756	0	0	0	0
-1.4299565612220064	0	0	0	0
2.7208322473405246	0	0	0	0
-1.6505181744262245	0	0	0	0
0.26471955421335736	0	0	0	0
-0.44513802057353047	0	0	0	0
0.1866565590386955	0	0	0	0
-0.4821015767863699	0	0	0	0
1.5152340686271657	0	0	0	0
-0.9688429690639353	0	0	0	0
-1.0471073302494815	0	0	0	0
2.35515788765462	0	0	0	0
-2.0361442604567443	0	0	0	0
1.314261243765344	0	0	0	0
-0.7390495279030276	0	0	0	0
-0.7083390310117892	0	0	0	0
2.0783952165917654	0	0	0	0
-0.8563373739133695	0	0	0	0
-1.3512861421191644	0	0	0	0
2.0390986444995534	0	0	0	0
-0.9994756699953058	0	0	0	0
-1.1044250948355412	0	0	0	0
3.2592754682639438	0	0	0	0
-2.8079826701498263	0	0	0	0
0.394406554997218	0	0	0	0
1.0989795824546604	0	0	0	0
-1.561285951174355	0	0	0	0
2.509216878790113	0	0	0	0
-2.884650033405471	0	0	0	0
1.1486958959197437	0	0	0	0
1.0807846708767954	0	0	0	0
-2.1390139767413885	0	0	0	0
2.765057343129058	0	0	0	0
-3.109703686231093	0	0	0	0
2.3803618104196644	0	0	0	0
-1.9221093186698823	0	0	0	0
1.5507322554819467	0	0	0	0
-0.583954217265962	0	0	0	0
-0.6224772773775058	0	0	0	0
1.2192400926214404	0	0	0	0
-2.182776470745033	0	0	0	0
2.751579130467057	0	0	0	0
-1.9312592602195053	0	0	0	0
0.6944976370050213	0	0	0	0
0.10868315063005696	0	0	0	0
0.13296281604419846	0	0	0	0
-0.24497499861519856	0	0	0	0
-0.44886695198101734	0	0	0	0
