0.25129444571461335	-3.170734024851612	-7.858828373730873	1.1152595847156732	16839.002298876214
-0.054037690692112506	-11.219376180178159	-24.15848150558223	5.409163534964534	16840.736079192535
-6.262058582377087	-3.6501162769745505	19.491191626980935	17.85747105177414	16842.812016800115
8.40208543878866	-6.994739375622608	12.301464011429005	-9.659058441200585	16838.256994096744
-8.239320097686424	-6.583085517233052	-27.310902753627232	7.785209289559447	16852.981253684204
9.93369346600985	2.3432252654405445	-16.991000269859526	-12.125700959994944	16795.83039878379
-12.149500716543486	-8.682514334857984	22.618599544341265	-16.16355018552882	16839.59459923423
13.777208222294568	-19.03181459272266	-22.45167430728837	22.996749296541722	16872.366432196442
-13.194946655990279	-29.138358702666913	7.465681467870937	10.062421566497065	16859.936823042604
9.88173392219786	9.817214627395657	19.590481620390037	9.341077402153758	16912.3128807002
-5.160987571924224	-15.886950197162875	-20.68352388760333	-13.936127805281046	16696.389072355145
2.559050744300663	15.9547435926128	30.5835686239037	-22.130753467275653	16426.348381992728
-0.9150051216363764	32.888610988907296	9.431528696745673	-16.04047730030615	16389.785721854034
-1.3064069660683515	-3.5972109622851605	28.300275871457316	12.28456448522796	16520.101174974407
0.2880958834778795	4.0022478924122495	-10.43741672503991	13.444288557772225	16531.008814910816
2.282167866701691	29.364386556841147	12.978856548780058	-6.454502478232101	16590.67642424003
-1.2246266381862583	-9.895427965334846	-15.140828818650817	22.056918705997518	16666.83495054893
-0.9353160446031268	10.330683922870946	41.964093056751736	32.11902853642307	16793.687349039465
1.015977628877991	-3.3612326834777235	15.628532117026921	-13.610106674096812	16903.916821318533
-0.05011134840209763	20.60651510700528	-3.4991214475103476	1.1408207834465998	16813.180931831343
-1.2900357165366643	7.9347130239013595	44.145831811176095	16.393319376226245	17074.7886247573
1.136161781881846	56.235246058026355	8.631780865303227	-8.858329670819415	17188.54641163126
1.1882661108062251	-2.3466298883801358	16.167540262533123	-30.389925079469037	17178.163642059248
-2.7635374691335173	18.55447784134359	-24.92508299261152	15.436293004124224	17249.741215647962
3.352921047518997	-10.079674865484684	45.70698631187601	-10.474540146371254	17201.444487458815
-3.2826756260375944	-7.015629520006698	-5.973118139379054	12.27445127742925	17232.91391320024
3.132697757155505	4.468643716461372	-44.07409755246559	-14.156832716772527	17217.372045461758
-4.464557966247952	-8.254208983477255	22.407836783294258	-7.347806003678812	17175.227430053397
7.616841346574461	1.7365288284603508	-3.208553968709893	4.414463061050185	17109.293020464946
-8.821008141102908	-5.395515723863426	14.272675772985764	8.46111297782042	17116.354869194514
6.457440554632079	12.855932154457264	9.277634945834464	7.354538038388853	17130.211537431052
-4.280140817897404	17.88525653291527	24.32994773127959	13.11841087803603	17097.37207902711
4.236981377941703	-17.86222704311868	-17.339602151528	13.248095841457314	17053.177596177586
-4.968865005742437	-23.578450740920744	-22.58632876160989	22.476028440204658	16746.116302874925
3.804504303187258	3.7525603560260024	-0.6876503783036725	2.7268044947030035	16327.267829538076
-2.0787391449785986	-4.980449979601303	-14.30463224524702	-2.961651768177987	16253.973432423696
4.640048434821026	9.531240843816178	0.06182594660663199	-14.024392738615816	16294.82350313899
-7.6261643560405545	38.33589498855087	-23.658309805047665	-15.778085519693391	16335.954436975699
5.676943555422412	-13.865225255778462	-36.15257158733094	0	0
-4.111740609270697	-2.4641518538173983	-18.185060530235077	0	0
6.0133580601556815	10.580986757063926	-7.83422291286017	0	0
-6.488283196921962	-0.6767058110175128	18.532356842626513	0	0
3.5936689092745056	-25.556924401926267	33.511794864234176	0	0
-3.33243663805861	8.935123728951652	29.83749500816876	0	0
7.716933522849871	-8.668399383838342	-9.393986572217642	0	0
-9.783933515992075	21.052262238972972	-12.065800952205734	0	0
7.800434727547888	3.374244211624749	14.676135542057821	0	0
-5.2076404290225895	-1.5472715185160197	4.63759270726014	0	0
1.2783426489057348	36.13830445767022	14.895916798589681	0	0
3.7961964160293533	-12.440358876965213	1.2174994830188979	0	0
-7.463612600144302	1.2072401031582842	-0.22633270595332533	0	0
9.51576357179541	-14.213605493151569	-1.2242314396808212	0	0
-12.250325264769891	29.097000147110748	7.936334399011173	0	0
13.245122421818117	-44.40405761173695	21.1703085480422	0	0
-11.75764997520821	-25.440244589062928	3.910596740194322	0	0
9.565274905598876	-21.207895644006413	16.46958330979274	0	0
-9.246253402413927	23.87396016999864	-9.503430349967829	0	0
10.36259484644394	25.655650024833896	3.0489959900370565	0	0
-10.997460152545443	-2.3209291842952737	-46.8972720466998	0	0
9.70675501737449	15.462526553727223	5.863804225279836	0	0
-4.851000033401597	-4.498208727980334	-7.292993401821221	0	0
0.13007415924012378	39.81907943123574	-28.328236075544055	0	0
2.4705605413305207	-32.34196025937064	43.70203449095419	0	0
-6.678357733158791	14.132944888770062	18.34717731895944	0	0
9.691856972186962	-44.832333492480565	7.7925666123842205	0	0
-7.6514659648244105	-0.6243497468359607	32.47826556059458	0	0
4.312234571319294	-16.86403209690718	-9.28893148891575	0	0
-2.7324243233328716	-6.022843435643253	1.6630388064052966	0	0
1.1821395470240148	-6.854403187538267	-36.29237639080689	0	0
1.6314136238125343	-12.259525080282145	-1.930364807986635	0	0
-4.981859981063607	16.043096521834684	0	0	0
4.054535979128623	17.107978635100437	0	0	0
0.0032257726933124786	-15.931125558073276	0	0	0
-0.5868807960081668	-18.62287588009484	0	0	0
-2.808271216995209	16.065971997303407	0	0	0
4.642850371271749	-21.234888737310655	0	0	0
-5.131927559275383	-12.107097271229264	0	0	0
7.0137698170318785	1.8522605943325345	0	0	0
-7.485249520420368	2.130536998960622	0	0	0
3.542318183506829	12.157324717913369	0	0	0
1.0359956623093538	20.714386944090876	0	0	0
-0.5471163474162211	-8.247390724009747	0	0	0
-3.4286722371419316	0.8507995585794816	0	0	0
5.994377528643639	-3.8000033087988925	0	0	0
-4.432226009456635	-26.04587494223786	0	0	0
0.5180789307810514	-3.5090764885366212	0	0	0
0.23192710563031937	-23.947892977491037	0	0	0
2.215468512272345	11.597623128259272	0	0	0
-2.326584386581956	-0.5248652132830074	0	0	0
1.5619147187449016	21.89971897963123	0	0	0
-2.6264841027359367	-10.594292365421708	0	0	0
4.115034857597834	22.74385283353641	0	0	0
-6.291266675570874	-12.478849337010658	0	0	0
8.357084175378262	23.242363830609335	0	0	0
-4.359846623590492	-16.457157994650927	0	0	0
-3.044943718737244	-12.194960012522998	0	0	0
6.063746318325087	-3.5306389292986182	0	0	0
-7.581478028850427	17.26202246557733	0	0	0
9.102795713766504	-16.598443530622227	0	0	0
-5.334654394071151	4.840108916605018	0	0	0
-2.8240969770271747	-9.485791133940879	0	0	0
6.830852092118981	8.668789105503507	0	0	0
-3.208367443470941	-8.84605497288672	0	0	0
-2.899418223119291	9.329505293859796	0	0	0
3.5825851525317205	-4.632737048899912	0	0	0
1.797916143563235	-1.1132817592509952	0	0	0
-7.304737109761831	-4.913818382741141	0	0	0
11.043825052433618	7.246195081241211	0	0	0
-14.99811571336133	-4.797865658459315	0	0	0
18.804312638213894	12.667310901572094	0	0	0
-17.96924666651875	0.4195706880892516	0	0	0
11.703377442976446	6.448022354172153	0	0	0
-3.3529234560283925	9.074626874911047	0	0	0
-2.8507998702056128	7.019500765003919	0	0	0
4.761543583314733	-4.513256883984631	0	0	0
-8.447354153784147	-16.47706775267436	0	0	0
15.939737087269151	13.295019519523159	0	0	0
-19.832969095288973	0.14946522039824828	0	0	0
18.176667172471475	21.382538500406717	0	0	0
-16.12439773181154	0.39025806150886666	0	0	0
16.826918465719615	0.8665596252502183	0	0	0
-15.216429017790318	25.1249508811536	0	0	0
6.572463820894811	-0.13530635158289073	0	0	0
4.25309512657968	-34.17136927548993	0	0	0
-8.590122181138874	0.1437767338222855	0	0	0
5.678291485667067	-2.2496613338921208	0	0	0
-5.1569036248298445	-8.856227066905262	0	0	0
7.318401443699706	10.426250008955051	0	0	0
-5.454349270126997	-2.6328439102551044	0	0	0
0.9373844896146437	36.819490692551234	0	0	0
1.2148839457367941	-48.937610122692824	0	0	0
1.4819287516337099	16.344102010878274	0	0	0
-6.277372638475228	-13.586926571976669	0	0	0
8.527258763865873	0	0	0	0
-8.770523674219255	0	0	0	0
9.045026572124591	0	0	0	0
-10.043904591708127	0	0	0	0
9.737386336412357	0	0	0	0
-8.129534458109063	0	0	0	0
7.014135442728779	0	0	0	0
-5.256858630310404	0	0	0	0
1.419343719325596	0	0	0	0
2.441359862597629	0	0	0	0
-2.4088444771660207	0	0	0	0
1.1922481428830167	0	0	0	0
-4.83166928038986	0	0	0	0
11.553202461583965	0	0	0	0
-12.264608097954373	0	0	0	0
8.164572801096135	0	0	0	0
-6.0414882851310026	0	0	0	0
5.437026339615947	0	0	0	0
-4.262665796845887	0	0	0	0
2.4446253605793373	0	0	0	0
-0.8361679468146193	0	0	0	0
-0.9393102227900911	0	0	0	0
3.321583006923653	0	0	0	0
-4.197624052351344	0	0	0	0
2.2789224150990393	0	0	0	0
2.118597201736584	0	0	0	0
-8.780829162042188	0	0	0	0
14.013612019084434	0	0	0	0
-12.250966009836134	0	0	0	0
8.331807055457347	0	0	0	0
-7.501773471398494	0	0	0	0
6.775570400771485	0	0	0	0
-2.439512180285959	0	0	0	0
-3.1304834474342726	0	0	0	0
3.457544232592255	0	0	0	0
0.5086640136756344	0	0	0	0
-2.35474299597859	0	0	0	0
-0.31521868727366353	0	0	0	0
4.069004681238752	0	0	0	0
-3.9564075690293947	0	0	0	0
0.3892074225036879	0	0	0	0
1.8573967156409097	0	0	0	0
-2.689605695744852	0	0	0	0
4.404135680834649	0	0	0	0
-4.944242708863996	0	0	0	0
1.5468608569621551	0	0	0	0
0.6259530849501331	0	0	0	0
1.8738637989056812	0	0	0	0
-3.880906105668423	0	0	0	0
1.2215716693143008	0	0	0	0
1.081600607485072	0	0	0	0
0.3008306008575161	0	0	0	0
-2.3679495589299577	0	0	0	0
1.0757549728466458	0	0	0	0
2.3738574274823634	0	0	0	0
-6.204954120369777	0	0	0	0
9.154451206148508	0	0	0	0
-9.924964860189391	0	0	0	0
6.67956480711544	0	0	0	0
-1.4808892481145008	0	0	0	0
-0.9498891479524971	0	0	0	0
-1.9719848928264483	0	0	0	0
7.652984246473203	0	0	0	0
-10.276587916727685	0	0	0	0
9.425355987065167	0	0	0	0
-9.795324492030531	0	0	0	0
10.12382767316835	0	0	0	0
-7.167248666480525	0	0	0	0
3.6075013511536156	0	0	0	0
-1.618916590673912	0	0	0	0
-1.4384607741860762	0	0	0	0
5.298096136135577	0	0	0	0
-6.865108946306421	0	0	0	0
6.123147515400916	0	0	0	0
-5.561821553897474	0	0	0	0
5.0703500314499195	0	0	0	0
-2.0587831690138785	0	0	0	0
-1.6854814895164907	0	0	0	0
2.713497803096729	0	0	0	0
-1.102973729242727	0	0	0	0
0.8799504115910608	0	0	0	0
-1.9522002398438403	0	0	0	0
1.9858666668765892	0	0	0	0
-0.6481194567002433	0	0	0	0
-1.3909468452906069	0	0	0	0
2.186600212762933	0	0	0	0
-1.6438887972350997	0	0	0	0
1.01493989600349	0	0	0	0
-1.4597129366058326	0	0	0	0
2.693959417554346	0	0	0	0
-2.521897151211519	0	0	0	0
1.994647684303878	0	0	0	0
-4.954957019072488	0	0	0	0
7.129539861518161	0	0	0	0
-4.050438801703017	0	0	0	0
-1.9821839224293285	0	0	0	0
5.711118480668183	0	0	0	0
-5.290077809214829	0	0	0	0
4.86747809904508	0	0	0	0
-5.82352287681892	0	0	0	0
5.996739608604557	0	0	0	0
-3.594763798032403	0	0	0	0
-0.44585956617434164	0	0	0	0
3.164358029461532	0	0	0	0
-3.447880477646976	0	0	0	0
1.7858272256870222	0	0	0	0
2.7699037244433313	0	0	0	0
-5.312009041566149	0	0	0	0
3.5036938988016644	0	0	0	0
0.06050174065825331	0	0	0	0
-4.291405953748182	0	0	0	0
5.604606470034234	0	0	0	0
-0.5320683180892942	0	0	0	0
-3.236719654819801	0	0	0	0
1.5758036955073322	0	0	0	0
2.2830007467243973	0	0	0	0
-3.967521322314795	0	0	0	0
3.3482861904192447	0	0	0	0
-4.439733404004485	0	0	0	0
6.527888493534547	0	0	0	0
-3.060114029958079	0	0	0	0
-4.023672018136722	0	0	0	0
3.450284764384172	0	0	0	0
-0.19084449100304113	0	0	0	0
-3.531247648587957	0	0	0	0
7.780657988018945	0	0	0	0
