-0.2322927399583179	5.157729738589715	0.019910042693354058	-0.5204670815523116	17004.559022085254
-1.2555435437921005	16.53087406207314	-0.7083538924486987	-2.2158572039470954	17002.78103322586
2.0758961678537062	-4.637515546092089	-7.6952020974785	-8.031478087736843	17004.389013445318
-1.0501152044919735	-3.9975648543087985	7.228449633961446	7.036602647877942	17005.06883044385
-0.45032592999336174	4.1272232079441835	11.748415839312813	-5.904133860607743	16995.826081926614
0.4513551664177484	2.3613492248633605	-14.554910807925694	-4.338584033899593	17030.479667373165
0.4994663140147466	-1.8460289821398703	1.711991946540067	16.78784683074987	17057.812002848834
-1.73329814360509	-2.3062982511276147	-0.9215352346976715	1.533429828870183	17024.75729462636
3.1213669557206813	-8.109814568103317	-0.847836295036501	4.333420416000294	16984.650573173425
-2.1479859341865932	2.109467324898006	-4.8752467847877625	-0.10799446897287623	16971.826524440112
-0.13011592572189556	0.42237055577901117	-2.207375686259141	-1.6920857300162169	16966.868344341772
1.024508248906841	4.732021488222742	-2.8064802695906224	1.163060679278388	16961.652700954823
-1.107357728165205	-0.6427475525043391	-0.9495320544496337	8.298879220903714	16963.550554290112
0.763196776501978	2.497640023477679	-0.31952724881244876	10.107516535559242	16968.575257345638
-0.25237242796403336	-0.7731838802537325	8.011124723050301	0.5264615340025358	16946.733152411503
0.5517712848024345	-1.2052790505413	1.6478574209541392	6.0200672643372855	16945.711922284587
-0.1967607478805533	-6.847570028716014	0.3526501657137544	-2.3056863052370744	16920.924645161173
-1.0166785925500719	1.7929888956820932	-5.225091695060243	-5.803240759220813	16913.75665310522
1.4014928385526986	-2.9381796974844434	0.6067660602870575	-2.690260345258153	16893.88277888704
-1.3015461534095607	0.7179386217230146	-1.6602886282954614	11.786444614137295	16886.855257753534
1.3493629118457733	1.895147802907708	4.292180002491534	5.382936244494871	16897.21659339333
-1.268850663121981	3.3854342940586832	-1.4364335090100298	3.0552768364968443	16906.479280244286
1.1361540976983306	2.3408534910821857	1.414455189627816	0.019183776550647735	16880.103920725476
-0.9761963598121	7.065280134905535	-1.0049652791749395	1.7623650602150036	16897.20694168557
1.5147641496866555	0.7232622801927633	-0.5024097477687945	-2.9702546131140366	16893.077676864174
-2.971390917015569	0.563919332852258	-5.2146362174531475	-1.7272282502947718	16890.39823356835
4.075937079766092	-1.373124590548727	-1.7698365050347888	7.25282651166502	16892.123305921403
-4.53512134145609	0.8906960027268624	-3.7608285258788072	-19.63424007950114	16886.507881913243
4.389496927594422	-2.431698342715201	9.356696879753201	34.81391830389953	16916.933278989636
-4.231778889021967	4.411850004338916	-8.27241685694419	-42.076843131613344	16884.48239214277
3.8182966682823434	5.058203081870275	-4.398637684005919	23.611910627408975	16862.498047599558
-2.8837101989177185	-4.131785941539519	4.6653601400428215	-17.94877157784488	16644.331758224656
2.2516623324114704	-5.041075396559876	0.2837010366069279	-10.934920857901588	16618.13637642521
-2.238398420940875	-3.832341816352489	2.36883028839803	7.067305976137817	16733.678054443804
1.4720586172546817	3.26943398016563	4.865736223262033	-5.3664228562012966	16773.100035830616
-0.032668733872696976	-0.4864879253432761	2.3237035289125174	1.0926651344973806	16870.847630777356
-1.38386604264101	-2.486504793940746	4.340685788813531	1.892802184395336	16960.65259773917
1.8460061145005682	-1.6585731100936272	1.9059238502334779	-2.980045348766538	16980.050809923523
-2.3043461736937445	8.270752864521242	-1.8237593504636038	0	0
3.174946781561985	1.857452693115107	6.913997552889128	0	0
-3.5118944534115286	3.568911666350033	-7.409245942952879	0	0
3.5245391925228517	1.427358062587409	1.56276088113205	0	0
-3.2024716262035753	-1.3302472024632905	3.200109740812394	0	0
2.407033453891806	-7.257879664027712	-2.702807202587607	0	0
-0.9518693527134232	5.1128566020861825	1.016312064410215	0	0
-0.8959089815689083	-1.6209067209607397	0.774142188581024	0	0
1.6369196687229035	4.238054395042603	0.5046869242145817	0	0
-1.6962746469262484	-6.101502001904926	-1.968850186984838	0	0
1.4213453059102221	4.4117069298196085	15.314385425933594	0	0
-0.09289014125892692	-0.11056361276344262	-4.981689826254453	0	0
-1.5653977433604638	5.676668693399876	-2.06252306052761	0	0
2.696549944580262	2.6931090453137188	-13.72856024778713	0	0
-3.4307298052625512	0.020266285336759893	-6.363679238252558	0	0
4.864904057363582	-3.6430603149728142	9.780979613321023	0	0
-5.981407549171131	7.062056611474077	-8.830271729247897	0	0
5.567254603936483	5.516368190369953	-7.347377597324396	0	0
-3.9269039818004714	4.992735441151545	12.93608074771194	0	0
1.644264580356385	-2.0255413007705627	10.067958144048461	0	0
0.6782470939284835	-7.478912455129333	3.3594306545905823	0	0
-1.450921528869479	-1.3415260441920154	4.67591117034091	0	0
1.4291787189737448	4.5880911929815795	-4.1056575867714855	0	0
-1.3188068117344969	6.879834658534904	19.91428918309215	0	0
1.0916050940418032	-3.1311474035092033	1.2743233690648736	0	0
0.027622894995161573	-0.7276860499174163	6.5329579836569	0	0
-1.6778899263221163	6.597127537430573	11.562545436798743	0	0
2.9093962158387043	-6.823229107043389	-3.2319330126461807	0	0
-2.931810705995318	2.6194758586899525	0.4902809997255275	0	0
2.039534058485806	0.11178904035259762	0.5702926788133595	0	0
-0.5138423624825066	7.602210680613354	-0.8759419805633542	0	0
-0.966819389139637	0.09058569944579631	-14.324152941519955	0	0
1.9003260543161673	-2.7902754262700427	0	0	0
-2.0003004181128787	-3.4936854923565903	0	0	0
1.4831257897488825	2.0433266829866312	0	0	0
-0.7068477630427168	-5.442184596590231	0	0	0
1.291201247262073	7.610915434444209	0	0	0
-3.0549810149310943	7.538892128510383	0	0	0
3.9455150515753346	5.352427410787598	0	0	0
-3.628646451635369	-0.05176784404601875	0	0	0
2.555688993965859	-2.4173239674095655	0	0	0
-1.455433593416977	-1.065106662680087	0	0	0
0.7088249513516018	-0.7157250619030222	0	0	0
-0.9392046909170659	3.792965732760514	0	0	0
1.7016371528203393	1.4222727450415178	0	0	0
-2.0525481335060434	7.57797983270261	0	0	0
1.0780732129034547	7.682873371246714	0	0	0
0.0936691880984597	-0.2376466589880195	0	0	0
-0.46498764367404277	1.9670708855562893	0	0	0
0.5972452635808025	-1.6226894674502503	0	0	0
-1.5259443747140011	2.9358268503959195	0	0	0
2.302950965270014	6.823350090359462	0	0	0
-1.859270145226823	-3.5731786539781822	0	0	0
1.2262450152058122	-2.32701570713985	0	0	0
-1.4291929469233224	1.837158091072439	0	0	0
1.4412388462278969	4.894697886078838	0	0	0
-0.7611450779746392	6.6636590893053125	0	0	0
0.037294869711196554	-2.4315484686798214	0	0	0
-0.09116212627167641	0.4443283589322462	0	0	0
0.35826653514536844	4.577968383543286	0	0	0
-0.32494408378947526	-0.6838116330068615	0	0	0
0.5590967581421467	0.07137325534178984	0	0	0
-0.5120965197411209	-3.1548523831216713	0	0	0
0.11991932051389398	4.81401080676855	0	0	0
0.5152216405359766	-12.093573010466464	0	0	0
-0.5808666506034399	-1.1951406117135903	0	0	0
-0.1709619679579859	-6.412386955959846	0	0	0
1.1599386113195465	-1.3471126835330978	0	0	0
-0.8335211919109966	2.5524841333137473	0	0	0
-0.8838957694703637	11.200525073918278	0	0	0
1.9834649927973445	-9.747669744421998	0	0	0
-2.1509726804786595	-3.320727096121246	0	0	0
1.4275218474523044	-5.213221871788214	0	0	0
0.10770263513057188	0.0014204996973887773	0	0	0
-1.6562708783984803	0.718565776681487	0	0	0
1.6692125795611688	-8.070478696575606	0	0	0
-1.1706700116034838	-3.020838511992949	0	0	0
0.7785401991643326	-0.8655732810210353	0	0	0
0.08444374827586643	6.3374845884936875	0	0	0
-1.2046463167562393	-4.939966629142511	0	0	0
2.02026088294037	6.312522394183482	0	0	0
-2.7797153375162793	-10.239753300927141	0	0	0
3.4062830948605125	1.3158728949187974	0	0	0
-3.149870839430136	13.815917806651584	0	0	0
2.3048362844519446	-1.8660133830902836	0	0	0
-1.1935016230930842	18.653891620274024	0	0	0
-0.04933674792248155	-10.902201802787147	0	0	0
0.7532309856362644	-3.850004313240092	0	0	0
-1.14927175266876	-9.178701830959113	0	0	0
0.6881549355879173	-0.593739363170215	0	0	0
-0.8433826214265991	2.7812134942257316	0	0	0
1.461467606112926	1.9589642521569246	0	0	0
-1.2190834589161526	-3.692895167111537	0	0	0
0.10903572398026284	-0.8467933648925126	0	0	0
-0.161889671770318	3.269695077776994	0	0	0
1.4957571013307316	0	0	0	0
-1.770435492809078	0	0	0	0
0.5503224231555848	0	0	0	0
1.1004507794749472	0	0	0	0
-2.4490791171044037	0	0	0	0
3.0558791408054233	0	0	0	0
-3.131864562810321	0	0	0	0
2.9547692160570946	0	0	0	0
-1.9106239856353682	0	0	0	0
1.5382256204656315	0	0	0	0
-1.2332584011128844	0	0	0	0
0.14639532745338357	0	0	0	0
0.5866376931948949	0	0	0	0
-0.28122861253816467	0	0	0	0
-1.098181993483884	0	0	0	0
2.7508953533368157	0	0	0	0
-3.503734636132151	0	0	0	0
3.9784134418747783	0	0	0	0
-4.077350351587761	0	0	0	0
3.972354512568735	0	0	0	0
-3.5364269484142454	0	0	0	0
2.896444149384209	0	0	0	0
-1.919065035156315	0	0	0	0
0.6912833209312836	0	0	0	0
0.9296917607477297	0	0	0	0
-2.3891623988367385	0	0	0	0
2.6956642054989146	0	0	0	0
-1.9359154704541481	0	0	0	0
0.585969169885459	0	0	0	0
0.27275883246579014	0	0	0	0
-0.13933239112641616	0	0	0	0
-0.4955263331887565	0	0	0	0
0.9715147008113547	0	0	0	0
-0.9443954818449214	0	0	0	0
0.4774248020726688	0	0	0	0
-0.15772659584035864	0	0	0	0
-0.14185174570382486	0	0	0	0
0.5398036638213455	0	0	0	0
-0.4098740246995547	0	0	0	0
0.03239543948392054	0	0	0	0
0.475732819751876	0	0	0	0
-0.8347887302186763	0	0	0	0
0.333681716068547	0	0	0	0
1.0260906266949519	0	0	0	0
-1.9753146257287213	0	0	0	0
2.3233486022858756	0	0	0	0
-2.0758230611413424	0	0	0	0
1.5743259977626778	0	0	0	0
-0.9322999543577453	0	0	0	0
0.1713978306030839	0	0	0	0
0.5145156020459538	0	0	0	0
-0.6013105139235293	0	0	0	0
1.1207375698914745	0	0	0	0
-1.3953661344804686	0	0	0	0
0.592959647067353	0	0	0	0
-0.6672973767181816	0	0	0	0
2.0271984063675106	0	0	0	0
-2.9685169789559396	0	0	0	0
3.3973857387510407	0	0	0	0
-2.8377307358416957	0	0	0	0
1.755992506462185	0	0	0	0
-0.5591261007427732	0	0	0	0
0.4747201705928319	0	0	0	0
-0.7052982152436797	0	0	0	0
0.12215287749504711	0	0	0	0
0.26417878034713027	0	0	0	0
0.09415954977326635	0	0	0	0
0.734754031151283	0	0	0	0
-2.2425431545663272	0	0	0	0
1.7725904410306228	0	0	0	0
0.583690178637859	0	0	0	0
-1.8720344322518585	0	0	0	0
1.5592061684138372	0	0	0	0
-1.5844982388459599	0	0	0	0
1.6053266552632834	0	0	0	0
-1.8457652649746947	0	0	0	0
1.9597139118036253	0	0	0	0
-1.8463918178662553	0	0	0	0
0.6108289225357026	0	0	0	0
2.3237772101382816	0	0	0	0
-5.906111203426896	0	0	0	0
7.698595040568982	0	0	0	0
-6.863133352647623	0	0	0	0
5.389019925034084	0	0	0	0
-3.1688866858051696	0	0	0	0
0.8311702063310165	0	0	0	0
0.8659053923523459	0	0	0	0
-1.2960787489886485	0	0	0	0
1.359751053336467	0	0	0	0
-0.7217519283091605	0	0	0	0
-0.6252060226240346	0	0	0	0
1.6197130761220393	0	0	0	0
-0.5236750358169147	0	0	0	0
-0.9586130676883329	0	0	0	0
1.6006530034137256	0	0	0	0
-2.2254528906566122	0	0	0	0
3.0817270299561272	0	0	0	0
-2.7013926295610844	0	0	0	0
1.6358105697839775	0	0	0	0
-1.31130933983966	0	0	0	0
0.9581590443966519	0	0	0	0
0.6249302787288684	0	0	0	0
-2.9581022779173765	0	0	0	0
3.8003038400081337	0	0	0	0
-1.378317270550376	0	0	0	0
-1.6742588910982192	0	0	0	0
1.621655188545219	0	0	0	0
0.9472116815491063	0	0	0	0
-2.1713535880245516	0	0	0	0
1.3122286248207118	0	0	0	0
-1.0624624871308583	0	0	0	0
2.622494205459965	0	0	0	0
-4.3691979993959436	0	0	0	0
3.910530149561957	0	0	0	0
-2.9992011417726374	0	0	0	0
3.405744951555704	0	0	0	0
-3.024405368000288	0	0	0	0
1.5236764381316306	0	0	0	0
-0.18291488619927065	0	0	0	0
-0.5670170999193331	0	0	0	0
1.1896449648073073	0	0	0	0
-1.3240514715786986	0	0	0	0
0.4676288004178417	0	0	0	0
-0.02693314258755919	0	0	0	0
-0.2527880548637995	0	0	0	0
1.0857214958101054	0	0	0	0
