-0.47846318095818674	7.686950699569962	1.7602545822406341	-0.9532752329297409	17182.436586684293
-1.0389659951529993	24.72344926594343	4.219139691932597	-4.419225848654918	17176.85497033051
5.76837635181473	-6.900179520149791	-20.814503944459787	-24.761876751610373	17179.45438832147
-4.64080584105691	4.9842318994182335	2.373819982315254	-23.457809669646338	17181.39497991525
2.4253247666334943	-3.635588599200389	-15.673538945832362	-7.261182106122902	17166.848893347298
-1.7996965340306943	8.246662333610928	23.7275093115301	3.51826243081004	17223.749264461658
1.2043542365406523	-2.8346429242926376	13.047345163676383	-13.173910921008826	17309.866741120186
0.26513859744229507	5.781491256944548	-8.493197232498957	-5.1223224028993	17395.981210674712
-0.3615026165116788	-0.07746451387450293	-7.227108361853169	6.65761317192954	17310.315657298837
-0.5140016479759879	-20.31291652123359	-8.478199059761849	-22.809372036359463	17330.460909833582
0.6277131040673183	-9.813091470246533	11.244478649653189	-36.268564090769274	17267.586957997686
0.8884306047459418	-7.118142676924634	4.081856654416555	27.962028682930764	17286.053759257833
-0.6833796748785588	7.249229800937243	0.32435732944523465	189.77972263502525	17199.462375475487
-1.5688829542812428	-18.650186134736998	-1.6418424345557412	-135.1074397337448	17092.404653412726
3.5656208520175596	-2.201763045236305	3.8332769988013524	16.428401673892182	17364.503647632042
-6.240047114064382	5.97396461644442	0.3833957504790959	17.184179674173492	17431.216392626706
7.264739651200252	11.2387056823258	-21.8322931335328	-29.011313277412057	17244.969186649632
-4.449932969632364	-5.862448221894013	-11.67431885711676	-12.504111752888008	17229.349200924513
2.201000102155767	-10.643109735764398	-9.938081399322172	72.53456293762093	17408.40496113967
-2.4245162826110445	2.3298192898199375	-9.600457543632757	4.22305692770712	17407.53536692531
1.8949445965401566	3.6154393200889388	-10.173868700328754	-64.08312728814016	17353.91114801071
-1.3847855238087874	14.080239353546375	-2.577471037966177	23.735369676446993	17456.229121082597
1.4984345166059896	2.8157935716097455	8.901095452369631	-83.18696702703897	17376.37219866476
-1.0646347702554166	-1.151425890642372	-55.08020455677821	10.497339188168127	17241.67297919367
-1.9439009912045506	3.9012234069836467	64.91615656164747	-19.601606129267566	17409.41039520046
5.579886030688499	-7.1748222390961445	11.824338806122341	155.7046230576683	17356.70493256345
-7.541211681958238	-1.5579208098258874	-22.73593254318	-147.50386692197952	17582.97362062779
8.193267652030777	2.9893238384185423	-2.6864963409562392	-163.6362419829661	17368.079171509497
-7.76022711348638	1.9826564729077347	12.692758962985238	12.617647763127707	18625.772145714083
5.050942695021057	-4.207769864810146	-0.4638734197855001	-13.578643687154397	19102.537279461518
-1.426812918293507	-2.1409647695460734	-21.07121679638071	-57.627463972575214	18762.22998300823
-0.47675011701942793	-1.0459988606230297	5.437007727652713	-3.7627522069636825	18335.771520998656
0.0758930522160739	-10.437051482641209	-40.00941228777647	22.229588131801506	17855.217411656817
1.7062889345676666	0.19224095513253303	11.042119150229937	-63.990879114231376	17378.01572535403
-3.827232909357825	4.21283498218969	4.230369104034153	-19.313563564631863	17168.03028468827
4.615025081992165	3.9269069870082376	-11.802975325785354	-1.1811314013071978	16661.387098621653
-4.226012418963208	-10.116051816368568	2.8573650615901727	52.87097860404667	16656.063638662148
3.7179923326584685	5.0843573529639485	-9.182645061781315	31.724315806482764	16516.109136097006
-3.7749303922113384	-18.904233280255525	31.707800723200123	0	0
2.5538388521317046	-9.152501309111855	18.5491597796604	0	0
0.5562812040789424	2.043518864510517	1.6735364176414151	0	0
-4.163790102144084	-6.610959360230609	5.176837479737898	0	0
6.876627795300045	-7.954661939775548	-44.063622948340594	0	0
-8.239310668851076	-17.297231985126047	16.485618829050523	0	0
7.84404174642367	12.611253936182251	-22.205934198291274	0	0
-5.734792666210808	4.239147136561286	-38.988689864015385	0	0
2.9955822483452224	-8.395289241291081	60.398390772448565	0	0
-0.3680251590173498	-1.2751451756645338	-58.32631991618844	0	0
-2.606503063760435	-1.3483411129921308	82.8529820853294	0	0
4.894267511103948	-9.350181824394696	-45.94054389031723	0	0
-5.37833533717928	-2.2255575518855295	14.302285662731705	0	0
3.662995893549514	-5.320174866731435	-52.24584164105312	0	0
-0.7893787884218852	-1.728034894998956	91.39263711452669	0	0
-1.576860337062996	3.35385992178486	-68.74179492213295	0	0
3.2232905059027033	-3.587295590519247	14.345141970288353	0	0
-3.390053758069989	8.755469642252905	26.24348751365096	0	0
1.9837062289570326	-1.0135763729473553	-12.959705677158468	0	0
-1.4709146477495239	-8.355706457492118	-21.37540061053042	0	0
1.335957173856407	10.062383468704084	13.945403980295652	0	0
0.7938646332811103	-6.175215674539842	5.366224272282295	0	0
-3.3636812953167237	2.4145475412642696	-43.54964782424672	0	0
3.47141145795257	-11.027573123872216	-0.5600072500140527	0	0
-3.1740149164833156	3.7575383514889182	53.71245198707953	0	0
4.161901071443054	-2.9038083409486006	72.50294166722189	0	0
-4.421825111225495	3.352383709867212	-131.64719348001427	0	0
2.3687053346593387	6.26298519687316	98.90526285827275	0	0
0.11562075482525813	-1.9441884964255678	-23.80504499174502	0	0
-1.0395131205648482	-5.451548367460404	-2.8593642110583772	0	0
2.1597573589496903	12.814943420118922	-53.91487798616143	0	0
-3.8985090322542675	-3.526884927771249	124.48278406565447	0	0
3.8044077980824937	9.49822900722316	0	0	0
-1.6154501688150518	-4.03957847321432	0	0	0
1.1370979313739937	-0.13859269363440774	0	0	0
-2.612904605920477	-1.9700592061665247	0	0	0
2.606870745794801	-3.156538008534625	0	0	0
0.12535919343880408	-8.087197156593206	0	0	0
-3.016534288190023	11.652158843686024	0	0	0
5.37130829273076	0.7682199925069995	0	0	0
-5.106156392301671	-1.4931425349141279	0	0	0
5.156694005844749	9.11975634813082	0	0	0
-5.6288535042863685	6.243309120985046	0	0	0
3.4448024729047475	-8.535052959256888	0	0	0
-1.5618650315809717	21.933546561666546	0	0	0
1.3605808484388575	-21.059484227220153	0	0	0
-3.7216649038639673	0.5513361421173784	0	0	0
5.15236529412271	17.01398147222075	0	0	0
-2.5582688786229184	22.90182232403177	0	0	0
-0.7620183276920187	-37.18691722239953	0	0	0
4.279678105791582	6.884371147089993	0	0	0
-6.010907431671789	18.65670248906116	0	0	0
4.649465647462797	-20.841000909236683	0	0	0
-4.556355901419309	-13.613574027459094	0	0	0
5.275601858941357	25.169748771640542	0	0	0
-3.553182253988261	-14.043930919110437	0	0	0
2.2211934302297465	-25.645234607775606	0	0	0
-3.3883356623534766	3.329456881547486	0	0	0
3.8749845472767532	9.103382235127569	0	0	0
-2.029355204219989	-12.159080680244386	0	0	0
0.3513576491834911	19.473032750428587	0	0	0
1.5856276873768067	8.4790458805453	0	0	0
-3.137369567781356	-34.97663034574673	0	0	0
2.201929948096044	32.38403670311766	0	0	0
-0.4403431479453346	-17.073205355614817	0	0	0
-0.8419294218324467	1.913846067562318	0	0	0
2.3389183475674926	15.327267908860662	0	0	0
-2.7164101489104624	-14.575628327550646	0	0	0
1.7886612901856083	-1.9119223929126719	0	0	0
-1.997365684295957	1.7323460927775471	0	0	0
3.57578441817018	-0.6882076402307717	0	0	0
-4.7493881166904615	-3.800644338923135	0	0	0
4.949185423183735	18.17307209439521	0	0	0
-3.399297113272695	0.5663636243130554	0	0	0
0.32783041146672076	-5.080246281792782	0	0	0
0.4231320115293329	8.82370754313105	0	0	0
1.858082591266033	-9.119139101246233	0	0	0
-2.7713311513831727	14.118244024932096	0	0	0
1.3866313742787568	5.0069451023574345	0	0	0
-0.36700795339661596	-9.830188005772968	0	0	0
0.3533657471497662	5.221086713764393	0	0	0
0.6405200966889737	-7.701356517374094	0	0	0
-2.9374326830633137	13.458871491217181	0	0	0
3.047277402990993	-3.831579463990508	0	0	0
-1.036790695252904	15.622274575574096	0	0	0
0.8010829160040345	-32.14588571396833	0	0	0
-1.6076151262982776	41.33342714596987	0	0	0
1.4576623924253482	-19.718407231273495	0	0	0
-0.39583747354156884	-71.84543741717965	0	0	0
-0.6108729060162759	76.17029143174645	0	0	0
2.0362762895590834	-36.94845221685672	0	0	0
-3.0499733836389353	38.15960923551078	0	0	0
2.2900430640907814	-34.143593231302305	0	0	0
-0.775057976577429	16.05571034222522	0	0	0
-1.8005426779283908	-57.69882091487768	0	0	0
3.740425260347699	0	0	0	0
-2.2954893090571105	0	0	0	0
0.592310183416636	0	0	0	0
-0.7795559366121836	0	0	0	0
0.727163452536999	0	0	0	0
0.6276846747614186	0	0	0	0
-1.3504697076449332	0	0	0	0
0.5371757018720444	0	0	0	0
0.4131442747349894	0	0	0	0
-2.022914196190513	0	0	0	0
2.3696614860706475	0	0	0	0
-1.8562223331093506	0	0	0	0
2.9147418963425125	0	0	0	0
-3.7087881863198007	0	0	0	0
2.6976456453809305	0	0	0	0
-2.5744934794036567	0	0	0	0
4.407109596662771	0	0	0	0
-4.9452700800307525	0	0	0	0
0.9474427038791973	0	0	0	0
3.4102532443188807	0	0	0	0
-3.4153632813349475	0	0	0	0
1.6037333776322455	0	0	0	0
-0.11109511715550724	0	0	0	0
-0.1527736444689225	0	0	0	0
-1.0246299509556422	0	0	0	0
2.450450887454032	0	0	0	0
-2.716893376478801	0	0	0	0
0.27069842064602767	0	0	0	0
0.05474271973937306	0	0	0	0
5.080180556250198	0	0	0	0
-8.132870547297337	0	0	0	0
6.771233544505712	0	0	0	0
-5.017412865161269	0	0	0	0
4.313851740464038	0	0	0	0
-4.9817568650721356	0	0	0	0
6.693493089915293	0	0	0	0
-11.274170958223195	0	0	0	0
17.514900956459726	0	0	0	0
-16.576502316332054	0	0	0	0
7.387539872412042	0	0	0	0
0.26232017922824014	0	0	0	0
-4.078557293211759	0	0	0	0
4.4415127200380695	0	0	0	0
-1.2608214675962799	0	0	0	0
0.6602518692044157	0	0	0	0
-4.207268838626561	0	0	0	0
6.887794509948861	0	0	0	0
-10.105513419307101	0	0	0	0
13.37599566179798	0	0	0	0
-10.352904336769377	0	0	0	0
6.7211081960584735	0	0	0	0
-3.373376700705883	0	0	0	0
1.9089334785213694	0	0	0	0
-4.080052056436685	0	0	0	0
5.369245002839868	0	0	0	0
-5.217896698553005	0	0	0	0
3.6153765600952283	0	0	0	0
0.12739775675756704	0	0	0	0
-4.000107142969831	0	0	0	0
4.51710303940758	0	0	0	0
-1.3588410311628678	0	0	0	0
0.573753051826948	0	0	0	0
-1.0464243038478713	0	0	0	0
3.239920984582774	0	0	0	0
-8.967049017167376	0	0	0	0
8.60938166133446	0	0	0	0
-6.132567660154756	0	0	0	0
10.202528626228357	0	0	0	0
-11.186920411841207	0	0	0	0
7.760742832308765	0	0	0	0
-4.882959331296526	0	0	0	0
1.7077845217701437	0	0	0	0
-1.8978259096388541	0	0	0	0
4.898031979237125	0	0	0	0
-5.259683379241629	0	0	0	0
2.9698657940141615	0	0	0	0
-0.6319939961881857	0	0	0	0
-1.2261729096457046	0	0	0	0
2.2582342550477463	0	0	0	0
-2.6475763537889137	0	0	0	0
3.485232944438927	0	0	0	0
-4.183120432543234	0	0	0	0
2.745636814684886	0	0	0	0
-2.1070536953402623	0	0	0	0
2.3417666649735764	0	0	0	0
-0.15199545857112184	0	0	0	0
-2.472893168335723	0	0	0	0
3.4331823846994993	0	0	0	0
-4.277206925609796	0	0	0	0
3.2240314198695614	0	0	0	0
-0.2409410059389927	0	0	0	0
-1.282834859536365	0	0	0	0
2.29903830822537	0	0	0	0
-4.90824923059666	0	0	0	0
6.5186126198290495	0	0	0	0
-5.009906076391481	0	0	0	0
1.0947885494245497	0	0	0	0
2.46411735179948	0	0	0	0
-3.9195434388406767	0	0	0	0
2.18040925006202	0	0	0	0
-1.3653815436138572	0	0	0	0
2.706631079872629	0	0	0	0
-0.5130248778329829	0	0	0	0
-4.421606358432143	0	0	0	0
5.197908866697723	0	0	0	0
-1.428229538063988	0	0	0	0
-2.6205471401337235	0	0	0	0
5.259681959929331	0	0	0	0
-5.272545201879353	0	0	0	0
6.469661014302076	0	0	0	0
-12.958670319263817	0	0	0	0
14.924849152397783	0	0	0	0
-5.386984202746518	0	0	0	0
0.2675855811707919	0	0	0	0
-6.282440876377983	0	0	0	0
8.956501609935174	0	0	0	0
-4.58456676634588	0	0	0	0
-8.70640704814516	0	0	0	0
25.02433961974181	0	0	0	0
-22.248031165008925	0	0	0	0
7.774553484432715	0	0	0	0
-4.098102915465283	0	0	0	0
3.4365139616196245	0	0	0	0
-0.16587782536363704	0	0	0	0
-2.59872921431748	0	0	0	0
5.975814612718118	0	0	0	0
