-0.336250832370915	4.693321956788417	1.355993713990344	-0.6143550797417134	16869.324401067184
-0.33634781488574106	15.129757956415894	3.6778641619691825	-2.466054281810159	16867.686464338003
4.713408092290969	-3.263209360661463	-7.196813624062912	-6.865980885671092	16868.642376781136
-5.269828204319936	-8.375088571362397	1.045317957891541	-3.9020667653929877	16868.95838322096
3.1268027061109933	0.16970923314137565	2.0700022299322143	81.4066500264364	16868.517377235898
-1.1947002398809232	9.547090768412971	-8.07458062828637	81.03228360166949	16863.812763921233
-0.06674390069287028	-19.029086661333125	18.252951569021818	-21.58719246165778	16921.689361973877
0.9842877971930051	9.719525804671235	-15.184942610850442	18.832316314066148	16811.006392463514
-0.8027892800789189	-1.4007927771784878	-16.539541567285596	15.364723729349222	16960.81339049877
1.732854535278328	10.540260587933545	-33.99840107085252	28.226864910579422	16982.09753454782
-5.160168517349732	-0.12722688514837444	-6.788675148324188	-0.9563801924507942	16972.10400392051
8.067841769727558	-29.3324195437419	3.2795169627587626	-15.032402959054252	16998.47378069305
-6.743016064179301	43.570365109892315	-4.184786772603516	-11.782123498923369	16854.617507192714
2.537932658080649	-23.324363347302615	13.781367054121944	-13.047901849582829	16920.34592295775
0.04634087187007907	-2.721729697826575	9.884384498019642	-22.275080409150164	16944.785252197955
-0.25784734569440815	-4.384838466439902	12.917027954262949	-71.2940672831194	16949.178886022
1.963042328135451	-6.308642613257085	0.6697202763246821	63.813461844542275	16930.191315441778
-6.255375585869118	-2.7246547257264666	-89.60818519694504	-26.001678265393977	16906.13504486755
10.369792423033836	-15.217799684085115	78.2076058276909	4.87724791959684	16944.96589824695
-13.004578036251353	0.050215489880720554	-17.57002635802121	6.520901273674951	17005.29167877975
9.224604356192309	-13.264402917405697	-7.527700008798817	53.77556593102334	16908.513186510834
-2.3827778571678877	16.885450559317043	9.355995962843863	68.97069420870338	16868.299179074696
3.4041262849530085	-3.1489053807686176	-14.565029435587505	13.421109861749201	16965.32250018861
-6.791517898948371	8.953615330542412	8.791516098092416	-24.074761531256485	16870.54879950408
4.699187850855878	7.1566353281292265	0.018957246220494994	21.867225362741024	16928.45692861556
-2.88126496214646	-13.512931928750092	-6.982417930403443	-34.3788745832163	16901.284385485404
3.135648674757192	13.286635364474527	-10.785876064999798	-124.00719713221098	16937.51648227327
-3.335482532649145	-10.096288635372865	30.944300646611467	26.791270352417357	16963.659408604693
2.7214438467728854	0.03641274743853273	-87.31979431531326	-5.761600141191323	16802.905948680356
-3.944963714969667	12.106331457014612	11.531494970347524	17.162241093537162	16852.839759581886
6.129893548376771	6.018273311076939	-11.49675852807745	16.426539232957268	16913.068576503993
-5.778084706142444	-2.6252009877028044	14.880124166435124	-4.726188709258224	16924.33551484565
5.120145346663534	8.074707836400464	-0.5269156057395747	0.18310516567595414	16901.329464229053
-7.106808686921639	32.93986877086493	8.648379405112621	-27.27821222964498	16872.70411410477
6.98236924552964	-6.406838243966405	3.868218487448516	9.037117803335548	16738.610412288876
-2.8205612939910765	-4.450968447414148	22.364113680755352	-1.7645694809343837	16896.721921472945
0.240250520045322	8.534953159113044	3.857040370608644	-5.228608855947101	16946.902519317107
0.8159779157210636	-18.073769802358548	-16.112636027982234	32.72936015019714	16976.283613218726
-2.9247711866226354	4.52346518324039	95.64227038056778	0	0
5.470439269821988	6.4860319361465955	-21.357078071454225	0	0
-4.80984583384879	8.438044062168089	-41.37637346783201	0	0
2.078636591643601	-17.902564513889395	15.968962163285	0	0
-0.942875452791192	9.033696552929861	-4.995365063193773	0	0
-0.026564589987472687	3.2328386284246093	23.150241415533642	0	0
2.3942652617181324	-4.965193073119863	5.994365141188979	0	0
-4.161508810605895	-4.825001036045592	-11.800408689585822	0	0
5.947466232072038	0.9294581894870788	7.298240706609107	0	0
-7.3124088858628085	4.1816136541325974	2.2025604730320367	0	0
6.1401441409527	4.416878935677175	3.1078821078955627	0	0
-3.416792191320795	-3.4313018804551945	31.536022484191648	0	0
3.268612726184138	5.1750173527290215	46.309914431697806	0	0
-6.494998473618793	-1.413156480307002	-21.858576375034403	0	0
7.503900073448314	0.6423035045626051	11.548480511694422	0	0
-3.617334243462963	-35.850415113969476	-13.350219570480192	0	0
-1.1033866355754967	-3.6516304115749207	10.534976207059529	0	0
3.2425141930424317	-4.932192540625934	-1.6714476621046543	0	0
-3.1899050861192038	10.535822553075569	4.220954908775781	0	0
1.6185800089914366	12.55460352136906	-4.8518800143867935	0	0
0.6157428485830749	11.632293278792638	-14.418634479508384	0	0
0.3040093555342338	5.602178707921873	8.710088942412085	0	0
-5.484158397944789	6.797936800425475	-29.87366583535804	0	0
7.634999573597447	-9.3925634096327	-102.904545628281	0	0
-8.275982246383833	-5.681116547428665	42.0513674277035	0	0
11.658378691072201	6.143193913548693	-11.062132037957213	0	0
-9.211940223340775	10.139092956915562	-12.184023849035427	0	0
1.9274731535179868	1.3702753077798704	2.5131587025681057	0	0
2.0387265595962774	-24.80286315353493	-0.8167995934105505	0	0
-5.184790906242938	13.514355392581386	-0.30486699284254826	0	0
7.151776743443989	3.7364264328417818	3.583439999042625	0	0
-5.5915740398824525	-4.226980875198414	12.510186085028167	0	0
4.986590773850651	-23.158272346656986	0	0	0
-4.462469646989497	-4.17760827124593	0	0	0
0.583594644435891	-9.326215819282368	0	0	0
4.746153695340141	14.434947650445181	0	0	0
-8.313857347641914	20.576449986564	0	0	0
8.858203751129174	-5.979903855270102	0	0	0
-6.9759889481467	52.01853751010429	0	0	0
4.029808800512761	-26.749857069606094	0	0	0
0.07111754202643539	-0.25169238113173975	0	0	0
-2.108922825637329	-5.208724193922812	0	0	0
-0.8303047021650514	5.257898050640826	0	0	0
4.553123998887429	2.9548260618137405	0	0	0
-4.487644535070466	-7.963697470525574	0	0	0
2.2035287358028626	-8.291885927684667	0	0	0
1.2730582668376442	-1.5881822028165615	0	0	0
-4.942817771526599	10.161287068518817	0	0	0
6.367781537906005	-15.271157958156898	0	0	0
-5.420786238528997	2.1283433696108887	0	0	0
2.3966685330969213	-4.497348675744512	0	0	0
1.4878241105418013	-4.723194529216947	0	0	0
-3.931747511939051	-5.249360303218744	0	0	0
4.7228273649569275	-1.3216482564960899	0	0	0
-3.564183798025873	5.624133060769914	0	0	0
0.7746520275326318	-3.750947419925609	0	0	0
1.4660779754607844	12.734323255550251	0	0	0
-1.8949284962900066	-11.572178073041847	0	0	0
0.8999505095020623	-13.78565640886545	0	0	0
-0.19369294743275844	4.206643733624638	0	0	0
0.050171717440697705	29.257259716079908	0	0	0
0.06559321987676725	-8.886230691613896	0	0	0
-0.3437951067882139	-11.618752530760148	0	0	0
1.8123147613139992	-11.149317627095805	0	0	0
-1.7683592916812856	-2.8943734930351113	0	0	0
1.5110029449859397	6.270779810209177	0	0	0
-5.9397074527303175	9.800596644435387	0	0	0
8.531207038496952	2.8187091382227933	0	0	0
-6.169468882352618	2.544962713992007	0	0	0
7.099233791394269	8.178607355458283	0	0	0
-9.016058331029164	6.770498381634084	0	0	0
5.300438914995389	-7.554487730023915	0	0	0
-0.6141796824007386	-4.494375538483091	0	0	0
-0.3699181118256618	4.819598559623913	0	0	0
-0.672509373547129	-14.29683113198805	0	0	0
0.6376601771610666	21.267637927120887	0	0	0
-0.27155593226417096	8.906283541614599	0	0	0
-0.06644776550668752	6.541758617958614	0	0	0
0.8046488502802873	-4.338793322889579	0	0	0
-1.5460853063709337	6.449073494956032	0	0	0
3.065042862038254	-4.513401535347121	0	0	0
-4.889729691868581	20.042638972315693	0	0	0
5.956286164243352	1.926035586935832	0	0	0
-5.141194235794657	5.439477850656793	0	0	0
3.381232006136486	-3.079677690927589	0	0	0
-3.2950664261404867	10.081279533142116	0	0	0
3.952758287307681	3.297520428647289	0	0	0
-3.1906818698556165	0.7622891386030801	0	0	0
1.436167389099758	2.038515434582841	0	0	0
-0.18721361376920953	1.828922317950763	0	0	0
-0.042962370556203666	1.9413578265509415	0	0	0
2.5296668969010767	8.799484031761722	0	0	0
-6.88270604928519	-12.180116997087033	0	0	0
8.501830411688204	0.6739266482790285	0	0	0
-5.364245098633553	-2.0418304445321738	0	0	0
0.979901890887227	0	0	0	0
3.3320267445742147	0	0	0	0
-7.436572211193578	0	0	0	0
9.62362136513861	0	0	0	0
-7.585083304157088	0	0	0	0
2.560471904461174	0	0	0	0
2.990235841175391	0	0	0	0
-6.511355879571639	0	0	0	0
7.805892807860246	0	0	0	0
-9.150676305302262	0	0	0	0
9.158168254377948	0	0	0	0
-4.923406648141885	0	0	0	0
1.2252233249079936	0	0	0	0
1.5336188874206371	0	0	0	0
-8.05335136020829	0	0	0	0
9.224658345000265	0	0	0	0
-2.548529249983524	0	0	0	0
1.8410711489325635	0	0	0	0
-4.41517020852725	0	0	0	0
1.6810865756344242	0	0	0	0
0.6387515518721685	0	0	0	0
-0.5553799073196046	0	0	0	0
1.2120421045264962	0	0	0	0
-2.319337208208985	0	0	0	0
2.6582212444855955	0	0	0	0
-1.7220620975808387	0	0	0	0
0.5360692295629974	0	0	0	0
-0.3404541306989728	0	0	0	0
0.8444846961642583	0	0	0	0
-1.5742773391974438	0	0	0	0
1.7618386189808177	0	0	0	0
-1.3697439793531245	0	0	0	0
2.4020036622891325	0	0	0	0
-4.007615616812288	0	0	0	0
2.8581349551896906	0	0	0	0
0.4033501861122133	0	0	0	0
-1.2145906780804765	0	0	0	0
-1.2893325530541446	0	0	0	0
4.500285622567702	0	0	0	0
-5.070948436024764	0	0	0	0
3.579440507954061	0	0	0	0
-2.824795130042446	0	0	0	0
3.9540338535109782	0	0	0	0
-5.064663856861081	0	0	0	0
5.3363586579468745	0	0	0	0
-5.1727078134151085	0	0	0	0
3.8575978050594415	0	0	0	0
-2.512600970461591	0	0	0	0
1.8581629261224037	0	0	0	0
-0.5454408005271603	0	0	0	0
-1.4905110830275916	0	0	0	0
1.7865289478608872	0	0	0	0
-0.5073017490049736	0	0	0	0
1.549166501976913	0	0	0	0
-2.6855965769327312	0	0	0	0
1.8190090219702455	0	0	0	0
2.0431596062584703	0	0	0	0
-7.6683717670982645	0	0	0	0
8.137116081443459	0	0	0	0
-6.094600218738613	0	0	0	0
8.37709203576447	0	0	0	0
-7.366474153595689	0	0	0	0
1.372205309137918	0	0	0	0
2.797976997633043	0	0	0	0
-4.666314366580053	0	0	0	0
4.467087851610152	0	0	0	0
-2.4825396706579284	0	0	0	0
0.21760782055294925	0	0	0	0
3.668964790226781	0	0	0	0
-8.015490150508441	0	0	0	0
9.787552178105294	0	0	0	0
-8.877887740456423	0	0	0	0
5.906397051917992	0	0	0	0
-1.6439019790264027	0	0	0	0
-0.8589911570150477	0	0	0	0
1.4439130156255047	0	0	0	0
0.11386252958345011	0	0	0	0
-2.001763583024321	0	0	0	0
2.4212097165085424	0	0	0	0
-2.2593018451000404	0	0	0	0
1.158972329224369	0	0	0	0
1.0718383101599684	0	0	0	0
-2.815223026789127	0	0	0	0
2.783706083095936	0	0	0	0
-1.6893438377353363	0	0	0	0
0.7152711998913759	0	0	0	0
-1.5550035672083666	0	0	0	0
4.0225615584515495	0	0	0	0
-5.226319093228923	0	0	0	0
2.7713643988699275	0	0	0	0
1.5401854199763463	0	0	0	0
-2.4857461291641414	0	0	0	0
-1.1362177204189479	0	0	0	0
4.315792952532824	0	0	0	0
-5.217347107891015	0	0	0	0
5.971824777569694	0	0	0	0
-6.363210088476883	0	0	0	0
4.888608860510054	0	0	0	0
-3.0614831462793433	0	0	0	0
1.7984812186091972	0	0	0	0
-0.7203809634553764	0	0	0	0
-0.673946642792238	0	0	0	0
5.802516010086933	0	0	0	0
-11.457732188008947	0	0	0	0
8.073319596020418	0	0	0	0
-3.609935479867616	0	0	0	0
7.866938037192014	0	0	0	0
-10.760660620947021	0	0	0	0
6.80239835622892	0	0	0	0
-2.9668062527483343	0	0	0	0
1.394672301804249	0	0	0	0
-0.7494686453102943	0	0	0	0
-0.3071206862810385	0	0	0	0
1.6581150165045813	0	0	0	0
-2.0807789499456106	0	0	0	0
1.1270083785944252	0	0	0	0
0.5729111508023408	0	0	0	0
-2.115434133928879	0	0	0	0
4.9107449151765294	0	0	0	0
-6.200602524998075	0	0	0	0
5.394103958357519	0	0	0	0
-4.742660965872098	0	0	0	0
1.4217991241090076	0	0	0	0
-0.26515276137547517	0	0	0	0
-0.3755594505284776	0	0	0	0
3.8184886608684394	0	0	0	0
