0.37148621395881776	-2.233156221155099	7.014782299380116	-0.5128777901842341	17085.082394153636
-0.635274167667724	-5.809468782222751	22.485098355967295	-2.7751286866329394	17084.778553193653
-1.7149369009869844	10.091992381714036	-7.895632073468491	-13.417151786285444	17081.033536584764
0.8044087032084093	6.99948170534546	-3.902307939472692	32.77397635240274	17087.444283234963
1.365862515946091	-4.5964575618945105	-7.7249546232148845	-9.008800479926805	17067.873370990972
-2.087488999309741	6.700122913019015	-5.650374730336665	3.527839382457202	17141.138505172057
0.6336306742316111	-0.3811880125935261	-30.173887290934175	4.295369013499197	17223.208909668283
2.1539617810355054	0.33842794690951905	-23.89758208226597	-6.756236943317958	17086.22379479059
-2.947304671972354	-11.116924801294829	17.98278229516751	-8.14328202525563	17011.06625913705
1.1787665773224916	-1.5751767080204786	3.390136610478848	-14.375483253440748	16882.06824160881
0.6874144110920994	10.525503625958649	43.81158366309461	-47.20007648813997	16822.64848821584
-1.6658042414095462	-7.344408602694799	-0.3045036595461994	45.73543504002926	17184.134663970624
1.6648952754627189	-4.991499811224031	-36.31346368868077	10.388277689755142	16946.252178611616
-0.9681971020325975	-0.46151042072362713	8.723032947794806	51.01016180677075	16863.488629100204
0.32228379237889726	5.626791021961978	-3.8190104210954985	-40.18697003577947	16889.206427776844
1.3606532976642853	-7.660270434052144	10.898408995525244	-31.585730381425947	16852.9546713948
-3.4709026538707093	-0.7881309832021728	7.805960449738393	4.629711601566797	16989.725050560333
1.586874505858873	-1.6920079494597644	-19.303884266995325	-33.155260222801076	17151.218918217965
2.700297554293087	4.538765479775691	25.64880920440622	26.3389610720742	17095.259176998054
-2.322217226625696	-14.250041043545451	-5.734212328586864	-11.844224511146379	16999.802266621973
-1.2845603210076746	7.03914972606146	-19.185101750876612	-14.407092335718318	16854.738841742223
1.993664893728031	-9.034074287800259	2.45020128482831	-17.18133798620846	16792.337590971605
-1.161773384190802	-12.36177365808372	10.327764477968898	21.006006757926286	16733.161942338458
2.719955890107002	14.974857898907025	6.533147513982428	34.152105319503946	16964.78864375592
-2.923712215549223	7.557040708814888	14.361213142626767	-28.33469462290543	16867.097683388627
0.8381237535021384	-18.16355976699078	-27.19619995403768	-43.06497330617198	16838.33839167502
1.8949825915199767	7.960734803824948	-6.827916785280209	-4.450815641337826	16889.268523367526
-4.154869148386176	2.133973485330472	-6.177017319233229	61.55194101646451	16889.852793256374
4.562911040269313	-2.7537545902118907	3.1088153207317504	17.342316245731737	16761.523103445816
-2.662990480164467	21.701399285706103	-5.106715785701979	20.76807866397749	16751.3967196571
0.698525494815371	-5.025810473804853	-21.929845876107407	7.100466798279143	16744.103083185168
-1.557043828334045	-6.921021212722351	21.825581583324407	21.6399139949266	17023.22869034492
4.36190682828672	2.025246294529765	-22.689575193922934	-75.51368594577599	16965.186753948263
-4.109942719760916	5.1485213409690544	15.792098940664332	10.765330110459985	16928.099357325205
3.4961817092477077	-2.022533458563167	-32.05387671413149	7.306865670514739	16447.43497547993
-7.0235733050050015	-4.590461245332648	-13.883213820923771	0.9982381856011244	16600.67639845884
7.726402837222707	5.5847180025678895	2.638117535308808	-22.62389939202029	16553.955363629266
-3.1095499344899906	-15.898116423601572	30.136898079643842	33.149394767294254	16549.894907428283
0.652302288366883	-2.6645202200833253	-19.597601349748132	0	0
-1.492090532353103	8.63804817274496	-14.90987784241426	0	0
2.259351173317519	-8.655526649391952	-5.165986126603045	0	0
-3.100617565156476	-5.076184282259945	26.407420536835275	0	0
2.271073079951485	5.331692021702665	6.918888559771403	0	0
2.2941814135899534	-2.5827113008138625	5.932575038697479	0	0
-5.31749653761954	2.9986243813912026	-15.78276008092837	0	0
2.5857527684302823	-13.505644508047467	0.18700196815834147	0	0
2.1710460604282105	-8.072190301466144	21.42434232650149	0	0
-3.7680611534524076	-1.3228464378732951	7.059929109744118	0	0
1.4598085246206622	-4.824385824212591	-3.1238855459733372	0	0
2.025195986762647	20.402660268693765	-0.15418811972647006	0	0
-3.2330766470934122	-20.338951093841523	3.514909875330744	0	0
2.9925476299078397	20.604154693916314	8.465552607265892	0	0
-2.1468226654240326	-10.177931585911708	-9.078991506770947	0	0
2.0866816994294553	1.3224391517750789	-0.9481277914783846	0	0
-4.240741210704826	-3.7500114746448077	11.262728011924779	0	0
4.052843596488245	1.6287412366638705	6.394724503073803	0	0
-0.26347460995643956	12.261618414389332	-24.759264540342798	0	0
-1.7111183540633093	-17.609841103068703	19.88053107573218	0	0
0.36128283495720837	-6.890260356826289	-2.8172771996388803	0	0
1.8685597430304028	10.08671516291929	-11.56232655419403	0	0
-4.35088307938188	-12.143905055758623	34.03430949918179	0	0
5.805662418090414	-4.532731600465468	-24.94555133027454	0	0
-5.368155883214229	10.503220504506636	21.794989800100353	0	0
4.0062174556662455	-14.737490125149982	-0.8021141345318483	0	0
-2.4078014030952986	18.732299066874845	-77.62759182151049	0	0
1.7876741178390034	-10.410077753508716	25.21068437143454	0	0
-1.686023778743781	-0.9363477395840505	-4.352176611005234	0	0
1.2924812452324943	9.897791541608584	-1.6391000716214847	0	0
-1.5942542109772901	5.981613372350452	3.776263834693694	0	0
1.3926006559843245	-5.462813913221268	69.76989396986973	0	0
1.0184771673402793	-2.701720449428265	0	0	0
-2.3205356960771937	4.23469481451464	0	0	0
0.8240758630590648	9.504939434719837	0	0	0
0.2980526625374722	1.8256460601639404	0	0	0
-0.6198230376030338	10.689959117695807	0	0	0
0.6240158543109615	-10.776562294906618	0	0	0
0.8083758621449064	5.3783265479397855	0	0	0
-3.315883107971885	0.49936986761819213	0	0	0
3.5852145096170958	2.706015990454169	0	0	0
-1.6473504843224163	0.8966827036191276	0	0	0
0.12523382407385242	-8.589381681052444	0	0	0
0.10732894932091597	-3.1279237231243613	0	0	0
0.8054887869972447	12.883839739803122	0	0	0
-4.069240729284445	-13.163186666184274	0	0	0
6.359941432222591	15.952118600220082	0	0	0
-5.174827836483196	-4.759043817057822	0	0	0
3.3024505384006275	-2.7592541262705836	0	0	0
-2.397301870872063	5.271420136087308	0	0	0
0.921315356967213	5.123900461747283	0	0	0
1.94090099432497	1.210572840113855	0	0	0
-3.3581976268578657	2.290859924922806	0	0	0
1.5470445071090424	-7.724831119372816	0	0	0
0.5081511848986224	0.14820068367100703	0	0	0
-1.4827702998820769	5.8813976024210035	0	0	0
0.36979217697392386	2.768724355556081	0	0	0
2.572220327162981	3.602230429225756	0	0	0
-2.5022813622589837	-16.35146827991266	0	0	0
-0.36911788954486013	1.7762788394979765	0	0	0
0.6323880696301529	7.392736832636494	0	0	0
2.837131102576109	-32.07332668103344	0	0	0
-3.446226267776737	13.60616972558541	0	0	0
-0.7148634440294899	8.735313440159075	0	0	0
2.582528204695734	-6.754526267820992	0	0	0
-1.7779798017568353	-1.6271887268461995	0	0	0
1.7064692756234123	12.341737049679772	0	0	0
-1.5789784279235235	0.5561808909579256	0	0	0
0.08875206596272989	1.7580763813830913	0	0	0
1.794331923722936	2.3444947336531143	0	0	0
-2.520353928738345	1.7591179096123284	0	0	0
1.1697731870442496	-1.954410653422201	0	0	0
2.6483929132764885	-0.5468379628237301	0	0	0
-5.374487178795647	-5.320694222895909	0	0	0
4.239447661284039	21.230797276790398	0	0	0
-1.785275300927566	-5.608666233288659	0	0	0
-0.5488439493200588	-2.768473296258314	0	0	0
2.0949341755747426	10.71534608726138	0	0	0
-1.636391414330376	-9.854553465821944	0	0	0
1.0489586155633575	2.7316414646778426	0	0	0
-1.4235783454517303	-12.691470000743308	0	0	0
2.3484464253628516	8.08911243990709	0	0	0
-3.6513268850643854	-7.356837341859773	0	0	0
2.6045384830349008	6.222750135242627	0	0	0
1.0025463552625027	-15.949311531522454	0	0	0
-1.8864957404177645	-6.911394334477784	0	0	0
-0.7967973803544623	13.546503837306162	0	0	0
2.8609207215857424	-19.75993893358129	0	0	0
-1.454140616280327	5.952715913297702	0	0	0
-1.3118116740955585	11.959115607633933	0	0	0
1.4283966642137855	-9.28379459232115	0	0	0
-0.10793557497440531	0.6001247599486206	0	0	0
-1.1873637263432997	2.655498295981083	0	0	0
3.597322053012533	1.891751296496622	0	0	0
-3.524276870196772	-11.117335916861485	0	0	0
-0.7876141745237035	0	0	0	0
5.344578501201269	0	0	0	0
-6.3583089706704286	0	0	0	0
4.676916512046503	0	0	0	0
-2.381345476345288	0	0	0	0
0.015541506330848165	0	0	0	0
0.5512966651791444	0	0	0	0
0.16076990653760959	0	0	0	0
0.6280738573889266	0	0	0	0
-0.7096556594588463	0	0	0	0
-1.5141212183209944	0	0	0	0
2.13109635452647	0	0	0	0
-1.695754267858831	0	0	0	0
3.1972822514848147	0	0	0	0
-2.80005667641327	0	0	0	0
-0.6182211353587306	0	0	0	0
2.1806913667604633	0	0	0	0
-2.332704368869557	0	0	0	0
3.8766988640260536	0	0	0	0
-5.41627323712121	0	0	0	0
4.902485695690302	0	0	0	0
-3.7830166481668783	0	0	0	0
2.153349870447286	0	0	0	0
0.1363446850449037	0	0	0	0
-0.0433013249288976	0	0	0	0
-2.1821940238440973	0	0	0	0
3.4263066458280846	0	0	0	0
-3.828282542397673	0	0	0	0
4.878107280656899	0	0	0	0
-4.170786355305552	0	0	0	0
1.8553744746845027	0	0	0	0
-2.2456796951160314	0	0	0	0
5.417407474612418	0	0	0	0
-5.95028675303157	0	0	0	0
3.536766675031622	0	0	0	0
-2.7398040701981046	0	0	0	0
2.5835989012440166	0	0	0	0
-1.8447743247685437	0	0	0	0
1.6759036761534745	0	0	0	0
-1.5401342590200002	0	0	0	0
0.5596885080596294	0	0	0	0
0.11600449402484259	0	0	0	0
0.8076320905303831	0	0	0	0
-1.7344297075595279	0	0	0	0
1.8054290485864684	0	0	0	0
-0.6892032338230223	0	0	0	0
-1.6701849987312372	0	0	0	0
2.6708228810233763	0	0	0	0
-0.11948625261214119	0	0	0	0
-4.0886763064717115	0	0	0	0
5.1173066319974865	0	0	0	0
-3.3490110333051746	0	0	0	0
2.38074208363156	0	0	0	0
-1.961731593179472	0	0	0	0
1.5723282992165935	0	0	0	0
0.0010641831594568885	0	0	0	0
-1.3019426951175461	0	0	0	0
0.6609332181517686	0	0	0	0
1.1834067388898717	0	0	0	0
-2.970000257282237	0	0	0	0
3.1151425707162943	0	0	0	0
-0.10385858698895589	0	0	0	0
-2.3638238015950535	0	0	0	0
-0.2863248972932837	0	0	0	0
5.7602219366899945	0	0	0	0
-6.953630769757126	0	0	0	0
3.990625474043746	0	0	0	0
0.2834736734661334	0	0	0	0
-4.332069736344124	0	0	0	0
4.7810553189647464	0	0	0	0
-1.9094602461285817	0	0	0	0
-2.0721225555503864	0	0	0	0
4.6325705209387	0	0	0	0
-4.486625534919071	0	0	0	0
3.720650584743211	0	0	0	0
-3.047171588045579	0	0	0	0
3.6035308354843707	0	0	0	0
-5.206578093884687	0	0	0	0
5.305832156419463	0	0	0	0
-3.976341976992302	0	0	0	0
3.596460990355318	0	0	0	0
-2.575759293597173	0	0	0	0
0.46891369743818245	0	0	0	0
1.2645844467931084	0	0	0	0
-3.019345160461036	0	0	0	0
4.541010659574546	0	0	0	0
-3.7532050954512997	0	0	0	0
0.9263475570741306	0	0	0	0
1.6878024292622413	0	0	0	0
0.17952198700531596	0	0	0	0
-4.066717897064791	0	0	0	0
5.549831967812622	0	0	0	0
-4.741523883034581	0	0	0	0
3.036018910299653	0	0	0	0
-1.614475633208663	0	0	0	0
2.489305680699438	0	0	0	0
-4.951905511159978	0	0	0	0
5.478834218091393	0	0	0	0
-4.5918602479959105	0	0	0	0
5.297049575451801	0	0	0	0
-4.782703328652467	0	0	0	0
1.109686829727707	0	0	0	0
0.19988810916066058	0	0	0	0
1.220522051597932	0	0	0	0
-1.9884010415215485	0	0	0	0
0.6549900924516479	0	0	0	0
0.5177527165715361	0	0	0	0
0.3647178587862996	0	0	0	0
-1.2503759871940332	0	0	0	0
0.6975366646076253	0	0	0	0
1.2027359379290843	0	0	0	0
-4.51107086998811	0	0	0	0
5.565435880513398	0	0	0	0
-3.23574584485673	0	0	0	0
1.7600737436946972	0	0	0	0
-4.920104139084877	0	0	0	0
5.977946805611744	0	0	0	0
-4.291947428514625	0	0	0	0
5.403931060652887	0	0	0	0
-5.3334324894603	0	0	0	0
1.3895579121708437	0	0	0	0
0.8131530059981102	0	0	0	0
-0.5824594506807017	0	0	0	0
-0.12516127705544733	0	0	0	0
0.5301294775255343	0	0	0	0
-0.8500345941797605	0	0	0	0
