-0.014736890250361512	-0.582693422850312	-1.5205659676381345	0.24589347388501892	16934.107493707234
0.2647267783770104	-2.155176546190958	-4.793088357675558	0.8575462200287518	16933.843204394147
-0.6030940930165372	-1.5121541577259308	1.0621022893714382	-1.3586319926932902	16934.40737689386
0.6310268614145755	3.723137387964954	7.048602260465259	9.157758983327966	16934.924878176465
-1.1698978750079903	1.0656734396629872	-0.4190244495760993	1.6711234150482	16930.126040098607
0.849326780026864	4.792990911864699	-1.6196715387054041	-3.3165719406364644	16946.41460512874
-0.3628707576487713	-7.091401872088177	-3.7505791307266776	-2.112419276267161	16962.06430221716
-0.01639124550185045	11.559572662175185	-0.9987536420417911	2.340888527292904	16934.503504276236
1.3188708671528673	0.7500018698397	-12.959885265813043	-6.067775968286483	16902.130432909482
-2.742043788122558	10.73951315608717	-2.1877997730115055	1.2941684715389528	16930.755578012824
1.4026313942732713	0.5203261408180282	2.524532332210896	-4.483895892995079	16934.40787804696
1.0391447204458188	1.6073296551784182	2.3821843566739176	-6.7363979668107135	16923.58037399458
-0.9617217334469785	2.5210151138195798	-1.012413071035553	-0.7301124586348635	16933.803276090544
-0.4847185662009892	0.8311927798931293	2.19868372919251	-0.03690730208566606	16944.673432906427
-0.08933318736264795	2.788985178371057	-1.823099207321377	0.8110169600523562	16950.494127132417
1.0569214181904059	4.864143693316372	3.290027624273222	8.848399426027399	16957.542147422966
-0.3794158398342802	-3.469856988594067	-5.0178219521847325	-3.8062250942149376	16967.759834263015
-1.110896465799648	1.5049144952004951	0.5489873380975041	0.4099650880318677	16968.518302883887
1.4190715266632026	-0.1555563798082389	-0.35860770115886	6.826695631414424	16954.806150668766
-1.3682345395714464	0.29255023581988127	-5.479372315493805	1.2397027426554388	16958.355144769812
1.3567493693732047	0.9281570703684068	-0.5119358676312515	2.0800015979836246	16947.090799940837
-0.30114875188716894	-1.887731349953448	-8.815036206288909	3.5555757917915827	16935.34931158098
-0.6855466107492987	4.704395570273711	-2.2155373637846054	5.486506647334835	16920.641462084128
0.7520271825558069	-1.2704056379638402	-1.402169559547687	-0.7441607610375485	16890.51506336943
-1.426282289456168	2.9845264920145453	5.8798088341104915	9.930387157441118	16889.533186219047
1.9304809885270302	-4.0683741109587	1.9878026452674504	-1.875378769863005	16863.529724870838
-0.9505922856825322	-3.2229250854484377	7.228136741561428	-1.1633154797025043	16888.24576803057
0.9404282265143564	3.6342398007379657	5.215390096934158	5.128428581901048	16898.509362424826
-2.2860704791118067	-0.7559020288514304	0.32512451365977313	0.4262285541135782	16885.46315714163
2.4869848199875335	2.627136179142255	8.641495797316011	-2.986959917261075	16900.765581786316
-1.9696976570197506	-1.6142852914182697	-9.50318831710345	22.29227674000829	16904.136149430782
2.3583335874580627	3.429474682756897	-6.758554737256716	-5.766107364370825	16882.640650137808
-2.5767688235040325	-2.5965664603867964	-1.7792916505214578	3.24565775221933	16893.290175613438
1.2635172807850097	0.9152345126885706	-0.029379629274899344	0.3131184951375303	16891.14561290188
-0.6066661274819865	-2.7819650398610776	2.0081141489526857	-2.329899976816762	16877.968424430557
1.717944854962802	-2.818832992901868	0.22404217926239767	1.248781573955469	16871.65552843743
-3.4314102026689213	-2.2742594579128905	-6.211994592122565	1.7707081707762171	16846.96380143377
3.8168093706281567	4.743169181836969	4.637137902930931	-2.038844885913292	16831.030093129077
-3.8862478546968973	3.941492323858327	2.857857804341407	0	0
3.4525403198070066	2.902029861355942	-5.228747518700274	0	0
-2.1041659169673466	3.1404215085355034	-2.029785712366788	0	0
0.719624438063633	-2.5289160532245134	-6.485489543980279	0	0
-0.5396574603325917	4.612976967974831	-2.378883326560768	0	0
0.5707300488550757	4.575057671287645	-2.976391194353411	0	0
0.030439888920831493	4.776773751107974	-7.454557589102066	0	0
0.3289499376256657	-10.837838876061696	3.391543180398074	0	0
-0.6012571176244137	3.340416655602745	-1.9543675002589396	0	0
-0.5934324798606809	-0.9090644871567122	-0.9277682534970211	0	0
1.3194062350688966	-0.7201206293554492	3.9965358192770566	0	0
-0.14531338063530796	-2.520497228421057	0.6546281974912915	0	0
-0.7455956629412412	-3.551115376647431	0.33492277768171164	0	0
0.4273077402182608	0.9575654701154548	9.020763031177296	0	0
0.0018424586176379876	-6.914613970198793	-6.676983049964903	0	0
0.21957953785628348	0.9465748778703613	-18.128396476221752	0	0
0.3553625827549638	-6.967284917125653	-1.2725673523485455	0	0
-1.1571078369667092	1.201237220144023	-5.943904779499405	0	0
1.2553499325223783	-5.4266878287058375	0.19101174386371156	0	0
-1.7526613170028043	3.220348668376481	1.2412730157622889	0	0
2.653127516484588	-2.732174041569607	4.401255531271914	0	0
-1.8736623605662146	0.2487022735232287	0.39653603059082343	0	0
1.1803226674648144	0.6552717091701155	6.139717545300783	0	0
-2.083771595907166	-4.402114182422103	0.7495603874712629	0	0
2.435043335453109	-0.755769724291639	8.405328476000932	0	0
-1.7055973572830752	-3.278566882807773	0.785714671261303	0	0
2.1167688183939433	-0.21901705389682746	-0.14625250612147056	0	0
-3.7575545924506955	-9.506448802355692	-2.459948149599498	0	0
4.4827917896065586	5.4892587310013425	1.6810674537443475	0	0
-3.8170785915933223	-2.343263411300555	-1.1670416746704007	0	0
3.5125917321297067	-0.7471695608699989	2.823479347338477	0	0
-3.5114034516025043	-3.040841439460536	-1.1219484807600253	0	0
2.326434275695533	3.6948950579276456	0	0	0
-1.608746496869479	-2.440843592806843	0	0	0
2.336320247337973	1.781110462749922	0	0	0
-2.2619048022290613	5.668573799729529	0	0	0
1.7814715192628086	1.3136629957970314	0	0	0
-1.6059707027022654	5.663530619660669	0	0	0
0.9387226081469535	-3.920183258286194	0	0	0
0.03315833985575267	5.932442870002227	0	0	0
0.6025886323994669	-3.5104470165723285	0	0	0
-0.920308087750918	3.975189057079106	0	0	0
-0.020124016916582832	-3.291579690138306	0	0	0
0.9518203016758164	6.714021876261803	0	0	0
-0.6838701023603377	-0.45805896860345996	0	0	0
1.1295883186782447	1.8630014341895205	0	0	0
-2.5347325050649374	0.2325526862247429	0	0	0
2.168478183088382	-4.631276742716601	0	0	0
0.41786117710319104	0.16372636498689275	0	0	0
-1.266781545019775	-2.168345585444655	0	0	0
0.19122092413282132	1.6744362098169532	0	0	0
0.583330226239589	-8.584396610573584	0	0	0
-0.6735204143764548	-0.3192378578031949	0	0	0
0.531392903832554	-3.0406367557927823	0	0	0
-0.15620009180845074	0.7166050152689607	0	0	0
0.3067796696070104	-2.4433663809773165	0	0	0
-1.3910189138570246	-8.695451912643044	0	0	0
1.834214747095693	2.9813109248059035	0	0	0
-0.637950314085991	-5.954093131149165	0	0	0
0.9318129717963473	1.6954129756499015	0	0	0
-2.9419733312573584	-6.113050722766445	0	0	0
2.932311631664355	6.038503639629951	0	0	0
-1.4264583775000048	-1.717033381462926	0	0	0
1.7536833411998316	4.664261517090289	0	0	0
-3.0215664674359886	-3.334757456410678	0	0	0
2.538172716447143	5.685610714731965	0	0	0
-1.2659433384283858	3.972312483875598	0	0	0
0.985295302547172	1.835501259508085	0	0	0
-0.951771958983322	4.937077134949938	0	0	0
0.2981565536836115	-2.427065862292224	0	0	0
-0.04532540048970901	0.8656591068960324	0	0	0
0.3413765557278907	1.3501082914041405	0	0	0
-0.7210156358942328	4.752605283406957	0	0	0
0.7252215125906147	0.32970799068588974	0	0	0
-0.6925308495145259	9.163932036314058	0	0	0
-1.037822832953907	-3.2725393522807806	0	0	0
2.7758074763010825	4.112576148456803	0	0	0
-1.990693024102299	-4.40595127656222	0	0	0
0.6181946324580707	4.616262006539181	0	0	0
-1.903246081942605	-0.08155278705642388	0	0	0
3.2410147491428916	-3.8344889440684824	0	0	0
-2.6136352294283185	0.7419136925547178	0	0	0
1.8144626259420562	-4.55976675879203	0	0	0
-1.7980478792508308	2.825127464767199	0	0	0
0.992377339750476	-4.033926255352547	0	0	0
-0.4817500192453039	-6.580650646216469	0	0	0
1.29092712425809	-1.142545755290314	0	0	0
-1.7525792420806496	0.8836405382329602	0	0	0
1.9199157389904684	-7.052562999514201	0	0	0
-2.416623604358257	0.902744187312706	0	0	0
2.0307940326981964	-2.44673730462668	0	0	0
-0.4419238768663263	-0.10647129332336647	0	0	0
0.4302987023839506	1.0290009707208725	0	0	0
-2.120116815694047	1.790608314069459	0	0	0
2.4805522031718823	0.8628728725582349	0	0	0
-1.330480665658385	0	0	0	0
1.3938518994880198	0	0	0	0
-1.9120654404124622	0	0	0	0
1.0584136817247867	0	0	0	0
-0.7515739397615206	0	0	0	0
2.197569001837138	0	0	0	0
-2.659573391306921	0	0	0	0
1.6334589011153682	0	0	0	0
-1.1651885061388825	0	0	0	0
1.0058136680939356	0	0	0	0
-0.399206469839946	0	0	0	0
0.6267519852239829	0	0	0	0
-1.1941386424523017	0	0	0	0
0.15500401928107266	0	0	0	0
1.176285633624552	0	0	0	0
-0.7532766642711834	0	0	0	0
0.013706693333517705	0	0	0	0
-1.275810521761123	0	0	0	0
2.844137211349853	0	0	0	0
-2.139787856850049	0	0	0	0
1.513001241652539	0	0	0	0
-1.6769930560118596	0	0	0	0
1.6271134427324938	0	0	0	0
-0.8011303663243226	0	0	0	0
0.5583497414461718	0	0	0	0
-0.9016614051562684	0	0	0	0
1.4820579688695261	0	0	0	0
-2.44647407622908	0	0	0	0
2.5077631944022656	0	0	0	0
-1.7855025468292638	0	0	0	0
1.3410815822219533	0	0	0	0
-1.8542345414526054	0	0	0	0
1.2341941320629104	0	0	0	0
0.4430607408137277	0	0	0	0
0.14380819427159253	0	0	0	0
-2.3263594887661156	0	0	0	0
2.7784715119429038	0	0	0	0
-2.476950140878941	0	0	0	0
3.5377079017491226	0	0	0	0
-3.6272441389072583	0	0	0	0
2.059934498703022	0	0	0	0
-0.6687608000358196	0	0	0	0
-0.23179779974401526	0	0	0	0
0.5821933706401055	0	0	0	0
-0.3277122478171961	0	0	0	0
-0.2538966439787984	0	0	0	0
-0.1330394351547497	0	0	0	0
1.0944058856613879	0	0	0	0
-0.6837185898997262	0	0	0	0
0.07662843633298166	0	0	0	0
-1.1459974397107544	0	0	0	0
2.157535216245904	0	0	0	0
-1.5990272834103934	0	0	0	0
0.39455035327994636	0	0	0	0
-0.3239107163285979	0	0	0	0
0.3595766908429425	0	0	0	0
-0.1977695271767601	0	0	0	0
0.5745559688090438	0	0	0	0
-0.9499440554439005	0	0	0	0
0.9680392930571173	0	0	0	0
-1.875034738863647	0	0	0	0
1.9508447430066909	0	0	0	0
-0.7159328983574866	0	0	0	0
0.5676922942649867	0	0	0	0
-1.8364394149758354	0	0	0	0
2.2782639308062045	0	0	0	0
-2.538912565674565	0	0	0	0
4.065645691905509	0	0	0	0
-5.417063100914547	0	0	0	0
4.127696126830841	0	0	0	0
-1.281836413636178	0	0	0	0
0.25386506556758803	0	0	0	0
-1.392806970263905	0	0	0	0
2.451321462805481	0	0	0	0
-1.9574361936625877	0	0	0	0
1.0137866835839446	0	0	0	0
-0.5423002393749599	0	0	0	0
1.0971489522596727	0	0	0	0
-1.8754111666323965	0	0	0	0
1.2654519277836727	0	0	0	0
0.33354089611047044	0	0	0	0
-0.7418101946829623	0	0	0	0
0.6695826572857726	0	0	0	0
-1.577256117632679	0	0	0	0
1.4277352524697733	0	0	0	0
0.4522574598654998	0	0	0	0
-1.4708336408843152	0	0	0	0
0.626039025062461	0	0	0	0
-0.9071231208075119	0	0	0	0
2.0247656775454956	0	0	0	0
-2.3583706645811944	0	0	0	0
1.2854958143881419	0	0	0	0
-0.5225325100044316	0	0	0	0
-0.10863323779673806	0	0	0	0
0.6754549318331513	0	0	0	0
-0.7625163113292288	0	0	0	0
1.1811140410211607	0	0	0	0
-1.8470443117249005	0	0	0	0
1.3458464114739144	0	0	0	0
0.3511295729061956	0	0	0	0
-0.2909336650284118	0	0	0	0
-1.3303889430284457	0	0	0	0
1.472924498526865	0	0	0	0
-0.7768635593722308	0	0	0	0
1.6404330576476909	0	0	0	0
-3.0069960879950486	0	0	0	0
2.6278353758188615	0	0	0	0
-1.9181672555920386	0	0	0	0
1.8100300007948604	0	0	0	0
-1.0454491849971461	0	0	0	0
-0.10448257688088347	0	0	0	0
0.06168462693065635	0	0	0	0
0.5527997553057844	0	0	0	0
-0.24098626083651453	0	0	0	0
0.008585138305903683	0	0	0	0
0.028029271734538952	0	0	0	0
-0.6941534897381558	0	0	0	0
1.125494611440402	0	0	0	0
-0.1860388447396062	0	0	0	0
0.3714407575869103	0	0	0	0
-1.855993203930879	0	0	0	0
1.7716219388070797	0	0	0	0
-0.3506015165159724	0	0	0	0
-0.016719250653792983	0	0	0	0
-0.09219480743628594	0	0	0	0
-1.145856394716084	0	0	0	0
