-0.060766568477696126	-0.8404460606712405	-0.797159295110859	0.22970821633705896	16903.575460513646
0.4309163977601145	-2.959977528279346	-2.517220659863341	0.7419443236496903	16903.476754282026
-0.42969701410468275	-1.670113389649245	-0.20651916205494558	-0.37028240978472127	16903.85060625574
0.09909858097636715	2.4694637594754667	0.05829380558377295	-1.4776509804308517	16903.685502096632
0.4231131216890134	-1.4421391596770547	0.7771935130390517	-1.7603527790593745	16903.36567821922
-0.6659453299219535	-0.08571247225366818	-0.1919885947443305	-0.05693020047024788	16904.2610509271
0.3782781297119868	4.605909912925675	-1.193553673746493	0.20350809847076334	16905.41450386043
0.012857857177657195	-0.40525086641467567	2.3767610487299606	3.3342592370963757	16906.77117425746
-0.2703565853728449	-0.43729303210970016	-0.16980978654419232	5.738144507475212	16908.78358875945
0.28778339913467477	-1.8312415650359313	-0.49248715342524463	2.0586778220832116	16907.382861832917
0.3389089739551139	-2.6271048692443273	1.094462937798653	-1.2015637263963583	16913.67939486317
-0.8227024641878131	-1.4626680602664877	-1.0331038150182934	2.0890710091046287	16908.793969705228
0.6603374216683022	-0.1598248898211878	-1.4020909091778577	-2.0803337621611178	16912.286038550174
-0.027364683465997075	0.2443219614518739	-0.8480609219828352	0.2994608624189681	16911.124898802067
-0.33352597676135787	-0.4055249392338709	-4.653284979472929	-2.003723717164462	16907.097665985035
0.4618352154836032	-2.5066942112622854	1.3414533698051514	-0.4156058642292919	16905.240521602533
-0.6430576595222846	-5.161958518297432	0.036530101498186696	1.5077422647536451	16909.11731985557
0.5557064151097535	0.22782502353052791	-3.7990369906993777	-2.2281016904586863	16908.411026294554
-0.6939268962557392	0.35869505316467354	-0.07453464865659498	-3.1642744673697507	16912.228362904076
0.9648883502780308	-1.2160461803323415	-1.9494947940761307	2.750261652627046	16906.17088098141
-1.2807507803722586	-0.6875139054699204	2.8749994417420055	-2.2133539624246907	16905.254936062476
1.1283947725233716	-0.5304623753529469	-1.8126794247369276	0.6526414564934839	16905.574723001562
-0.9847268622533889	1.5546114626933232	0.3967355009190072	0.15924015713530082	16907.155978770585
0.6364388058961055	0.039278869876774536	-0.24797873966697637	1.1438222570251924	16907.245713180688
-0.12850180733907024	1.1497290824165987	-1.018467366903792	1.0746599292371997	16906.398694458992
-0.0025972542751162564	1.74786457158811	-0.5530518745910769	1.7759386737421181	16910.163353697295
0.030868339049838767	-0.5529562679505062	2.3906390248055516	-0.04633474798588111	16904.342162158184
-0.06042453256696945	1.5151963819716698	2.3529649792318708	2.855143546162992	16906.02142190013
0.44476737487116935	2.1642639363910945	-1.7461050487595458	2.558592622483289	16906.783859076506
-0.46712180354663246	-0.7849057431993813	-3.210516799847028	0.0004483021217396299	16906.831201850284
0.09241069922385492	-1.313320882751178	2.979169119302469	1.038734607507621	16906.222162452174
0.43708872651690456	-0.8478188772425952	-1.4446362523981264	-0.34705578883503563	16905.148416515254
-0.7151348174948566	-4.713540290583381	1.616751393433745	-0.7658192258224403	16910.88767574953
0.7503558679437532	0.7137234817365936	-0.21956028578738085	-2.968455341232186	16906.166014412167
-0.29557072428684705	0.2379542771126495	1.3661487375305796	1.4106538571884357	16905.792316874617
-0.09655529161694432	2.44822697174515	-0.04814299720405302	-0.4354940088869057	16906.364437858032
0.41904566906188734	0.47424075964450907	-1.6482845993416646	-0.36841509757701374	16905.683918489944
0.036012655402984706	2.007026027604347	-1.1267816305911253	3.3360646454352008	16907.468362283464
-0.06677876171288943	-1.4181991686477318	-2.491314721089637	0	0
0.09112769471232696	-2.043617343811853	0.7169492132032929	0	0
-0.24792702926954746	2.3199431935106603	1.3820079307510156	0	0
0.175541870712415	-2.0295139045991633	-0.37084913644496	0	0
-0.022128039514662134	0.5044782880935657	1.9564413850394828	0	0
0.4907498835111852	-2.1504299365580906	-0.16753811833093835	0	0
-0.7016123870671578	-1.6488008949821946	1.2380237911385734	0	0
0.3293027231881851	-0.8915622914860464	0.3306063353351476	0	0
-0.00839851097101274	0.9963131252038693	-3.3082707100060986	0	0
-0.41013626042059315	0.5768769684779969	5.802216205017984	0	0
0.16882320086363478	-0.6716217079878604	-1.5020552983915394	0	0
-0.07827183203609422	1.761383350650405	-0.12259067045226857	0	0
0.11859714950951172	-0.9253708307327599	1.431584475655896	0	0
0.36179196778406464	0.23633511492566583	-0.8173462705154577	0	0
-0.44396083714447343	-1.2443551219211386	2.1433369880344912	0	0
0.12965746384659838	-1.2960535321807996	-0.7790013337325234	0	0
-0.1488560983795324	-2.296231357846999	-1.633237389386153	0	0
0.1376415315251478	-1.5219800690340008	1.8151655199100674	0	0
-0.07617460504242501	0.5180205686504635	-0.37684915470872227	0	0
0.47043473198254304	-1.540446406561344	0.818647457814393	0	0
-0.6729377005883492	-0.3536767528287683	0.6852433824546154	0	0
0.5372485544223125	1.7234823522891887	-1.4524047798989557	0	0
-0.19538439444772138	-3.204850164492889	1.7032671056503546	0	0
-0.46314084777348086	3.10047064569693	-1.5266104880563205	0	0
0.5619903438384384	-1.686076596788567	-0.6414206396596569	0	0
-0.26646013349903086	1.410770994376925	-0.14201519255323092	0	0
0.018302589338937025	-1.6712347396693517	1.7079762725065706	0	0
-0.15543853482851944	0.6898839432213748	2.8425964930507917	0	0
0.5037832166432281	2.807202242128433	-1.3785883577005222	0	0
-0.5477548701123567	0.20850703653310632	0.780174737013624	0	0
0.41704129714690197	0.6191474842073248	-3.477959269805808	0	0
-0.7958526989402017	0.8952509404658215	-0.6015840175146394	0	0
0.4286730116257189	-2.7988339558862876	0	0	0
0.15470393648525516	-0.37656860207875553	0	0	0
-0.45559048552400583	-0.5146400374321445	0	0	0
0.18874931135674444	4.807060890934643	0	0	0
0.237476255312977	-3.7979299969816367	0	0	0
-0.711392596298225	-0.40886015632302275	0	0	0
0.8068063980078577	-1.1940711024541741	0	0	0
-1.0099886651061212	-1.281732629697693	0	0	0
1.2329233578283691	2.892992432149221	0	0	0
-1.2530813585769351	-1.6184437723266214	0	0	0
0.7580256317721705	-0.9730184564928734	0	0	0
0.15659632745832397	0.11410458195552309	0	0	0
-0.7245501773361838	-2.2670855899596916	0	0	0
0.610926194457889	1.5434726929146478	0	0	0
-0.34067226265302963	0.02876964286477346	0	0	0
0.21335074823884526	-0.3545359301300337	0	0	0
-0.12814504071516808	0.34935312091766235	0	0	0
0.3785245301115694	1.2571400823582408	0	0	0
-1.0723015623633856	-0.6274596593211825	0	0	0
1.590092911693354	1.9129619924706844	0	0	0
-1.2690327170759659	1.1651423268163725	0	0	0
0.6989150407096218	-1.5494206176091083	0	0	0
0.34847529955425216	-1.4562019090345828	0	0	0
-0.9766404106176338	-2.695432393524271	0	0	0
0.9181446760839052	-0.14940292712076797	0	0	0
-0.4968656955023505	0.5504007337727401	0	0	0
-0.05564362299353576	-2.7582780172321435	0	0	0
0.2901721680510079	-0.021113384830549364	0	0	0
-0.42136010361769394	3.598521797334037	0	0	0
0.46105250877885595	-1.1321953843733183	0	0	0
0.025122804630910878	0.6501725509753626	0	0	0
-0.49456254777925324	2.0363764760490355	0	0	0
0.6364329400041555	0.6526633601985807	0	0	0
-1.0386366877532893	3.588120807385728	0	0	0
1.4825859537839747	1.5008875485122601	0	0	0
-1.7392863318809972	0.20522976794239156	0	0	0
1.4696184948197129	4.324365917728592	0	0	0
-0.8627100999233903	0.30581191434366417	0	0	0
0.10864287110860005	-1.9705157347835822	0	0	0
0.3898543485578543	0.8006336065649577	0	0	0
-0.17759989797768583	1.1422374096009449	0	0	0
-0.05144251656167853	-2.129801771008111	0	0	0
0.15676834147001983	0.33129457116356065	0	0	0
-0.04441378222671233	1.7648688640658605	0	0	0
-0.23214346615691284	1.6748763062506313	0	0	0
0.2676917046441787	-0.2645764446118051	0	0	0
0.1364647694238954	-0.4221709121749484	0	0	0
-0.06839427712104396	0.21692728778680248	0	0	0
-0.2877027571023447	1.2686661209908223	0	0	0
0.6587523055998759	-2.701253606690038	0	0	0
-0.7186220611312706	1.7971350014479697	0	0	0
0.39715064228295205	-1.9378578571449196	0	0	0
-0.7553255285624658	-0.7013119813945536	0	0	0
1.3740408957060524	0.45105416143481136	0	0	0
-1.5443601198917705	-0.5358043400053631	0	0	0
1.3913093410970205	1.1252211199761248	0	0	0
-1.5309099047494144	0.4604293426120236	0	0	0
2.0423334346692883	-2.012004879460214	0	0	0
-2.261795341346364	2.5136810899946553	0	0	0
2.10556857204741	0.545066250343055	0	0	0
-1.4434657735602485	-1.5916777878935875	0	0	0
0.5623237547243676	-1.2523844404802134	0	0	0
0.30670797767695746	2.0851795996683435	0	0	0
-0.33410414825541324	0	0	0	0
0.08116881777639406	0	0	0	0
-0.13986641998208427	0	0	0	0
0.2361100419767297	0	0	0	0
-0.5352806708974356	0	0	0	0
0.3924992560562188	0	0	0	0
-0.03810403881991675	0	0	0	0
-0.2562711577646084	0	0	0	0
0.3638818265390782	0	0	0	0
-0.3758037623875268	0	0	0	0
0.21783308110955346	0	0	0	0
0.23276189124155877	0	0	0	0
-1.035075729197935	0	0	0	0
1.2566948861232845	0	0	0	0
-0.5682654603966029	0	0	0	0
0.037472392709062774	0	0	0	0
-0.21378032061498686	0	0	0	0
0.27032967318098144	0	0	0	0
-0.19490497456720846	0	0	0	0
-0.012184414880017869	0	0	0	0
0.03653097379143588	0	0	0	0
0.4132837716514359	0	0	0	0
-0.8720018292912712	0	0	0	0
1.2442494706389127	0	0	0	0
-0.9124672813030941	0	0	0	0
0.33910505446115025	0	0	0	0
-0.0560905397884639	0	0	0	0
0.32511119811532296	0	0	0	0
-0.07758406462214396	0	0	0	0
-0.12152404683239837	0	0	0	0
0.375899897984425	0	0	0	0
-0.4024489108641589	0	0	0	0
0.32186256246414047	0	0	0	0
-0.47679208229344283	0	0	0	0
0.10146274053977322	0	0	0	0
-0.02932905263440233	0	0	0	0
0.17111575444791072	0	0	0	0
-0.2684337574123745	0	0	0	0
0.6593059244087769	0	0	0	0
-0.3625160494198951	0	0	0	0
-0.05420154451176984	0	0	0	0
0.4564114445925114	0	0	0	0
-0.5402471041963466	0	0	0	0
0.14948014256494702	0	0	0	0
0.14625371278140875	0	0	0	0
-0.4838713114231581	0	0	0	0
1.0857751120070702	0	0	0	0
-0.9412788368035763	0	0	0	0
0.5921238109300404	0	0	0	0
0.1362282607662877	0	0	0	0
-1.0288830849690456	0	0	0	0
1.6086526127448835	0	0	0	0
-1.4127992493733217	0	0	0	0
0.9211686013232949	0	0	0	0
-0.5938768752226338	0	0	0	0
0.2937404387838498	0	0	0	0
0.4770542177842998	0	0	0	0
-1.3797514426872226	0	0	0	0
1.8856458142659136	0	0	0	0
-2.160412145376341	0	0	0	0
1.9164790242611787	0	0	0	0
-1.094686909375497	0	0	0	0
0.19691909232739135	0	0	0	0
0.4967437975511615	0	0	0	0
-0.9688792176607848	0	0	0	0
1.3706136461867686	0	0	0	0
-1.2187378515885712	0	0	0	0
0.5343062940380676	0	0	0	0
0.42181554252152154	0	0	0	0
-1.2818668297021247	0	0	0	0
1.5878415469657554	0	0	0	0
-0.7607688034938391	0	0	0	0
-0.13220793326710378	0	0	0	0
0.7609806940573378	0	0	0	0
-0.5852133325712927	0	0	0	0
0.01311221335765822	0	0	0	0
0.1612254568574798	0	0	0	0
0.17907486009133322	0	0	0	0
-0.8496021652046224	0	0	0	0
1.4442184987418116	0	0	0	0
-1.3262985471284807	0	0	0	0
0.7908547806631887	0	0	0	0
-0.29488231692197786	0	0	0	0
-0.15621487937261946	0	0	0	0
0.2292761307168334	0	0	0	0
0.046762931969155375	0	0	0	0
-0.6394524193313629	0	0	0	0
0.6900162766131501	0	0	0	0
-0.3594655806498892	0	0	0	0
0.027827605297318314	0	0	0	0
0.18919939042380207	0	0	0	0
-0.5088112751740681	0	0	0	0
0.5844160894519348	0	0	0	0
-0.6621468154126617	0	0	0	0
0.37273566271422	0	0	0	0
-0.20965517148023594	0	0	0	0
0.06311004518516228	0	0	0	0
-0.06352603042928706	0	0	0	0
0.35258744430792177	0	0	0	0
-0.37045826882324917	0	0	0	0
-0.1368866122401471	0	0	0	0
0.777710764718222	0	0	0	0
-1.2692125362099276	0	0	0	0
1.2420901172666419	0	0	0	0
-0.7277238133597876	0	0	0	0
0.3230656179748834	0	0	0	0
-0.12927683294515901	0	0	0	0
-0.34525884868269685	0	0	0	0
0.6992618713946115	0	0	0	0
-0.7344032381566805	0	0	0	0
0.3790959084272103	0	0	0	0
0.10929017810169483	0	0	0	0
-0.43329477775975533	0	0	0	0
0.5261137192216907	0	0	0	0
-0.6655868000064302	0	0	0	0
0.32020749329950604	0	0	0	0
-0.19196778030799067	0	0	0	0
-0.057183630134922225	0	0	0	0
0.4037569975067612	0	0	0	0
-0.9451820011455183	0	0	0	0
1.336165345312807	0	0	0	0
-1.3704954765927084	0	0	0	0
0.4589260813470446	0	0	0	0
0.007087180774533408	0	0	0	0
-0.13232557456769456	0	0	0	0
0.9208245707369045	0	0	0	0
