0.009017107637475874	-0.4199203422489006	3.4807204152419757	-0.07278798937412034	16354.798672854575
0.009213547903776487	-1.0021726895544845	10.689913627609826	-1.6502714029570882	16352.076135502371
-0.8539314278764891	-0.9700365676744269	-11.932652430088822	-26.040496601607245	16350.607737081697
1.7098454198269977	3.753761582428652	20.253760014957393	-6.310434944226216	16356.77439314681
-1.8253290083198763	-8.667378555562351	-12.165987876135148	-10.121014957155055	16335.559872056578
1.8137963611340595	-2.055252860528327	-12.066998190993303	-39.550097272388896	16409.99467716326
-1.9355154949934246	0.25571313751947145	11.283478460582472	4.865272009186697	16493.438507511142
0.9959777112937758	-8.242908009917102	-2.436694997832433	40.15634981215085	16600.54747393377
0.6075472316161381	-4.102998595067049	-13.368880336866894	-40.829338820950284	16637.56415724456
-1.4637312432567242	-2.7726860357610335	49.47312145016339	53.792394523369865	16665.27199870236
2.2272565791174728	-4.4465863473775045	-27.454574851291	156.41184447423296	16593.308363267133
-1.2572250961812728	9.357038405845294	16.648337439376988	27.738280505744783	16665.193884131255
-0.8052928697074933	-3.276260932533141	8.697222541085239	4.6533998032956845	16839.922110069667
1.707202515621546	19.00898905330991	9.10337548706282	-67.60147646049896	17132.52049102634
-1.8243178105350353	-3.553685532407414	-13.9490609449918	132.04712638409234	16679.712416766695
2.1433233863730976	41.3646851399973	-8.172855757862663	-55.70383116869354	16386.118163442574
-1.1825292753227856	0.4730066940494595	-138.6025059180398	-19.295488979369594	16422.81040985626
-0.08666291174948526	-2.6371412420721754	159.66036721853186	-55.50013708139571	16297.949089673466
0.3918766061727794	11.85127385333297	-54.79082915364941	57.19683030648186	16176.13381947826
-1.1556445783559184	-0.26545975276206946	-12.289596324097644	43.359672668370436	16152.552355881988
2.7009172671145123	-2.270934429476661	41.99172407473543	1.16120354251251	15909.508189080863
-3.074290441459489	-4.738256368347784	-11.837549188612286	50.54277939834583	15999.218130879897
1.2054833676579335	2.2843129589303715	17.340232723888363	-37.66379008380305	16288.902131205645
0.6299522990403688	-2.776683349888309	-3.0732522447765547	241.4222510590576	16469.39507486655
-0.920757047383816	1.526500223174999	-10.195297441554828	-104.99406362671395	16806.85047253435
1.301251543486515	-1.5073042124587488	7.878975444343084	-26.437619636888684	17080.63026509706
-5.032860749715141	-23.528340103995966	45.59405134117296	34.54255917718302	17921.46127570034
9.069011642756195	-41.04750596618448	-22.06021992238452	-3.059452529299165	17846.946017242855
-7.38931956052302	66.57126792972932	34.00431507549369	35.68950638304841	17728.7267628472
4.286499039079665	-62.163172013617	3.614825755728404	-27.607144354694242	17510.914635188263
-3.0002104555224065	47.42279068072898	-6.97213685021795	19.593195638081568	17486.78079410796
0.9840416493017372	-36.090855560787084	-4.1138977263822625	-30.435762389186124	17230.85313076359
0.3104096416815523	30.012564699564315	-0.35323790061615057	68.27187170164427	17152.510955876907
-0.5556749105557302	-10.95172197141509	-0.12873374241651447	-71.998717875686	17022.46375448099
1.9509225104087875	-23.406189293438395	5.217833883099416	-71.21750158517402	16785.902399330855
-2.9126401563665	-7.908415515181005	-4.731708442095908	24.328474080891354	16705.152723095052
3.092510148643349	25.765695022258697	6.597056922691465	91.41955915801925	16607.359916905723
-2.3237297427365036	-8.904687634058597	-15.547034260497199	13.781630777124747	16287.013986209538
0.9655985882048128	14.27273777798019	-27.155717567523283	0	0
0.7809324275061371	-29.43417765700663	-2.385136766458217	0	0
-2.8059859666731626	26.75673450002774	68.30246010199055	0	0
4.709973855937832	-13.658155539224104	-22.956920237557597	0	0
-5.512137826210527	13.964083010630667	-31.69515956118495	0	0
3.9371910530968464	-13.386560193806652	-80.79337883304754	0	0
-2.346104832742313	8.106168039576701	38.25902946320774	0	0
3.702338620661969	5.049663917513655	-11.50612028420774	0	0
-6.5163318344087315	14.983163011859908	30.991551497649866	0	0
8.0903042800769	-14.200469522345053	-20.487279807753964	0	0
-9.601801697725534	0.7942420010743305	10.70291583214778	0	0
10.594901450158147	12.588978118813472	-9.576774261883813	0	0
-10.088970669339048	38.799704562559995	-4.1546996256467565	0	0
13.205463017434404	-7.997517941262188	-17.041113065164524	0	0
-19.917543351129552	-2.2860899636500065	5.876361037841249	0	0
17.909124325868717	-3.465444288722402	30.56695620885307	0	0
-0.18741499334742429	-0.13120852560707164	21.026716396586153	0	0
-14.496212370530252	-13.66415251735463	-3.1269156550399515	0	0
10.710080009636108	9.671050281556582	11.122559437478102	0	0
-7.160900648136632	-1.147108853431014	1.0364365162695748	0	0
10.427106605169996	11.488013944469209	14.025825839472674	0	0
-9.504469016355728	-4.859513005734762	-24.735011625053914	0	0
3.8484728527287047	-21.329680739036732	15.726407035276338	0	0
3.343316167695477	-20.776655775465912	8.761273154169572	0	0
-2.7756956018592476	20.71426878290025	3.6805630964412046	0	0
-7.745051239669593	-12.928203471106194	-35.49758147383611	0	0
13.43553300488604	7.78388046502802	-48.51562086893365	0	0
-8.82231717890798	-0.881197131158082	3.850794999411548	0	0
0.2395123070716565	8.254085788390682	13.080006913350019	0	0
7.010833730739591	5.647695108850847	-16.098855496148303	0	0
-11.734098656090438	4.589439881269328	18.034189981891444	0	0
11.031292400245	11.1860848164512	49.20405703879243	0	0
-5.023126507771565	13.770089549403771	0	0	0
-1.0571429661541814	7.702989153412638	0	0	0
4.881944671683634	2.212439790448016	0	0	0
-7.624601362310457	7.554206030409219	0	0	0
11.183602687159095	-16.91571424798186	0	0	0
-14.930870985739837	15.431096878644816	0	0	0
10.777571869087389	-7.766478974886056	0	0	0
-0.43105432454347437	24.108185309767705	0	0	0
-3.8254564845375327	-11.948793412828081	0	0	0
1.7497838258184402	6.860743691629942	0	0	0
-0.7074144798811091	0.996942524632189	0	0	0
0.7617829911922271	-7.413249477093537	0	0	0
0.8812413676583617	11.979560928381048	0	0	0
-2.0720397910326653	0.6538689898867531	0	0	0
-0.8013873842206678	-55.732257503890864	0	0	0
5.304564419262803	71.83698896274103	0	0	0
-8.046678858654047	-28.656449901462757	0	0	0
7.274803326573775	18.93871138507243	0	0	0
-5.2312018778571385	3.1641409738781476	0	0	0
2.6499818527198755	4.348064690813871	0	0	0
1.273200449460873	-0.5240165519760467	0	0	0
-3.432753727221993	-0.13049820256000544	0	0	0
2.4279546776943164	-1.1439300035338391	0	0	0
-1.0699101082547173	16.10760449967485	0	0	0
0.9206057126498379	16.031629858394467	0	0	0
-1.6533609233589104	-11.10499976013503	0	0	0
1.7566247885450608	0.09445755407182332	0	0	0
0.2827269757322455	1.8860886349616948	0	0	0
-0.8082106129222524	1.483501848826137	0	0	0
-3.521716606317163	-4.169914266909231	0	0	0
5.964489098298785	8.052128132641613	0	0	0
-2.5707207832923515	10.520614634355908	0	0	0
-0.9691109771414261	0.09434662741493582	0	0	0
1.831918941921046	18.67522830867091	0	0	0
-1.2625956238149953	4.334117904677882	0	0	0
0.6604017940450504	-2.304172420816414	0	0	0
0.37988539052460624	1.22835446527219	0	0	0
-2.3197626735469896	-11.512095168283096	0	0	0
2.300175829894634	10.753875453749487	0	0	0
-0.4152517576516317	-9.077826468308302	0	0	0
0.06034058886607596	6.469780830981847	0	0	0
-1.6776768718358426	-6.322605312554359	0	0	0
1.6233158608238938	-3.351687814849825	0	0	0
-0.22248958064401592	1.8280436590201106	0	0	0
0.8877067279995998	-0.05442654088481902	0	0	0
-1.854815282809021	-3.306017626030112	0	0	0
1.970341836264133	-0.012198317730053532	0	0	0
-2.4453757255122	8.431493914404584	0	0	0
1.5456381586809016	-25.8787903531263	0	0	0
0.21765860456606845	13.229874412552121	0	0	0
-2.244643248988332	-12.26515150329265	0	0	0
2.829150452552419	5.102335593391274	0	0	0
0.18221844256509456	10.496897984109815	0	0	0
-2.5952371387403446	-3.452429618423089	0	0	0
0.1318630133151899	23.450442874788763	0	0	0
4.863792867771984	7.295453376784849	0	0	0
-7.988185742063322	9.089546769155895	0	0	0
8.723377944889293	50.72436782079432	0	0	0
-7.490684424107101	-36.94353143352368	0	0	0
4.883941393070089	19.85667938316287	0	0	0
-1.4592042629253612	-9.5353892520967	0	0	0
-2.3388613493248585	18.806453939883703	0	0	0
4.15310608551755	-60.07709213768078	0	0	0
-3.1221959738266136	0	0	0	0
1.8405788322536552	0	0	0	0
0.051560050127520185	0	0	0	0
-1.5204460911328113	0	0	0	0
2.2724361803785555	0	0	0	0
-2.8568114578492754	0	0	0	0
2.113485472410204	0	0	0	0
-1.0518129525512023	0	0	0	0
0.4061908599446511	0	0	0	0
0.6582314034881449	0	0	0	0
-0.15943964857223847	0	0	0	0
0.8618153022013999	0	0	0	0
-4.577893367764979	0	0	0	0
5.7292226028316335	0	0	0	0
-3.3907096301710453	0	0	0	0
3.2010075344247184	0	0	0	0
-4.7545325481545575	0	0	0	0
2.8321226780091777	0	0	0	0
-0.1096926179569806	0	0	0	0
1.1624013701234261	0	0	0	0
-0.2950316233396464	0	0	0	0
-4.139211434684071	0	0	0	0
4.583208942444969	0	0	0	0
-1.0893319520197124	0	0	0	0
-1.747060904927153	0	0	0	0
5.012488929314891	0	0	0	0
-6.539268555695493	0	0	0	0
4.396330667997454	0	0	0	0
-2.5500657877683963	0	0	0	0
2.4077254905561816	0	0	0	0
-0.9608840160565677	0	0	0	0
-1.787243195309287	0	0	0	0
4.764054712644899	0	0	0	0
-14.427172885448115	0	0	0	0
30.464733158001714	0	0	0	0
-29.963198875794056	0	0	0	0
12.464762017056508	0	0	0	0
-2.183462260397974	0	0	0	0
-0.42791222290743036	0	0	0	0
1.615475409429287	0	0	0	0
-1.4270101932360149	0	0	0	0
0.17280517687475339	0	0	0	0
0.6826493597203509	0	0	0	0
0.050712345619317034	0	0	0	0
0.5290094125503231	0	0	0	0
-1.851061445329485	0	0	0	0
0.7767423428041553	0	0	0	0
0.27012870790979093	0	0	0	0
-0.07137998248490618	0	0	0	0
-1.5532749553020082	0	0	0	0
3.7309583716102352	0	0	0	0
-4.585552603060563	0	0	0	0
3.823526326406572	0	0	0	0
-1.8523817742471067	0	0	0	0
1.235848628559026	0	0	0	0
-3.1029367857587076	0	0	0	0
5.245430919428308	0	0	0	0
-5.712908448587939	0	0	0	0
5.405293005553922	0	0	0	0
-4.421877876477026	0	0	0	0
1.9467735941961806	0	0	0	0
1.4531424291598682	0	0	0	0
-3.2303831771537332	0	0	0	0
2.7240161173365536	0	0	0	0
-1.293499636348308	0	0	0	0
0.12822570938123334	0	0	0	0
2.0516742286784435	0	0	0	0
-3.261045715155312	0	0	0	0
2.6980233935967277	0	0	0	0
-3.1450631407160543	0	0	0	0
2.925168389956248	0	0	0	0
-0.02514409662074968	0	0	0	0
-2.3993292435003823	0	0	0	0
3.391503333192105	0	0	0	0
-6.2310097877259025	0	0	0	0
8.37113894057947	0	0	0	0
-5.941661806839846	0	0	0	0
2.2799197746773103	0	0	0	0
-0.8703565599143701	0	0	0	0
-1.6630047381105797	0	0	0	0
4.847654708388859	0	0	0	0
-4.927124715637234	0	0	0	0
2.2681494393566197	0	0	0	0
-1.4475382359177331	0	0	0	0
2.785885742457772	0	0	0	0
-3.449110178963025	0	0	0	0
2.607002952422185	0	0	0	0
-2.920069225996876	0	0	0	0
4.172745049728455	0	0	0	0
-5.268870625160297	0	0	0	0
5.058909503710979	0	0	0	0
-3.946611950336141	0	0	0	0
3.3199545423835275	0	0	0	0
-2.6023709962308885	0	0	0	0
0.580442641717454	0	0	0	0
1.4994286809325388	0	0	0	0
-3.1140287567659826	0	0	0	0
3.31838872476704	0	0	0	0
-2.1806988110445005	0	0	0	0
2.139036576012593	0	0	0	0
-1.321320253579394	0	0	0	0
-2.901073965180231	0	0	0	0
5.471461487363641	0	0	0	0
-3.020082483809965	0	0	0	0
1.1613154929565823	0	0	0	0
-3.1582314651036327	0	0	0	0
6.818388617683382	0	0	0	0
-8.517445619484143	0	0	0	0
6.832705130280452	0	0	0	0
-3.719432362957143	0	0	0	0
2.808218422520312	0	0	0	0
-6.202498639947827	0	0	0	0
8.255883654926755	0	0	0	0
-5.447363666246716	0	0	0	0
3.19569761484896	0	0	0	0
-3.102324572992771	0	0	0	0
1.042620851055723	0	0	0	0
0.9260343653533099	0	0	0	0
-0.41149212561023774	0	0	0	0
4.992421543434382	0	0	0	0
-13.090210957133728	0	0	0	0
11.32828749421273	0	0	0	0
-2.102864078558156	0	0	0	0
0.17156763237088768	0	0	0	0
-1.1113172558665951	0	0	0	0
-3.927477043815557	0	0	0	0
