0.08447733155019677	12.158788668593893	-0.0932650654409457	-1.892278888238593	16416.769084581
-4.303481193520653	40.0219291862007	-1.2667150520679655	-5.834060392705155	16414.203648911713
5.470983968517736	3.611511306866838	-6.957157316829381	5.031433789489455	16417.77650140602
-1.1348832458271474	0.6042695316132836	-20.09882700002082	-20.65655243484491	16412.666940722705
-1.989484828751415	1.081178833558198	-17.176732760947203	17.519002808384357	16425.35812652985
2.500699332978968	-8.657787735833963	3.753849706177462	-9.059049840051742	16383.438837720372
-2.1531651956001028	3.570636010693576	19.196796377643082	-0.30581737402822284	16358.540487655213
2.441067622543237	4.683888279951304	-14.750261507864238	-0.25436073992000274	16406.252758390197
-3.2629313544373417	-2.792284376897328	9.614104683233876	1.8812937735653463	16399.205990941686
2.490756252493661	15.863752704433885	-11.886220520063361	-8.718242507483154	16437.052928304554
-1.2348952957571342	-13.513664150000693	10.81370201322568	15.648091678092598	16464.336023669963
2.9458129530248414	-10.963858682360247	-9.043332960681937	2.359823455485838	16560.75892256097
-6.389096039782785	-14.58307390016001	1.7263764493925322	14.337297536978497	16617.457206672363
8.571981391480016	3.128841128844641	-8.035592138232701	12.684186897147725	16734.011751406557
-8.540163337732906	-11.208800736041262	-7.074306841468456	11.79668297856648	16798.342986888656
6.141621544459596	-2.4308184827535015	32.385517343417845	-13.740358309904991	16846.743993509455
-0.4232972217105697	3.9452387110802434	-3.144447572312231	20.733187034265484	16835.478589193186
-5.125878265267438	-0.3085166644030721	10.491320500089799	1.9552099526274418	16804.128910042742
6.494593375972521	0.5193594499589409	-7.74249005523879	-9.38709885058303	16767.536555797073
-5.374598414380586	-2.915041666362008	-8.111304017536128	-3.6460032746372804	16783.865810558942
4.214464592099468	2.128512939008708	6.581123436154428	101.79192041443417	16764.4437656551
-3.0354049482611245	-12.373281323933092	7.1452052708976055	-39.579759106347566	16684.910487340774
1.191727143503499	-1.1154956411504102	-23.275032084999523	-123.91362571474961	16586.45894424108
0.20607053817106902	6.856315726485981	16.941803567856482	-568.3309641578413	15730.475931471085
0.8116469790821768	10.875146136892532	4.548586230314342	1245.1809924766142	14341.100576652962
-2.7687540550958403	4.314393444968324	-8.718613618996372	-191.27893736493886	13716.98470277969
2.431466282208845	-7.195299061297995	18.96666859809855	-370.1526271602533	4316.4612117346205
-0.788314229643504	-3.8843540769733877	9.18008764293701	-5857.207678874143	3029.2240074802435
-0.5482417081678364	-5.888268311212997	-4.97484435698729	1519.8121693009289	4519.536772950272
1.069956628420428	-0.28441630511358085	17.007836017759445	-1044.3632160403351	-1111.6087446664937
-0.6880124983067262	-6.114336320195498	4.296368081964715	595.3592144746727	20799.931773895132
-0.29071641152450667	-11.62485520584326	-13.051247448818131	-119.75706614191145	30378.426298912684
0.8789432037446048	8.025446523460829	-2.128003419019862	18.1285259609013	29688.345137763612
-0.6424829442330022	-11.140226455399699	-3.7094370506707435	18.959759197522658	29005.540477446528
1.0626422535299511	5.053936017289843	13.686385992150136	-67.85189568308465	27620.5218241762
-3.0342435058514994	-4.482018992868326	-13.085421996811064	31.468896402650444	26282.549805706916
3.893601048483333	-1.3406987495810867	-13.55083176188242	58.38979724681178	25038.30507132481
-4.537382854745488	-4.7384874722330395	-6.033238818571093	-36.26674928272334	24403.36695343141
5.550110412963221	-11.083491513957384	4.190017221768187	0	0
-4.7768057269723485	-0.6511663652803108	-32.27535199939089	0	0
1.8674373609352344	-11.635040717101447	65.00196537921383	0	0
0.41719485972179626	4.0257266558756655	43.603551447595606	0	0
-1.2445010948546198	-0.019824230158718592	-12.202424560150291	0	0
1.7364433838046907	-6.576737252938933	239.20075492702705	0	0
-2.637069296619451	-4.8240968711102	-2025.873588607753	0	0
2.522154844403879	2.421611454872341	846.7022429075105	0	0
-1.3061998729168778	13.085237637682091	-212.72953923741088	0	0
0.12208849667666755	-5.207301558994409	-1.1310246107071897	0	0
1.6387221140102426	0.8667209169806398	-0.013316870530381664	0	0
-3.7732664241695772	8.381559363909702	0.004283144014141982	0	0
2.360233851671694	0.7730613048262569	-0.299053997047519	0	0
1.4584923555315044	4.766483396728049	-154.3065658917629	0	0
-3.936510505561955	9.582477072575593	-4019.4245655326836	0	0
6.47834742606468	-10.770800738424278	956.0394243424838	0	0
-8.375008510899441	-1.197664867993872	-686.6562259310696	0	0
5.861429668634187	0.29449557964435513	307.12195734439575	0	0
-2.093845412830909	11.178258049833552	8.131028484918716	0	0
1.3706408300722401	-12.2304980097909	-132.14829599601703	0	0
-1.6802641682296198	2.449336915463782	46.20211293985935	0	0
1.119147649441821	-1.1483150641464306	-33.0368221844399	0	0
-1.2417552504025977	2.4230236584091003	3.0985196560135932	0	0
1.8225186419781991	2.5737730504879224	-15.09778134624159	0	0
0.40445083095939083	0.197357385584354	15.183200466490632	0	0
-3.3814788198881374	-9.319347214364548	12.744892872485565	0	0
3.064310731625497	7.359671495080917	-3.897001847850305	0	0
-1.7301684216666544	5.236003006982642	11.157406426220575	0	0
1.8481522663666325	3.211301673778557	14.271020443448293	0	0
-1.6977974578558204	-9.474541463488436	-16.270605224078565	0	0
0.0890963024804492	-5.2622759540790796	-5.519324717732729	0	0
0.3891383693138266	-14.833330975098008	-2.951657467846502	0	0
0.45746890963793874	-6.477288871486401	0	0	0
-1.5564930832602712	5.340835832880941	0	0	0
3.7197057319219837	11.826696708326793	0	0	0
-6.095972614100091	-3.715854893331148	0	0	0
5.9825313416026304	3.1943189849750766	0	0	0
-5.128017638185696	4.9548050157812895	0	0	0
5.281937694200202	-13.517291615499289	0	0	0
-3.9582984604124505	7.907582039491068	0	0	0
0.9136897332271019	-6.907252221981082	0	0	0
1.4867005953264254	103.68640823309448	0	0	0
-1.5785135393159209	6.700868082713313	0	0	0
-0.6694030544314771	-4.973991092020448	0	0	0
2.8004152715612562	0.24711045772286155	0	0	0
-3.3897965814337567	6.084222107394595	0	0	0
2.753612266224728	-68.24962101081404	0	0	0
-1.3226329521722207	-589.949583795585	0	0	0
0.40715761259849614	624.3565371068817	0	0	0
-0.9911971787919711	-96.68048496646517	0	0	0
0.9061173661680897	-27.70330555500155	0	0	0
-0.3809359987852332	2.8379660359443477	0	0	0
1.1218807995640816	-0.079791708120311	0	0	0
-2.306748163740913	0.0025123459760170164	0	0	0
1.611782126948313	-6.039613253960852e-14	0	0	0
-0.08863702528615391	-6.039613253960852e-14	0	0	0
-0.5235067657889658	-6.039613253960852e-14	0	0	0
0.7493590428350245	-6.039613253960852e-14	0	0	0
0.18411015775049577	-6.039613253960852e-14	0	0	0
-1.5946994659078086	-6.039613253960852e-14	0	0	0
1.163214698927952	-6.039613253960852e-14	0	0	0
-0.566971789030255	-0.4041692578012466	0	0	0
0.7443077171013996	-17.84564615803166	0	0	0
-0.19214275231546196	-112.12129537882545	0	0	0
0.3811886968457898	-1849.1750181073364	0	0	0
-2.2562174093011578	500.01851938318777	0	0	0
3.2297233164132777	-550.4476298294543	0	0	0
-2.4023877693538935	264.09534028729246	0	0	0
1.0964170613806132	-3.0703449006146997	0	0	0
-0.24828319658304565	24.406440791277404	0	0	0
-0.36273440045435734	47.88824802900372	0	0	0
1.8349697599288746	-17.513431723147377	0	0	0
-1.1612380574106922	-45.72853855872185	0	0	0
-2.3098830620795994	-20.86286944419666	0	0	0
3.241755658051119	-8.630296217170041	0	0	0
-0.700352618603965	17.33172029157197	0	0	0
-0.9215927286643364	21.681187421347857	0	0	0
1.2299259001226233	-6.929970993889185	0	0	0
-2.56316750783769	-20.38761657154859	0	0	0
3.8874058190799516	-12.928891507103913	0	0	0
-4.38453123152123	0.591964521770123	0	0	0
5.702483582054164	1.2804905860333662	0	0	0
-6.026933757267706	0.5697288021111575	0	0	0
3.664600546031764	8.092881276251461	0	0	0
-0.8668673296672367	-5.193781980153716	0	0	0
0.6405516694059727	-16.151640114454352	0	0	0
-2.21489836634791	7.880267931034652	0	0	0
2.73647455353413	1.5051856504412342	0	0	0
-2.1039326362851014	14.11469964321708	0	0	0
1.0608001866794226	-6.796192524496988	0	0	0
0.30670865250522183	10.729630825123152	0	0	0
-0.36596133360799143	-3.3896370075672735	0	0	0
0.24260776796668182	3.566978952462051	0	0	0
-1.3419906673121318	-9.720846626103125	0	0	0
2.289289678058104	2.850513161704427	0	0	0
-1.6912991641819133	0	0	0	0
1.6138031368442753	0	0	0	0
-0.8178807230413412	0	0	0	0
-1.2141208136645147	0	0	0	0
3.0774758926830614	0	0	0	0
-4.007467596213274	0	0	0	0
5.467793487568201	0	0	0	0
-6.565438964462658	0	0	0	0
5.023664644854833	0	0	0	0
-1.1834016817430921	0	0	0	0
0.20042764970110483	0	0	0	0
-2.4232930500740864	0	0	0	0
4.161889941227152	0	0	0	0
-4.983535770679374	0	0	0	0
4.189478697764422	0	0	0	0
-2.086495248946896	0	0	0	0
-0.2963834213096632	0	0	0	0
0.6462573238859903	0	0	0	0
0.20124801578194962	0	0	0	0
-0.6179608412016364	0	0	0	0
8.99119808343464	0	0	0	0
-28.474453132079546	0	0	0	0
40.49332533597794	0	0	0	0
-32.845690696342956	0	0	0	0
19.08095410745807	0	0	0	0
-8.691483899006457	0	0	0	0
0.012451545031638034	0	0	0	0
3.6456728649366568	0	0	0	0
-1.5353660902106228	0	0	0	0
-2.0962499932065626	0	0	0	0
3.0042518768132354	0	0	0	0
-6.889594502874068	0	0	0	0
25.681600966753898	0	0	0	0
-30.873108016659288	0	0	0	0
103.35120487960704	0	0	0	0
-263.1257746465044	0	0	0	0
271.79518484845397	0	0	0	0
-112.49376738908688	0	0	0	0
24.69249598994044	0	0	0	0
-8.819432121683542	0	0	0	0
2.2858225747234098	0	0	0	0
0.025981754602963036	0	0	0	0
-0.08411218765620099	0	0	0	0
0.0031715471844382392	0	0	0	0
0.0008836921182506785	0	0	0	0
-9.414691248821327e-14	0	0	0	0
-9.414691248821327e-14	0	0	0	0
-9.414691248821327e-14	0	0	0	0
-9.414691248821327e-14	0	0	0	0
-9.414691248821327e-14	0	0	0	0
-9.414691248821327e-14	0	0	0	0
-9.414691248821327e-14	0	0	0	0
-9.414691248821327e-14	0	0	0	0
-9.414691248821327e-14	0	0	0	0
-9.414691248821327e-14	0	0	0	0
-9.414691248821327e-14	0	0	0	0
-9.414691248821327e-14	0	0	0	0
-9.414691248821327e-14	0	0	0	0
-9.414691248821327e-14	0	0	0	0
-9.414691248821327e-14	0	0	0	0
-9.414691248821327e-14	0	0	0	0
-9.414691248821327e-14	0	0	0	0
-9.414691248821327e-14	0	0	0	0
-9.414691248821327e-14	0	0	0	0
-9.414691248821327e-14	0	0	0	0
-1.1907573480955111	0	0	0	0
27.71740744756496	0	0	0	0
-45.264079198175146	0	0	0	0
-50.77690008936717	0	0	0	0
51.55393465729861	0	0	0	0
328.19336255522495	0	0	0	0
-522.7304291756332	0	0	0	0
239.431287235681	0	0	0	0
-14.610522687566998	0	0	0	0
6.284012041215135	0	0	0	0
-4.522682432195566	0	0	0	0
3.737315621810694	0	0	0	0
-4.539651093385217	0	0	0	0
5.667882711443113	0	0	0	0
-5.666351900178981	0	0	0	0
0.9529033750898463	0	0	0	0
8.001813052917953	0	0	0	0
-18.08759490907721	0	0	0	0
24.107225202307873	0	0	0	0
-20.944739835006672	0	0	0	0
13.204560023532437	0	0	0	0
-5.139315078419813	0	0	0	0
-2.3294837810389026	0	0	0	0
0.385505637309393	0	0	0	0
5.882266268809673	0	0	0	0
0.4448438807301187	0	0	0	0
-9.211988259498057	0	0	0	0
6.895242308723553	0	0	0	0
-0.1735134372617324	0	0	0	0
-6.054986027370688	0	0	0	0
10.390316587230657	0	0	0	0
-11.373551991800014	0	0	0	0
9.134341707099622	0	0	0	0
-5.000472184759374	0	0	0	0
2.0836736844339043	0	0	0	0
-0.7095966768767141	0	0	0	0
-0.3191819276501775	0	0	0	0
1.8759235875722169	0	0	0	0
-2.8143750365580757	0	0	0	0
2.1992126460661012	0	0	0	0
-1.9819378549744755	0	0	0	0
2.70618210248918	0	0	0	0
-3.293740040461259	0	0	0	0
4.2674818248666355	0	0	0	0
-4.283069165002601	0	0	0	0
3.318437575159919	0	0	0	0
-4.08133054550224	0	0	0	0
6.2629816682651125	0	0	0	0
-6.5460256248142485	0	0	0	0
5.337969877655979	0	0	0	0
-5.636657765547483	0	0	0	0
5.754336080013999	0	0	0	0
-3.488846345136139	0	0	0	0
1.7328644074673605	0	0	0	0
-1.9476662610508413	0	0	0	0
3.6922739644752625	0	0	0	0
-5.210935501130436	0	0	0	0
1.774477319725733	0	0	0	0
0.44075864188447156	0	0	0	0
-0.2171451709617429	0	0	0	0
3.5485707458358604	0	0	0	0
