0.06942904071793521	-0.7970860522645538	2.569316070418566	-0.16062419576358877	16837.878250985475
0.08388414898788454	-2.1387207372600017	8.242392003116663	-0.7616659057720625	16838.117973326778
0.14514242178858439	2.8626818492549972	-1.3713107191414338	-2.4995270922413084	16836.5522571209
-0.7378662614875395	-2.5668572015181255	-3.163554175455232	-4.745110400279586	16837.791709564674
0.4082318553920814	0.576691212003567	-6.326751928761595	0.07071104814441753	16837.966073134223
-0.1694481074188232	0.7983860350801919	-1.1810444855905615	-1.097521126027658	16837.42294485379
0.1715765293077638	-1.3939059733107584	4.205729504384351	-3.4289927061850136	16791.404364433885
0.10119854770304215	-4.798819588820457	-3.838613407778098	-3.3581789468726555	16807.397864466242
-0.24188953462920182	1.9289577464430678	-2.731631681988432	-3.644271546977521	16838.17318929067
-0.3944787491285453	1.24112568211131	4.1798594488962095	-7.222166274610018	16884.666794544864
0.8817456021850845	-6.062317526380639	-3.2049382171661165	-7.169256798013535	16888.90239187276
-0.4165065432582722	-3.190216635286504	2.504509567473221	-1.4848245199322037	16863.996856911705
-0.8930240626170232	2.357626973215204	1.5340508481911286	-8.548650112461914	16880.523262590137
1.9417722924191523	-3.4116250827904437	-6.9542633939854	4.31166533153295	16898.25895032587
-1.9554452749151778	4.900079799676433	-4.199019457900349	0.7279637887549484	16953.904375283986
1.6624144218612855	-4.578415896840468	3.4606979641396123	7.0956105625647865	16953.931451505036
-0.5383838187884393	5.12973971315558	-0.43253565654548254	2.0942976761228778	16964.429189898758
-0.609150916869666	-0.8857332022014077	4.680605732404402	-8.09790109213877	16916.873748779068
0.6219531681465327	-2.1038758326332783	1.5187640502060162	-6.237483870395053	16897.66295796937
-0.0890311201986691	1.1757310317648972	-2.208007161509869	-0.12782513952443253	16903.136616130236
-1.050364645126976	0.007084540996203259	7.276499001173846	-4.366959668654019	16904.674736664394
1.4162441735065983	0.5651035611784536	-2.7701388256790125	1.1410407971510637	16887.974303925377
-0.9142663572020666	-0.24522854215850032	-3.695514888007665	-4.111241758270722	16890.270903815766
-0.008489706499474892	-0.5779520372613121	-4.157280396395251	-0.24157902186497893	16893.680989525797
-0.08134276449815303	-1.4476089808999362	0.5785653246618807	-2.4615511191555015	16891.82104822744
-0.33836578736772793	-2.1546746126489325	3.018543651521952	2.2751658323678328	16901.093972120478
1.4634010365647896	1.6971892541413567	-1.9916555590439344	-5.947692264828092	16902.72754134064
-2.7409768224271147	1.3398937002587914	-1.5415042700331583	-6.443656202469342	16870.45134306603
2.473280842225286	3.1944417558853857	-3.57617994487444	-0.9053567956053143	16867.509450690268
-1.2674051330568474	-0.4684544559869934	-3.7496781601536213	0.4569702884893445	16883.18848312908
0.7235988254057233	0.29539135318924536	3.714938026711849	-11.875228855540584	16893.183134307146
-1.147736777756002	0.8587432897701888	-3.267042625235618	4.200358942688808	16923.75892178231
1.444191770768299	3.618009377865711	-1.0833290507789286	1.732961698157041	16941.28056899005
-0.9818178604740027	-5.379853807148336	2.824898290210058	1.0972377802729483	16913.865639281743
-0.3076227288912676	6.682628707511007	12.258756278608502	-5.366373578590611	16909.1313033982
1.5013890221350934	-4.421051607530586	-4.306181089557398	1.245994372462448	16882.571290010917
-1.7939834876265834	-1.146818342868464	5.426300614030254	5.524420367011132	16887.12034463293
1.209983611447882	1.9128533242762131	-0.5972896810264388	-4.238030724200428	16874.98886584161
-0.328681747676427	6.469933313713085	2.045039618684143	0	0
-0.3990521827655442	-1.3669632903909346	8.415850429605499	0	0
0.8001650265459546	1.76814977958999	4.265433132585784	0	0
-0.8759455957790507	-1.992154867549523	-3.7916939217706727	0	0
0.8442057755643475	0.727301992626181	3.2643609773342064	0	0
-0.4464692710845455	-0.2913176602499661	0.6741687803951777	0	0
0.22804837463677785	0.27307367048450715	-0.4496996419721597	0	0
-0.4441772645313904	3.8535898178213728	1.462456733688569	0	0
0.6606456986437834	1.50058159352335	-7.515293697306106	0	0
-0.22130252837125397	-0.9968818422493655	3.78216700560489	0	0
-0.3689941935133021	-0.13267788286238869	1.196108147416993	0	0
0.6440513679786406	0.7111204797308304	-6.304646120824785	0	0
-0.22411243553523974	2.855339375518234	8.94963248435127	0	0
0.08874594893075027	1.5091940491535354	-1.6716161467283541	0	0
-0.1711840395657589	3.9609070759220373	-0.5463947383645689	0	0
-0.2664820610937966	1.3600647868579898	1.4992974859847408	0	0
0.9713063987951784	-1.5743191747935938	-3.8657573892365065	0	0
-1.7129727610339884	5.097728678740516	5.311387148286045	0	0
2.12288288826867	1.6138561095761972	-6.089483243628905	0	0
-1.7626605008183915	-2.3601356203610777	11.72335563926238	0	0
0.792114433046784	-1.949529583221647	2.3474576112843977	0	0
0.1585025259243693	0.970311954346208	2.133814722875101	0	0
-1.1170856757966376	1.4555879071446967	1.9466557426137854	0	0
1.2857880840410871	-3.93932460962111	3.2952000518245796	0	0
0.026884230434568224	-3.165395193793941	-5.303448847754382	0	0
-1.873224201184037	-0.009521742895550744	3.6887809230805004	0	0
2.407896459193495	-0.546772868841046	8.550438165067462	0	0
-1.600148928411862	0.24423535445551892	-4.099425104431688	0	0
1.620469698111016	0.011107145750408165	0.8208711435277394	0	0
-2.396139654285413	1.95186441564379	0.3805210978252376	0	0
1.9373045329263832	-2.085056936133455	0.8527849797298188	0	0
-1.0137859303833991	1.0907105086899023	-9.974076053645078	0	0
-0.5548830245718719	-0.8178728713078272	0	0	0
2.043889925779858	-3.4973127369035666	0	0	0
-3.0332745923245312	2.9626134977968306	0	0	0
3.7367664768433357	3.0703377150441185	0	0	0
-2.9491289319729006	5.05173262462489	0	0	0
1.1082585724360428	-2.6898779496581326	0	0	0
0.15079859096566395	1.765084019995058	0	0	0
-1.1301309016572816	-3.7244889071749867	0	0	0
1.3231485476733198	3.569468103708097	0	0	0
-1.3152775176226044	0.3240878100127773	0	0	0
0.886273740710827	-0.6264521844667073	0	0	0
-0.29606613088951406	3.647451666897716	0	0	0
0.4679760501163486	-6.604227344083149	0	0	0
-0.6116399499901135	-1.7143718782629804	0	0	0
0.26150025786234465	0.259481904357429	0	0	0
-0.13194035963513784	-5.134915818875406	0	0	0
-0.45564583073204545	1.9249270309167414	0	0	0
0.9437728771456122	0.7885698475729086	0	0	0
-0.9419810113264759	0.10019131913710311	0	0	0
0.18610611552929868	-1.8081669325899412	0	0	0
0.897431075735966	3.3165838112935617	0	0	0
-1.7942458095722955	0.47722466523402574	0	0	0
2.0482692990659928	0.29647656973959613	0	0	0
-2.5196854129890625	1.3092136774223775	0	0	0
2.056532638928381	5.574727521779444	0	0	0
-1.3712686285600668	-0.6494248720808002	0	0	0
0.20260311110735785	-2.489958491979813	0	0	0
0.9006826194853232	5.867537255874488	0	0	0
-1.2521654959160173	-2.6628439765329475	0	0	0
0.9382833089411093	-5.874907212841627	0	0	0
-0.8204043891554065	1.5164290985387154	0	0	0
0.8179781695439701	-2.392931797568181	0	0	0
-0.8795608050912662	-2.0173419013615614	0	0	0
1.3635342375220532	2.851155207393326	0	0	0
-1.7120742405887555	-0.49360594358643795	0	0	0
1.5779907816916108	-1.4477284775271855	0	0	0
-1.67740813699438	0.3526999904294712	0	0	0
1.5815897789905193	5.522451309051121	0	0	0
-0.7104537382392095	-2.146200722323499	0	0	0
-1.1727535488797258	-4.51567280953455	0	0	0
2.5549936123788797	1.3072962954315557	0	0	0
-2.7866632578078665	-0.4653499244295105	0	0	0
1.913259918910157	1.5766065180601316	0	0	0
-0.9316173526092086	-3.156837322184799	0	0	0
-0.15927122826856532	5.117738750013324	0	0	0
0.579324768969883	-1.8553562569490154	0	0	0
-0.8673222109573828	4.02850106166499	0	0	0
0.684214886343824	0.047163784942497955	0	0	0
0.07670186119406708	-0.6551781533940684	0	0	0
-0.8946064500416213	1.1497514095025139	0	0	0
1.2364239308902327	-0.02806547930713066	0	0	0
-1.1996321505560559	-1.5503588728199063	0	0	0
1.2057908752427693	-5.1918345496350184	0	0	0
-0.4258129114587277	-2.0894840853036953	0	0	0
0.3365828042131085	-0.6196899661025412	0	0	0
-0.6228502920226333	-1.725066608009577	0	0	0
0.989905645033275	-1.9274861545376822	0	0	0
-1.602353903516473	-2.878631103768882	0	0	0
2.0507578503097434	0.8569008929198461	0	0	0
-0.7571773559592714	-6.5429214010821966	0	0	0
-0.8225313074749536	8.466525311927036	0	0	0
1.0013794965795881	-2.395912515819475	0	0	0
-0.05060216087679237	3.712543828771686	0	0	0
-0.4428564376495743	0	0	0	0
0.07913429069286337	0	0	0	0
0.4640814561128366	0	0	0	0
-0.765045037187221	0	0	0	0
0.8198733829360947	0	0	0	0
-0.7251721087129752	0	0	0	0
0.6944945070668993	0	0	0	0
-0.9414282837717352	0	0	0	0
1.7294431723041157	0	0	0	0
-1.8470996009717098	0	0	0	0
0.93087099339823	0	0	0	0
-0.08498003199780158	0	0	0	0
-0.17180129483063666	0	0	0	0
0.5192423904619758	0	0	0	0
-0.5346711043044792	0	0	0	0
0.2583946044168499	0	0	0	0
0.09624267694172772	0	0	0	0
0.027240288748998864	0	0	0	0
-0.8057995848977626	0	0	0	0
0.6020338163325718	0	0	0	0
1.1673062163023147	0	0	0	0
-2.1752117895682943	0	0	0	0
1.6639561646427907	0	0	0	0
-0.5358774225586629	0	0	0	0
-0.3377750396228194	0	0	0	0
0.5303510482665956	0	0	0	0
-0.7266501485829906	0	0	0	0
1.5442539916035969	0	0	0	0
-2.203958644685102	0	0	0	0
2.055085883124228	0	0	0	0
-1.298342521055588	0	0	0	0
0.8446530549989859	0	0	0	0
-0.4571361251563175	0	0	0	0
0.4223115805411979	0	0	0	0
-0.5739990391047414	0	0	0	0
0.12989247173789664	0	0	0	0
0.3948233788812985	0	0	0	0
-0.5591046110116906	0	0	0	0
0.258759729115404	0	0	0	0
0.03443379876387809	0	0	0	0
-0.05659486699790506	0	0	0	0
0.4871780119960718	0	0	0	0
0.03393821174707057	0	0	0	0
-1.2014659862562809	0	0	0	0
1.8464987673711377	0	0	0	0
-1.5644767749324302	0	0	0	0
1.1303033867906223	0	0	0	0
-0.5593610612652142	0	0	0	0
0.3481013058748772	0	0	0	0
-0.5113982029805584	0	0	0	0
0.49917965819481225	0	0	0	0
-0.8530815794469575	0	0	0	0
1.1423043110032367	0	0	0	0
-1.2225656924182786	0	0	0	0
1.3490831917626664	0	0	0	0
-1.630399587065071	0	0	0	0
1.7706187997139864	0	0	0	0
-2.0543061798968694	0	0	0	0
2.1265131563478405	0	0	0	0
-1.0777910545430913	0	0	0	0
-0.12715451948984224	0	0	0	0
0.6368840032093601	0	0	0	0
-0.9154427616631011	0	0	0	0
0.5632269211935323	0	0	0	0
-0.03858017182766815	0	0	0	0
0.03096654722109804	0	0	0	0
-0.8680944247615798	0	0	0	0
1.0611820807749126	0	0	0	0
-0.41612457753221577	0	0	0	0
-0.6284672959626576	0	0	0	0
1.3822137899507823	0	0	0	0
-1.3079199012885354	0	0	0	0
0.6735792836335435	0	0	0	0
0.01367185638397217	0	0	0	0
-0.18204599366912078	0	0	0	0
-0.12242720753921787	0	0	0	0
0.24148645977766137	0	0	0	0
-0.5738004292578012	0	0	0	0
0.7326248669913866	0	0	0	0
-0.14917325767213896	0	0	0	0
-0.557848210590933	0	0	0	0
0.41667781357212874	0	0	0	0
0.18012832799166034	0	0	0	0
-1.420648546179585	0	0	0	0
1.8577947619689326	0	0	0	0
-1.378088740339841	0	0	0	0
0.5136906892677402	0	0	0	0
0.06378250541369823	0	0	0	0
0.0031747941860729156	0	0	0	0
-0.5082090074662204	0	0	0	0
-0.22737915537375386	0	0	0	0
0.38111795802998927	0	0	0	0
0.5219299140316238	0	0	0	0
-0.9092153787391268	0	0	0	0
0.45801123228687857	0	0	0	0
-0.6465929720973733	0	0	0	0
1.3134663480891646	0	0	0	0
-1.6799285277914464	0	0	0	0
1.0978030047947769	0	0	0	0
-0.4556974013779822	0	0	0	0
0.2190059471886343	0	0	0	0
0.25189958984909566	0	0	0	0
-0.7421528783108826	0	0	0	0
1.159836526683982	0	0	0	0
-0.7432138721161436	0	0	0	0
0.34030106690038764	0	0	0	0
0.04492387798523367	0	0	0	0
0.40237633705954323	0	0	0	0
-0.9228517217563734	0	0	0	0
0.9472263508399337	0	0	0	0
-0.6247855463700844	0	0	0	0
0.4606386623910268	0	0	0	0
-0.45780049794228006	0	0	0	0
0.5233946332273547	0	0	0	0
-0.366617248010769	0	0	0	0
0.019319910328697176	0	0	0	0
0.8414063691362159	0	0	0	0
-1.3738183755294102	0	0	0	0
0.8168555989003821	0	0	0	0
-0.193631402377882	0	0	0	0
0.0030302871168217393	0	0	0	0
0.8228986636615687	0	0	0	0
-0.4831377210032457	0	0	0	0
0.07376867429871226	0	0	0	0
0.4960058794303066	0	0	0	0
-1.449845363909482	0	0	0	0
