0.39205879359010254	-0.7881976206879386	4.409395528557624	-0.514603235254782	16887.12576781362
-1.2593557362083772	-1.3359018443467718	14.296399160464574	-2.1035564310988804	16888.174860467752
-1.4569355522106306	9.83014988400641	0.980901740119279	-4.942217437198693	16884.744093245037
1.3746310986911254	0.306218742400965	11.185163472466414	-5.444580817819698	16887.6549324309
-1.8977975176254915	10.59066268436898	7.154545025402555	3.48310804387242	16886.787749366493
1.9058588045925546	6.0792202367979655	-4.800598793433821	6.034424982214432	16888.60611786816
-1.9843529712373282	3.0640412608624175	-8.138638977024982	-3.171620267352324	16886.956302688777
1.8184420542246045	10.347102350039634	-10.344683080093475	3.125094951759422	16896.89871634877
-1.0236635585840475	-0.6275631370032286	-5.012676524072518	-2.3962405920463823	16894.489548435737
0.8272197249635767	10.821808245144098	10.120494842591057	-3.7557246801475515	16896.09711684763
-2.699167447690776	-3.6641406202074833	4.786391447616026	2.339318665706543	16897.044581222977
3.927439912423864	9.061101382010193	6.619997783119899	-2.4850295064788526	16907.734560793087
-2.3324775132067685	8.358589073523227	0.9238662347345326	3.489332959121384	16897.180737041963
0.9334065337676662	1.362949053821751	-7.312140310616144	-3.1768330188663185	16908.052487248067
-1.8302563331707162	16.64666671252659	-8.115762247992578	-2.340239545494569	16890.53284552272
2.382181965441518	1.442390025969786	-4.4752871953817674	-5.231065591164935	16893.237529657843
-0.9230036753707154	10.823685573963026	4.639748064420047	-4.362733740711775	16894.71606741189
-0.2817739955153158	-4.264925129837053	8.540831796291911	-0.15700602559805077	16890.7355137212
-0.42697449866109594	12.292441409800482	1.7390244814138356	2.9376657478795067	16902.699235956465
1.4597708808032266	5.902345314989198	-3.1984345985626703	6.70238359171762	16894.224122823074
-2.112725006872523	8.874018234592931	-12.327089684870742	1.2111242064370344	16894.64870885472
1.8484911266986757	6.628482207630853	-4.570764172515268	4.632721727992603	16895.659034760833
-0.2990436209447438	-6.1920155337289415	2.12158126578683	6.949518081787957	16899.19883375679
0.07532299585743374	11.091277778844379	8.755574832026042	-1.3667961217929445	16892.02985776679
-2.8652280438160105	3.733015827542097	10.143456346841418	0.13265478161422095	16893.032645388626
3.6320272062122	11.870980240763728	2.2736597396484797	-2.4803926568397117	16894.08017240603
-0.8546746040168642	7.615045616379568	-4.2687705659150055	-6.2438050922193185	16888.303265208087
-1.9196261329829412	4.666405431797401	-9.53391483825915	-4.795691822546388	16889.79272561557
1.5471268918632433	15.778381884032541	-3.844246624746404	0.3849038927668431	16883.653544553177
-0.6345786293401616	2.5313171148615865	4.012983613328785	-1.760537332893847	16883.45709466969
1.1806252358094937	16.50315752376398	6.598750733467426	3.9447438200902667	16886.679517105647
-1.134756671025329	-1.3829910207235727	7.0214986221945	-1.2706304380182445	16885.708407160808
-0.7711736093730295	11.324260782883975	-5.590373922113187	2.9749613158717523	16883.8864436769
2.1926634430036245	5.783495090988872	-2.927759773646585	2.4263734695661583	16876.529416947484
-2.6528844890540455	1.6088525082591616	-2.901318418511565	3.128129387508565	16880.654480506837
2.067854135858788	9.548333039524458	-4.472936253859132	-1.2097703715095776	16874.937822179138
-0.6958040053280072	-2.8686512201743284	0.7026978212428503	-3.509533613538295	16879.265030669816
0.29656271004321866	16.2402360440433	3.32845685982808	-2.1870210164502595	16889.449407468335
-1.534391826249724	0.023734459467270597	9.407740561297459	0	0
1.5781138521746598	8.020849956426865	-3.8090024937656466	0	0
0.6501405793113761	11.402426449841364	-7.828632833382329	0	0
-1.0747233320949192	7.158953138458983	-3.55599105169118	0	0
-1.5115049112962282	13.324695830243726	2.0752742801796558	0	0
2.7054076251389887	0.8142724645428956	7.99146279428885	0	0
-1.3299407576960576	12.341001279090136	3.0790295480872913	0	0
0.026863855393735037	1.631212048866935	-9.313067934354123	0	0
0.5719681713027072	6.490856068846789	-4.509263550943615	0	0
-0.6751811023052667	11.578050027819202	-6.2582044854947725	0	0
0.29012986018754816	-4.755937745135348	-8.179850599583204	0	0
-0.33958050872080037	17.79580526004279	4.534197679996751	0	0
1.7427687212290763	3.9851004922993383	7.400748971672797	0	0
-1.811344150737007	15.9326804991151	7.1688341890630625	0	0
-1.0191583014134906	10.46503302038014	5.873400158603587	0	0
2.4636091601765813	3.026775176315752	-5.262098241702944	0	0
-0.18417713309953854	10.4879349456861	-15.498800317560352	0	0
-1.1285432939186748	4.533924452208247	-8.708474667072451	0	0
0.06478111880062443	9.266254351692837	-0.007959751133924442	0	0
0.10420087561335833	2.9593924970050267	12.095729132793636	0	0
1.1343093991296698	10.66275309360541	3.153000017454943	0	0
-1.6637267217257232	9.38635602427842	1.685506191112509	0	0
1.087021140716736	4.644682896720781	-3.938699654732531	0	0
-0.5532040597380785	11.64120058372658	0.04768475570298847	0	0
0.05291149748404678	-2.614158896048089	-1.8445874546220864	0	0
-0.655603113888759	11.953704288745527	4.678878108344563	0	0
2.3674793602951993	-1.2458377463045593	1.0146434777854978	0	0
-2.311390650676735	12.055598663624295	11.012995243480077	0	0
-0.09808124398148266	1.102051511506673	-2.7204736124779316	0	0
1.1687402851548399	1.266620554739454	-0.12354416746205743	0	0
0.44343476516370117	17.033209082517146	-11.415209836646198	0	0
-1.410134668949155	-4.659470195919589	1.5855092149560477	0	0
-0.17324172749587063	11.36493592568852	0	0	0
1.6051524659706615	2.868730275216663	0	0	0
-1.045434217849035	1.4192066032580257	0	0	0
0.4910437125579321	12.985293440030546	0	0	0
-0.6451666703687238	2.1582633032977583	0	0	0
1.5951687675925115	17.023485755997	0	0	0
-3.2883296190700335	-1.9588402370426579	0	0	0
3.2797479610738947	14.404513527024484	0	0	0
-0.5644721541992865	1.538075802188068	0	0	0
-1.3760760631420084	5.4460160599029095	0	0	0
0.889961186580841	5.7365268518685895	0	0	0
-1.3420315694256502	4.182709840704625	0	0	0
3.1204233919626887	11.070638257061553	0	0	0
-3.4270284403364144	-3.550595594203024	0	0	0
1.4918776870875732	10.669983821971087	0	0	0
0.13068353468315053	-0.03578157808825466	0	0	0
-0.2282045163932409	6.800884177388937	0	0	0
0.053667203862787005	6.488373252814135	0	0	0
0.1535861109727037	1.8706982104735346	0	0	0
0.5305662910513291	13.410501256356817	0	0	0
-2.540886780276331	4.388016398795386	0	0	0
2.3142673560402542	12.43266326635333	0	0	0
1.0755009799981465	6.8475616300428115	0	0	0
-2.8473563818481225	3.2155218319366625	0	0	0
0.36963649977109014	11.756890197308635	0	0	0
0.9087617793802067	-7.938495094588333	0	0	0
0.8032130983253509	21.105210631704182	0	0	0
-2.3061182517875594	0.7178693588302778	0	0	0
1.936751112260076	9.38204079350934	0	0	0
-1.1853124616344672	9.320531640335062	0	0	0
0.580979532730602	-2.7374993552354496	0	0	0
-0.668298645705903	11.48470088551749	0	0	0
1.9411233327935733	-6.452101754675404	0	0	0
-2.6284544462532367	11.859473927635584	0	0	0
0.5507919853843859	0.586909752487955	0	0	0
1.0856164455419162	9.887583305411482	0	0	0
-0.2650538419456936	0.7581532983477786	0	0	0
-0.41482229306111407	1.235639381001313	0	0	0
-0.35548001873345214	5.000574253875747	0	0	0
-0.4443078600015369	-1.1062742465523598	0	0	0
2.2301730685799726	16.048124838672287	0	0	0
-2.6733144032582175	-3.027026666361131	0	0	0
1.7281211544916317	5.5193321656655385	0	0	0
-0.602100184447302	9.813183455990306	0	0	0
-0.6223810104194172	-1.172481969309878	0	0	0
1.227044294886035	12.888657536302127	0	0	0
-0.3278706244034666	-6.915105693298429	0	0	0
-0.20921360897163055	12.453298388725678	0	0	0
-1.4651980832047826	-1.482437879540079	0	0	0
2.161751375853868	7.186164517296049	0	0	0
-0.07159573149043297	1.4809617668852226	0	0	0
-1.296415373906484	3.6482828803121237	0	0	0
-0.28501934270658325	9.050237925691754	0	0	0
1.482198516222681	-1.927106230346304	0	0	0
-0.6021067589437976	14.562747424628583	0	0	0
0.01763906163764517	-1.2122077976738268	0	0	0
-0.5301226329093112	6.183419029875147	0	0	0
0.5531384632090663	4.974374316726028	0	0	0
-0.41080565213842135	-1.283511237203598	0	0	0
0.16146463797120703	17.617588366341437	0	0	0
0.4950239930116993	-23.163965221998026	0	0	0
0.07693357805043632	7.418456448950195	0	0	0
-2.8110413644743346	-9.59093493019347	0	0	0
3.502080398841919	0	0	0	0
-0.093785094123092	0	0	0	0
-2.2343057811705265	0	0	0	0
0.9773592048830508	0	0	0	0
0.3479736197468881	0	0	0	0
-0.07506355125965314	0	0	0	0
0.09207375790337835	0	0	0	0
-0.019653603156811528	0	0	0	0
-0.2571772027606727	0	0	0	0
-1.1144674718205891	0	0	0	0
2.236859254490838	0	0	0	0
-0.39486937853872206	0	0	0	0
-0.8089073507595899	0	0	0	0
-1.1168766495924842	0	0	0	0
2.0301304917261547	0	0	0	0
0.05058070856113517	0	0	0	0
-1.0310153582449004	0	0	0	0
-0.2866326955244176	0	0	0	0
1.5786469867423278	0	0	0	0
-0.8607902545221293	0	0	0	0
0.24977108338870835	0	0	0	0
-0.11692910891146369	0	0	0	0
0.14554029790694756	0	0	0	0
-1.2965739727037686	0	0	0	0
1.8654640577807626	0	0	0	0
-0.5090891010295806	0	0	0	0
0.10629888021645684	0	0	0	0
-1.4368770703828488	0	0	0	0
1.2383630930163534	0	0	0	0
0.8796214352751903	0	0	0	0
-1.9131941417945058	0	0	0	0
0.6821371929027507	0	0	0	0
0.7122626579281928	0	0	0	0
-0.5550635157276673	0	0	0	0
0.2187411415709164	0	0	0	0
0.28161073178247165	0	0	0	0
-1.0886744120814384	0	0	0	0
1.1173894994880982	0	0	0	0
-1.297950292302417	0	0	0	0
2.3253607766579094	0	0	0	0
-2.334984109746131	0	0	0	0
-0.05396827675328808	0	0	0	0
1.6854022211096193	0	0	0	0
-0.8274338061152164	0	0	0	0
0.05063681738570125	0	0	0	0
-0.7794551792419	0	0	0	0
1.749373657752443	0	0	0	0
-2.1836072203401784	0	0	0	0
1.7017339451015587	0	0	0	0
0.20047308296691568	0	0	0	0
-1.4624828619209538	0	0	0	0
0.15340609091771995	0	0	0	0
0.5352425805649261	0	0	0	0
1.3895706707220015	0	0	0	0
-1.529288265834687	0	0	0	0
-2.3234433054204473	0	0	0	0
4.414658480144681	0	0	0	0
-2.253619376686288	0	0	0	0
-0.515061416722709	0	0	0	0
0.9542771054193011	0	0	0	0
0.19779951396522932	0	0	0	0
-2.304032129505025	0	0	0	0
3.1987321754032934	0	0	0	0
-1.3267663597335329	0	0	0	0
-0.2343003547927225	0	0	0	0
-1.3088944468845867	0	0	0	0
2.399972781768817	0	0	0	0
-0.07776648040890421	0	0	0	0
-0.89607906747991	0	0	0	0
-0.7374008158349028	0	0	0	0
1.225009876438726	0	0	0	0
0.15353104332111656	0	0	0	0
-0.10556108738951764	0	0	0	0
-1.1861297284304442	0	0	0	0
2.4790225044460286	0	0	0	0
-3.1253077389864075	0	0	0	0
2.549792998210961	0	0	0	0
-1.0608491688652464	0	0	0	0
1.2328347099746892	0	0	0	0
-3.7692728662646715	0	0	0	0
4.2630004088072155	0	0	0	0
-2.2563743274259593	0	0	0	0
2.5648821614706065	0	0	0	0
-4.61368570022092	0	0	0	0
4.064157900459115	0	0	0	0
-0.7068022599903188	0	0	0	0
-1.1103330440608303	0	0	0	0
0.939447950719007	0	0	0	0
0.6657609554212343	0	0	0	0
-2.8648061735397263	0	0	0	0
3.9828170843357498	0	0	0	0
-2.030359634411319	0	0	0	0
1.325014414017751	0	0	0	0
-3.495298148167329	0	0	0	0
4.4894262515773065	0	0	0	0
-2.215571096334081	0	0	0	0
1.4109817432459337	0	0	0	0
-3.7634535788076775	0	0	0	0
5.530435699309102	0	0	0	0
-4.554524505770402	0	0	0	0
3.9628809948708366	0	0	0	0
-3.3343929411259694	0	0	0	0
2.5646422097614803	0	0	0	0
-2.0584718365514405	0	0	0	0
1.5682987993198765	0	0	0	0
-0.4834345667490254	0	0	0	0
0.6967334169166435	0	0	0	0
-2.5881995564958586	0	0	0	0
3.2955606270937707	0	0	0	0
-1.5128479816798617	0	0	0	0
1.0370215212268192	0	0	0	0
-3.0453562644529057	0	0	0	0
4.249620089413376	0	0	0	0
-3.7636815702870337	0	0	0	0
3.3430479863120297	0	0	0	0
-3.3381450266410937	0	0	0	0
3.24265223057364	0	0	0	0
-3.911252837095425	0	0	0	0
3.8646696592537637	0	0	0	0
-1.7397572403452628	0	0	0	0
1.4840014028778015	0	0	0	0
-4.1221680706790025	0	0	0	0
2.2006260119646157	0	0	0	0
-0.32312924227947093	0	0	0	0
-1.4715748925888263	0	0	0	0
5.032119340291423	0	0	0	0
