0.059448857783912956	0.23423739400305266	0.38560656925017156	-0.15368128306305096	16898.317335250053
-0.15001726002124371	0.9411350605224627	1.3408021869411897	-0.46465035968383006	16898.46963470549
0.5528454943376957	2.347589176845055	1.2893865123599113	0.2527504680841872	16898.128741972807
-1.0344952610596394	0.07047592398065206	2.827279652317557	0.766566387003266	16898.325950667768
1.2804250387567535	-2.2743104086436574	0.027108514672363526	-1.6367215838289013	16898.366289077843
-0.8947226500726515	-0.6592021217023927	-0.6774308156270195	-2.247312411294047	16898.437201745277
0.2014121516030869	0.05191868361980312	-0.6551192016762002	-3.014626070001114	16896.76298239915
0.3356416143678018	-1.930250869428093	0.7420770540281865	-0.40180138403188437	16897.45722565834
-0.49958696153731097	0.28118426569620425	-2.815464157086339	0.8942739006521663	16894.50197916085
0.2935775467722408	1.1720110244718072	1.4457711305820595	-1.2714513499142583	16898.820399636013
0.11023300179756035	1.853772374012344	-1.7605750099141773	-0.6257866695155485	16897.602711715233
-0.37822650124839896	0.588510615579942	0.26180486814645576	0.4427602073312471	16900.449825711054
0.4564139514856862	1.9309964223292084	0.3543533997084012	-1.3704238144161849	16900.798832365468
-0.5300471362704968	0.0014271695585890143	0.929123804101323	1.5627157515996828	16899.85321265085
0.5902336920569908	-1.362081478989424	-0.5061750144711112	-1.6479737885263006	16899.312826795358
-0.4845862676249695	0.9091825185969711	0.11374770453390681	-0.4478183394675881	16897.83977143922
0.5166019988103656	-0.8040010436362408	-0.5372174726433343	1.5703192407036397	16901.27945350433
-0.41022275386880125	-2.284714898657519	-1.8358939166292743	1.4580305914361986	16903.420334125658
0.21752081781784227	0.1475301725405913	-0.5518319692988172	-1.7383103257008372	16900.4414611905
-0.2321246925036391	0.6675796926406434	-1.480116276801013	-1.1544619833320127	16901.492409022416
0.4050984051024571	-1.1100413066978234	1.0472908303481745	-0.18629810252150492	16898.63501290707
-0.44767058288474715	0.8721178553661915	-0.0600938594744207	-1.5257381784133344	16902.421248156013
0.7941966022636677	0.8237890950775011	2.2606516197149347	0.025704987090335862	16899.394956959008
-1.3795286968816356	-0.055804329686267806	0.28133756751294925	0.028152316846842496	16898.415093816508
1.593268441905174	-1.4168085596494606	1.770061402792166	-2.8942931541666326	16900.038126838277
-1.532621719975488	-0.8811885622997409	-0.32312353746530675	-1.428263238211116	16897.165274546263
1.265403799445366	-0.41560832869917874	0.11740656261943627	-0.9662676490379596	16898.144466270576
-0.988312256690719	2.2971169378960212	1.9117336188530913	-0.8425377253783779	16902.08222646597
0.6431790917268785	-0.06281092675864386	-0.16511769591780023	0.1072687863597821	16900.053226086136
-0.6842014377462462	0.2303340918957275	-0.23079405254985375	0.5319517483919185	16898.418211358927
0.7814411899952916	1.5367959733448586	-2.016325133635405	-0.994258843776322	16898.32461889228
-0.6577786762317928	1.181378054767876	-1.4357333890120145	0.09148056789160819	16902.347243072672
-0.029769837913285357	-0.7020568282564525	-0.8177525174216242	3.4255797268154	16899.384740186462
0.49065899389751166	2.1993171544197807	-2.2674351076189083	3.098916886294788	16900.61722797062
-0.9067892853788493	-1.7110040575677203	0.060504867205708024	0.48828612651858805	16901.156567233793
1.3261921351518424	0.4647045298372561	-3.1001324828823016	-0.21978758065314707	16898.726874271113
-1.5016563734125299	-1.3212030390614444	2.2718047028680814	-1.4688195245576736	16899.755429860135
0.9792003026331102	1.7124300109402526	2.814696943726446	-3.596432435103111	16904.631835608267
-0.7746757895672758	2.2952490305754267	0.9266255880593093	0	0
0.5934796527864847	-2.4727666909265054	-2.978785706971152	0	0
-0.40382270187976843	1.8359740291484599	1.0355966838333046	0	0
0.3365331406770835	-1.782597517663639	-0.06763279584336601	0	0
-0.46016951996419664	0.5787887340051441	-0.10804045348093894	0	0
0.3580896143210026	-1.1774961779381456	1.6250265936480304	0	0
0.11312073600964112	2.0923207108098936	2.3760891140487956	0	0
-0.36698064488815163	-0.1437075891382591	2.784523828570599	0	0
0.5149589923253615	-0.13882413222883372	0.45226690547862347	0	0
-0.5648272158096077	0.13341516230644146	-0.34167933125102934	0	0
0.6311573074452426	-0.050570470947498336	-0.07908606496674508	0	0
-0.5684127862049593	0.11204835247517053	0.6844708950996932	0	0
0.42630514373658457	0.11121601020113303	-2.502688715789432	0	0
-0.5638097245678182	0.8794435879611342	-3.7630763482845566	0	0
0.6109358610163724	-1.228891288750134	-0.6473242436162536	0	0
-0.5165739383147638	3.82234660839908	-0.4482248770710271	0	0
0.3432061114268521	-1.5526016304322638	5.511232242264043	0	0
-0.01336048825777425	2.627144411460428	0.27729257403213126	0	0
-0.3357254211178855	3.1024830464920186	1.0880192163359936	0	0
0.4348839906632662	-1.6687739611074193	1.8891724032402095	0	0
-0.04909511120276733	-1.841955103690303	-0.3363307386790524	0	0
-0.17746940931982635	0.1656324879102442	-2.6489916310602126	0	0
0.5526451142834716	-0.26502613504578676	-2.883746116004346	0	0
-0.8233091383225144	0.030199411076196725	-1.9876674065620676	0	0
0.7402651879365223	1.910364734919746	-2.11851914624593	0	0
-0.25958728955986743	-1.7440801513308628	-0.2893670414632794	0	0
-0.18705675443386127	-0.0239327902155253	0.6180035316163952	0	0
-0.06155122522979184	-3.148580960822599	-1.8288113611362746	0	0
-0.013725648916647515	2.149223928688194	0.4696165770315588	0	0
0.37083030433559117	-4.281073758219975	0.005627662384455334	0	0
-0.08540698106835265	-1.255378358087789	1.4172350908136764	0	0
-0.16140735900159342	-0.9480996796913317	-0.6512962531069633	0	0
0.03318755360507453	1.4338942215172565	0	0	0
0.46448450359830673	-0.2696210745789287	0	0	0
-0.7940581375093032	-1.1451425596369802	0	0	0
0.9103967251822951	-0.2728149084720002	0	0	0
-0.6970767979436161	-0.7779048805036624	0	0	0
0.3531284447679255	2.3713785215468732	0	0	0
-0.5388291548513777	-0.9260420773059295	0	0	0
0.9067268656158092	2.2521273963859016	0	0	0
-0.6653471702315983	-0.4511147914154847	0	0	0
0.05110589821941858	-0.7225587554346617	0	0	0
0.29545280607267443	-0.35959449025324375	0	0	0
-0.010429537134974964	2.89594071271857	0	0	0
-0.0499523924726617	-3.938896392783377	0	0	0
-0.018108613995622136	0.7295190028135465	0	0	0
-0.20957377793121168	-0.48441688600120614	0	0	0
0.4119181142002972	-0.17449252741435117	0	0	0
-0.16436041732557527	-0.2868298691149249	0	0	0
-0.24177886687200356	0.41246755011309233	0	0	0
0.471407722415222	-2.8955312108425204	0	0	0
-0.5523997481857705	2.493563353310492	0	0	0
0.6549144568386325	2.0069775058789645	0	0	0
-0.7152610611400121	1.9970926753479716	0	0	0
1.0113929402340318	1.3818509676832278	0	0	0
-0.9898537101933726	0.48593241005208654	0	0	0
0.6377392138920968	-0.9138405131230698	0	0	0
-0.2667623043020697	1.505512908136538	0	0	0
0.09329943928214846	0.04737695029400868	0	0	0
-0.06094840207919816	-0.08137917874596923	0	0	0
-0.14999712734294235	-0.1636706746968528	0	0	0
0.331389633260855	2.1187688804973632	0	0	0
-0.3251288128376757	-1.2843974341205637	0	0	0
0.8948220880258759	0.17831948227102856	0	0	0
-1.760284413223026	1.4348825047117373	0	0	0
1.6352393456857754	-0.8086513000471243	0	0	0
-0.9216580618150587	1.8667889789621626	0	0	0
0.11991640211225274	-1.9086814442762048	0	0	0
-0.03768478180812451	0.7308885563319123	0	0	0
0.32623402765666043	-2.1181698104305156	0	0	0
-0.6923251291055763	0.467169512693971	0	0	0
0.273794178642909	-0.7007095644583501	0	0	0
0.5181248813703121	0.11782005688435504	0	0	0
-1.1273501039061102	-1.5894641557481108	0	0	0
0.9204668416010833	-2.2696240797903755	0	0	0
-0.1895737247564213	0.9040959746928223	0	0	0
-0.4349291784102931	-2.339662152818825	0	0	0
1.2860372260855044	-1.4756614780842838	0	0	0
-1.6840602287843964	2.5969407298205454	0	0	0
1.225043589110939	-0.2503866464279554	0	0	0
-0.88566005936746	-1.3182500664721601	0	0	0
0.8710372822945018	2.940077293202002	0	0	0
-1.0144204609311842	-0.9639786355198581	0	0	0
0.6593461059115455	-2.3951247658560533	0	0	0
-0.33253184140631475	-0.6461843506376752	0	0	0
0.14764363386117907	-0.35319451839119864	0	0	0
-0.2744280923413527	-1.2258089331296134	0	0	0
0.3477385433821212	-1.9760938078054409	0	0	0
0.009091112390109402	0.11527231578016739	0	0	0
-0.24057563582485386	-2.031323519046353	0	0	0
0.19290629998934605	1.816161245060151	0	0	0
-0.14252022732256364	0.7867461472929236	0	0	0
0.7497816417904204	-1.7214202035088064	0	0	0
-1.6335503286704736	-0.5055854464809784	0	0	0
1.57812727646251	2.2736429325339955	0	0	0
-1.2228360591365615	0	0	0	0
0.8479199731774045	0	0	0	0
-0.7146546961906068	0	0	0	0
0.33781059583395034	0	0	0	0
-0.09330289504060119	0	0	0	0
0.20426232430673963	0	0	0	0
-0.15062198488733713	0	0	0	0
-0.025920878207401188	0	0	0	0
0.27771157257194545	0	0	0	0
-0.7424533970486706	0	0	0	0
0.8713820898547837	0	0	0	0
-0.6776452273436817	0	0	0	0
0.8601614999572504	0	0	0	0
-1.1203400492224347	0	0	0	0
1.0623548115568937	0	0	0	0
-0.536022833272618	0	0	0	0
-0.21761535891639028	0	0	0	0
0.37885859563402136	0	0	0	0
0.05782121852960387	0	0	0	0
0.07226859880174175	0	0	0	0
-0.2976136165755676	0	0	0	0
0.23529057724818614	0	0	0	0
-0.09024906727887583	0	0	0	0
-0.35939944799260815	0	0	0	0
0.8157238746612379	0	0	0	0
-1.2601932028853327	0	0	0	0
1.0833806060062585	0	0	0	0
-0.40869336197788897	0	0	0	0
0.1370169957933527	0	0	0	0
-0.28199579459048607	0	0	0	0
0.7426647223546823	0	0	0	0
-1.0757916831454892	0	0	0	0
1.0068004376926467	0	0	0	0
-0.7158264521721804	0	0	0	0
0.6895058269929706	0	0	0	0
-0.5492012974681657	0	0	0	0
0.6745864581941063	0	0	0	0
-0.994474711253055	0	0	0	0
0.8472529044589692	0	0	0	0
-0.2405434535328439	0	0	0	0
-0.11236474469478708	0	0	0	0
-0.3648698514665796	0	0	0	0
0.8089595640469014	0	0	0	0
-0.5473314808492589	0	0	0	0
-0.08795685794654418	0	0	0	0
0.5937939014676772	0	0	0	0
-1.3185047253068092	0	0	0	0
1.6831520187666342	0	0	0	0
-1.4580873799486724	0	0	0	0
0.935011215124895	0	0	0	0
-0.5906456801808417	0	0	0	0
0.6170025675142199	0	0	0	0
-0.40195723429038566	0	0	0	0
0.2762110201652348	0	0	0	0
-0.041850657967962945	0	0	0	0
-0.1539490085609927	0	0	0	0
0.055477150035251555	0	0	0	0
0.32920122386265405	0	0	0	0
-0.6135987208815479	0	0	0	0
0.6655160237324083	0	0	0	0
-0.35984051805333905	0	0	0	0
0.02409581965991947	0	0	0	0
0.7043351122392636	0	0	0	0
-0.7930270873206808	0	0	0	0
0.06580955661800658	0	0	0	0
0.5326875810456357	0	0	0	0
-0.027521520347569606	0	0	0	0
-0.7023570214137749	0	0	0	0
0.6764330416079005	0	0	0	0
-0.3462429851477751	0	0	0	0
0.03669726261590256	0	0	0	0
-0.04747479290134038	0	0	0	0
-0.036946534715390555	0	0	0	0
-0.06554602380850838	0	0	0	0
-0.1698797345402525	0	0	0	0
-0.034909363319762576	0	0	0	0
0.5835286728598064	0	0	0	0
-0.9140340909506861	0	0	0	0
0.09594565414057854	0	0	0	0
0.5360145740864795	0	0	0	0
-0.5469593767529517	0	0	0	0
0.5048473989418056	0	0	0	0
-1.0095386425984998	0	0	0	0
0.9243899730444767	0	0	0	0
-0.6236873429204124	0	0	0	0
0.4595959277733286	0	0	0	0
-0.4239746858735103	0	0	0	0
0.6063245209550914	0	0	0	0
-0.6947972204329389	0	0	0	0
0.42665851969674407	0	0	0	0
-0.257137584427376	0	0	0	0
0.18089577138314894	0	0	0	0
-0.5383202289936264	0	0	0	0
0.6251437586269546	0	0	0	0
-0.40781264260670014	0	0	0	0
0.14500520972018194	0	0	0	0
0.022240293898697416	0	0	0	0
0.11890793519711451	0	0	0	0
-0.07766634974885989	0	0	0	0
0.20036937087574813	0	0	0	0
-0.5734804742018298	0	0	0	0
0.7571694328437175	0	0	0	0
-0.6668519698895281	0	0	0	0
0.650190971788497	0	0	0	0
-0.5707190276908705	0	0	0	0
0.3439606840020559	0	0	0	0
0.08344277260145816	0	0	0	0
-0.6701550426668277	0	0	0	0
0.8010360203051761	0	0	0	0
-0.6954228982064592	0	0	0	0
0.5806674781648198	0	0	0	0
-0.8600810753450361	0	0	0	0
0.4376847122522278	0	0	0	0
0.004070733575410657	0	0	0	0
-0.07573696448138634	0	0	0	0
-0.16658445969208202	0	0	0	0
0.23946668583231911	0	0	0	0
-0.01110673767702508	0	0	0	0
-0.17200051111820613	0	0	0	0
-0.15373976732642092	0	0	0	0
0.3381775897647401	0	0	0	0
-0.4729850184841524	0	0	0	0
0.1677470150612308	0	0	0	0
-0.008387320177568824	0	0	0	0
-0.12745389307846722	0	0	0	0
0.4253968931122998	0	0	0	0
