0.3890552386654562	-4.698166336333017	9.393784288201843	-0.3175801948853376	16542.91524207958
-0.08383573098104335	-13.448764751599839	30.343480787996995	-1.8237723708340212	16546.118605064086
-2.2564227682617997	11.588320012280725	0.4382513359010858	-3.368161411274343	16538.951482370067
1.4002598867382332	-13.742544841372471	-1.3706729889051985	-10.187581777640702	16543.577026900828
-1.9888999512532095	15.491084996091189	18.225994272241394	-3.98338522183208	16547.462494893593
3.617877392394597	-4.624785798742224	4.869249688805965	8.107988399674525	16532.28861509548
-3.352373745800236	8.451083170744866	-12.077482248099514	-12.014783313871789	16562.13612821009
1.4895517175663855	1.0950670082010845	-11.61932185645631	-8.476577007900119	16582.33735339661
-0.7973464356900593	-6.6998116424056064	11.730435365829436	37.56014933351227	17072.592492860837
2.1921378770052797	4.458268330896274	2.728937180508069	-11.417957581896928	17029.791921536245
-3.1571320128791385	0.8585533650418711	-8.651862726276391	-5.893685551066383	16971.115169263616
0.9843567212971536	3.0987636278869672	-11.249589850900122	-10.615860672433698	17027.72174095372
2.2351395128605347	8.086495919581388	4.157826614203458	4.611024203348734	17061.056195232388
-2.5297186429273424	-5.544567092251583	-7.427847961252823	-18.35021178997806	16934.615151321363
1.2713449468453035	5.102076644662873	-0.38789350259000344	-19.732684250800617	16943.00884934145
-0.8812014850258265	-1.0601327288701938	-16.301025645352894	-11.019271570893537	16996.481729474075
1.2269796054707953	2.7118764606002372	-7.875598547922067	13.106763787700459	17036.4284586516
-1.950133676890644	2.7221921895496877	-1.1998884974796198	3.075752628527141	17081.664470849155
2.6441214724100917	-8.222009143141264	-2.442392406212477	1.2516499742603315	16992.520796881738
-2.099921713324356	-8.66927997127182	12.557108094394934	0.6537328135811435	16916.225378250674
0.608159905385321	1.7031777984561387	0.15348224276789324	3.5901974588096124	16887.500840802524
-0.9553641831365667	-15.818573355360236	-10.488832610168728	-5.582075928243867	16923.004929964794
2.60296938229412	2.7445472400305135	4.875185878893021	1.165704443364561	16944.609982484093
-2.221404244087452	2.9094557584608083	9.053723923344037	18.220670185806625	17016.92239421211
0.09998155332195324	2.4482641330310315	12.378145240923004	-9.694112472413295	16855.64134416309
1.4934207028821689	1.7948457783085132	-1.987027071133781	33.85736195645815	16782.25531115006
-1.674777114686563	-7.426532402860943	4.833891030223654	-1.2014766431194346	16815.647316263352
1.1924042873075535	-1.2947131587255925	5.923070183960178	-19.286549675615063	16828.73670297882
-1.2905133582656134	0.42912901638283785	-19.511052028463922	-9.997537277303493	16817.11722209066
1.606485894347962	5.331543971527928	8.869561994032978	13.578225060300895	16853.171017177578
-2.169911457180042	-3.8205046744645017	-5.344846966648433	-5.740851395127436	16823.604065671458
2.0325767792855274	-2.9217025019587908	-11.14373925698763	12.103316057120537	16939.02459636715
-1.2153626311695405	-4.154363157696082	5.05609568974721	-7.4206317419542955	16907.445608371276
1.2273602349943502	1.5297444471628339	14.616599551491944	-18.16372154727732	16945.542275392963
-1.7067375485291407	-0.6180988448066174	-18.39561617517576	-13.767612640492374	16960.368090360942
3.002105602191385	-4.598604472659169	0.1277060528254168	6.090063843097326	17003.166455528553
-4.171773611259503	3.1862638757134647	0.7756059878088024	18.10554454072266	16962.627447958843
3.876991129741775	3.9426428049672992	2.958359801666248	12.889726911071378	16887.976776878175
-2.1195380633636205	-13.559456525057904	1.0553357989692955	0	0
1.4720357765007392	0.9660485257993159	3.643525993593485	0	0
-2.913776042503713	1.0865964334540195	10.156329017845223	0	0
4.494430337619697	-6.60082702526789	-11.392599156476138	0	0
-4.465566654604139	-5.599397612090826	10.883175853636473	0	0
2.6651749252853136	-7.4153419191351375	-9.169562171568941	0	0
-1.0240539039337406	6.627328641070129	9.49508947868435	0	0
-0.6004039167888422	-1.9064283660922499	1.0093313191326416	0	0
1.7838681586844913	-3.6105995948547402	-3.523299121441653	0	0
-1.7776887176389238	-5.935941552443431	-5.139714464819377	0	0
1.104777322053934	2.0134786081641494	12.958609811675245	0	0
-0.9554159315335014	1.5095460259755882	1.0305998577967017	0	0
0.2793234208847011	-7.032577827708721	-10.2476803757922	0	0
0.9274062693233276	1.2368309151906232	5.287259403859608	0	0
-2.1229181978686213	3.8056276915282155	5.979175524292401	0	0
2.0495268926562673	-18.673695724945	-11.783447774659152	0	0
-1.7138974135310576	2.176536126887882	-7.093286910563336	0	0
2.975795743536338	6.379260648506701	13.192277145602844	0	0
-3.9045825814840356	-15.34710123064334	-14.198614502737016	0	0
2.172121579574764	-7.525434944295839	2.464205364722062	0	0
-0.5293569678607213	3.027253965484036	5.237335270819386	0	0
0.7596021596057412	0.34523382683749304	2.8585364221808476	0	0
-0.978525154641062	3.40885280714523	17.61608555449729	0	0
-0.0032571207204625807	0.80070842173118	-4.955196806890399	0	0
0.6668211477146713	-6.406929271970064	0.3005310977408726	0	0
-0.864275744599162	-1.5351020979010457	6.601218508833469	0	0
1.652010918163512	-2.677573350085801	3.574033625620004	0	0
-2.1671117914580407	-1.1414938543856152	-3.743334747498693	0	0
2.350205476420278	11.851538568869898	2.542064374898729	0	0
-2.5046836548151887	-8.20053254201219	-1.4579903741967257	0	0
2.7038112400045264	-9.127666605022334	3.899100958746743	0	0
-1.946508701831128	1.970381682072265	-9.152984433302379	0	0
1.2666437280029115	5.320785230322791	0	0	0
-2.3609259759397716	12.297499685745436	0	0	0
3.210175292583692	-9.514562966642167	0	0	0
-2.07346763239574	3.949647833772076	0	0	0
-0.9182100377398257	2.5384610997515864	0	0	0
3.81542865817287	4.088044645834472	0	0	0
-4.968412887761701	1.851795961347264	0	0	0
2.637963742332623	1.8878593912405464	0	0	0
1.2423564710682697	3.171523927389991	0	0	0
-3.5046200257856484	-6.228663749099297	0	0	0
3.77651267398317	2.931007847379341	0	0	0
-3.1607434372331085	-11.358498556078118	0	0	0
2.1840523752276013	8.833196990752924	0	0	0
-0.8893041282448451	10.004067218703653	0	0	0
-0.31285910407532924	5.821867571318776	0	0	0
1.7938130882625458	-1.2853233883199735	0	0	0
-2.238770435000241	-2.5537628648651776	0	0	0
0.981697378058179	-0.06455124989108185	0	0	0
0.680886252378663	18.245638746792984	0	0	0
-0.4419760548043925	5.004194704793861	0	0	0
-0.2287191796480883	2.884054728881985	0	0	0
-0.15029606834934128	-11.027236055199495	0	0	0
0.08939511718616444	12.081780565457166	0	0	0
1.3732763592422117	-5.674490206430761	0	0	0
-2.6370328929456477	0.19075482285157364	0	0	0
2.240871714956789	5.041474001684854	0	0	0
-0.6142541101296501	-0.46956815199089874	0	0	0
-0.1879491841001908	-15.877755246786165	0	0	0
-0.40009057306911444	-13.175777903033996	0	0	0
1.3193927674828743	25.9868272687768	0	0	0
-1.4111357276337841	-3.94364966013611	0	0	0
0.0820564007702842	1.418985918875471	0	0	0
3.7454940359360904	5.330122318999024	0	0	0
-6.9398731489264875	5.974060961518589	0	0	0
5.36136535704933	-2.6584511622645834	0	0	0
-1.5180943898943369	-0.07307449695482404	0	0	0
-1.2789782344790694	-5.129875240208143	0	0	0
2.370800455666469	6.214865584648052	0	0	0
-0.6052790803323163	2.7216457762367554	0	0	0
-2.5380234822972767	-3.8885731045478735	0	0	0
3.309103086862706	2.6389262808575182	0	0	0
-1.1274158938886814	-3.530299437367603	0	0	0
-2.0440942365289843	4.627545793452029	0	0	0
4.311917483142977	4.343948054048482	0	0	0
-4.613112856312448	2.8973610445032563	0	0	0
3.7978518238564334	5.107175278335582	0	0	0
-1.487754163818316	4.259949538988799	0	0	0
-0.955480131702295	11.099903260408894	0	0	0
2.414581527782836	-1.4082828623830466	0	0	0
-0.9808837993265556	11.686848096794876	0	0	0
-1.330587653733886	-7.08536188510454	0	0	0
2.381905974773858	4.12242079245847	0	0	0
-2.3748243790589783	6.424899518591587	0	0	0
1.380374498343059	-1.798233726256555	0	0	0
0.05828266927083092	2.5848143644438224	0	0	0
1.2797069570246435	18.849477957818742	0	0	0
-3.203926696326967	-3.812106637408583	0	0	0
3.532065944128938	-8.849522593876813	0	0	0
-3.8428995895102815	4.687069319840411	0	0	0
3.1011358598836196	-2.4500759333283213	0	0	0
-0.9773391444021158	2.4492438644564416	0	0	0
0.023394262663394727	-2.838014186725296	0	0	0
-0.755942046988153	10.009061215627497	0	0	0
1.3462341541633904	0	0	0	0
-1.5681916387854073	0	0	0	0
1.9247901632047757	0	0	0	0
-1.7854533264066461	0	0	0	0
1.7283032683099364	0	0	0	0
-2.3341565114367526	0	0	0	0
2.7443789746836345	0	0	0	0
-0.9101860417316345	0	0	0	0
-1.4363275307063574	0	0	0	0
1.5964239190330645	0	0	0	0
-0.11470253075471959	0	0	0	0
-1.498350046478805	0	0	0	0
2.5365932320238613	0	0	0	0
-3.1728906288797063	0	0	0	0
2.991050796530814	0	0	0	0
-0.9743783457081321	0	0	0	0
-0.8471365757795866	0	0	0	0
1.8516145696132753	0	0	0	0
-3.294695271622267	0	0	0	0
4.1722503574488385	0	0	0	0
-3.376823319885837	0	0	0	0
2.793899349763805	0	0	0	0
-2.1543911521917423	0	0	0	0
-0.17074977868417562	0	0	0	0
2.5673126275593603	0	0	0	0
-2.794144683335446	0	0	0	0
2.8257159768176976	0	0	0	0
-3.8940192704273215	0	0	0	0
5.414674255732699	0	0	0	0
-5.065479991021668	0	0	0	0
2.8417574143821867	0	0	0	0
-0.36538165756163465	0	0	0	0
-1.701996635596565	0	0	0	0
2.7624587743952063	0	0	0	0
-1.3299643078320642	0	0	0	0
-1.0301378553284195	0	0	0	0
2.6709863507284126	0	0	0	0
-4.252300535002796	0	0	0	0
4.7541060812023375	0	0	0	0
-5.365906884172993	0	0	0	0
7.467755898826745	0	0	0	0
-7.799271402031451	0	0	0	0
6.576922121390098	0	0	0	0
-5.153682969320165	0	0	0	0
3.7365905947888223	0	0	0	0
-2.1876788040061967	0	0	0	0
1.7377264205339173	0	0	0	0
-3.3992695847940766	0	0	0	0
5.081589750139777	0	0	0	0
-3.812303309540283	0	0	0	0
2.254478427098533	0	0	0	0
-2.3324032133117996	0	0	0	0
3.991249436330115	0	0	0	0
-5.103283682429151	0	0	0	0
3.426714288712695	0	0	0	0
-0.9441470419660476	0	0	0	0
-0.30568775846506213	0	0	0	0
0.9400098075458345	0	0	0	0
-0.45638503281868736	0	0	0	0
-1.0478264188311286	0	0	0	0
2.2601812096489766	0	0	0	0
-4.477195589822983	0	0	0	0
5.904108106000841	0	0	0	0
-2.659329539317582	0	0	0	0
-2.7683638865987135	0	0	0	0
6.5173315659123645	0	0	0	0
-8.083890286973926	0	0	0	0
8.420710170896633	0	0	0	0
-6.751471584638665	0	0	0	0
4.162753419176134	0	0	0	0
-3.3806877629907532	0	0	0	0
4.584611594771715	0	0	0	0
-6.4081967250221865	0	0	0	0
6.779798994274017	0	0	0	0
-5.163929245336838	0	0	0	0
2.8078645687688137	0	0	0	0
-1.934230731269082	0	0	0	0
1.033657508598317	0	0	0	0
0.2720621572327744	0	0	0	0
-1.05522925329214	0	0	0	0
0.48506952545436377	0	0	0	0
0.9061588115403296	0	0	0	0
-1.825502713870364	0	0	0	0
1.2981081960356775	0	0	0	0
-0.610736739089667	0	0	0	0
0.5265699718694421	0	0	0	0
-0.5567787587651978	0	0	0	0
-0.13366247845486612	0	0	0	0
0.3821845094461409	0	0	0	0
-0.2640562954586727	0	0	0	0
0.25962448845795194	0	0	0	0
-0.17577372438829997	0	0	0	0
0.5103804119739195	0	0	0	0
-1.5271182871003859	0	0	0	0
1.9944285288376946	0	0	0	0
-1.5191709945043712	0	0	0	0
1.324128401713331	0	0	0	0
-1.744918839295444	0	0	0	0
1.4713226095613834	0	0	0	0
-0.5666542320565569	0	0	0	0
1.824649132490876	0	0	0	0
-4.77432582937341	0	0	0	0
4.223644073682365	0	0	0	0
-1.087506075496158	0	0	0	0
-1.209711370352423	0	0	0	0
1.4813823483280473	0	0	0	0
0.27781571915610925	0	0	0	0
-1.8896356905881575	0	0	0	0
2.2584003509257684	0	0	0	0
-1.4694969975561918	0	0	0	0
1.2312723650100494	0	0	0	0
-1.5844832184006492	0	0	0	0
1.776652188677744	0	0	0	0
-1.8238320319204675	0	0	0	0
0.46885427962921256	0	0	0	0
2.2932989774760415	0	0	0	0
-3.3380846419100934	0	0	0	0
2.8563900614446	0	0	0	0
-1.8688887304003785	0	0	0	0
1.4981435510917436	0	0	0	0
-2.0394750379291224	0	0	0	0
3.132972382803331	0	0	0	0
-0.17039869000048924	0	0	0	0
0.2565877729425807	0	0	0	0
-0.9032829879484723	0	0	0	0
-2.517915263227593	0	0	0	0
