0.23273123373081717	-2.089357554093496	3.738836920872231	-0.08228373240930864	16862.0115261811
0.053399480149188605	-6.0271129163949055	12.11126657455965	-0.7884047776247485	16863.14924945657
-1.2518106708435113	5.013469746023567	0.6139239585702683	-6.179062167982764	16859.871310679104
0.912792283043423	-4.7872744071149995	13.879958893681788	-20.751731171692967	16862.354994851423
-1.3045373195105086	8.348897012423087	14.70288840762403	9.365662940694236	16864.93274960411
2.619007557728068	3.001105308283627	-2.0323091990221656	-18.082287816091608	16850.740362179386
-2.5133980358094163	-1.991742517589337	5.516825620669906	7.5769740698437005	16853.3709115329
-0.49046064221180785	-4.691757427632282	3.3655502195516362	-14.016656467363148	16809.969323358062
2.8947254610455246	0.10902285078898188	-1.7633867817618807	-12.91613004361939	16885.63097174656
-2.998114174391766	3.9477062245274226	0.27159687237501373	6.2396018669951445	16913.735688334942
1.9735405540347983	0.9299143025891752	-4.286148735063222	0.09736982002827688	16957.407388166874
-1.5687344394264002	1.2566676438260274	-4.476619045656349	-12.105105404834703	16994.882488272997
0.814294709827287	-2.7000181602254116	-7.563977382175992	34.44027307216989	16984.189369045427
-0.23624397937871322	3.4460871172611647	-2.043488925333662	-21.502748434282992	16934.133453008933
-0.8279081368470926	8.915982756242208	-2.587259131557559	4.014295570844595	16996.75594589206
1.2182688492241027	-1.6149403361299974	0.5207342763034433	-1.3737643993704012	17114.0646956829
-0.6664384921471367	0.09475425912478386	-4.914905031439929	9.442059717051393	17133.933187061462
0.05282861700954555	-2.686145644447919	-8.875726767090597	1.7369211395797208	17113.326134236915
-0.7453050215739694	-2.6957115481600766	8.44152497036491	16.112042288648837	17126.084318933674
0.7708782788451813	1.0392981438100506	-16.091810942422413	2.3407689065321335	17106.462809151057
0.2724615991035435	0.9645272523523474	20.79495114313829	7.480037866838558	17061.39993673576
-0.3652860864587879	-4.385321156639527	4.482229862287042	-14.709908131315416	17027.991585078715
-0.6772046774505043	2.7096667431621455	18.81354861550423	11.9414130713905	17044.497105572926
0.694067856104418	5.456971050064688	-3.1712375715817274	-5.527655921584383	17013.48430081491
-0.4231149968702468	-2.2428571723870334	-0.1797334177587544	12.70159911855589	16964.260785271294
0.284136312762179	-1.1565454503226604	2.3956401124782616	-10.02049282048867	16796.092750265583
0.5523320400059504	-0.6724605296416044	-3.1448418536878506	-30.65608428018065	16558.332959858428
-1.6947136672363143	2.0745869685703795	-13.768379150342042	13.421470458837476	16531.401525244757
1.4298049347231938	-4.53752176287842	3.061964986168462	-3.630589177630668	16560.17498583543
-0.5720172390713287	-2.299189786359655	6.0991230611521985	-0.8992047317523912	16584.485870067558
0.47103682487824017	-0.8362820748030941	4.918095965843477	4.534328887569558	16578.856907653888
-0.560852837559878	7.159048885980781	-11.990087117600666	-90.44155067546362	16499.04858772727
-0.20612213179605732	-5.336739349991511	-13.469500566691906	72.88714995236298	15697.640679841497
0.6967837909787491	-1.5408236541233293	17.188321000611694	-56.90779278161213	14305.536702829897
-0.5719261765089669	1.1729166419892607	-6.582033914370427	35.15945576498014	13770.716344547302
0.6619956343675071	-5.064807127997916	2.1027810328288723	-10.06579606803021	14069.207289580736
-0.6847529628314319	-10.378575812704412	-1.3331907167716253	-29.892642135694345	14199.38511954699
-0.18047495136548974	11.341548602108126	3.5607907016648994	39.10245728035164	14345.012161563685
1.6515391222005604	8.766781046218696	-5.56487224991595	0	0
-1.0855402295145282	-8.338336555962002	-8.119908289120573	0	0
-0.3158139743041559	1.7521750841036976	0.3424095925246178	0	0
0.3395194553569638	-1.7174231383699592	-4.862309142238331	0	0
0.07797872652133009	-4.465395480932656	-3.9382047940757303	0	0
0.11358601937154589	6.253841437972987	3.0706332951490936	0	0
0.6263160070467748	-3.746322616536986	1.6255822395319228	0	0
-2.4168979987909083	4.403943138121136	-17.162595668683124	0	0
2.657110765994453	-1.100918139123408	-4.479212691888804	0	0
-1.8641921118681637	4.786348597360657	-8.023253414821255	0	0
1.244889675248949	3.950649727738437	5.624523790061744	0	0
0.06000959243679915	-16.4552698000563	-8.454750335526612	0	0
-1.1140070803962132	-3.76489144806942	14.062063603823788	0	0
1.1857431735399544	5.154803375778698	6.084658175130798	0	0
-0.24807415042295133	-11.507233535860294	5.8538292142172	0	0
-0.5620928594239558	-7.612178197573513	-1.4392845990331153	0	0
0.758074289686725	8.908321267899652	-13.826153267318645	0	0
-0.7915760146837059	-0.1956112995767043	-13.077981958983955	0	0
0.28915384288235657	4.870949641103735	-20.562166842748738	0	0
0.1165024430311874	-10.939597766853481	23.31566580031152	0	0
0.09527369772795424	8.055070834017357	40.20682401611121	0	0
-0.33496470282077695	-24.706548395653044	-23.243411665860563	0	0
0.8473642505162928	12.445202476192321	10.329319155410644	0	0
-2.3224395407601293	-5.06964790048049	4.839086777495254	0	0
3.5788965388842087	1.4366224077743368	10.55171852630724	0	0
-2.3651205505075623	-4.011626470689862	-1.9886017620368932	0	0
0.4670468955492666	5.363204749673528	8.752709847370781	0	0
-0.0025833742217855615	-4.807911352814628	-7.373321625766167	0	0
-0.09347931684795441	-1.1378111141242542	-1.4320744655981628	0	0
0.32954606637763106	-9.10777328028162	2.508024237322303	0	0
-0.8511220455405848	2.136826645940758	5.884921857357455	0	0
1.201214478425662	-3.691716352740066	-9.547865357217347	0	0
-3.0725247503725797	0.2793282053434254	0	0	0
5.589133496967037	-1.1215587104791567	0	0	0
-5.375169203409989	-1.8783107054454362	0	0	0
3.575302914512683	-1.9162344192857788	0	0	0
-1.7287677005948154	-0.4456078704970281	0	0	0
-1.0494381500100403	-1.0893519753608771	0	0	0
2.513733797124516	4.428935885600026	0	0	0
-0.9249710066923029	-0.15334661806842576	0	0	0
-1.1695465074396694	-5.35744770427069	0	0	0
0.8734194845125458	-1.9125279179212455	0	0	0
-0.12480372979966603	-6.885539561430946	0	0	0
1.6494022311161274	-3.365992642529214	0	0	0
-3.281640889675316	7.707622369089762	0	0	0
1.4665705240601952	-4.1165776737791475	0	0	0
1.1999404367738293	-4.471302719449412	0	0	0
-2.3470316126088306	6.274934900043419	0	0	0
2.369479985363583	5.579999787193088	0	0	0
-2.1179492808173066	-5.784529169583976	0	0	0
2.214031512370525	6.245838495376383	0	0	0
-2.6703786868118797	-5.359922744456199	0	0	0
3.1520713546428922	-4.285865972507324	0	0	0
-2.5112325841205276	9.299333317167381	0	0	0
2.1327201652744847	-8.81408627367334	0	0	0
-3.4824643110309808	-0.44768577248274255	0	0	0
5.062059330481517	-2.0419112981812333	0	0	0
-5.277304115699572	1.3394475527585783	0	0	0
3.7537777738790155	-5.651576441543249	0	0	0
-1.3196605813432072	6.51267113737898	0	0	0
-1.3396303954559272	-7.66712109133632	0	0	0
3.2868195026088785	-3.3834814688272132	0	0	0
-2.7762313384649744	3.0325338761041394	0	0	0
0.48780639511294055	5.01359504770727	0	0	0
1.024584938854943	2.4666248556344854	0	0	0
-0.45909052580643106	9.294718156881487	0	0	0
-0.8311201626113132	8.165095849571003	0	0	0
1.6715506384419285	13.642659904650657	0	0	0
-0.8401438221018367	0.7915659972256961	0	0	0
-0.8326653353060749	-41.325385803314425	0	0	0
1.5370426200087763	14.904330862825454	0	0	0
-1.4547227011818507	-13.361144572316682	0	0	0
2.4196599879549154	22.10044291995387	0	0	0
-3.8478834793984547	-40.24116513909791	0	0	0
2.5578862095450816	16.297201654117153	0	0	0
-0.03823730330859121	2.6609013508685706	0	0	0
0.2533457839863189	9.32578795549847	0	0	0
-0.8895266625168645	-33.272558350960765	0	0	0
-2.315713716884183	29.610097256340957	0	0	0
5.225853783883899	-0.7232499264553809	0	0	0
-3.4506182620652837	14.277799966309416	0	0	0
1.2873072041422802	3.8601972773933753	0	0	0
-0.6157939317207735	-5.634930934161687	0	0	0
-0.7585983962429523	-3.710324963019268	0	0	0
1.9892364718598614	17.733015993839636	0	0	0
-1.634839349571429	40.6573314378664	0	0	0
1.0335321923734213	-44.86524315472532	0	0	0
-0.3362853203634302	8.773835696366312	0	0	0
0.10048984663882976	20.136305775695263	0	0	0
-1.0423641651208229	-25.376853839284777	0	0	0
2.121515612331173	-6.174021350584383	0	0	0
-1.9218007966512332	12.087347948966759	0	0	0
1.6373806372518729	-15.161483062811598	0	0	0
-1.6118132340353313	19.90770449868807	0	0	0
0.9697591107380248	12.922044465105259	0	0	0
0.3863422100257239	0	0	0	0
-0.3732996188250297	0	0	0	0
-1.2195402089519405	0	0	0	0
1.7772193687124656	0	0	0	0
-1.2684664436875508	0	0	0	0
0.6679956201124284	0	0	0	0
-0.39306010499488053	0	0	0	0
-0.36479834497284713	0	0	0	0
0.4391936014278244	0	0	0	0
0.3904338462730621	0	0	0	0
-1.29727058627536	0	0	0	0
1.8259860391969696	0	0	0	0
-2.5133382213742905	0	0	0	0
3.597753711395626	0	0	0	0
-2.8995728497608297	0	0	0	0
1.2866513681666234	0	0	0	0
-0.8717981386426104	0	0	0	0
0.7541745721973356	0	0	0	0
0.053380742645728674	0	0	0	0
0.007313596830009317	0	0	0	0
-0.7894847463978607	0	0	0	0
1.1826065150901997	0	0	0	0
-1.5303679024479564	0	0	0	0
2.8715129800182595	0	0	0	0
-3.9718692630494274	0	0	0	0
3.626415912417478	0	0	0	0
-2.5209096376971942	0	0	0	0
1.2070042508865342	0	0	0	0
-1.198268767174163	0	0	0	0
2.7097427722896583	0	0	0	0
-4.588878813078381	0	0	0	0
4.415577478555072	0	0	0	0
-2.155188582153542	0	0	0	0
-0.04595496363120333	0	0	0	0
0.9962920468680991	0	0	0	0
-1.0963987865003446	0	0	0	0
-0.23470832952435927	0	0	0	0
2.696639637623292	0	0	0	0
-3.6527262111735865	0	0	0	0
2.0005768063556815	0	0	0	0
-1.1596239448437302	0	0	0	0
1.8947159517942609	0	0	0	0
-0.8852930561248229	0	0	0	0
-0.08507929185333296	0	0	0	0
-0.011425395691837537	0	0	0	0
-0.6763496555338548	0	0	0	0
1.8884502336473616	0	0	0	0
-0.9293430224433834	0	0	0	0
-1.7107286817226424	0	0	0	0
2.358096530581946	0	0	0	0
-0.9474252390431559	0	0	0	0
-0.07379505864343372	0	0	0	0
1.159844569140624	0	0	0	0
-2.092160597973674	0	0	0	0
2.183335725079992	0	0	0	0
-1.6667046742843041	0	0	0	0
1.6534199687806463	0	0	0	0
-2.5082074330118402	0	0	0	0
2.8319185523530876	0	0	0	0
-1.6367765783709842	0	0	0	0
0.482993971807538	0	0	0	0
0.6833582378009453	0	0	0	0
-1.505833065283106	0	0	0	0
1.1505006439388907	0	0	0	0
0.09388152855329679	0	0	0	0
-1.0651974595988705	0	0	0	0
1.0588904307666667	0	0	0	0
-0.4065015738499298	0	0	0	0
0.28177458696941926	0	0	0	0
-0.9243871791741682	0	0	0	0
1.400150827963273	0	0	0	0
-0.2849550099495559	0	0	0	0
-2.322933195886442	0	0	0	0
6.519010460558029	0	0	0	0
-11.452497149703206	0	0	0	0
17.033321342059153	0	0	0	0
-20.48158923890353	0	0	0	0
19.28464629458528	0	0	0	0
-10.408125592316289	0	0	0	0
-3.0916420885837397	0	0	0	0
11.232773494329727	0	0	0	0
-8.956140448295173	0	0	0	0
3.849374906908608	0	0	0	0
-3.2011623616265013	0	0	0	0
2.7530172104113078	0	0	0	0
2.5952958479281847	0	0	0	0
-7.197386819324969	0	0	0	0
4.654719117314961	0	0	0	0
1.6957463754864364	0	0	0	0
-4.4219645755359664	0	0	0	0
2.8446245528742153	0	0	0	0
-1.5210182797804848	0	0	0	0
3.5621789813193416	0	0	0	0
-4.01862528492029	0	0	0	0
1.4313875749421143	0	0	0	0
-2.689850912212222	0	0	0	0
6.70690805586495	0	0	0	0
-7.595427303420941	0	0	0	0
6.696664358817081	0	0	0	0
-9.219993192738492	0	0	0	0
13.60316075445084	0	0	0	0
-15.850006624720315	0	0	0	0
15.642124555194627	0	0	0	0
-10.965371845028223	0	0	0	0
1.8814354217382459	0	0	0	0
6.634330186483304	0	0	0	0
-14.108416970933241	0	0	0	0
15.917379375280454	0	0	0	0
-10.167891816863047	0	0	0	0
2.949748513485339	0	0	0	0
-2.8602133979764375	0	0	0	0
9.25299079899699	0	0	0	0
-14.58373832147003	0	0	0	0
9.964705544955976	0	0	0	0
-0.7058267428748195	0	0	0	0
-6.13304201289764	0	0	0	0
7.507543956674596	0	0	0	0
-3.995393694361397	0	0	0	0
-0.10409090956085976	0	0	0	0
0.6454067985205754	0	0	0	0
0.5808517255756556	0	0	0	0
-2.164649230627006	0	0	0	0
0.9794182120017467	0	0	0	0
-0.7907540828948001	0	0	0	0
0.2027789432937368	0	0	0	0
1.4769349564377166	0	0	0	0
