-0.11390308929919968	-0.21325038875485092	2.7519476196596173	-0.05574965442859536	16912.54124891437
0.3828752067697181	-0.5085327699088751	8.398229408070392	-0.927549350639751	16911.875393874136
0.724007615293992	-1.6622805495251711	-7.46717510108806	-9.389602358554399	16910.746719863375
-0.11024573126967141	-0.9660358186880558	-0.8470424822337037	16.076996441042027	16914.009520913292
-0.9376113003103796	6.492714129333571	4.833123652938781	-14.688308278968393	16901.24409024532
0.7346630169587485	1.0842385227684161	1.7945104247011159	13.90847669253938	16950.09891638511
0.4958600028790414	-4.177968720395683	1.0446069211526208	3.146683270737597	17023.673236225663
-1.8711944367429254	6.18478033111851	3.7529398943532897	-20.664549062684614	17006.42171197172
2.3444720153244845	2.622356698695903	-8.694465872777997	-17.10628523766951	16966.364816044537
-1.3952468004212548	-11.454104058876325	12.524780966278684	0.41703505283913955	16914.645450432643
-0.47634703641305265	4.987374112028974	-8.239787864604423	2.870585746472102	16832.190080983888
1.825483832122238	-2.3123113275635916	7.985330329680053	-0.8681607079997491	16849.13160578871
-1.3450061122800818	0.881955801534481	9.68854306861192	7.308098682804967	16871.461107968105
0.38122735925777107	2.882607447173001	4.814404454718925	-19.92733086606188	16914.279608194054
0.4614716634978251	-6.316299877494238	-1.7421591641123655	2.6347202884092695	16877.28369363281
-0.9161198614764601	5.896962404111655	-6.865467094281101	9.706282095266872	16859.920778454143
-0.5955801304116406	-5.5081565982368375	-11.605944854180876	-27.729322176463583	16830.778649443255
2.7702742476290325	3.8454818045523282	12.131016134479054	29.600279837766266	16865.030728948746
-3.1627653710369756	2.339858204563427	0.3884522263616361	-32.03108752526653	16945.01069876453
2.045481003191661	-3.4284194314496474	-1.6944744636992226	-23.97110481230841	16844.695205335513
-0.7250641243248381	-1.694061351448056	1.2866324628991634	-8.130846052762877	16806.387924344785
0.516450398424837	-0.2381829363340131	13.208726795270238	5.786615692647928	16803.09998892359
-0.40846045221329774	9.67086190291738	-11.064901656489923	-7.325928199867775	16794.99940619161
0.34582493920174784	-7.799140991055879	6.039766633936736	1.5014838848578478	16846.416431266574
-0.24157138126977884	2.9517458380229726	6.727525097597535	-5.945849702793225	16919.56785147255
0.032908010235061624	-3.5444577258106094	2.2173640521673548	-20.763725362382374	16931.190421715877
-0.6196906144653695	3.538692422001418	-4.664060296453229	40.962157791980005	16940.13778587964
1.344562049583061	-7.1668690916781586	5.002326714585195	-19.410671855535114	16912.632675550216
-0.6737309624572418	3.5874316754069326	-6.4996843085042855	-0.3931376431421256	16913.32870542087
0.46308335711668036	-0.15007951047748236	2.313108373782711	19.848449415696862	17057.16122616368
-1.6029252244835632	2.2366232766909775	-1.2436749965082896	3.2620189434243514	17070.029228846615
3.0937183796950833	4.196015266159897	15.245433704967908	-21.654560471065622	17036.6974981553
-3.191961997008299	-3.2020253731295583	-4.031875806189419	-12.839758797539147	16974.985862143956
1.9125203313729884	2.642617576311885	6.176821604108383	34.259733539042	16931.901416870165
-0.6437807681399477	-2.366764791517099	2.7890769504516015	-19.924682181924226	16847.98123158834
0.3179528000337797	-0.9933707218754293	6.376519598381165	4.69657985197874	16887.211897175945
-1.111309941262185	8.558320532627135	12.81208418388114	6.82118809024513	16988.03769303862
1.9850357217983117	-5.603489539233713	11.210630096127758	-31.674717424011888	16976.64424482592
-2.21301422628958	7.845931688728996	-2.9138712909801114	0	0
1.4377272003058579	7.493051678766108	-1.4077268019407256	0	0
-0.5434706507653217	1.5814877541811896	-3.2639531816932106	0	0
0.6625109487269825	-4.420406722647776	-0.8995268917716714	0	0
-0.22478226805436918	-10.645312247023668	-10.741874013167049	0	0
-1.6039446007412508	9.79041529587019	5.01724364480026	0	0
2.161039376832555	3.4469966158657215	-8.122176564168896	0	0
-0.9489350371196679	-16.237002710338707	-5.048341299310863	0	0
0.7131957062030594	8.631624079311365	0.9914678953694391	0	0
-1.7649975442476915	-6.104475475604005	8.173348301361685	0	0
1.9433551067960053	0.07129872261741355	8.491827458158383	0	0
-1.5362525191684995	-5.315005106789428	-2.8428897646574995	0	0
2.2296573574780325	11.880384354390316	-5.315192601075026	0	0
-2.578769760511477	-3.2095796977956184	1.2953540045490826	0	0
1.6226175992722034	1.0733876549283323	-9.748424871787677	0	0
-0.28384438879909624	4.86833481034796	-5.635786251266737	0	0
-0.36827622266652327	4.325588108446382	-0.7437782899661016	0	0
1.3351628326326548	-7.673929469470458	9.906862194806408	0	0
-2.6428782504667083	8.800585454920267	-9.898701572908223	0	0
2.6995926214247845	-2.938276702869736	0.24152934128606773	0	0
-2.1104827497192318	-4.517200996308247	8.024158131272017	0	0
1.9983597310284082	-1.9836411900543496	9.30331802163171	0	0
-0.9342913433427427	0.45650118421890795	-7.665771143051188	0	0
0.03822664893068861	6.546007347337095	5.778442334262962	0	0
-0.3030266972471338	-4.732863924074586	-8.10665224304671	0	0
0.18322134204253615	5.659823389730711	-2.3444540092645383	0	0
0.4955450819312901	2.5968015936860382	-5.71738575615781	0	0
-0.4637056274486753	1.893995741709567	9.01493714829212	0	0
-0.25484404347083967	-0.034297349818515954	-2.1224847544402508	0	0
1.355140355156081	-2.781448188700047	1.024921276166296	0	0
-2.7144848592676	1.2610491801846422	-9.036399718792396	0	0
2.999801226507401	11.123397923274965	8.270858258318256	0	0
-1.8071735201635661	0.11263861256880858	0	0	0
0.9063062931441763	-2.004759678889691	0	0	0
-1.5173880042535828	0.2717890425052474	0	0	0
3.033272019096657	0.988988042910897	0	0	0
-3.199643458692435	2.9600973794947905	0	0	0
1.4048481789400995	2.738241737419088	0	0	0
0.6870904077850426	-1.2061119043940352	0	0	0
-1.5069249886918925	5.244042500601616	0	0	0
1.266976458127381	-0.7741643391961546	0	0	0
-1.4923312877528687	-2.1055822897045644	0	0	0
1.2543977016758205	6.092520785941538	0	0	0
0.011466198617817724	-0.28019994033549267	0	0	0
-2.0752190261559065	3.2344445248428	0	0	0
4.009275370405788	-3.2047858474249367	0	0	0
-3.652183036264418	-6.751691667114734	0	0	0
0.6196826771954207	-5.075134687389017	0	0	0
1.969892856192466	4.038859973808663	0	0	0
-2.8405928775099056	-2.9310193991136657	0	0	0
0.8772981052590083	1.3410568587362306	0	0	0
2.199404160786564	-2.5407026103100705	0	0	0
-2.22243775796165	1.8783460226162845	0	0	0
-0.4056688238237527	-0.6084492619017823	0	0	0
2.0162366940278673	4.616349258708887	0	0	0
-1.641794893816872	2.0986605102719764	0	0	0
0.980252915853967	7.155527234731913	0	0	0
-0.5655136307292352	-5.11699949843225	0	0	0
-0.44270292869320826	-2.4432469142151163	0	0	0
1.4055559473879597	-2.833984925401843	0	0	0
-0.8461799984174903	-0.4450369140233619	0	0	0
-0.25437835455525004	7.98332130684696	0	0	0
0.04386434759280888	-3.3710891548159267	0	0	0
0.8997545938339613	-7.886381027544601	0	0	0
-1.3105223805338966	8.23590702972416	0	0	0
1.2043093057751477	-6.294298981635066	0	0	0
-0.8964957474131197	-2.504177330734386	0	0	0
-0.019151369747035574	5.884041932355444	0	0	0
1.4897846486575617	-4.749401933270008	0	0	0
-1.7842737726960394	1.9271796598651179	0	0	0
0.46893543294896034	1.9010975944351785	0	0	0
0.3241075970588838	-3.3235738975989406	0	0	0
0.08083955309317048	-0.39021676992506826	0	0	0
-1.2051667032976994	0.01818807990798632	0	0	0
1.8850238762117755	2.884644245934801	0	0	0
-0.7579107697611036	-3.2037655024341944	0	0	0
-1.1182015403997312	-2.424485850588205	0	0	0
2.3007136126645094	0.9173384609517328	0	0	0
-2.8859387358277715	0.622965722658293	0	0	0
3.6768276304598473	-6.980036209942526	0	0	0
-3.9562366893284775	9.478141201014672	0	0	0
2.7465866927599407	-1.2384188674387246	0	0	0
-1.0429248324196152	-0.22043438254834058	0	0	0
0.45719941641825557	-1.2335669581544693	0	0	0
-1.7113265788558891	5.333693289117058	0	0	0
2.4943619382453974	-3.1003690974494944	0	0	0
-1.9757766808317996	-4.301141994789397	0	0	0
1.0490410617082233	2.493804847608004	0	0	0
-0.8030641837370567	6.370697421993782	0	0	0
0.5697980458969099	-2.504881193262733	0	0	0
-0.5630343003714984	4.26063304023063	0	0	0
1.1531110834450544	4.853315721453164	0	0	0
-1.4114275465356414	-7.773606277745003	0	0	0
1.3688820259782943	-0.7440292712524013	0	0	0
-1.1050299490721045	0.7304284954242277	0	0	0
0.399188191959837	0	0	0	0
0.35138381687853837	0	0	0	0
-2.5734413955028543	0	0	0	0
5.336172456188919	0	0	0	0
-5.422349368216622	0	0	0	0
3.948306501387627	0	0	0	0
-2.911267725314964	0	0	0	0
2.6125913478524083	0	0	0	0
-0.867307323723864	0	0	0	0
-1.0770574065610248	0	0	0	0
1.4089151542832212	0	0	0	0
-0.9336984036264582	0	0	0	0
1.1898148218681541	0	0	0	0
-1.216260735293325	0	0	0	0
0.649663840840887	0	0	0	0
-0.42353242672418645	0	0	0	0
0.6419521798921153	0	0	0	0
-1.79295362352088	0	0	0	0
3.549629647000309	0	0	0	0
-4.244007009009799	0	0	0	0
3.2604858428571646	0	0	0	0
-1.6564472819383695	0	0	0	0
0.7364316696191153	0	0	0	0
-0.8778554055968684	0	0	0	0
0.8351548150827455	0	0	0	0
-0.3090677231481749	0	0	0	0
0.10427990496646089	0	0	0	0
-0.7008583898593272	0	0	0	0
0.4034055458538788	0	0	0	0
0.8509691629435068	0	0	0	0
-1.9796341000465034	0	0	0	0
2.856112184907289	0	0	0	0
-3.1819730820904297	0	0	0	0
2.5494413976476764	0	0	0	0
-0.8755067138045476	0	0	0	0
-0.777725222123749	0	0	0	0
0.7053406308569734	0	0	0	0
0.8173351634323041	0	0	0	0
-2.316250406744615	0	0	0	0
2.1646932514444543	0	0	0	0
-1.4022693363003924	0	0	0	0
1.3321291185231416	0	0	0	0
-1.0123577316827976	0	0	0	0
0.7574158244478824	0	0	0	0
-1.1551409426079289	0	0	0	0
1.8300128885527442	0	0	0	0
-2.192346480609487	0	0	0	0
2.0185003551941705	0	0	0	0
-1.457293998738102	0	0	0	0
1.0692376607142933	0	0	0	0
-2.0105621586547997	0	0	0	0
2.7304067430260517	0	0	0	0
-2.085399024917905	0	0	0	0
2.051926479925392	0	0	0	0
-3.118692332575101	0	0	0	0
3.301457058947257	0	0	0	0
-2.1998894622730987	0	0	0	0
1.174803401766745	0	0	0	0
-0.11619584629696789	0	0	0	0
-0.4892523598795009	0	0	0	0
-0.1476349113287725	0	0	0	0
0.842431442168035	0	0	0	0
-1.2991705219708507	0	0	0	0
2.2862295690582783	0	0	0	0
-3.188840224487585	0	0	0	0
3.143912507936328	0	0	0	0
-2.2361501543544477	0	0	0	0
0.4352877921431002	0	0	0	0
0.08152356261496863	0	0	0	0
1.5634057204389435	0	0	0	0
-2.7424313699694025	0	0	0	0
1.9125309936232426	0	0	0	0
-0.1836049654002494	0	0	0	0
-1.4154543191906797	0	0	0	0
2.860939733028573	0	0	0	0
-2.5086665452511028	0	0	0	0
0.9085904879685813	0	0	0	0
-0.09864972182267451	0	0	0	0
0.402169380790248	0	0	0	0
-0.6854351552136606	0	0	0	0
1.014754818568946	0	0	0	0
-1.3830033456924866	0	0	0	0
1.0360357146920336	0	0	0	0
-0.5273868287558798	0	0	0	0
-0.758609045445283	0	0	0	0
2.2436201747437963	0	0	0	0
-2.584306985551038	0	0	0	0
1.9203295220370293	0	0	0	0
-0.5820527694306605	0	0	0	0
-0.22179969465779692	0	0	0	0
0.5217722988898146	0	0	0	0
-0.7109059400472049	0	0	0	0
1.3712881760752538	0	0	0	0
-1.6171232735957872	0	0	0	0
1.0672361294833053	0	0	0	0
0.15162605173988197	0	0	0	0
-0.26700947655680807	0	0	0	0
-0.17343386990333443	0	0	0	0
0.5722476107149248	0	0	0	0
-1.9796790491447993	0	0	0	0
3.4594424335018203	0	0	0	0
-2.4253822152567466	0	0	0	0
0.7775909578992781	0	0	0	0
-0.06252619988943309	0	0	0	0
0.4207972644760716	0	0	0	0
-1.3506524138616953	0	0	0	0
1.9888743817088397	0	0	0	0
-2.4019734311813323	0	0	0	0
2.1422213120181084	0	0	0	0
-0.802536974590744	0	0	0	0
-0.533055740441462	0	0	0	0
1.265933849226876	0	0	0	0
-1.9413785690674672	0	0	0	0
2.0683829144129575	0	0	0	0
-0.44477915089890274	0	0	0	0
-1.283406664121614	0	0	0	0
1.6022055635499513	0	0	0	0
-1.001810741519229	0	0	0	0
0.48277926622913725	0	0	0	0
-0.5572798097751885	0	0	0	0
1.5813044917366952	0	0	0	0
-2.2878709884976374	0	0	0	0
1.1508450254975742	0	0	0	0
0.0322436429279378	0	0	0	0
-0.7688268812971231	0	0	0	0
2.1214353291899783	0	0	0	0
