-0.2617167647583827	6.350349083372606	-21.817947776927042	0.8969500955256535	17331.288480514886
-0.527117638620112	17.4523409980888	-68.94771385893169	6.586921723009681	17331.934751125602
1.6170465865678167	-12.664968913427472	30.57131119244481	41.44759077759559	17343.265422405828
-0.6289640251942501	9.1305111969004	23.15511021312983	-80.04999476464226	17324.615497505525
0.4076018306971392	-5.331501731522721	10.770895185182255	47.22444254381327	17379.305141967794
1.8123787667433007	-3.6963254956184954	12.548687775028753	-5.446526782100108	17172.96125274569
-4.206363581696763	0.45517943829919716	0.8473111991200142	5.318324866541005	16717.553805619264
1.6974547204744965	-13.708103961828606	-19.534270247583933	12.043403480181368	16422.323274148373
1.9453755880887158	0.44024886305223987	8.396072179690307	27.90385330749507	16306.64839563466
-1.8476946388311433	9.488751542452611	12.444100260814508	-31.545132042588634	16223.004212985552
1.1034323898332659	-7.063934774003975	1.5832603354450754	15.52299161186258	16123.938279512373
-1.4556441164068374	-1.9585420281619506	17.627983235080833	0.9297737755232305	15980.403034763207
0.0017311223086693417	-4.986797013903114	-31.517174318524297	9.793267972191416	15918.938718454745
2.7585060997950706	0.6236895664997988	4.70853260703413	-25.662115703056273	16100.760722880323
-4.12284401553606	17.312299231828156	5.216752088110383	11.101919554437544	16145.343641864
2.226402130950788	-8.352779350989373	13.283997910926928	-1.8022786431801876	16098.691803413196
1.2742534289196854	7.64630798397188	-13.798857889949645	-13.238726925300995	16024.75151803435
-3.3134691232677937	5.977344786131354	-2.4481521921496494	14.57506033825507	15906.89417893467
2.9771369361609246	-12.270618223980186	10.296527618451293	-8.32663967609777	15926.0028933623
-1.4922829693701303	13.398201408867301	15.319536603205762	-38.318176737598264	15910.959983363244
0.04544498140283082	-1.5633478537746939	11.541695577126902	36.424135930418146	16002.166378805514
-0.8403635674277297	13.432114868147103	2.338900910871132	74.49954502949069	16102.536674652132
1.3812350507805675	-10.77329944975687	6.424565227577844	-66.17173775245605	16256.656418743083
0.6140641456240772	8.893590332595949	24.345511519960098	73.82451000013576	16483.86657384024
-2.746160871650048	-13.153335177880408	-21.681571487435633	2.6020215905006836	16679.769194136465
2.407494293548609	14.613280963480271	-8.173556734065897	-6.3407889111444575	16572.279427883434
0.6936521831509097	-4.023543443512423	-24.42447767277372	-28.390045722205954	16539.782651002904
-4.432347532168144	6.421191785991354	-6.003848807132897	77.86280221450296	16584.68545207713
5.674448798256613	7.400731120983558	3.335512097150911	-17.272841379778868	16606.535665062755
-3.495926198926931	-1.1941675401058305	-17.518033936410347	-7.949351874707489	16684.57917361814
0.38910409986196726	3.7924447048431205	5.014378508133447	17.15243099338946	16601.616451110902
-0.1826161049683961	-14.406446636267638	0.7819257515782709	-72.23569555968714	16438.92049004886
1.3480503490503821	10.664504962476052	-10.966088593392413	44.11637748595351	16651.370267628063
-0.2767529197404741	-4.808763976600574	-4.539265764446256	-22.380354347993148	16693.414435303825
-2.3734013984427094	-3.7649058526890897	2.6785007899775906	4.432984315161093	16687.423267068865
3.2044746719965786	-2.641185545071579	7.37334046856904	-1.7961554966523607	16741.188727409182
-0.7135514015999433	-4.157171108503796	8.858617213641736	2.5280819558534517	16790.11833940458
-0.1812777745323757	10.869920436549911	16.14831979371391	8.077907654164008	16804.007495163216
-1.2261110953950833	-0.8036700539120574	-11.298506226531927	0	0
2.3511473315104467	-0.8371741054336326	-10.66097593794494	0	0
-1.406343744397077	0.97525266835504	3.75169657028583	0	0
-1.8228256577321602	-15.375730407741301	-2.9988892429880423	0	0
3.8895765986920026	9.096387068442958	-13.084305654800644	0	0
-2.9657948077183462	4.702840888157382	19.592725857811516	0	0
2.2771085752102422	7.770103340315352	-17.862747431956862	0	0
-2.8329804389855298	-7.34426053692092	-4.54370309370708	0	0
0.9824124537332963	-5.518696136541536	4.5797257747324664	0	0
2.866551963605609	4.880071118615618	-35.13895515698083	0	0
-3.61472487095039	-10.915414474219126	-3.271000517499587	0	0
1.4385241848046348	-1.4314038398841689	10.084234541945392	0	0
-0.6878081363395836	-15.814055297798397	-22.87746955001333	0	0
0.2228617269028561	7.418759530809304	40.174651252572644	0	0
1.284203310601157	-8.506018182210816	-29.311570700526588	0	0
-1.8862332053939426	-0.9743161031153136	-0.9166035400346004	0	0
2.467788003649403	-0.48548944257480287	8.188546064977999	0	0
-3.7805389212272615	5.99122698026742	-8.312758730952453	0	0
4.3250249967785095	-0.1242633591428941	-3.7291735130237242	0	0
-4.2333147666734305	-6.560903073890415	15.74629375534559	0	0
4.9071143112983435	6.213678749318483	-11.325662104692228	0	0
-4.6693564105134655	-2.834211330252465	4.355203206824498	0	0
2.2610084326322735	8.69169407842088	7.794737377111687	0	0
-0.5628151530824681	4.905976506118691	0.4566133553759357	0	0
1.6455405332165185	-3.474387379482394	-12.463342344751396	0	0
-3.282037746903356	-0.6768172404900739	3.28503185613674	0	0
3.3729217670875897	5.812405103644927	4.037382540575436	0	0
-1.4970614033094947	5.310081777452076	15.53783308456562	0	0
0.05854278976226368	4.794040622278487	-7.392213666769479	0	0
-0.7763138360995114	-11.102204067956414	4.139164749035629	0	0
2.069988243295448	-0.2255711989480247	-17.900153946603794	0	0
-0.9965225091771615	-13.982745543917524	1.438919349563193	0	0
-1.476459227152887	2.6173081950556636	0	0	0
2.4098954938424697	-8.027122070950512	0	0	0
-1.551376050992694	15.792338253425207	0	0	0
1.3924118885966905	-0.1015560390438992	0	0	0
-2.5254709036910583	1.1456700771095143	0	0	0
3.1119471666228975	0.6200154720012065	0	0	0
-3.2781622180743426	-7.577330807110677	0	0	0
4.200804970398245	8.367528383284665	0	0	0
-5.092475322652085	9.857038184878284	0	0	0
6.171213196784507	-9.013240189184295	0	0	0
-8.447401028271479	8.844320035216143	0	0	0
9.912091885522933	-4.994352504091935	0	0	0
-8.833590653013651	-3.9693551620466323	0	0	0
4.160050946382583	-5.710578117137722	0	0	0
0.7387582677410052	-9.112843947602371	0	0	0
-2.781627466154191	-5.510699164279259	0	0	0
3.461539529290526	7.1611262648560015	0	0	0
-5.961141684308032	1.6539721125682618	0	0	0
5.997588127835797	7.229809428907842	0	0	0
-2.6840335291450614	-7.570679314990137	0	0	0
-0.9443806738696239	6.959046100515323	0	0	0
3.271433677245156	0.13117796394566028	0	0	0
-2.8119232521305193	7.766063577608236	0	0	0
-0.8522398686286436	-8.46027295808453	0	0	0
3.660555499319223	10.103749565656699	0	0	0
-2.4880221937048503	3.2093902376608057	0	0	0
0.2578560277631965	-3.8823991415832637	0	0	0
0.05713522434734131	12.740013778455555	0	0	0
-0.671816498086315	6.2056372305961816	0	0	0
3.414696080844564	-1.0735360677530252	0	0	0
-3.8296492079568267	3.0742342666759583	0	0	0
0.07408393214783615	-9.044752021077286	0	0	0
2.8013142632252013	-1.8943073770199845	0	0	0
-2.580977579172263	-4.215289149699416	0	0	0
1.811074256030622	-0.07962833638752898	0	0	0
-1.4638635299965799	-8.478832873368084	0	0	0
0.7830167862810669	0.5885994886738573	0	0	0
0.3438452584526601	16.111602552477017	0	0	0
-0.7074667272850803	-6.0629296020146555	0	0	0
-0.6090884967511272	1.377591169788417	0	0	0
1.146759389588965	-4.489494125223281	0	0	0
0.7441549406708745	21.87546684810681	0	0	0
-3.6638164584630672	-9.798066445223569	0	0	0
6.076407207210558	-2.9623638111415787	0	0	0
-6.582480007202641	4.635788397677139	0	0	0
5.325973539500104	15.149826124315261	0	0	0
-4.836923205380344	-10.798784373530417	0	0	0
4.7907691506581855	12.476800213647756	0	0	0
-3.158782473045683	-14.33986837945453	0	0	0
0.5767010546480691	10.442000591103806	0	0	0
1.8047782818775175	-0.18964166718483	0	0	0
-3.3474061542762215	-4.267442603268812	0	0	0
3.75173293056514	2.639481254150475	0	0	0
-1.7507161116747767	-1.6853389221111073	0	0	0
-0.8800416090144623	4.194863537986855	0	0	0
1.5261486511054372	-3.7619375435593057	0	0	0
-0.1434073864964347	-1.8288283308670188	0	0	0
-0.8624452472654056	-9.876710074201036	0	0	0
2.0278183133418324	-1.2314741543664525	0	0	0
-4.008757663312963	-5.783801564322253	0	0	0
5.639285256317663	8.056391496636266	0	0	0
-5.273632605337163	1.989867786422849	0	0	0
3.366364059371165	8.934599049099248	0	0	0
-0.7737066139993445	0	0	0	0
-0.42170003422892677	0	0	0	0
-0.9183393848355053	0	0	0	0
1.724213783249894	0	0	0	0
-0.8171450381365801	0	0	0	0
0.3982476322986628	0	0	0	0
-1.2176896038238851	0	0	0	0
0.6548626292038264	0	0	0	0
1.579202599152282	0	0	0	0
-1.6860855293691301	0	0	0	0
-1.4233175741024766	0	0	0	0
3.2404065441930427	0	0	0	0
-2.767222442972759	0	0	0	0
1.70076452549754	0	0	0	0
-1.7824378785088726	0	0	0	0
1.9963687308560338	0	0	0	0
-2.7097283500214218	0	0	0	0
2.99506319784971	0	0	0	0
-0.6098721468903534	0	0	0	0
-1.8401013859734334	0	0	0	0
0.5892704099289006	0	0	0	0
1.3036517107848198	0	0	0	0
-1.3690254737180751	0	0	0	0
-0.9290763712684438	0	0	0	0
4.101828455848555	0	0	0	0
-4.742646254215423	0	0	0	0
3.4365888211762154	0	0	0	0
-2.395217242297832	0	0	0	0
1.3595011877086662	0	0	0	0
-1.097887590339191	0	0	0	0
1.45242577021709	0	0	0	0
-1.1663496117677852	0	0	0	0
1.3625929585354157	0	0	0	0
-2.3572410604343617	0	0	0	0
3.553008216941727	0	0	0	0
-4.940795554595219	0	0	0	0
5.316667288782675	0	0	0	0
-3.782224398708699	0	0	0	0
1.581975068963878	0	0	0	0
-0.5815221273814188	0	0	0	0
-0.9172353076120601	0	0	0	0
3.8284507876353615	0	0	0	0
-6.186261205506575	0	0	0	0
6.367222345434584	0	0	0	0
-6.503417458844488	0	0	0	0
7.2489724213544875	0	0	0	0
-6.6396097431002445	0	0	0	0
3.8069422404319795	0	0	0	0
-2.9397949484432715	0	0	0	0
4.276565814030235	0	0	0	0
-2.419942758407487	0	0	0	0
-1.6437538178103992	0	0	0	0
3.3097485748767568	0	0	0	0
-3.285712071302868	0	0	0	0
3.4331480806350854	0	0	0	0
-3.0090590512962194	0	0	0	0
3.7517171295900056	0	0	0	0
-6.1902732295098275	0	0	0	0
7.715407986781656	0	0	0	0
-7.492222676567884	0	0	0	0
5.56424413684929	0	0	0	0
-3.255109506186187	0	0	0	0
2.2999538689359653	0	0	0	0
-1.5379388953939923	0	0	0	0
1.9087987560904267	0	0	0	0
-1.5942317853843662	0	0	0	0
-0.6011015309669432	0	0	0	0
0.8780765812532536	0	0	0	0
0.05347707611228003	0	0	0	0
-0.26715742389991703	0	0	0	0
0.5205543619588369	0	0	0	0
-0.8418183766316076	0	0	0	0
-0.24668663813127978	0	0	0	0
2.664500276020007	0	0	0	0
-3.7114327171293837	0	0	0	0
3.3061544445567534	0	0	0	0
-2.271814431977731	0	0	0	0
0.7946866081249411	0	0	0	0
-0.4640935124894696	0	0	0	0
1.8978459586547203	0	0	0	0
-3.651877051637051	0	0	0	0
3.432586106514087	0	0	0	0
-1.7435110382261598	0	0	0	0
1.0829281848291572	0	0	0	0
-1.0090290585994737	0	0	0	0
-0.961113392988338	0	0	0	0
2.7233437161765224	0	0	0	0
-1.1007395284239578	0	0	0	0
-0.8176656535780467	0	0	0	0
0.08950535698895834	0	0	0	0
1.225471228135362	0	0	0	0
-2.6506554463747776	0	0	0	0
4.009225691443383	0	0	0	0
-4.678594961407292	0	0	0	0
3.9072213587831115	0	0	0	0
-1.7341006700471269	0	0	0	0
0.0032930329262512714	0	0	0	0
-1.2494589748561964	0	0	0	0
2.1405011545871986	0	0	0	0
-0.12859581497631467	0	0	0	0
-1.783780626337382	0	0	0	0
0.9152970375333496	0	0	0	0
1.3765984998756906	0	0	0	0
-2.0640504562669335	0	0	0	0
0.2682359075489913	0	0	0	0
1.5567227347569386	0	0	0	0
-1.2376564839788031	0	0	0	0
0.001982693942835567	0	0	0	0
0.15283474600506963	0	0	0	0
0.4295314858860735	0	0	0	0
-0.6115612829992614	0	0	0	0
0.7682687382925266	0	0	0	0
-0.9374094771302524	0	0	0	0
1.7741398967180402	0	0	0	0
-2.4231297073024294	0	0	0	0
1.9352358144920032	0	0	0	0
0.2240159277249134	0	0	0	0
-1.7297100632723996	0	0	0	0
1.1102643074277978	0	0	0	0
0.026143500578854173	0	0	0	0
0.23400488678375808	0	0	0	0
-0.14077945315090545	0	0	0	0
0.2028565476145161	0	0	0	0
0.026819374589621248	0	0	0	0
0.4536744007060207	0	0	0	0
-1.1626627393151168	0	0	0	0
