0.07045493033916017	1.42967238737279	-4.24425403136901	0.006640462695202132	17354.085044892287
-0.3945110023654266	4.230935261724028	-13.214697542537749	1.0146100822077244	17354.7829020323
0.45880941334772984	0.7208932048907286	9.68253114654972	11.675560855071865	17356.550999535837
-0.9688412336460175	1.4060312224664813	6.454489027211864	-14.681026783303281	17352.53440707882
1.1194115296146734	0.9336253592529573	-0.42065441842630946	12.225797922275433	17366.206318245226
-0.27175265890220146	-0.6562217824882453	5.056136945434531	5.954928189241315	17315.320537566324
-0.1906891032985314	0.8246861135451837	4.888676569788643	-0.6549523959179453	17183.256272527942
-0.8847055003090745	-4.351719448266081	-5.525686623038638	3.576969015723108	17056.434815364584
1.777408084432743	-1.9349600224728931	5.634615723863931	0.145322737679777	16945.54754000477
-1.8619430391433696	2.692381973652843	-0.5605370405253751	-17.60293432621711	16843.672962933215
1.7965134847275337	-1.0274818888790804	2.878474913117415	7.362449289574812	16729.50123709139
-1.7822794696571123	1.566790547566697	-6.086796740450055	-1.454160465134791	16635.761503358786
1.0183782622050614	-2.6742340914074845	-6.058524209244652	3.9028256536613526	16570.549920246784
-0.29267132765211556	2.830694293940766	1.1581739541895075	-10.092134661530693	16548.23800582655
-0.5912319733328317	5.997188030216918	6.56017089164618	7.737739917854697	16489.85941150124
0.6911558593963747	1.1098918497295571	-1.9913810964606853	0.41927757424220147	16456.710724822253
0.2615257158262452	3.490271729395346	-4.9561897970649795	-2.0595255683993514	16445.19834449895
-0.6681044242504584	-0.8620922101609665	-2.258941475280153	1.3179351407472524	16429.948248670353
0.4047527925160992	0.8990549629676323	-4.66383274544917	-0.9794266787387045	16424.90419148002
-0.3605621055386621	-3.1557501417499054	0.012031150939577628	-8.630609946630486	16412.361176727503
0.6374378879576383	-0.449127664390069	4.152228908810628	7.598798988306427	16459.620373671096
-1.0168328970688947	6.862560877964853	-3.408099678239722	13.685488120803157	16490.353115427122
0.7431935383777457	0.4268943645515222	3.642218278313294	-17.028372513313442	16498.657457768863
0.014903101391709583	-3.8831814264676368	4.414722338699107	12.486859288969796	16484.080054833434
-0.2070445296927872	-2.829188769695591	-4.049332468254718	2.3888814237867706	16500.608279028234
0.4043429885330525	3.860768040163485	-4.944398676107696	-0.05529251270199609	16495.30250822141
-0.10463902271154524	2.916644067896044	-4.751477055625429	-15.271819890015053	16514.441676020742
-0.7207154144535437	5.28970857083317	-1.4343087979121236	17.122449843811154	16549.243690176674
0.9454408368282472	1.6181796342608763	0.1267778184523678	-9.416839866544592	16592.29341827921
-0.3755946369738794	3.013018519862108	-5.409748432191378	-1.0769391621820859	16621.53486571869
-0.3842937439165368	0.37267906863053213	7.102914904611936	1.9508992054863228	16632.976498721295
0.8607879013376447	-3.3266938046357666	0.8221786271749778	-18.650632491069416	16631.59528173494
-1.4725202665878996	0.7017124586239518	2.4262126283595364	6.030562082379149	16687.368750421305
2.0254358813929656	0.49550488888539945	9.941126471582905	-0.45539848400160565	16695.365323275273
-1.5425653866535498	-2.8911727645099248	-1.4211510177385662	3.693705180267145	16688.20253404208
0.3585056791070542	-2.904372778545799	5.082755347596091	-1.7268630397590528	16696.236613093723
0.25227011520674836	1.6476524723490442	0.39976226268051107	-3.4010250804072086	16723.44015770825
-0.4667021331084058	2.7653384392568228	-1.594019792558555	0.4421726210912027	16745.968577604537
0.1474278737761523	-2.947777358672795	-1.8901956901227805	0	0
0.770701411537523	-0.8065798539232389	-3.160757806010963	0	0
-0.7121377725711753	2.2036234957050667	-2.3714105082252246	0	0
-1.2719000595840555	-5.94244110962147	0.4896358159131182	0	0
3.3834080895535266	2.39548606426078	-6.508344769606779	0	0
-3.431019922294702	2.366675084562509	1.9123669389999094	0	0
2.206297532205184	2.035980777801015	1.7437167055444718	0	0
-0.5843442511100818	0.2866943000956681	-1.359754828258886	0	0
-0.7289727710520992	4.572682171511765	3.697787309374533	0	0
1.1632374357442998	1.827874070029175	-12.373671676393386	0	0
-0.24351923480046622	-0.00626514817678725	-3.3935475033098754	0	0
-0.5230175592355337	2.668116869915181	2.1150280134165627	0	0
0.013770956190377603	-3.5376978072991108	-5.05002676337881	0	0
0.03373969072522698	2.053742737143473	6.021624377613776	0	0
0.2411368113239689	1.7421603701879178	2.767217490665786	0	0
-0.3143402824262935	-0.5768771389293832	2.1138539473236193	0	0
0.16082676611195978	2.1272179287896904	2.4358109753173665	0	0
0.1475214315276645	-0.9298090991236876	0.2783502480726838	0	0
-0.0961244141475106	0.17560129531151603	-1.1445829866447212	0	0
-0.008027419833695149	0.350466838219198	4.692869029447223	0	0
0.8933253828453473	1.810636468985031	-4.6208732741606156	0	0
-1.153402728291674	1.5543635905964592	-4.281688163172859	0	0
0.9349357080985214	5.865241382822489	9.787197432719424	0	0
-0.8510994419464737	2.096301657818792	0.25847152292753606	0	0
1.2472612125144948	0.7557970795701507	4.38833929971058	0	0
-0.9909657736609745	1.042680458058463	-0.7024065230826153	0	0
0.378406130861201	-2.3555338305703657	-1.5657541575002512	0	0
-0.6127197873899064	3.506171378723721	1.0140143554422991	0	0
1.208545888761364	1.7767405680453194	-0.9311068910635072	0	0
-0.9359918244391636	-2.465698444617068	0.6021416810007594	0	0
0.006479489127556803	1.093376336564397	-0.734908531833014	0	0
0.3528668233743204	-4.625485573274204	2.4057902283327195	0	0
-0.8872968867966904	-2.066540113284418	0	0	0
0.9593605426052605	-2.3424207314674135	0	0	0
-0.16767826811125275	6.713418110214519	0	0	0
-0.6265590870459903	-2.107384782889774	0	0	0
0.8568714965877788	1.8557967643897584	0	0	0
-0.9001639980264713	-3.1264997507119645	0	0	0
0.7756055501340455	-3.9372405104952435	0	0	0
-0.4811307392970008	3.8095776707246785	0	0	0
0.3413779509665744	1.8189800800251774	0	0	0
-0.1389807300535466	-1.2872769998489133	0	0	0
-1.0278961963672089	-0.03830671578742084	0	0	0
2.2315020042663605	-1.6573940707832904	0	0	0
-2.787480407755382	-0.35068404427154576	0	0	0
1.7494869055765463	-1.8692518258180542	0	0	0
-0.40920578462144164	-2.604670753708824	0	0	0
-0.48442671621852895	-5.192448684232055	0	0	0
0.7272096067485947	7.382509845086169	0	0	0
-1.1256798696926467	-1.9654486004935734	0	0	0
0.5891428914139212	2.247680944161708	0	0	0
0.13509952312350038	-0.527234357546142	0	0	0
-0.1067158504919874	-1.4266275017303656	0	0	0
-0.49713022013096975	-0.6744372744792457	0	0	0
0.8504561125876577	5.063327594915407	0	0	0
-1.9274852798701545	-2.482156249590055	0	0	0
2.606478247187475	3.8689628205962734	0	0	0
-2.3007441729324327	1.889927696285369	0	0	0
1.587816235113067	1.062677350184991	0	0	0
-1.4786480489701788	6.1309179531380735	0	0	0
0.4957509146653436	1.5697530952778393	0	0	0
1.5653425308919253	-2.0455117271815197	0	0	0
-2.8468698639821355	-4.536145164638683	0	0	0
2.621348094222377	-3.6254954574880784	0	0	0
-1.8980207349235627	-3.6644774704062613	0	0	0
1.3276289275730448	-2.7441157349914818	0	0	0
-1.117746398120346	0.7929565687720483	0	0	0
0.8211189899699747	2.5581379958740555	0	0	0
-0.5928315112798757	-1.0260828055475884	0	0	0
0.12679534359631361	2.5992781177318847	0	0	0
0.10777204965025078	2.179747964952142	0	0	0
0.042102091715811696	1.784739568239317	0	0	0
-0.046502466116088215	-0.26087703256337136	0	0	0
0.6099367609616166	5.134283389740567	0	0	0
-1.1189639075828808	-3.126567068091674	0	0	0
1.6149272156482581	-1.3280503793032779	0	0	0
-1.8956370614499392	2.80354694206644	0	0	0
1.396902961224761	5.548015721657251	0	0	0
-1.420029832700287	-1.3412998931595226	0	0	0
1.6661694017495137	7.259609819025961	0	0	0
-1.0045569450255485	-5.878307459497734	0	0	0
0.18597186412189615	2.964390463657601	0	0	0
0.5081642330737282	-4.408077903187497	0	0	0
-0.580640288893612	-1.4632560973768207	0	0	0
0.247555893595667	1.3968480946570239	0	0	0
-0.28363152385479395	-1.600604746629223	0	0	0
0.7231485507126862	2.6198213680286386	0	0	0
-0.2304405944661596	-1.0978467366598608	0	0	0
-0.5984976542528742	-2.2482002105891254	0	0	0
0.6232132291961321	-2.095378709595707	0	0	0
0.4826415874541894	0.23634728150209128	0	0	0
-1.304770187768078	2.3393135918909564	0	0	0
1.3826950303547747	-3.2946531794202585	0	0	0
-1.380518281445518	1.4878258754981246	0	0	0
0.8978699076411303	2.5351284346324334	0	0	0
-0.06099338742459537	0	0	0	0
-0.6059099311107872	0	0	0	0
0.14355324534404446	0	0	0	0
0.3546456905418509	0	0	0	0
-0.2135885942376632	0	0	0	0
0.28123280039877585	0	0	0	0
-0.17369896170211518	0	0	0	0
-1.047049034347772	0	0	0	0
2.1404274394691285	0	0	0	0
-1.9509423666935533	0	0	0	0
1.3529672480013772	0	0	0	0
-1.1099532469256914	0	0	0	0
0.8514641319869796	0	0	0	0
0.008924387898687769	0	0	0	0
-1.0759836020567093	0	0	0	0
1.3443513721894575	0	0	0	0
-1.4077650244449202	0	0	0	0
1.008359083053243	0	0	0	0
0.06604896441260166	0	0	0	0
-0.5209054720372208	0	0	0	0
-0.533385520599829	0	0	0	0
1.2160640393367927	0	0	0	0
-1.0328094299929305	0	0	0	0
0.431668660023071	0	0	0	0
0.015093942201964694	0	0	0	0
-0.02409238815548065	0	0	0	0
-0.1830679405978728	0	0	0	0
0.38799069727964763	0	0	0	0
-0.49585212167488635	0	0	0	0
0.698148440900745	0	0	0	0
-0.6834031875900735	0	0	0	0
0.052275395174440575	0	0	0	0
0.6788713753180318	0	0	0	0
-1.275911164979135	0	0	0	0
2.2206669372460937	0	0	0	0
-3.318563747658281	0	0	0	0
3.8098217765697697	0	0	0	0
-2.6283676021433493	0	0	0	0
0.31080105231756505	0	0	0	0
0.48655911728344137	0	0	0	0
-0.7415447153302424	0	0	0	0
1.0842106992929885	0	0	0	0
-2.039486342052136	0	0	0	0
2.9919437004519693	0	0	0	0
-3.300591959607189	0	0	0	0
2.889445915605492	0	0	0	0
-1.4216587137395038	0	0	0	0
-0.19700321230018858	0	0	0	0
0.24464879482681567	0	0	0	0
0.39061156706338807	0	0	0	0
0.18906239574392458	0	0	0	0
-1.884849178827153	0	0	0	0
2.8836346115568503	0	0	0	0
-2.551022525911769	0	0	0	0
2.152404504461664	0	0	0	0
-1.5623689666003528	0	0	0	0
1.846769303663308	0	0	0	0
-3.0432853692327626	0	0	0	0
3.594619217484464	0	0	0	0
-3.415472108938161	0	0	0	0
2.1723354615533452	0	0	0	0
-0.5294345226117798	0	0	0	0
-0.4954107884322667	0	0	0	0
0.5755704899587997	0	0	0	0
-0.2701669287685746	0	0	0	0
-0.33584513014405815	0	0	0	0
0.42188905929133824	0	0	0	0
-0.4305748029232035	0	0	0	0
0.4059545847581987	0	0	0	0
-0.3003477895708997	0	0	0	0
-0.15897166128179663	0	0	0	0
0.592011848204848	0	0	0	0
-0.5221812013997322	0	0	0	0
0.18848520042121208	0	0	0	0
-0.6377775111553277	0	0	0	0
1.713682339028729	0	0	0	0
-2.4714747746817096	0	0	0	0
1.9834999220097913	0	0	0	0
-0.9729651689432828	0	0	0	0
0.2511939770523668	0	0	0	0
0.3821367540523042	0	0	0	0
-0.5682425629405543	0	0	0	0
0.3913777583182423	0	0	0	0
-0.04853222664272039	0	0	0	0
0.16810730013725106	0	0	0	0
-0.7095562771511865	0	0	0	0
0.9353174608642689	0	0	0	0
-0.5367748783473942	0	0	0	0
0.5536661893483554	0	0	0	0
-0.7816286096688714	0	0	0	0
0.908254455823247	0	0	0	0
-1.2005886109086248	0	0	0	0
1.262193303517293	0	0	0	0
-1.1822076590359885	0	0	0	0
1.124580559846926	0	0	0	0
-0.7902095504855993	0	0	0	0
0.162927481925216	0	0	0	0
-0.5213007115551349	0	0	0	0
1.0157517744412914	0	0	0	0
-0.19123888642383946	0	0	0	0
-1.0084904158548653	0	0	0	0
0.6819648681982571	0	0	0	0
0.08455945543965981	0	0	0	0
0.34887480303138574	0	0	0	0
-1.0137632564904067	0	0	0	0
0.8851076450928232	0	0	0	0
-0.5869491668320777	0	0	0	0
0.31460992809341093	0	0	0	0
-0.06186715067497772	0	0	0	0
0.2362132423930987	0	0	0	0
-1.3861240198822529	0	0	0	0
1.7740922082405248	0	0	0	0
-1.1987710975865369	0	0	0	0
0.6966213496674527	0	0	0	0
-0.4188676234392972	0	0	0	0
-0.1215510944477387	0	0	0	0
0.8150553501050481	0	0	0	0
-1.5676938431372207	0	0	0	0
1.7931421368345397	0	0	0	0
-1.733108038196285	0	0	0	0
1.5769589937364827	0	0	0	0
-0.9742575072123714	0	0	0	0
0.323064431869561	0	0	0	0
-0.07513802134000969	0	0	0	0
-0.06735503769439077	0	0	0	0
0.5073305248296691	0	0	0	0
