0.10241146004128154	1.1015644691226782	-9.076321874106625	0.517027529522565	17015.965242344828
-0.10001870054718864	2.4250140081398825	-28.435848213772587	3.326211849854843	17016.475183182098
-1.0890001250542767	-3.241939270954191	15.421019065852263	16.730985790041274	17020.442010772742
1.468951136153656	5.493177723448632	14.328255480733603	-24.297692626596316	17013.890518051307
-1.54771653897798	-1.3181125652639523	-5.447120881874099	5.808293021235642	17032.358668388144
3.114937045806748	0.5523500655849674	7.633065939143265	8.413234773685474	16964.144997627198
-4.052838283786137	0.38531670832338705	1.6503326338873165	5.582615713783596	16793.891654098035
1.92560505079134	-11.285705013565256	-13.038910462279077	3.175340494261988	16596.839829027937
0.11290810239316329	-1.0215213376724464	8.332916049245526	6.2813401882602875	16476.770434283353
-1.3219496925973502	4.861850700119852	6.905383579019471	-14.082059121332065	16350.341296282817
2.6906005276152456	-4.738878127226776	-3.0718165811910723	0.49685571999887657	16226.93706635551
-2.792638875403753	0.7874275093927565	6.70784833996332	-0.5121829659276642	16136.809380193698
0.8176920281342532	-4.701721553248696	-14.429436243976141	1.7775429082826406	16064.841629642879
1.1791591924663507	7.952189157628666	-5.402038498406895	-20.132910977325437	16082.358064028536
-2.308847232641561	2.237966219709641	3.433689727042932	4.29036964769098	16072.25277310204
1.7158138493390709	6.304470534476472	3.911548991591289	21.19662203680093	16048.509137239447
0.3355897584583758	4.270550357948387	-6.764491335386907	-5.212904876958646	16127.120992680679
-1.4010406311554462	1.1385797390045767	1.9582806468503406	3.872031687786418	16156.503329257901
0.6274681164704248	-2.423950708493315	2.512502615953764	-14.399600204583322	16202.674439686742
0.6304740665652986	1.2528153337798784	3.439877493448165	-3.114914985775769	16239.257883782158
-1.1703936180625547	2.35598664225995	7.398223872764277	4.16906779926758	16366.662086853095
0.33703682848548766	0.8906546009968466	10.861929870726797	33.179833431240525	16424.039536947297
-0.30443547307211105	-2.631419770923479	-9.209058328764641	-16.925980719262867	16456.446784618423
1.64550433837789	0.03388419673586185	15.506416169907453	25.75682681833152	16505.05476706623
-1.4473973393410589	-4.123994977767147	-13.802777936884013	2.877152586827549	16540.606176856338
0.08536764546309428	5.919138251932893	-4.270198208946084	-5.560651889347199	16572.629964749638
0.5310445595050908	4.420391919726853	-14.146183668735347	-12.269324375168608	16613.922269633284
-1.6641894513805937	-2.452161967722091	-10.653142788220848	28.68426394553265	16615.0162173279
2.8027697136533476	-2.329020254495518	11.873625779763131	-5.563019777951482	16648.538232278792
-2.241145090039552	-4.796708870745313	-7.957300710812731	-32.17715739511	16716.66730133744
0.6069011161267781	-1.6722063105517293	-4.117765975081042	25.524499466172927	16800.202883480986
-0.5100937978861637	-3.1555992141067577	-10.567564249372666	-27.03532158813023	16725.59713547466
0.2570006466490895	3.2580629214627947	-18.141046011156888	5.912752937950515	16820.334329737376
-0.09929846997386704	2.4924912381963367	7.800725558548365	11.508139881025755	16834.062640712367
0.15937814568700048	-5.709468073552834	-2.941609306718206	-9.77611529927563	16794.146984488467
-0.7607930303382631	1.9039097908642972	10.41435611439752	2.4599288050222583	16832.99929357708
0.8243520467418861	-0.4971052227349233	3.596610686865475	4.760942659294358	16888.295869327198
0.08798984226470452	2.1672674130531604	4.312853488678272	-14.330157491844346	16879.012924777202
-1.1825915024350593	-3.644826591094372	-7.142770017536847	0	0
2.0325268249411366	0.9830074478301825	-4.503720916640603	0	0
-2.084887536546262	0.03618699092547217	12.664833943188285	0	0
-0.003238949483012732	-8.36843148844428	-10.299021962036235	0	0
2.5786253331967046	7.827368799812454	-23.043841630271643	0	0
-2.923113583819628	5.430921048249054	-0.7613240630498552	0	0
2.053000547707576	0.436186464770671	0.23955825098333605	0	0
-1.6765563213459558	-2.9798960304364073	-8.617788690191787	0	0
0.5912327277852896	1.843193128750059	2.466607874320715	0	0
1.7282509386786131	-1.151946899344388	-19.10563380703701	0	0
-2.3186795804505635	-3.3583584770509702	-2.1195966185950823	0	0
0.9802601152493082	-5.350620172420449	4.145982822279805	0	0
0.12599524385856142	-8.618494399078273	-8.842484656001133	0	0
-1.0848013490971127	2.9941716766292146	13.764782313097214	0	0
1.6093208557967458	-3.3378482380076093	-5.276043838004412	0	0
-1.3609182973724785	2.3564243867165757	3.0407644676716217	0	0
1.225852352832682	3.883992999887731	7.045832747996954	0	0
-2.400340970463141	3.486303943415095	-0.6569423478769068	0	0
3.5193701185606443	-4.42191442503713	10.974043461416258	0	0
-3.6576317798845253	-2.8351339507309277	26.773000664102852	0	0
3.512615278731971	-2.04934706682662	-19.078450680068045	0	0
-3.2188525261410064	1.6583194190449007	9.55036900414217	0	0
1.8703745486651542	7.740718139376085	5.853481727820423	0	0
-0.9791838872305192	-2.956950963886513	-5.702491209530308	0	0
0.8273075101525933	-1.0404117283563892	-2.9780050008583316	0	0
-1.0408840312061685	1.1803220350277854	3.936656464199544	0	0
0.8913336992702483	-1.318200897263857	-6.286397962397231	0	0
0.44353452309215413	5.933261621493081	8.07893995718176	0	0
-1.8325095524429713	-0.20205160047851933	-2.3731778993659844	0	0
2.8434175281251868	-3.401301983667814	1.0589544270234086	0	0
-2.5215713240677147	-2.7897987355057623	-7.05683562617439	0	0
1.1303276518632615	-5.725585151970741	6.789842069110918	0	0
0.07428789010661063	-2.6805193083449126	0	0	0
-0.3607254013483754	-0.947214245833166	0	0	0
0.450065449768438	10.99222573833795	0	0	0
0.10980032701856146	0.38605132076477133	0	0	0
-1.6768102098030369	3.3430358384629386	0	0	0
2.5164359126393947	-4.352952393984424	0	0	0
-1.5279358123307532	-0.7773402049799927	0	0	0
1.5943129957627633	0.29129100155329724	0	0	0
-2.293833779635399	6.697282675339501	0	0	0
2.7318482845660625	-4.37519647538727	0	0	0
-4.019571563590212	8.486755288353237	0	0	0
5.307057045078174	-6.026420254362137	0	0	0
-4.74446853110355	1.9924158075277703	0	0	0
1.6425300489605377	-16.45212237686583	0	0	0
2.0984594377375103	-2.408940689878385	0	0	0
-4.197963112750031	-0.8283811156390115	0	0	0
4.79547076416101	5.308382235128327	0	0	0
-5.203010008348549	-1.7123968527921534	0	0	0
3.7984966182413586	6.665608450157471	0	0	0
-1.2879822852814442	-3.0246420359582444	0	0	0
0.33532648560783684	3.2172925648693464	0	0	0
0.6008282944352104	3.7384823831318243	0	0	0
-1.0657437801454464	4.782610493347249	0	0	0
-0.5091357056173536	-1.5083152125823815	0	0	0
2.3998186744237415	7.566367970378799	0	0	0
-1.9983317485021033	-1.4636890097138746	0	0	0
0.5840257398909898	0.7386800309694124	0	0	0
-0.003046928932370463	5.963313318665108	0	0	0
-0.31082399025660123	3.1717376101109807	0	0	0
2.097478454614084	4.073150286199365	0	0	0
-2.443436068690211	-3.4445736989672113	0	0	0
0.3717155068303626	-2.9092021889160904	0	0	0
1.3962019086023147	-12.055180609934084	0	0	0
-0.7537212268651601	4.899043186033985	0	0	0
0.39016050856653095	-3.034457343960348	0	0	0
-0.35323012113393304	-6.8314474204595825	0	0	0
-0.6440300564349357	1.4239914961618112	0	0	0
0.5103558442298208	3.4634020408473063	0	0	0
0.4799120189349111	-6.711107925414176	0	0	0
-0.6697142089866972	7.887979197146379	0	0	0
0.30803222302651534	-7.032121595126263	0	0	0
0.9981789350568491	12.586384610310908	0	0	0
-2.531698451556778	-3.9376833919444536	0	0	0
3.926397229210224	-5.159583927556525	0	0	0
-4.193595778628449	2.3430696218303524	0	0	0
4.1546005543855955	8.397687110178623	0	0	0
-4.234226968963483	-6.589411992860434	0	0	0
2.76652683394628	12.086472290872472	0	0	0
0.7420219157930461	-9.977773565698818	0	0	0
-2.307463295270992	3.3964189831979326	0	0	0
2.016300270416181	0.24754068913991745	0	0	0
-2.621130762498794	-6.35055886250143	0	0	0
3.468249452685349	4.908300690087643	0	0	0
-1.7601507608509195	-3.637802023165726	0	0	0
0.09793982358582554	3.9327790166527947	0	0	0
-0.04252259736326636	-2.2699072983792945	0	0	0
0.031048499885450553	4.291291159933003	0	0	0
-0.23267681674062146	-7.966879008981174	0	0	0
1.8177168799631147	-0.0327415723208091	0	0	0
-3.7683461247761514	2.1249986643336385	0	0	0
4.564993112765137	-2.676014960878092	0	0	0
-4.2151129188991945	3.4528934775843325	0	0	0
3.700016000938362	5.354896916581083	0	0	0
-2.5111351791991794	0	0	0	0
1.133519739259924	0	0	0	0
-1.6907187500583376	0	0	0	0
2.7133043740229468	0	0	0	0
-2.2424635310607925	0	0	0	0
1.506866380193621	0	0	0	0
-1.4738249876769771	0	0	0	0
1.050276382512159	0	0	0	0
-0.21542745373191252	0	0	0	0
0.7145342324943229	0	0	0	0
-2.0705993261470965	0	0	0	0
1.652820497910838	0	0	0	0
-0.6325910597992745	0	0	0	0
0.6993380766703581	0	0	0	0
-0.7663373703502856	0	0	0	0
-0.05863759758086928	0	0	0	0
0.10298819685775129	0	0	0	0
0.6979438678721337	0	0	0	0
-0.3159222092039897	0	0	0	0
-0.10817975098170507	0	0	0	0
-0.08819673705654907	0	0	0	0
0.26853684600101957	0	0	0	0
-0.6855372346094626	0	0	0	0
-0.011052998871349473	0	0	0	0
1.1544342131576144	0	0	0	0
-1.278624041349616	0	0	0	0
1.5450448618435786	0	0	0	0
-2.515716562478154	0	0	0	0
1.2533424498549763	0	0	0	0
1.8776572980883302	0	0	0	0
-2.7160479924641834	0	0	0	0
0.9775140188125135	0	0	0	0
0.919843694857633	0	0	0	0
-2.1054014229295035	0	0	0	0
2.581115950455356	0	0	0	0
-3.102563673476645	0	0	0	0
2.6754545266248115	0	0	0	0
-0.49627440424715985	0	0	0	0
-2.20666866736579	0	0	0	0
2.8613241215719967	0	0	0	0
-3.246451828257591	0	0	0	0
4.585189841874133	0	0	0	0
-4.7879967760728235	0	0	0	0
4.190461788961365	0	0	0	0
-4.002591143296414	0	0	0	0
4.368047387455732	0	0	0	0
-3.512290385211095	0	0	0	0
1.7266607515312131	0	0	0	0
-1.3482961554429664	0	0	0	0
1.6514948425786784	0	0	0	0
-0.2412839889156686	0	0	0	0
-1.741436742057921	0	0	0	0
2.16996294918426	0	0	0	0
-1.9485904186963836	0	0	0	0
2.186882627568714	0	0	0	0
-2.459650872002669	0	0	0	0
3.5945148824783217	0	0	0	0
-5.221156977823263	0	0	0	0
5.505598609839083	0	0	0	0
-4.861409550680669	0	0	0	0
3.9619886142094742	0	0	0	0
-2.575035682471757	0	0	0	0
1.2139811629933916	0	0	0	0
-0.0831660896672588	0	0	0	0
-0.06792280935548689	0	0	0	0
0.01619646680661191	0	0	0	0
-0.3855168232341555	0	0	0	0
0.8276142000899682	0	0	0	0
-0.37772579658826544	0	0	0	0
-1.57437888138044	0	0	0	0
3.4199587572050376	0	0	0	0
-3.615967190348549	0	0	0	0
1.4580634540301958	0	0	0	0
1.1253772690016604	0	0	0	0
-2.526120659638515	0	0	0	0
3.0041687896713967	0	0	0	0
-2.516794170214645	0	0	0	0
0.7823602222950043	0	0	0	0
-0.025597511872838652	0	0	0	0
0.3934966275850158	0	0	0	0
0.25188856205942756	0	0	0	0
-2.1762623836822925	0	0	0	0
3.1928136234919933	0	0	0	0
-1.8012200721673253	0	0	0	0
1.058106490271129	0	0	0	0
-2.5822784697798156	0	0	0	0
2.906900394635038	0	0	0	0
-1.1161874475549425	0	0	0	0
0.9949364851408191	0	0	0	0
-2.1264767706352217	0	0	0	0
1.4259549609990572	0	0	0	0
-1.3537457626280158	0	0	0	0
2.373842654734844	0	0	0	0
-2.7470235108482655	0	0	0	0
2.513934294287772	0	0	0	0
-1.3550975902725568	0	0	0	0
0.34295173305464033	0	0	0	0
-1.2059682829610168	0	0	0	0
2.0774794781274224	0	0	0	0
-0.5493245368097632	0	0	0	0
-1.6431478686184633	0	0	0	0
1.5825253816900968	0	0	0	0
0.237157261346141	0	0	0	0
-1.2899718052349414	0	0	0	0
0.5145358522153458	0	0	0	0
0.6018881652482477	0	0	0	0
-0.8188843065109808	0	0	0	0
0.2274316399724441	0	0	0	0
0.24350006486831433	0	0	0	0
0.09755094536110676	0	0	0	0
-0.777624932343528	0	0	0	0
1.2006968306624586	0	0	0	0
-1.072281830329537	0	0	0	0
1.328120567706776	0	0	0	0
-2.0253006154772564	0	0	0	0
1.1998636431413274	0	0	0	0
0.19321964156983285	0	0	0	0
-0.12193256003352815	0	0	0	0
-0.7460539680344453	0	0	0	0
0.7248872778516073	0	0	0	0
0.2001399797179957	0	0	0	0
-0.7236951675965386	0	0	0	0
0.5095047851739167	0	0	0	0
-0.02620927001274964	0	0	0	0
-0.15015240851138856	0	0	0	0
0.36119469890016376	0	0	0	0
