0.4040331943261819	-4.957673717938924	-3.7874988215864676	0.7950113542508461	16627.953583324732
0.35632664760208854	-16.315965109989136	-11.375881585228868	2.800960397105314	16626.647250309547
-5.958527448623009	2.4187905778209497	7.084236498383689	-12.47406183167368	16626.096682092302
6.335933006718172	21.20234249099849	38.09259877206868	27.29615094862602	16631.3796722262
-1.987354989259586	-0.4517305856742979	-41.68854749908799	-11.702789154889558	16607.722459096418
-0.7851331932436949	0.804246681487669	2.960908591103035	15.330571670836406	16692.89938364416
0.8176641472964334	-15.721425183094986	-4.123552184705801	-42.18375154659935	16757.69446374459
-1.7442261724060444	13.18206075831501	16.408971238027632	3.789563389541783	16735.120002437365
2.0385825982344485	0.32434520055461036	1.3965130873514084	5.736572881579875	16851.803347191544
-1.060652332493504	-11.941713632599857	-9.339020733520826	39.69519163948078	16945.96072060022
-1.0175774420594692	-6.871896643837367	-10.103570046464355	1.2651540095646965	16992.827464406033
4.112951422787518	11.74005801422733	-15.876676515461611	13.656131203938173	16972.3685074873
-3.887270148294334	5.973158221118972	-0.1565714019528457	-17.053583087927365	16931.26283797905
-0.8424696658584452	-10.075388905012765	3.6683444342254035	31.071047720671558	16935.876134912847
5.4956506758828	-5.233883271780755	17.102326910729076	11.321318749330587	16983.705605265375
-6.9800264539591765	11.437009611998626	24.51555782608041	6.4292913216526415	16964.622384904393
6.54383276065424	-1.0177341460810183	-3.2991606634157478	-1.3089782469691755	16975.317514894887
-4.870421834145198	1.5695264862285185	16.924101913227176	12.910199493239944	16951.269393704508
2.2938858567704656	-8.832421690875577	-12.398867690065416	-8.132959446333501	16894.537114926658
-0.29627062852762975	0.4809569293813851	24.630439127325985	7.053090555759127	16940.751822121685
0.16671712165325658	8.163310320844943	2.485351739444212	12.688352843445344	16923.422065827348
-1.2664553425541882	8.838202510988928	-6.324829416737842	-5.615203425782383	16873.040415032276
2.9405624995523496	-9.04095229113181	2.4878880491396558	-20.66182690742292	16923.464672285278
-4.992711516032365	-13.759128042416187	-14.37427461593478	9.232536141282466	16887.672153352636
5.956242403728417	-1.9626469950754242	9.833439803788721	-23.433695666581983	16884.35570019875
-4.765006989716902	-1.5582380993487845	-5.05046467320399	-14.339213328792212	16843.00980621225
2.8648143152685392	-12.156857840587882	10.553169599907662	-48.507730903338185	16858.987102465206
-2.156944163044443	9.278033589641282	9.105631948704143	-29.43985995557358	16838.745591935738
2.2807263871852257	-10.495600364949624	-17.546591480110223	5.405498674707587	16840.17807764297
-2.747203844496312	-9.487510810605727	7.478287010812906	10.493721650456479	16828.5671885027
2.214707665698775	-11.219192542330745	-7.019804086126342	-2.294761278557317	16827.424806170955
-1.1499555699924215	-7.186270992788685	-17.64874879217217	19.887065146207533	16751.330826823778
1.8235481845560955	3.824531602984628	14.032356757232222	-7.559416867986741	16798.575754163117
-4.1359697896402	3.3442204322693314	-17.814605003913755	7.249226945239656	16859.839070295937
5.915646759496582	-15.497999488788572	25.705057839462214	10.432043713964987	16899.55751860544
-4.207902141245256	0.6361848295921178	-8.667323888857197	-5.352055849174278	16798.069203689152
1.4509427098466432	7.96797400689826	-0.6400963513653579	-8.839201450626888	16816.203088100396
-0.9790160042037286	3.925256982373476	-19.695177316912634	-0.8542509232413238	16860.9817818014
1.5641519054571376	-0.5229831691375608	-19.94328671773509	0	0
-1.741266894874407	-9.85561590554763	-36.558081999395924	0	0
2.8203394662592913	0.2593244625396878	27.794608183403454	0	0
-5.231506038409435	-13.97023923338444	-5.38086668805127	0	0
6.730205328602132	4.999301941999157	-9.400647905382016	0	0
-6.384510576649802	-4.75982110070899	25.654195580058072	0	0
4.229962898012907	10.044512712299529	-10.068580848210118	0	0
-1.81035941483605	10.437941517795672	5.115226698216048	0	0
0.15180256073062282	9.128800187404018	8.3956202794255	0	0
-0.5220198863215515	-5.261100303465163	-4.691679842186645	0	0
2.299440480407931	-1.6940712028724292	-5.986014243666077	0	0
-2.365304602229088	2.733193221865534	-11.056711050487806	0	0
0.24665393143806114	5.518849730858037	1.6180167720008	0	0
-0.5484727671233784	5.768469310938812	16.91210337574161	0	0
3.573275280762914	5.6937716898263915	-6.2672754519703915	0	0
-4.342212536415957	-2.808179750011078	-5.310686919030502	0	0
2.4177397460704455	-4.714114223960074	-6.732799868629456	0	0
-0.856067223953275	-1.0001199031510524	-1.0654177442159494	0	0
-1.1206482424282882	-16.711430962471425	-25.969038637622234	0	0
3.8737683650221726	0.09197406465171554	6.637600638638162	0	0
-6.655639631900826	1.2298419347306933	-11.990182088431055	0	0
7.816407958799672	-7.319563214602027	14.187720964299501	0	0
-7.439718376980579	0.3306714903566359	1.7718294624450976	0	0
7.899567811743367	-5.7516310721756625	1.2087969720747083	0	0
-7.395975786766044	5.50888289908071	-9.738279121743602	0	0
4.803628920751194	0.43638943671946606	-15.719399629651065	0	0
-1.8872277612983197	3.131570215175607	-21.73398820485714	0	0
0.3754282668335023	-10.686147128166816	5.405614614879596	0	0
-1.4794392928596736	2.6086971725813157	-3.9628213697275783	0	0
3.700112057843924	4.636004721375471	2.572871916757549	0	0
-4.602996362740896	-3.3098827027694284	0.5996861621295864	0	0
4.759749609975927	0.403660832613717	28.100053446044768	0	0
-4.088017738778049	-4.922086866589879	0	0	0
1.0603484682926663	-3.988796343871037	0	0	0
1.9652152093492319	8.414659051093963	0	0	0
-2.983811226755762	-3.8997643742099086	0	0	0
3.2609793562142073	3.8425884628102125	0	0	0
-3.133967346855904	12.766950463639809	0	0	0
1.24973084772828	-26.931248052229698	0	0	0
0.8849684012295	13.19731189192462	0	0	0
-1.224650070455489	2.4353308549787798	0	0	0
1.2720086633092649	-10.352555056776922	0	0	0
-1.8929734093469648	1.8375499647311386	0	0	0
2.9643505427727916	-7.4146076246162735	0	0	0
-2.8172758920069754	-5.12775080782437	0	0	0
2.9443121689286045	0.16171584314567866	0	0	0
-4.82986289476559	-7.624576196756799	0	0	0
5.9180505462044195	-5.037379580003567	0	0	0
-5.4051274140907495	0.7157751844991438	0	0	0
4.323500051146198	-8.070560004659889	0	0	0
-2.8820940407565487	-0.7821024177530802	0	0	0
0.7626914406746437	0.8823219169738934	0	0	0
1.6783726058686312	12.59507323093547	0	0	0
-3.383856016693187	-3.3693658470104637	0	0	0
3.271186621039739	-7.471979208944276	0	0	0
-1.6827477803397102	9.72641663212977	0	0	0
0.12654872701526898	-1.3028931998676896	0	0	0
0.512083748327818	-9.196304013918422	0	0	0
-0.602914601824402	8.461189227744548	0	0	0
1.1948824888842893	-2.9974120083775446	0	0	0
-1.7664385552836777	10.792091245995017	0	0	0
0.8332486064520594	9.568836822793052	0	0	0
1.183312379378414	2.470601402260016	0	0	0
-2.0558759935488737	-17.487705257787866	0	0	0
2.7269950757863555	3.524296897050071	0	0	0
-3.2580763110920046	-3.675133050087908	0	0	0
2.7975605482586587	0.01342096370186141	0	0	0
-2.7220853785838983	7.349518018174045	0	0	0
2.7760843509249327	1.017553120856327	0	0	0
-2.7790629986875146	-3.929309058890489	0	0	0
3.2845226802411815	-2.4104291949318437	0	0	0
-3.240431764789818	-4.8667365751983525	0	0	0
1.4229758541516375	8.31030703148798	0	0	0
1.190446801732989	-0.792951193942983	0	0	0
-1.79316639366278	-4.212518125360958	0	0	0
-0.1542145449994763	7.700462548035588	0	0	0
3.5398894333335704	-8.404808826764231	0	0	0
-5.665469346601185	-7.633499047361461	0	0	0
6.002145845949599	12.621017491042942	0	0	0
-6.88899441647893	0.18848410526062054	0	0	0
7.879958333707542	7.071654070399724	0	0	0
-6.499010864957796	-18.0235227364927	0	0	0
3.6718746378631337	-3.3496609591269007	0	0	0
-0.48606815578609286	-4.704400131143267	0	0	0
-1.4962949773271532	-15.049846960994245	0	0	0
2.241661642245191	-11.022256848753557	0	0	0
-2.774254121206397	-0.11885270995752961	0	0	0
2.009827452896779	4.010805203665882	0	0	0
-0.4787077381044824	-13.0274849366035	0	0	0
-0.23684292798483142	-6.7408144891078905	0	0	0
-0.13972912667581028	2.0336644283967757	0	0	0
1.5856373762966456	-8.893395255049107	0	0	0
-1.7215778327866502	11.146161894303809	0	0	0
-0.513189971560557	-4.34396858250048	0	0	0
2.5052473774129993	13.830334635713683	0	0	0
-2.058452456283767	0	0	0	0
0.2877014318841802	0	0	0	0
0.9316661116396361	0	0	0	0
-0.5238250951192924	0	0	0	0
-1.3449684012934497	0	0	0	0
2.591533876339696	0	0	0	0
-0.8799905228742446	0	0	0	0
-3.0336675150959564	0	0	0	0
5.308694978272797	0	0	0	0
-4.670187371424291	0	0	0	0
4.0266687432481305	0	0	0	0
-4.580950659638489	0	0	0	0
3.723080447398594	0	0	0	0
-3.136558353873909	0	0	0	0
4.036814060483351	0	0	0	0
-3.0226759065934132	0	0	0	0
-0.6485107397785725	0	0	0	0
0.4943884561280072	0	0	0	0
4.872416240249805	0	0	0	0
-7.5934131044312	0	0	0	0
5.16235742464405	0	0	0	0
-1.827284722671756	0	0	0	0
-0.7657086976770842	0	0	0	0
1.4051976906635986	0	0	0	0
-0.39348937062623435	0	0	0	0
0.10703881252545955	0	0	0	0
-0.6704340405133848	0	0	0	0
-0.08120450392810596	0	0	0	0
1.3365985433699734	0	0	0	0
-2.2596719117113437	0	0	0	0
2.278397601653907	0	0	0	0
-0.45902499419784704	0	0	0	0
-0.9939398976718365	0	0	0	0
0.9970656438894423	0	0	0	0
-0.8757233898020473	0	0	0	0
0.4515747451145842	0	0	0	0
0.3112497521891129	0	0	0	0
0.42723882599707963	0	0	0	0
-1.3940250476662968	0	0	0	0
1.2974221640073722	0	0	0	0
-0.9227000630096711	0	0	0	0
0.3968819470867544	0	0	0	0
-0.8621034702200419	0	0	0	0
1.0466111835058598	0	0	0	0
0.26394195129410747	0	0	0	0
-0.6108612688159809	0	0	0	0
-0.8056474925582364	0	0	0	0
1.4236873308205276	0	0	0	0
-1.1104649866806113	0	0	0	0
-0.7680827931231136	0	0	0	0
2.3120535718882564	0	0	0	0
-2.1526160433999735	0	0	0	0
-0.10228154317607618	0	0	0	0
3.0483259438654997	0	0	0	0
-3.7981607037983878	0	0	0	0
2.0577281392297238	0	0	0	0
-1.61710195005832	0	0	0	0
1.606506841848649	0	0	0	0
-1.22951509041917	0	0	0	0
-0.2268390837088461	0	0	0	0
1.7562656642612637	0	0	0	0
-1.3266641246618747	0	0	0	0
0.20249770351536256	0	0	0	0
1.3036426096727851	0	0	0	0
-2.3649779135960003	0	0	0	0
2.0605893410368665	0	0	0	0
-1.5004267081527587	0	0	0	0
-0.9733129328722612	0	0	0	0
4.655896906174789	0	0	0	0
-4.634824924620325	0	0	0	0
2.4472419571868116	0	0	0	0
-0.8735267112283012	0	0	0	0
0.0051295547920062745	0	0	0	0
-0.059773403960043936	0	0	0	0
0.6010163684605487	0	0	0	0
-0.7807744698856851	0	0	0	0
-0.417962487822102	0	0	0	0
1.3660515767286938	0	0	0	0
-1.2867771668081787	0	0	0	0
1.1192094981723457	0	0	0	0
-1.1018274514332944	0	0	0	0
1.3364005982264828	0	0	0	0
0.09533040598131493	0	0	0	0
-2.879421461056424	0	0	0	0
3.625599990119248	0	0	0	0
-1.824251584998514	0	0	0	0
1.4845787947319948	0	0	0	0
-1.578303318695994	0	0	0	0
0.9061312492778484	0	0	0	0
-0.4910208740741311	0	0	0	0
0.7818473533042294	0	0	0	0
0.8166846098924196	0	0	0	0
-3.07851946648357	0	0	0	0
4.316689945768289	0	0	0	0
-3.6192421412120908	0	0	0	0
1.7743511296241863	0	0	0	0
-0.767612040275452	0	0	0	0
2.095451398895406	0	0	0	0
-4.230711737301114	0	0	0	0
4.712661039637126	0	0	0	0
-3.061060889496389	0	0	0	0
2.141917896457585	0	0	0	0
-2.6090784919290826	0	0	0	0
1.8111315298709485	0	0	0	0
0.3170496831165508	0	0	0	0
-1.5253245156817101	0	0	0	0
0.864143607108673	0	0	0	0
0.1751617889375794	0	0	0	0
-2.0829308916834606	0	0	0	0
2.796992562243055	0	0	0	0
-1.7206914277944847	0	0	0	0
-0.5438706157715814	0	0	0	0
1.0285979824844773	0	0	0	0
-0.4582728716601423	0	0	0	0
0.69536157052368	0	0	0	0
-0.4927543010823854	0	0	0	0
-2.376210730918949	0	0	0	0
3.3139612863767667	0	0	0	0
0.09382754493856282	0	0	0	0
-3.9265725505388147	0	0	0	0
4.294098917706236	0	0	0	0
-1.6674697357818857	0	0	0	0
-0.0493306382245251	0	0	0	0
-0.07431637826591242	0	0	0	0
0.9466253625147303	0	0	0	0
-0.7056922301069122	0	0	0	0
