0.3281467652633623	-3.1081867771555594	9.221322044212869	-0.38138043284361345	16796.14888401383
0.23939488418277932	-8.543725004593803	29.28702085864775	-2.745137766610668	16796.026679990715
-1.1539094803053516	7.6640352559617355	-10.335370382191428	-19.25137806496538	16790.477458006942
1.3000732579898369	-2.5668161854735203	1.3683407053008239	10.842289853751609	16798.327755537997
-2.773276029477202	7.29562536508255	-4.097906903061414	11.26532127430815	16781.796551265914
4.135492753236818	2.573587226899093	6.334054266704513	4.6165410240176925	16839.698168799256
-3.4111336937565255	4.262222623798536	-9.05898260115967	1.7913273032451684	16972.974133969583
1.9834511111236992	-9.24468057125111	14.446517281018117	30.168766476085892	16986.200434400424
-1.5365572735836892	-5.269554343972523	-9.255460669541733	-30.11970610263276	16933.017542595757
0.6705926851466444	-1.0332359002222944	8.604548767500106	7.2935756182015155	16967.64897885415
0.7309108459287685	4.513383854380336	-11.160798426119968	0.5831660669731207	16998.825713763265
-0.9904215784185268	5.349652832123439	9.345832390195326	12.430052232977303	16934.109272185084
-0.5401925565797825	-6.4688600879730345	-7.4315916856537	-8.49838179533073	16911.69509127779
2.4978196077983696	3.157379790649692	0.869941618820036	-15.519140690495206	16885.628240181453
-3.901738718609309	2.3964568615101385	-0.39431189517011944	5.681832468881922	16910.44881903412
5.03649823559136	-4.6952789994915065	6.7660035560352725	5.464472431345001	16924.04331677578
-5.280607843526198	2.136205758203559	-7.060126753645221	-10.565062254182209	16898.436268958394
3.8864199768501635	-0.5804373249694237	5.317471956477192	-17.5543452650805	16918.627536752185
-2.9850330110061236	-2.9683417781638965	-15.47203957433301	-0.8881351647768554	16920.268546631207
1.9415749650662164	2.5744957071114456	-1.7897699922788206	-3.151069172989665	16868.502634199685
0.2094918800993213	-2.29351019330408	-7.736508640422215	-5.22112116988319	16898.860198408456
-0.5813436048963396	3.5050913508344053	2.456753022685845	-14.209616326718518	16890.415355708134
-1.2554855195157586	-1.209572491697486	-1.0029981447459022	6.98831234582525	16911.650934937843
2.3304939937596103	-2.9310598598313717	0.08164444522424219	18.578339353631364	16913.412978206063
-1.8233361113182198	2.411571616253916	-4.771439746812575	1.4086226570831144	16948.296454176118
0.966817246165526	-12.93025290330592	11.035706820436374	7.731322739385533	16948.58110748793
0.19445864313596672	4.948920225695851	-3.5923948130336782	4.120018436773549	16944.618346888165
-0.7372911015609915	0.6152393481628806	8.68774747356629	-1.4222780669312556	16933.492112388878
0.1403893120906261	-3.0710872064758803	-19.10444902511705	5.408405833575429	16936.37101638731
1.879252684406623	0.09515953808399757	8.579885986116807	0.079614373055648	16931.5429028426
-2.3779230092719317	0.976948050643216	0.8938481582675166	27.72015837089188	16940.227924785002
1.0683226580798149	-4.830215922984948	7.214357459553881	-8.243026666739908	16936.9784102943
0.16445717925486747	3.918860644606191	13.7676773540218	-7.096941851371085	16890.31761092878
-1.4536574553556534	-10.770442558329329	-2.341470381196771	3.6711238606215773	16940.386217701518
2.824431744427187	2.7749142936786484	7.155746408004674	5.287907395961753	16956.264947393393
-3.0891712219012106	12.413036905110822	-5.197566635348707	-2.2143444752629478	16926.510291239967
2.8596538206550974	-1.5764614858638666	4.844621163366966	-5.428957910848368	16928.483590878186
-2.787899439681219	-2.7433994464458493	2.2546155673501573	1.5590316698229145	16955.124782712926
2.341548904612594	-3.768154284152338	-0.576615881428765	0	0
-0.7275859665713398	10.603128506787264	-0.9179599755620274	0	0
-0.4670902312984282	-4.597788077678928	-12.868561100913254	0	0
-0.0802708463696078	-2.391091374720496	15.26642452772819	0	0
0.2152457285817988	4.881032327070379	-20.419017145469496	0	0
0.5039803449765614	-8.067342898259255	6.090029276159072	0	0
-0.8910725639983141	-0.6120177193415017	13.542915552010783	0	0
0.22262164414868124	-2.0625675994080126	-7.924114610161652	0	0
0.6775781717090226	-3.3725969467577244	12.074461238210773	0	0
-1.376744379372525	2.009172423132135	7.779736960742113	0	0
0.7217129769714958	-4.517180080558987	-11.758945282264818	0	0
1.0570608634817447	-1.6157758172471048	15.152035794805542	0	0
-1.9842572740775708	2.0130961455072907	-8.234004300689904	0	0
0.8633233705527203	2.8036018169223738	6.206504540671176	0	0
0.5765991300308215	-3.782562306888458	-9.401851084290598	0	0
-0.47166387098125995	1.1145474009153702	-2.238345610145018	0	0
0.3040607422108863	-3.318434724259852	-6.473326499551547	0	0
-1.21506427995498	-2.4825651344749318	9.954614882597028	0	0
1.6437417295415528	-4.31901316821304	-7.163929630970387	0	0
-1.6930778079701483	3.9678149570764205	-5.666414687509857	0	0
2.160828443912095	-0.777114072018648	1.0254980115140313	0	0
-1.696497615367356	6.150701322974115	-3.4553284952411474	0	0
-0.09587848023348755	-1.365807242585241	2.460696667594391	0	0
1.3163454206177363	7.998908697897043	7.10069015360169	0	0
-0.3805314068626089	0.6554036421760472	2.9331148837086687	0	0
-0.24307895312608707	3.1619972125333504	-7.288923764222659	0	0
-0.9555706578201537	-4.275342128488475	3.914615163704809	0	0
1.7777080504156757	0.9477718148489132	-9.040678362075951	0	0
-1.8121099511678551	0.11503866655020545	3.7765755913236916	0	0
2.4673393556688765	8.1608576249955	-2.427800379896624	0	0
-1.4644128842355713	-3.2799821872492387	8.522852105151173	0	0
-1.4626208771651932	6.429389943656467	-3.817743531161838	0	0
2.875357933591289	6.161032797339317	0	0	0
-1.982631052562958	9.22475016723454	0	0	0
0.911571399664922	-4.449100774819506	0	0	0
-0.3940569239200258	1.2852233409317435	0	0	0
-0.7230706032347456	-1.461057455187543	0	0	0
1.118847812598446	-2.1761493511809107	0	0	0
0.5792866958128471	5.453847432125293	0	0	0
-2.017767507378494	0.9863864080206213	0	0	0
1.7397833430253442	-3.9624248449840636	0	0	0
-0.4803212730679718	6.610973386813853	0	0	0
-1.0487347611480828	0.7323203815257102	0	0	0
2.0207057791722463	-2.034844256405968	0	0	0
-1.0206937326778132	2.9898314072610077	0	0	0
-0.46041486520001484	7.762894750047437	0	0	0
0.17817557793333094	-4.7287656402194145	0	0	0
0.46510295646008615	-3.531475757243264	0	0	0
0.2524030802008781	1.8572369820566124	0	0	0
-1.300822028929474	-1.9348445577354312	0	0	0
1.3768544984621442	4.742093687889941	0	0	0
-0.6866960437728693	3.489030766602511	0	0	0
0.015942026258471742	6.250851308198001	0	0	0
1.123348542075206	-8.073386310625011	0	0	0
-0.7506790976114175	-0.5373020884907973	0	0	0
-0.9063380246654447	-5.659909527556771	0	0	0
1.7782366160941123	14.435886265184067	0	0	0
-1.641426565778886	-4.408216754321806	0	0	0
2.0046699669578203	1.1467482936192965	0	0	0
-1.9868316556909775	2.3639688830403784	0	0	0
1.2240933226692405	3.8634071219667163	0	0	0
-0.900180823388375	-4.202054653219307	0	0	0
1.6230373564605216	1.9662030682208282	0	0	0
-1.2611301621006916	8.296700638296578	0	0	0
-0.07305379068071005	-2.8926999498810346	0	0	0
0.33595412540556424	8.782399379424604	0	0	0
-0.20433189730465529	-5.711259777162134	0	0	0
0.0695486025281653	1.3892753838769565	0	0	0
-0.35860445393561946	-1.2830838490348242	0	0	0
1.6594675184156813	-0.6872753159308971	0	0	0
-3.1136523281112787	-12.983396743663782	0	0	0
3.8456087972256014	6.4966474092308815	0	0	0
-4.173725627391235	1.1851205109983738	0	0	0
3.794967092507086	-2.440782500907879	0	0	0
-3.492934902334646	0.050970555460772005	0	0	0
3.1059612225031685	-0.37921700321094676	0	0	0
-2.2232418855700757	4.675933986035318	0	0	0
1.3288963408326993	-4.916149791702992	0	0	0
0.16829735652409283	-6.623602353440802	0	0	0
-1.5086225304745895	-6.562205442496335	0	0	0
1.1709322139352878	-11.533274546523252	0	0	0
-0.7697475376966736	19.37846305755985	0	0	0
1.5475821048775416	-4.48680373824061	0	0	0
-1.7807377881829964	6.267635519217421	0	0	0
0.7688529328489793	-8.303069009667261	0	0	0
-0.5418181111815201	1.8534196202933018	0	0	0
1.764493042269919	-0.6215355663421889	0	0	0
-2.4100733554452205	-6.6055140521856615	0	0	0
1.372634928623107	-5.545267350611759	0	0	0
-0.6380863076425953	7.442250851590778	0	0	0
1.0170389525940422	-10.130790961180523	0	0	0
-0.3717385383788141	6.883379603725054	0	0	0
-1.0893913913350772	-5.997765332376325	0	0	0
0.7425362222023466	9.67610018386619	0	0	0
0.12590126657514134	-8.29295151214258	0	0	0
-0.48279594664040815	0	0	0	0
-0.12994374663077934	0	0	0	0
0.8475178313130485	0	0	0	0
-1.6357092242160576	0	0	0	0
1.770711556491399	0	0	0	0
-1.4988894983567107	0	0	0	0
0.46567279363571146	0	0	0	0
0.4898222768029896	0	0	0	0
-1.5482560475434397	0	0	0	0
1.5820544876458982	0	0	0	0
-0.2731735746775428	0	0	0	0
-0.7321305094379298	0	0	0	0
0.7126687094470299	0	0	0	0
-0.6257669393169678	0	0	0	0
0.9158345991947598	0	0	0	0
-0.8369049221149396	0	0	0	0
-0.062459966088503904	0	0	0	0
0.7709651708101362	0	0	0	0
-1.4406567828145285	0	0	0	0
2.4411393565364676	0	0	0	0
-3.049231408570158	0	0	0	0
2.364329771612475	0	0	0	0
-1.6217826379305365	0	0	0	0
1.6500851264602758	0	0	0	0
-1.7106000581895273	0	0	0	0
1.5075131148643663	0	0	0	0
-1.5890413090498825	0	0	0	0
0.8613638461295992	0	0	0	0
0.38715910051482894	0	0	0	0
-0.7120503819469164	0	0	0	0
0.8321010170101388	0	0	0	0
-0.93845539835079	0	0	0	0
-0.3873368844260483	0	0	0	0
1.0811138069574042	0	0	0	0
-0.49335164700777057	0	0	0	0
-0.6300780069152196	0	0	0	0
1.3460468049230627	0	0	0	0
-1.3345848407186267	0	0	0	0
0.6679362634220851	0	0	0	0
-0.514674407320669	0	0	0	0
0.26012557796058644	0	0	0	0
-0.43751066327023125	0	0	0	0
0.7133388309533899	0	0	0	0
-0.22429746004708306	0	0	0	0
-0.010427330181109085	0	0	0	0
0.44078304411489455	0	0	0	0
-2.136756215070072	0	0	0	0
3.5121858837779456	0	0	0	0
-2.285912016886506	0	0	0	0
1.2949999176314577	0	0	0	0
-1.3028028912235854	0	0	0	0
0.2923829841413905	0	0	0	0
0.7343020978046155	0	0	0	0
0.7895811958788173	0	0	0	0
-3.3601498065145634	0	0	0	0
3.318106285657656	0	0	0	0
-0.9134041380596969	0	0	0	0
-1.156237999804155	0	0	0	0
1.8336446700966533	0	0	0	0
-2.0001478444405194	0	0	0	0
1.280762933543933	0	0	0	0
0.7329906581191636	0	0	0	0
-1.745963752980522	0	0	0	0
1.423533487550209	0	0	0	0
-0.9875125223724126	0	0	0	0
0.1581299937143399	0	0	0	0
0.02982042267985463	0	0	0	0
1.4846558595266615	0	0	0	0
-3.7651771498786744	0	0	0	0
3.9549509930846156	0	0	0	0
-2.961226237387123	0	0	0	0
3.1353842775958682	0	0	0	0
-3.5512593364105456	0	0	0	0
2.336060616974656	0	0	0	0
-0.26940367138750787	0	0	0	0
-0.478131364891226	0	0	0	0
0.09287407699149242	0	0	0	0
0.3712010174772544	0	0	0	0
-0.9702110500627299	0	0	0	0
1.1787628066498073	0	0	0	0
0.15049611455885525	0	0	0	0
-2.550234150463936	0	0	0	0
4.221355931007523	0	0	0	0
-4.744413196459945	0	0	0	0
3.9152020006065413	0	0	0	0
-1.9042656002954317	0	0	0	0
1.136888689504012	0	0	0	0
-1.1510883854134093	0	0	0	0
-0.0126381988986779	0	0	0	0
1.537589641760654	0	0	0	0
-1.2794729043233133	0	0	0	0
0.5151417399930693	0	0	0	0
-1.659483370483315	0	0	0	0
2.8793267097281046	0	0	0	0
-3.6157914660700996	0	0	0	0
3.8967644300433975	0	0	0	0
-3.229224298814138	0	0	0	0
1.7189811165113085	0	0	0	0
-1.0239228682052257	0	0	0	0
1.5342396402671525	0	0	0	0
-0.8687524244788136	0	0	0	0
-2.1545927452950977	0	0	0	0
3.504722178893232	0	0	0	0
-1.7018134679134036	0	0	0	0
-0.4314132205885244	0	0	0	0
0.7925564062704424	0	0	0	0
-1.3653264716275118	0	0	0	0
2.1894648940902286	0	0	0	0
-2.3002142467582303	0	0	0	0
1.6867847656320478	0	0	0	0
-1.1823068658844704	0	0	0	0
0.9779030204828487	0	0	0	0
-2.506555184195136	0	0	0	0
4.279062238185311	0	0	0	0
-4.039101420079568	0	0	0	0
2.906026618789646	0	0	0	0
-2.189175807642293	0	0	0	0
1.2810934214261067	0	0	0	0
-0.6292259959175865	0	0	0	0
1.8548828598308518	0	0	0	0
-3.556375796504497	0	0	0	0
2.122923849587906	0	0	0	0
-0.542631002266937	0	0	0	0
-0.28948439224262756	0	0	0	0
0.0570708452944757	0	0	0	0
-0.4284248738996794	0	0	0	0
