-0.2439622173183622	0.5287940606979618	-11.191834573936376	0.8839076497170879	16815.039570742447
0.4214217297847114	-0.00919611209286586	-35.10329897725886	5.6850952188134585	16818.517240892368
-0.1492566638587718	-7.853349735737034	21.945273654467357	44.21843005555435	16823.966450592936
1.1581507410166054	-5.939820886865839	-27.264037816592534	-26.11070349984388	16810.338262528097
-2.9841788414206647	9.887095504075923	5.814397462722923	9.492936384596348	16854.44750696732
2.1248113426253	4.745098207454511	6.797049404194922	13.496572038511971	16695.34786663179
0.3410958195824776	-0.4031540902881474	-22.027653348160356	-145.0805368217075	16769.4045555761
-0.863130451562995	1.1377459646423915	36.962494283668235	91.04589203785629	16808.10365870811
1.6828067947625485	-9.398429949427587	-26.709410722085522	-487.2756423186773	16626.492108886872
-4.417114001357483	-1.4700437170921603	57.537021453914974	187.5402211642341	16459.59611520735
5.225846495417599	-0.5217852842324788	13.92643772569059	-43.45319681918647	16165.234442504596
-4.536912065829284	-9.144551669811612	-6.542492136435982	-5.6680910560000655	15298.042195142756
5.493665207827327	2.0574735457386737	-33.35065194315615	-0.138467855365505	15481.851726975594
-4.748115928836128	-24.16113587457844	21.62186530663584	10.823864122184716	15660.41789402979
1.1321654929353642	7.568116396366712	125.67954824585694	7.506381235333819	15903.758794856532
2.3248982535862694	3.7542622419074547	-16.06336366849716	-6.1317068406435595	16104.457821477059
-4.2404573520997175	-10.323785917099784	-5.388292556524576	10.04595365401714	16387.551826513918
4.881675686159554	15.511370376033497	5.1699595957391296	-23.833056714630757	16599.66355047999
-4.110118005487202	16.14143896405843	-0.3370041901111591	-28.395606418302577	16755.71699977649
1.079467813551247	-16.49101467729154	0.7704646905601606	3.885848745357876	16873.346108585083
0.32792893527269484	-5.022021166986612	-1.743053740902667	-8.909608804021445	17012.581464925504
1.3777613751331472	0.13009261281989382	5.844423275747175	-10.46616774743299	17090.39176468001
-0.25098683425714796	-4.71887681575317	-0.7599898345045233	2.0706096696238205	17174.73038215412
-1.9278206366134043	14.21649050233102	7.663725100800264	-4.7857597917612225	17224.00859775512
-0.7663336553792419	-108.23228453495057	1.9753595327339184	14.401078170069496	17181.34549828642
4.020659418987556	98.11458660395775	-11.787900458646206	32.7163293483504	17208.181045649464
-4.411252744100729	-24.10933609478993	6.954743529825805	17.89068672614269	17180.039165410464
4.115161797042795	-5.05478209324427	-7.917299648276497	-51.07757118355542	17032.89546393516
-3.953669859586043	-0.05589210619312723	13.408904795113997	43.799003333605796	17113.85512383515
5.559442827057396	-4.517599336488004	-0.9223756810059456	7.741065966726296	17092.24861618131
-9.085432582304328	0.813095166247038	-9.616488109011343	10.770827743666288	17152.530937610736
7.257541432622439	2.467649083750082	-12.669711272838882	7.650363838944912	17098.20671242978
-1.2257672233822632	2.3970183495060766	-3.4280639160412107	9.993942327177322	17045.075473732013
-1.6615168588285272	0.41147332740112574	-1.5272427346620816	-266.14603958772153	17051.81498350405
3.223429838201085	0.4967033855099814	-1.030196371642603	-125.51193047623158	17215.157558878946
-4.391447861358628	-5.122722448991986	-13.20961516512071	-5.655767108218782	16901.410184657667
3.873979694545042	2.908884790912211	0.7969858113179811	246.8466592451708	18678.212343788087
-1.5710143123753824	1.0681498245028749	-8.831782564994597	173.8545586589721	18899.532368888562
-0.687289225980301	4.291629855748596	-6.295081348363794	0	0
2.0070056147338704	-5.580414269788378	-13.270780324289262	0	0
-1.344068128347402	-7.188268660074776	0.027689410728513053	0	0
-0.1800725403122172	-8.930187310298344	2.548622023903107	0	0
-0.34823320179535244	0.8402683500173254	13.181288299336927	0	0
2.8863418142369426	2.7338308142929506	12.433585715927904	0	0
-0.43049328933848585	3.7181181691736427	-10.688824452149476	0	0
3.1928205976311688	-5.268263270562926	26.40154093676709	0	0
-22.944583352330305	4.115654255890398	-45.30045044589373	0	0
31.025998229162425	-9.059236826757164	36.33285501091049	0	0
-15.228808916942597	-0.059342211679478396	-2.1274770090967223	0	0
3.7859479358724215	13.663240825740957	-2.570081750503931	0	0
-1.5497865709495073	-10.553230312707711	-0.5503284189941553	0	0
0.6479652742486195	3.880145910775262	4.210365800864892	0	0
-1.9634293906550795	2.331305723270674	4.702392471724195	0	0
2.5968755674914092	3.1241169804778224	21.258465904806158	0	0
-1.606917104806385	-3.904790454128573	-28.505161156626173	0	0
1.2952861478604873	9.47090541627989	8.848703599604903	0	0
-1.6705370341049601	-3.0615455016705084	10.84794420743458	0	0
0.8901570815581294	3.416450623797523	-15.279322911290777	0	0
0.1118984829102132	-0.30423923562863564	8.249343195263833	0	0
-0.5812604184620085	7.3264342469868495	-3.702564705324832	0	0
1.5571130922414298	2.9991028279031013	3.8625256608707588	0	0
-2.563135003617745	-1.6866663198230327	-1.013507874456323	0	0
1.8157362570154234	0.27598598923049167	8.827402518230713	0	0
-0.33328734377841585	8.088524943642831	62.52493532666732	0	0
0.03931060992147195	-8.713610682548477	260.3948920602416	0	0
-0.0029210255692362352	8.34986663899165	-151.8593703078114	0	0
-0.45571919039295494	-7.763569525042442	20.224983814496383	0	0
-0.034449945367470036	5.369516649154562	10.025561578172997	0	0
0.590940224400569	0.47236436402143767	65.39629973080972	0	0
0.7776855840185277	0.2598167429118021	-308.2147451823966	0	0
-2.12146175636461	13.835517896095041	0	0	0
1.5201148362123718	-14.683977545893057	0	0	0
-1.2609379667106069	0.3554219519850079	0	0	0
1.3913355164774757	1.3086747879710714	0	0	0
-0.12015884302758195	3.439840065929104	0	0	0
-2.1690371098988166	10.038723447118869	0	0	0
2.558947134559503	-15.530398812901765	0	0	0
-1.6136395688386074	5.672296004017895	0	0	0
1.3917093440971655	0.3476961341253144	0	0	0
-0.7269423377865252	-0.3457136639661371	0	0	0
-1.4067757582660718	-1.3422982684047469	0	0	0
2.9088434536922776	-4.098350688276781	0	0	0
-2.9463561716168982	6.960124832387137	0	0	0
2.8683294181458976	2.2286493797296174	0	0	0
-2.228772653479126	4.233441747234906	0	0	0
0.46570914029830845	7.267959415913907	0	0	0
0.919885547708347	-0.8497413401008487	0	0	0
-0.9640045335281542	-1.5764875461034933	0	0	0
0.4168711528956308	4.558914374849394	0	0	0
0.2721844116195058	-7.4984552904378745	0	0	0
-0.6129017085691544	0.16645788275599216	0	0	0
0.00912332954754902	-4.89117484959354	0	0	0
0.6900153809694913	4.368179393084105	0	0	0
0.17341626304529711	-10.165343720229906	0	0	0
-3.0690295710810958	6.081499994180547	0	0	0
4.6068422537652935	-6.739733760765887	0	0	0
-2.854081088686044	2.7478623263050466	0	0	0
1.2061488939663931	-0.6630845850811653	0	0	0
-1.3587315701085103	10.86874475033985	0	0	0
1.4892565503927173	3.773103317862237	0	0	0
-2.0654206606576935	-1.565209334242624	0	0	0
3.016704784137623	9.202448051037791	0	0	0
-2.150866123775991	-3.6294372520188887	0	0	0
0.7920320241873782	10.487450829835609	0	0	0
-0.3721825854035927	-13.590936562144847	0	0	0
0.7645867075642201	-0.38329017009078115	0	0	0
-1.4168262740594457	-1.602888153133307	0	0	0
2.178719248721464	0.18936199402641307	0	0	0
-2.10815897734647	-8.149934531664371	0	0	0
1.3943186141662096	-1.8000603653186573	0	0	0
-1.41486907616612	-3.6221500996781586	0	0	0
3.796436150247665	-4.8528963385579615	0	0	0
-5.332095966490392	-13.988153159735766	0	0	0
4.463240719886336	1.4511705873367262	0	0	0
-3.9661029982492337	-0.3103971900680804	0	0	0
4.523645897350818	-3.7111447018400696	0	0	0
-2.3913676479150183	6.099041723270496	0	0	0
-1.9815835617817186	-6.586091456439789	0	0	0
4.231936922343884	1.2798382601448353	0	0	0
-3.9358342651192686	-3.8861342436792654	0	0	0
2.7146761596226128	7.45137863749018	0	0	0
-0.3712848767494634	-6.8227229186999665	0	0	0
-1.6706865181456791	5.436096987444699	0	0	0
1.983801246821585	-6.522870244941288	0	0	0
-0.06075421436917594	-6.207766673593213	0	0	0
-1.9818716018910933	-110.46493203571593	0	0	0
2.2904618674703343	132.0920163400844	0	0	0
-2.574373845683624	-73.71395426463849	0	0	0
2.3346800597243487	17.47947195836187	0	0	0
-0.4224099808602162	1.5972818774594373	0	0	0
-1.8601615483388656	-0.8079265980116475	0	0	0
5.022291832400192	6.592122259017216	0	0	0
-8.069278734384696	7.381556327836805	0	0	0
6.414122322368193	0	0	0	0
-2.599082535944916	0	0	0	0
1.7258477448776262	0	0	0	0
-2.7158220439688847	0	0	0	0
1.1045389013201756	0	0	0	0
2.425471492228482	0	0	0	0
-4.153126798832837	0	0	0	0
4.0177539197006595	0	0	0	0
-3.7143740956188225	0	0	0	0
2.6193190979832934	0	0	0	0
-0.9697524263464459	0	0	0	0
1.07124207539119	0	0	0	0
-1.3314534928577046	0	0	0	0
0.8342054148153579	0	0	0	0
-0.8201230926725671	0	0	0	0
2.6401824974158146	0	0	0	0
-3.5309207526092834	0	0	0	0
2.054233812710443	0	0	0	0
0.49099269827010517	0	0	0	0
-1.7298010848418173	0	0	0	0
1.484113754047577	0	0	0	0
0.1450355848427165	0	0	0	0
-1.1216468014003027	0	0	0	0
0.3589503207944418	0	0	0	0
0.4188772534769214	0	0	0	0
0.018253739267720448	0	0	0	0
0.013416960920245913	0	0	0	0
-1.832015055085769	0	0	0	0
3.2030979954291325	0	0	0	0
-2.8361612223568002	0	0	0	0
1.6610830175359936	0	0	0	0
-0.16144706141646026	0	0	0	0
-0.40025898985274466	0	0	0	0
-0.6041963605147131	0	0	0	0
0.9862040075585341	0	0	0	0
0.335776888081746	0	0	0	0
-1.6165074301707847	0	0	0	0
0.4413879107689027	0	0	0	0
0.8268026130835437	0	0	0	0
-0.4636318056419242	0	0	0	0
1.1926909305299205	0	0	0	0
-1.6187874327130487	0	0	0	0
-0.09175466887632666	0	0	0	0
0.543469478083189	0	0	0	0
-0.35431638314653213	0	0	0	0
1.2389776998054032	0	0	0	0
-1.6677495619857226	0	0	0	0
0.3620009006962235	0	0	0	0
1.7786814525394945	0	0	0	0
-1.2525912715874057	0	0	0	0
-1.0255998362554877	0	0	0	0
0.6372982882957174	0	0	0	0
0.391880226973214	0	0	0	0
0.5813977265359966	0	0	0	0
-1.551450308478671	0	0	0	0
0.1157896072279101	0	0	0	0
1.644797749118922	0	0	0	0
-2.412876184422686	0	0	0	0
3.9279117732462225	0	0	0	0
-4.521005255698469	0	0	0	0
2.94199878167678	0	0	0	0
-1.3537095112295816	0	0	0	0
0.36955019346989104	0	0	0	0
1.4273456535223943	0	0	0	0
-1.6195581392770961	0	0	0	0
-0.5696573765851412	0	0	0	0
0.4273268978515432	0	0	0	0
2.1797321401203575	0	0	0	0
-2.235351812456898	0	0	0	0
-0.009878736371888408	0	0	0	0
0.0051392601108091185	0	0	0	0
1.8873214502643663	0	0	0	0
-1.8323079147104266	0	0	0	0
0.2193688709292516	0	0	0	0
0.41662165022435005	0	0	0	0
-1.006672443353132	0	0	0	0
0.6840048421551401	0	0	0	0
1.1473220916841385	0	0	0	0
-1.289283874333826	0	0	0	0
0.243441718826368	0	0	0	0
-0.8613851626974522	0	0	0	0
1.8998293999674516	0	0	0	0
-0.9661918757854124	0	0	0	0
0.24180774194460497	0	0	0	0
-0.6440408114244818	0	0	0	0
-0.025907614247344668	0	0	0	0
0.5939972995305922	0	0	0	0
0.6246616542726429	0	0	0	0
-1.9881237693267622	0	0	0	0
0.9058522488673049	0	0	0	0
1.7838544799956892	0	0	0	0
-2.0515826589919683	0	0	0	0
1.255130348873294	0	0	0	0
-1.3440542384366694	0	0	0	0
1.1496212543135584	0	0	0	0
-1.3027104024191374	0	0	0	0
2.6371073704178514	0	0	0	0
-2.085337375172813	0	0	0	0
-0.19800579081545777	0	0	0	0
0.5090008246142119	0	0	0	0
1.5485899523166609	0	0	0	0
-1.844537632922851	0	0	0	0
1.0541444075419477	0	0	0	0
-1.8001579197369253	0	0	0	0
1.7708819208718367	0	0	0	0
1.0078446793544558	0	0	0	0
-2.9588069348071286	0	0	0	0
2.0441594870989803	0	0	0	0
-1.035170944203493	0	0	0	0
1.5677288321009257	0	0	0	0
-2.741860066073599	0	0	0	0
3.789421362401036	0	0	0	0
-2.9554585734719296	0	0	0	0
-1.5229368039353375	0	0	0	0
3.7204372334342892	0	0	0	0
-16.031981665076955	0	0	0	0
44.13015197545164	0	0	0	0
-44.25649767896381	0	0	0	0
12.836848425148766	0	0	0	0
4.384131740564804	0	0	0	0
-2.2587509715250818	0	0	0	0
-2.410780814695272	0	0	0	0
1.7459093623204822	0	0	0	0
-0.062304992877280085	0	0	0	0
-0.38590854292856136	0	0	0	0
2.1849263088653146	0	0	0	0
