-0.08151063379474977	0.3577897178573579	1.965569271558337	-0.17593648375104465	16993.064150410326
0.4703767498177882	1.376717260902474	6.179559258563202	-0.8564892491641274	16993.700550787384
2.3625841658419873	0.9171515187534709	-2.3245974682767923	0.4969908690832625	16993.06797569294
-3.016052714823026	-3.9933450811420528	-6.840100625201245	14.885532464778493	16993.792454460203
1.3618668602640795	-0.6625678676828173	9.63219212648788	0.5178374129542078	16990.966696756168
0.730929093443585	2.309171831275883	-28.798946317728607	13.306007432841085	17001.769206903824
-2.032202386191095	4.444499134184696	-10.983220405051995	3.2874190564950965	17008.438495193048
2.4928865125312782	-9.443943244832148	-29.475143072865052	-18.81768018328141	16967.381515183708
-2.744386164184995	-5.025559247459	2.0703902181116405	-9.221405227260306	16995.887142336553
1.5556231277365313	-1.3457571218280293	19.975311529921754	-16.06642519894669	17004.968739250246
0.46641484072841877	-1.201452397438608	5.8617035716988966	45.076405496613674	17065.690961452692
-2.161365435643134	-5.8028624737184415	-1.9289911163655376	-30.85346799299647	17083.492729027028
2.6438796901048462	-5.198094788443193	13.874649901916229	-9.403139728631757	17041.871504924322
-2.901772276967769	-0.8330298591396286	4.9091539170951535	15.945236330492463	17019.492051482892
2.663571294473627	8.617879992347568	-22.02588751182401	3.590183560494765	17206.22905673504
-0.17195958585330118	6.467958631782487	-16.707001170161334	11.07674771822397	17033.807839906072
-2.270529701148284	4.947003002347259	2.5538780609914227	28.27192575854083	16978.341776129597
-0.018609610885853556	6.851283758140262	25.191953259220696	9.463391961453908	16980.965232146125
3.696715188592023	-17.46689662687863	18.064896476542188	-4.378201987829371	16954.62261896629
-4.946916673145729	-3.909634675451855	6.730476891360482	17.543684510913465	16903.498678259773
5.072124891638161	11.971752524496125	-9.225304157965596	-5.268285845780937	16871.044432017174
-6.417760576330707	7.396676549268356	-9.492226093685147	12.637705616332596	16868.638697823484
6.996909120250372	6.344971303084172	-9.698974399089465	15.856226623603774	16843.448806727927
-3.4749380143220847	4.305653254452764	-3.400920266197275	5.594889514339513	16785.85235572401
-0.8820944083539288	-11.221174299802271	1.4443548443677514	50.29546168516946	16761.531982733497
2.8286854496042935	2.8797041223821083	-17.197388596676078	-29.33861777232815	16785.469358604554
-2.308029269769044	1.2295691460656215	-7.8817554203582745	13.224876344473344	17023.525501933113
0.6128717377887298	-1.496114466474566	-2.3773974550783663	-3.6320278727223467	16949.90430190594
1.3727897067245678	1.9943566111192297	-8.499932573259002	-12.99250197701879	16818.21655507417
-1.6422453638086623	6.768154170438976	-5.229352346284429	9.258122130577732	16788.61221559186
0.6288714162069624	-14.638375951495249	23.496318193388234	-22.66376127042635	16799.79084410944
-1.6254930181886493	-0.3949877919949998	8.069446184001436	-3.5546391234526737	16820.343375981374
3.334745771695026	-1.4230974353692005	-8.87333112824372	-4.036906605274552	16816.818292531083
-3.1648868054007124	-13.535371850286744	0.19266556966057635	-21.915567350549964	16838.3443824919
1.1455350169238656	5.844786267189065	6.4003874250247605	-59.183347533548954	16849.32506711135
0.4221526975824901	-19.504627759821	4.451865033712693	16.040608256772884	16896.727397881295
-1.8936499422209252	-1.3565514624317956	-10.498518739818238	66.46238583784424	17064.794898239743
2.5911142599037547	0.5695096654444569	22.445196447524424	-4.056125070847983	16912.24973086397
-2.6735353088053913	15.00043331122587	10.125930196432094	0	0
2.88375335155677	-5.710355959824632	-2.3269121200534215	0	0
-2.734993107269851	-10.636086551547159	-8.685621231841239	0	0
2.677114089829466	10.137120965397074	3.824014403352919	0	0
-2.643670358208162	-10.680338267868933	-1.9927421148648818	0	0
1.164269156500005	-8.927061615222996	5.749890360160904	0	0
0.6256197911577601	-2.358392195584443	-9.349887039832353	0	0
0.3248106070029877	-1.724386641848426	9.331775348223516	0	0
-3.2055553655671005	-1.9268829766376072	-4.345193260055595	0	0
5.350063019631605	-8.436363832004034	11.675895142258199	0	0
-5.877827570705868	6.9927136898813345	4.4854893931849205	0	0
4.286399434482476	-4.983295943451637	9.509755263104452	0	0
-2.3538066332371983	-6.133049919486879	9.68709439336088	0	0
2.487885601651861	6.524325806190738	2.0160279578639546	0	0
-2.969353545086335	15.248319323465921	5.167498887712483	0	0
1.2606288838976099	-8.527277397700807	10.71292528775632	0	0
0.525308057806761	3.174408275273997	-29.68121639350538	0	0
-0.6056657584244718	1.2264700982537349	8.929160006837265	0	0
0.9738054599927963	-8.762768558255736	-5.689352345954447	0	0
-2.208123728396423	1.7095823197642304	-4.723522859791103	0	0
2.177122342089177	-9.15884627371885	-33.719065970337155	0	0
-1.8220461247555164	-9.491431306092977	-7.387582059362174	0	0
2.1517700520639664	-1.7304904353293864	-15.39719529157415	0	0
-1.8549016379446925	-20.407792228340305	13.26148515973756	0	0
2.193754599733758	15.293315897930569	-1.8272416519618275	0	0
-2.7533537140223103	5.7211257631207815	10.553629605759411	0	0
1.626216070216742	6.701294373671857	-6.6403670085539375	0	0
1.261293662374264	8.829351251038815	3.653045875364967	0	0
-1.5772177332603192	14.136652561927193	4.166122319075427	0	0
-2.5912366867758294	-0.7671913439222209	-5.264288924158649	0	0
5.55091136111011	6.64416206648923	-0.22259407732036607	0	0
-4.08358775271509	-18.557393568932994	-1.2675502472570486	0	0
1.2427162580694215	24.548447430429846	0	0	0
0.7739400199816231	3.874906759587603	0	0	0
-2.703394577027808	17.157408514225054	0	0	0
3.6078234160800804	-0.6203742939769938	0	0	0
-2.487895708064542	0.9108904544060863	0	0	0
1.185989440471829	-8.583037311645434	0	0	0
-1.6325322159103024	-13.894257928361611	0	0	0
2.5122184856748504	-7.740643725780117	0	0	0
-5.164948731675665	3.662580047846987	0	0	0
7.881386593202855	-12.39656893648268	0	0	0
-6.984003588594533	9.169649901906169	0	0	0
3.6682628558788792	-11.046846159499857	0	0	0
-0.1055477011802779	22.163544693227514	0	0	0
-1.6034256043395416	-19.00580486495312	0	0	0
1.0195496870427903	11.066999060619736	0	0	0
-0.4322811799317776	6.071229621176919	0	0	0
-0.8080544225813071	-16.681240351740314	0	0	0
2.854002708191615	13.682209953147343	0	0	0
-4.97608138340744	-2.5517655525662093	0	0	0
5.420864850877237	10.92782238315651	0	0	0
-3.96298307133312	-9.334774062925518	0	0	0
3.418547339803254	-1.3866384762440873	0	0	0
-4.379386868607163	-6.311602837040937	0	0	0
3.692879200160803	-8.43026328348536	0	0	0
-1.59910609966483	12.17885256441214	0	0	0
1.0662084097115496	-4.592515778315892	0	0	0
-2.0046610070186617	8.980899475218237	0	0	0
2.5268905898011127	5.553860251726007	0	0	0
-3.4845650561108883	-4.2363372213809924	0	0	0
4.492509044167065	14.155910557760414	0	0	0
-3.649831871203027	7.73106734486413	0	0	0
0.49361028821466135	-0.6916537432070697	0	0	0
3.8040093232948564	3.68842882222102	0	0	0
-5.637026658159392	-0.5427844253065217	0	0	0
3.6229911142884603	14.121339156381573	0	0	0
-0.8378999036516106	2.5393452304898716	0	0	0
-1.2014099980414272	-41.549897184344196	0	0	0
1.9404649775039076	6.438793329671817	0	0	0
-1.9647924025726056	-2.7454803908099734	0	0	0
2.645376285713489	-3.818649059991074	0	0	0
-4.1654351812094035	2.8169694976169737	0	0	0
5.861455297670339	6.390756186853515	0	0	0
-6.15406309939295	-6.567681745328272	0	0	0
5.512143199933014	4.373736299444666	0	0	0
-5.359434063774238	1.9463501116377344	0	0	0
4.0644179050373666	-3.0173702382760297	0	0	0
-3.3903875399563717	2.502531788382157	0	0	0
4.6427705870671545	6.522123205899035	0	0	0
-4.881800518729172	3.2428560830173794	0	0	0
4.575736914861643	-6.344779024045806	0	0	0
-6.66998316897206	0.9696394203568843	0	0	0
8.296842115392202	-16.51883425708654	0	0	0
-6.824206938015379	5.533795592129806	0	0	0
3.8145426185112257	-12.429313635503753	0	0	0
-1.5683692273722585	-12.315574363861344	0	0	0
0.04477657076013486	-3.611647015566774	0	0	0
-0.5319042664986782	-9.784147091310544	0	0	0
1.6434596381649413	-6.989632949518381	0	0	0
-2.438696870946373	-10.769617906223644	0	0	0
2.574834602569098	20.728848235555553	0	0	0
-1.193323939970469	-21.27266185264905	0	0	0
-1.313712220445666	18.240554265405116	0	0	0
2.61008585732057	1.938997658685274	0	0	0
-2.7582080792698633	0	0	0	0
3.889110075611441	0	0	0	0
-4.299661765161396	0	0	0	0
1.0481113978946865	0	0	0	0
2.0426539540654645	0	0	0	0
-0.8878688385591857	0	0	0	0
-2.321213006137249	0	0	0	0
3.4340403943494024	0	0	0	0
-1.711723170325456	0	0	0	0
1.425478783213343	0	0	0	0
-3.4417713664808858	0	0	0	0
4.259112797381242	0	0	0	0
-2.0268614492636843	0	0	0	0
-0.4458835671880692	0	0	0	0
0.5863158248415772	0	0	0	0
0.1435324853701303	0	0	0	0
-0.12845827956689249	0	0	0	0
-0.8869542703746376	0	0	0	0
3.759866679747205	0	0	0	0
-7.05796481800062	0	0	0	0
8.104341875659514	0	0	0	0
-6.234133322618817	0	0	0	0
3.2339981793488874	0	0	0	0
-0.7976135634322219	0	0	0	0
-0.7946771421103804	0	0	0	0
2.570043793558014	0	0	0	0
-2.4637097464459004	0	0	0	0
-1.622621568009805	0	0	0	0
5.433709422336683	0	0	0	0
-4.713426034419882	0	0	0	0
1.5562133595846532	0	0	0	0
-1.8195236094690443	0	0	0	0
4.560309351498873	0	0	0	0
-4.198240229878877	0	0	0	0
-0.2144132564662229	0	0	0	0
5.047201962123147	0	0	0	0
-7.063173389936701	0	0	0	0
3.7769937387661088	0	0	0	0
1.2414143021376418	0	0	0	0
-3.122682183622196	0	0	0	0
2.0441977902724986	0	0	0	0
-1.1119410339144835	0	0	0	0
1.3211462801866958	0	0	0	0
-0.632675331093445	0	0	0	0
-0.9174182357734324	0	0	0	0
0.45681725398078044	0	0	0	0
0.9842137588592479	0	0	0	0
-1.0462881136664706	0	0	0	0
1.6344052742826776	0	0	0	0
-2.007992941644204	0	0	0	0
1.0767831966823778	0	0	0	0
-0.8640107292619277	0	0	0	0
1.5443223692391186	0	0	0	0
-0.8301047308593823	0	0	0	0
-1.1718084540435143	0	0	0	0
2.7515058155028456	0	0	0	0
-2.9280653336739064	0	0	0	0
3.0571788474979655	0	0	0	0
-4.776133519736305	0	0	0	0
5.516719684196573	0	0	0	0
-2.424845370981508	0	0	0	0
-1.9723697455898233	0	0	0	0
4.215422119792834	0	0	0	0
-3.7848104272585914	0	0	0	0
1.2476309192159505	0	0	0	0
1.9655286401490386	0	0	0	0
-4.082394592190717	0	0	0	0
3.956526756061997	0	0	0	0
-2.295429099058964	0	0	0	0
0.6708682764865372	0	0	0	0
-0.3777807521316774	0	0	0	0
-0.02984076027269822	0	0	0	0
0.9407925397595847	0	0	0	0
-0.9579462797792573	0	0	0	0
-1.2923625310661748	0	0	0	0
5.136918320275122	0	0	0	0
-7.259877298085307	0	0	0	0
3.977790272309683	0	0	0	0
2.1812167687610042	0	0	0	0
-4.531551651472789	0	0	0	0
1.8607569634017906	0	0	0	0
0.5054526781405215	0	0	0	0
-0.3974448334712264	0	0	0	0
-1.1425094568195178	0	0	0	0
3.4907773159954303	0	0	0	0
-5.309328331911992	0	0	0	0
5.310634296032681	0	0	0	0
-4.469708920031422	0	0	0	0
2.98536027687431	0	0	0	0
-2.277947114466599	0	0	0	0
3.220033437767846	0	0	0	0
-4.133919253115877	0	0	0	0
1.1368891497350262	0	0	0	0
3.1548656530414547	0	0	0	0
-3.070882056540121	0	0	0	0
1.0893205017375251	0	0	0	0
-2.456075977100511	0	0	0	0
4.449355216205248	0	0	0	0
-3.9189788770690654	0	0	0	0
2.152692159643024	0	0	0	0
-1.8302534562217119	0	0	0	0
0.5465762977445436	0	0	0	0
3.0150460160025716	0	0	0	0
-6.120068456672826	0	0	0	0
7.577102157072815	0	0	0	0
-6.987945576494553	0	0	0	0
4.28609998023385	0	0	0	0
-3.4044509590368293	0	0	0	0
3.669981549562962	0	0	0	0
-1.8247062775573113	0	0	0	0
-1.1296511518870318	0	0	0	0
1.7277009158264605	0	0	0	0
0.04112582916505403	0	0	0	0
-2.4065039387569342	0	0	0	0
2.2430615937005953	0	0	0	0
0.39866361903104774	0	0	0	0
-2.4069088127774094	0	0	0	0
3.5851284055739114	0	0	0	0
-2.7595399941412992	0	0	0	0
0.3471154992580523	0	0	0	0
1.564880864474972	0	0	0	0
-4.888133536163181	0	0	0	0
2.311838297112729	0	0	0	0
-0.4252031343124614	0	0	0	0
-0.4918315480891806	0	0	0	0
4.994882070408572	0	0	0	0
