-0.11286647467648692	-0.01744852650013229	-1.8047718795188388	0.25464954001668616	16866.51943972162
-0.011727796450841765	-0.45000505246191125	-5.822711477565491	0.9667963914025393	16866.08388975098
-0.7425589708460905	-3.483744909414689	-0.37720710632096655	1.222041770795954	16867.403768565502
1.7553638696398082	1.3221279809479256	-3.0480148639599633	0.16339215001363527	16866.36776842514
-1.7697556652800372	-3.1478528545330065	-3.1473795274572893	0.02905710540134976	16866.6480476356
0.8168129958611061	1.5656303148199697	-0.9973573325958824	3.4261655851458386	16865.89340217552
-0.5692021745825357	-1.458541263492748	-0.7226010516555164	-0.6779801359749626	16864.774964383643
1.2355402450969706	-0.08226462278830127	-2.763667372790792	-0.8643066246959563	16865.446751182906
-0.83176122345089	0.7343962501881336	-1.689354788278095	1.1516909706055856	16865.731001398286
-0.4561808124180473	0.45234072175195905	-1.0463813576386372	-3.707269031556791	16863.416448125754
1.0652624807738889	3.381021248884103	3.2170541495830207	2.576475904357153	16865.879254494717
-0.9015052596530708	-1.311637981493682	1.956013891857367	1.8809454284230327	16865.47589111375
1.0332188921618979	0.5274745216417145	4.584587238788444	-0.745088078453918	16867.818104155635
-1.0295754533118853	0.7386240156542669	-1.0971619155703678	-1.8169420246390189	16873.033520575533
0.9917229243542778	1.7348804198260623	0.9828378039951673	0.5999950999785852	16875.246097126783
-1.1560660596830274	-2.104322992398984	-0.9003344024713158	-2.397116227408219	16873.41398459649
1.344356111699966	-2.1010293089201895	-2.4837676361867267	1.7882786227824852	16872.42492743262
-0.7183621577755872	-1.2943436987338686	5.368944992001062	-0.07727055657805693	16874.736253469073
0.4150670451287013	2.8687335669168093	2.08183992282018	-2.525674142138257	16876.15187891666
-0.45486531246420014	-3.6130999447712497	3.378224426010931	-0.9677529739443571	16876.79092826125
-0.24887350182834211	1.3350640524162571	0.37202567676463616	-1.3337287973039764	16876.200116890963
0.7032708044323854	-2.677443405339055	1.9969704875421996	0.5214348073100297	16875.113948662936
0.001807446827065462	1.8841314772913194	1.8036440948754233	-2.1967893639664737	16873.72768191265
-0.6950275993265365	-0.7296825830355402	1.340650895594436	1.161725557961887	16875.574243143834
0.18491920741840318	4.0750243120950955	3.6683501793712026	3.073039148796312	16875.853701613123
-0.0025845298896669533	-0.5111765570222815	1.5830891147703738	1.0323203083507906	16876.8823798112
0.3498252530110051	1.1876813086284201	0.5588638905282721	0.9315329255639142	16877.300948229957
-0.10864850947347549	0.4293710234077963	-0.7051921514908059	-0.24102062266234725	16878.361487713224
-0.44488456524425857	3.5055137139837385	-1.1744866142578019	0.6144377891495054	16872.9471722523
0.5434837121307226	-1.287647175345782	-2.5952689076721214	0.1528075515486762	16875.778686365506
-0.598041658912976	0.37348195118247673	-2.6057419464179645	0.9583987282585298	16881.212336796605
1.5732356259453155	-1.4760475317860227	-2.1869246768669512	-4.335138002903506	16879.246861541782
-2.1873600887657716	4.133989071537705	0.36877215952496556	4.262139437619268	16876.644779059963
1.5988428441549871	0.205037635154369	-4.315945285581975	0.4334296030681202	16881.673438947597
-0.7608566419639544	0.24008401232050147	-5.717545256450435	-0.0592463798384415	16880.712418047537
0.016964562013754403	0.8705265674414306	-3.166105117560562	0.15302333382037148	16884.648076402595
0.5554264798946562	2.3237600728420063	-1.7495417701364886	-0.2872155465476709	16881.502443603193
-0.1278659992540483	-2.0838480843974736	2.4543365655253666	-1.6197443198509518	16881.326848128585
-0.6140696964608665	-0.32183197834393695	-0.996570492480032	0	0
0.3857469223608092	-3.757990331370337	-1.1820518461776288	0	0
0.011717605220262328	0.232508698872806	-2.210899722064184	0	0
0.2800102290416362	0.17291159865232686	-1.0661378098726004	0	0
-0.7920347499466658	1.557792262553491	-3.762004670238113	0	0
-0.3309261528814389	0.9613980255023478	-0.5061297764089403	0	0
0.9170227757680891	4.34065030520636	-0.4822068054686639	0	0
-0.6318134029669764	0.06920655881933158	2.133036242564657	0	0
1.030745328099762	0.1102426675869026	5.033000989445895	0	0
-1.9631097587416235	3.261931781145833	1.7865678258513356	0	0
1.7544690089521495	1.4252310884885517	4.853375149848887	0	0
-0.7757947853847753	2.1948645819869483	-0.28491744905039695	0	0
0.3147804855553744	-0.1473928744574522	-0.09381683734898161	0	0
-0.12018032839493031	2.0393840245866244	5.741850728065856	0	0
-0.7640813200426493	-0.7197919063308262	0.8294364092596567	0	0
0.855694593077601	4.191529152768979	-0.3095909134739827	0	0
-0.12961027255748547	-3.1321736059723335	2.0038498060597334	0	0
-0.34199061661696106	-1.4794667277653915	0.47402560984022557	0	0
0.03305581153314563	-0.8522074871457761	-0.9136253070851978	0	0
-0.4183299677409096	-0.16019061132861623	2.8693149083993603	0	0
0.42688498659578045	-6.03422651555389	2.7223157933181596	0	0
0.4352662197825623	2.8333315881277983	2.359164090850669	0	0
-1.733539977301156	-1.123416247721373	0.27461917901301547	0	0
2.250854657940714	-0.6195126703207876	0.03613865683776396	0	0
-2.7650474173887716	-2.612429601049577	-0.6573712918947052	0	0
2.4079845846747645	2.183879277982072	-1.0629143722356673	0	0
-0.9777502938236111	-1.4526093158547297	-2.3077227731057093	0	0
0.8517840245672303	2.046216628418861	-3.3917076212916015	0	0
-1.500171943530276	0.772647319223438	1.3837635783857962	0	0
1.4330919387743961	-0.029110990305824203	-0.6665311008099764	0	0
-1.0726059829608943	1.5681698801215376	4.278655182071461	0	0
1.4421500806653853	-1.6646592837307992	1.4209566758471794	0	0
-1.6082037623322805	-0.27343518974998915	0	0	0
0.8271885838673754	-4.136558458739643	0	0	0
-0.19009704854431675	-1.9880348679718836	0	0	0
0.4210299094835577	-1.5486335129086157	0	0	0
-0.1977873557435359	2.423546362006185	0	0	0
-0.47758137855431215	2.031718871404159	0	0	0
-0.0036581240556117223	-2.0869898335274257	0	0	0
0.7825249007451447	-2.5792661817320663	0	0	0
-0.4050601439491146	2.533301170796186	0	0	0
-0.5716148341986695	0.5595615579620059	0	0	0
1.0379203045008012	0.04983320455457374	0	0	0
-1.4599916152152375	-1.459662291269403	0	0	0
2.1375332954583044	4.5410256472488015	0	0	0
-2.2362190036582064	-0.1654465363816371	0	0	0
1.9819514492970285	2.674965897582595	0	0	0
-2.1249821817114665	0.9335115464113457	0	0	0
2.167615164742166	-0.6178910977257317	0	0	0
-1.8773342630746228	-4.407572542446836	0	0	0
1.9778613347603553	2.5794644722278406	0	0	0
-1.6333370505646627	-0.5707259186948761	0	0	0
0.3535352789328101	-0.9665561872422472	0	0	0
0.23547239142842358	-0.9891749169677055	0	0	0
0.11519631560055643	-1.1696821929097538	0	0	0
0.11968184202699916	-2.9224218447417485	0	0	0
-1.0887207994446442	2.3152061009302116	0	0	0
1.4505396802922803	0.737598335327462	0	0	0
-1.1601068167634168	0.9987398682780579	0	0	0
1.5193051788865901	1.062431831129821	0	0	0
-2.0894234474502227	5.913669372197958	0	0	0
1.8830579005933288	1.5630439045898186	0	0	0
-1.6844658266541686	2.4695173826889274	0	0	0
1.8140897754976066	1.0105707773358077	0	0	0
-1.8775846366821085	-0.45417079905042357	0	0	0
1.2662210578261224	2.242283665064498	0	0	0
-0.7516375650486395	-3.0507976990271146	0	0	0
0.09664529009812384	-0.9710547034721344	0	0	0
0.5453517237701462	-1.007919160514163	0	0	0
-0.15327934866186865	1.9991918362756351	0	0	0
-0.9103374966817697	0.452304280092541	0	0	0
0.6460674737081575	0.37200848800537045	0	0	0
-0.13482315392307243	-1.8882557539970932	0	0	0
0.18175588190494807	1.3893019886666664	0	0	0
-0.08638045764285351	-0.26665630124829676	0	0	0
-0.8614686319361269	3.7832483239792936	0	0	0
0.7508872712979695	-0.634141909841226	0	0	0
0.5240064469782695	5.014204148827936	0	0	0
-0.7709075857803569	0.46759263236716464	0	0	0
-0.014413038235851161	1.999363353246146	0	0	0
0.0712981793223193	-2.254649126908589	0	0	0
0.040296640216631374	1.2517452082077014	0	0	0
0.5800645983883541	-0.12247307659120565	0	0	0
-0.8849741541728307	3.7422989386505776	0	0	0
0.25904601757237344	-1.3638910692950788	0	0	0
-0.2696318836057401	0.788879635820436	0	0	0
0.7508982266880224	-2.839098152551294	0	0	0
-1.0142585001019597	1.7103612407199407	0	0	0
0.922031121703192	-0.5160138247260235	0	0	0
-0.47500381695756033	-0.17833470234307214	0	0	0
-0.3604159168136505	-0.181166266150953	0	0	0
0.5582746149040361	0.16580506147877117	0	0	0
0.3400256115098159	-0.12057216345812094	0	0	0
-0.22473671805057194	0.16091427035625117	0	0	0
-0.6870762821735426	0.5529752025787502	0	0	0
1.1452919295220667	0	0	0	0
-0.4613349810982257	0	0	0	0
0.6025365470382269	0	0	0	0
-1.3966577343986657	0	0	0	0
1.1930348719217676	0	0	0	0
-0.1716073131528546	0	0	0	0
-0.10728868064337149	0	0	0	0
0.19063686898879695	0	0	0	0
-0.262632192903304	0	0	0	0
-0.23350530818358095	0	0	0	0
1.1825987410485297	0	0	0	0
-1.0960753326031636	0	0	0	0
0.6705552147246436	0	0	0	0
-0.49002661874616393	0	0	0	0
0.026802959696745177	0	0	0	0
1.1203688710573587	0	0	0	0
-1.3491226108656846	0	0	0	0
1.2664298517281338	0	0	0	0
-1.1127364831718367	0	0	0	0
0.6761822552210432	0	0	0	0
-0.08949507237846177	0	0	0	0
0.2133052590842226	0	0	0	0
-1.058198155171624	0	0	0	0
1.3170954825113697	0	0	0	0
-1.4215372448194188	0	0	0	0
2.137312157064258	0	0	0	0
-2.2368185205659614	0	0	0	0
1.02995774584069	0	0	0	0
-0.03126670738078019	0	0	0	0
0.2708710328329502	0	0	0	0
0.28860473309254786	0	0	0	0
-1.1326393824649514	0	0	0	0
1.1031770309345177	0	0	0	0
-0.6268609736146828	0	0	0	0
0.9338445518890879	0	0	0	0
-1.0756384137954527	0	0	0	0
0.9649413708839347	0	0	0	0
-1.0569447761524273	0	0	0	0
1.8125531708674956	0	0	0	0
-2.1466931917147676	0	0	0	0
2.1701282576164047	0	0	0	0
-2.0282543623224285	0	0	0	0
0.8167416793866664	0	0	0	0
0.5904497025027098	0	0	0	0
-0.31085061834050265	0	0	0	0
-0.7376067581787566	0	0	0	0
0.295944666551037	0	0	0	0
0.21477271016247812	0	0	0	0
0.10824362621720951	0	0	0	0
-0.2457264249305311	0	0	0	0
-0.5094507764794187	0	0	0	0
0.5205755223737967	0	0	0	0
0.04968934501782485	0	0	0	0
0.24842158182178764	0	0	0	0
-0.8959113890306938	0	0	0	0
0.9572662423111638	0	0	0	0
-0.7391334925633757	0	0	0	0
0.9591134062141009	0	0	0	0
-0.3199621653161131	0	0	0	0
-0.9074261513266322	0	0	0	0
1.3963189635677864	0	0	0	0
-1.3285154106180528	0	0	0	0
1.151718310599854	0	0	0	0
-0.6772867295380536	0	0	0	0
0.3017071326809315	0	0	0	0
-0.7894388763413716	0	0	0	0
0.7154745883430422	0	0	0	0
0.12263192865610506	0	0	0	0
-0.3133030978723923	0	0	0	0
-0.49539665350271633	0	0	0	0
0.6380756915174359	0	0	0	0
-0.15507430980120773	0	0	0	0
0.5036504602990206	0	0	0	0
-1.511174427484704	0	0	0	0
1.8917543932929988	0	0	0	0
-1.9627646333408748	0	0	0	0
2.215545758825556	0	0	0	0
-1.8985998516404194	0	0	0	0
1.0085099232894663	0	0	0	0
-0.7502951500997526	0	0	0	0
0.6694209323918017	0	0	0	0
-0.1705646523226605	0	0	0	0
-0.3329615640488299	0	0	0	0
0.26585208406439875	0	0	0	0
-0.38833520698719326	0	0	0	0
0.4812572082249247	0	0	0	0
0.18238174173372812	0	0	0	0
-0.5329708129214694	0	0	0	0
0.3216439989002424	0	0	0	0
-0.413921908752684	0	0	0	0
0.4801239810600748	0	0	0	0
0.7164850001477632	0	0	0	0
-1.9231790018396921	0	0	0	0
1.268489453860937	0	0	0	0
-0.4566481900075843	0	0	0	0
0.8121875129776015	0	0	0	0
-0.8302641594134101	0	0	0	0
0.13875972192752783	0	0	0	0
-0.2449727170037832	0	0	0	0
1.4001407336247524	0	0	0	0
-1.087526765288132	0	0	0	0
-0.14442279982492323	0	0	0	0
0.20375132680958785	0	0	0	0
-0.19781290056345568	0	0	0	0
0.6203236857750127	0	0	0	0
-0.04101198464584854	0	0	0	0
0.2092561589981301	0	0	0	0
-0.7532616954403437	0	0	0	0
0.2848934138857544	0	0	0	0
0.10108181398498317	0	0	0	0
0.35411409332419197	0	0	0	0
-0.6865302077564976	0	0	0	0
0.7487426772343824	0	0	0	0
-0.7456311101830835	0	0	0	0
1.3182844943074201	0	0	0	0
-1.4931821259208817	0	0	0	0
0.7109531442637262	0	0	0	0
-0.09140590041771901	0	0	0	0
0.2171788615038679	0	0	0	0
-0.3813574513274105	0	0	0	0
-0.12444119231103201	0	0	0	0
0.27902235431460554	0	0	0	0
-0.05477486089024097	0	0	0	0
-0.04842724709151014	0	0	0	0
-0.039687456163022716	0	0	0	0
-0.15045855922451068	0	0	0	0
