0.2754678105776307	1.2512321960855317	2.727100878032388	-0.6236040161524414	16945.197164124867
-1.0009819719897237	4.90426751569921	8.84279458012449	-1.9783727518118042	16946.18235487408
0.9168354844032081	7.32795676681318	1.628260154404444	4.578067681530854	16944.74576377795
-0.7165734190387809	-4.078674880282769	-5.89949578039905	12.426105055045369	16944.986654567525
-0.054534926646951476	-2.3764121446199127	9.412007121124574	30.209496459974815	16948.264078596505
0.6296361119872955	-7.485356289604404	12.991657100360115	-4.020044919451209	16933.812038634696
-0.28270131402538823	2.399817349167293	-12.043840296582005	-28.248550593064238	16933.29845476812
0.16735974264095432	-2.4838339152024957	1.9191515623549407	9.192050735592034	16981.23826923719
-0.8028782859049599	-0.2617713255242222	3.962438908359374	4.9359201294708015	17013.643712856538
2.1053207578211186	-1.4877850424402936	7.649550599818525	-2.7707410127996894	16949.160594177003
-2.775656274510439	-6.081658560341545	-1.3863284113646444	-9.082026301396965	16923.94815213258
2.2816160534463066	18.42295559497849	-10.334945003515799	-1.1555359305099557	16946.648721533056
-1.837414741855902	-10.41562529087794	3.094325992656721	5.642903916758442	16944.44998017053
3.4323172372880677	-1.990901308331317	12.959202518210844	1.1678421602586013	16912.10893219352
-4.72784360771977	11.060905187372633	-24.49901765935479	-10.826366851001225	16867.525981735187
4.301657574937842	-13.155182281714879	22.485437495969805	-1.904784749518683	16820.669450325848
-2.7999989016311773	-6.917816554211285	8.289153779026648	14.834532879001301	16819.4824083279
2.024157369904991	1.0494649038617965	15.00381724267099	-22.470753432012003	16791.932590750006
-2.8937014307983446	6.968554932690424	-18.437293356776905	10.351315244372017	16826.23465327837
3.5695576711607515	-15.825685399611437	0.5598272269805733	-18.488909421568295	16842.96785123246
-1.9882526305641122	2.611046667096602	-5.678757532045836	-0.7677930196899325	16895.26857453285
-0.4055831204031506	2.5276783732675625	4.944325413840701	-10.117252296797105	16953.774071967226
0.8017025089505125	2.820854133388252	-1.034801676638395	3.184803823572608	16920.754151540998
1.2050134940990134	-7.054576013315881	9.874106486389536	19.035331085402817	16965.431861023928
-2.998912705154936	8.274559349819768	-5.522373419598452	10.842508669272405	16937.57006469193
2.632186869379126	-0.3488863098316557	30.919501303788678	3.9463668246968098	16926.243662285004
-0.19208005908215142	13.737478334824665	-22.577066697632603	-39.12678117374294	16976.281281020754
-2.7935340300103633	6.403132613182159	0.46019703491197106	-4.449384738679697	16899.6489049014
3.9382833021458836	-11.708831989268667	2.4891668338929236	-0.8668363960774172	16930.644904257817
-2.327456135382498	1.7913566380256185	9.721017069840585	-5.486967776342837	16949.746372838912
0.4398840299623714	-10.524850581803882	-12.906533398361574	-3.4424090581175335	16947.113195577564
0.04951723238391281	-10.608971245038518	13.893330666768648	-43.62445941079544	16920.850356494324
0.21413080592596145	1.2907784391869939	5.045680831635693	32.29692202436914	16941.466995173345
-0.9592242648396052	-1.3878539050660166	7.621785065885405	-0.03209864855790556	17007.479207200686
3.188825502102098	11.786848822591018	4.051041838649496	-10.152518704969793	16983.937563492706
-4.52831401180557	-5.671706054672136	2.852801390823018	3.932877728032423	16957.4111818467
3.092574608885613	4.957565771316908	1.181623992239608	9.591438278593202	16914.32901501496
-1.0063753775282294	-8.132693637250853	3.566556588525117	-13.407318955185858	16868.08335888292
0.35825022149978736	1.6492013057247021	3.5680400710145364	0	0
-0.3606637397246004	-13.671777704405727	4.878570595771777	0	0
0.7703792122579003	2.9042043269339217	-11.0068342420266	0	0
-2.3479261815233556	-11.212903237759676	-17.722203424591527	0	0
4.0783474615182485	1.495183871521256	28.88330106899356	0	0
-5.139958024008365	-1.3861691164452026	-22.780959125652913	0	0
4.295367060531603	11.608987877634505	-8.662483069552508	0	0
-1.1647633264943948	-6.642456561090455	-5.713720554561448	0	0
-1.5677981586151617	-0.31188304426461855	-2.693631295007421	0	0
3.1791073088606865	-6.041709679153932	16.234965908117886	0	0
-5.545155840239161	10.059307573377673	10.83688595459681	0	0
5.837644078077979	-4.710924248026664	21.912121399065796	0	0
-3.27931293536286	18.259542285450152	-4.533155858816201	0	0
0.026653807748203917	-10.62410504084972	-10.571603171481641	0	0
3.0578387045149853	-0.44922409929859697	-1.3540726729402053	0	0
-4.131060398598692	-1.0962385998172763	3.039657512489214	0	0
1.5651134294272566	3.508477053004114	15.90638604324758	0	0
0.21311379883562864	-18.865881619293653	-12.559378662493089	0	0
-0.3439731634030778	1.4885351836419005	8.965686387082187	0	0
0.6531775557546311	1.8781035454591475	-2.033008204686837	0	0
-1.4621344835594527	0.22266541480335889	13.527211606255449	0	0
1.174142032603008	-1.6322248522240344	-5.694238591482971	0	0
-1.122741560268416	5.392519268202413	2.8466127948616275	0	0
2.6774105979238243	13.647221904712758	-1.3935762297573433	0	0
-3.737136038670535	0.2567809627249744	3.739410107033251	0	0
3.0007680236015872	4.135825101267159	4.630899477786244	0	0
-2.57599585512952	-4.3256422616253545	0.8406646893691914	0	0
1.9671342866428247	0.9989837604430818	-8.155949650354032	0	0
-0.11842700307353482	9.46538188302057	4.901646121713796	0	0
-0.36207854928998984	1.171309256787616	-3.105848961159026	0	0
-0.6058093126408437	-2.1687736975205496	8.152610184116	0	0
0.6481433700637709	8.93027209833236	-4.453729300273437	0	0
1.350317860604875	-2.6062308041735633	0	0	0
-2.7374355088179954	-1.0076962780073586	0	0	0
1.88820506962589	0.9161417625854114	0	0	0
-0.4855715772850431	-6.610664342556632	0	0	0
-0.5096939839765682	-4.605753694678292	0	0	0
1.4365137091543403	-1.6848652739542729	0	0	0
-3.412252171789028	-1.1768113179349626	0	0	0
4.6873138855289795	-9.127492866068359	0	0	0
-3.6750306198190046	10.456083986677015	0	0	0
1.6312668403989505	1.8151010292547909	0	0	0
-0.9155191258641366	10.91880655417387	0	0	0
1.1379888189438816	5.692402227863873	0	0	0
-0.5766304051380757	6.890398214729537	0	0	0
-0.3932082472539449	-2.0563225981727555	0	0	0
0.3790603824863794	13.797182425095329	0	0	0
0.36228154615166375	-6.932285637876596	0	0	0
0.15000926706029816	8.336806800845473	0	0	0
-1.8748186307572325	11.119310686060004	0	0	0
2.2747416488962315	-23.21713737168372	0	0	0
-1.0836538716620936	2.3048595131404994	0	0	0
-0.15776216010399935	-4.313822586090666	0	0	0
1.5446170572413465	-21.91139613970767	0	0	0
-3.346755450221501	1.3740199369002397	0	0	0
6.190041352614514	10.222013493098977	0	0	0
-6.79215736608257	6.188250944588901	0	0	0
4.626700608371024	5.737025171851222	0	0	0
-3.43967303502027	-9.133010277286715	0	0	0
2.8995501540790087	-7.428044533329647	0	0	0
0.4946808954483686	9.39694376531628	0	0	0
-3.670923985372241	-10.358557849264606	0	0	0
3.853082390352135	-9.444260049756913	0	0	0
-2.526672776241668	-3.818586036716951	0	0	0
1.3994286912452338	4.461924525501267	0	0	0
0.1811348824336605	-5.679257996740752	0	0	0
-1.427564894791395	-7.033652649765116	0	0	0
1.4197856638671027	-1.7724881048808214	0	0	0
-0.029786777516477514	0.5769263014891095	0	0	0
-1.5137346668731695	0.6097203976011301	0	0	0
0.44010310291084664	-13.094162828700576	0	0	0
2.7375471962915157	1.9270808999943796	0	0	0
-4.038293554974061	3.0787476436782413	0	0	0
2.662146358161408	0.26529091735485366	0	0	0
-0.62460706370873	-15.954134696802576	0	0	0
-1.4111578493941863	1.5186499799548088	0	0	0
2.455791094377979	4.382330385942204	0	0	0
-1.9606205225177789	-6.581625035610777	0	0	0
0.7110924422024922	-5.634042404366198	0	0	0
1.6218260318869682	14.915576258209299	0	0	0
-3.7856484213759956	-14.956034671319713	0	0	0
3.399251219245656	-4.083950673405532	0	0	0
-0.8700688710233209	9.154459394946926	0	0	0
-1.2996085822550896	-6.718782216985247	0	0	0
2.1090371908254184	-0.5157160206421167	0	0	0
-2.823186514435392	5.857228936775968	0	0	0
3.855051458996904	1.1241030610277463	0	0	0
-3.664999923334179	-0.5038729300375167	0	0	0
2.3137007994505936	-2.265775320272674	0	0	0
-1.0560985438342456	0.22833832915463148	0	0	0
-0.1285198093433948	-6.97302182748097	0	0	0
1.3916750010017367	1.0065615206023324	0	0	0
-2.1685690659913845	1.3187116848717366	0	0	0
1.677108055565185	6.369930107573666	0	0	0
-1.293533379929734	-1.6368743829396308	0	0	0
1.6461282324712485	0	0	0	0
-2.173442744851286	0	0	0	0
1.446505124500355	0	0	0	0
0.8133758383089429	0	0	0	0
-2.512647037277482	0	0	0	0
2.6566861054762967	0	0	0	0
-1.8414246191539476	0	0	0	0
0.798690135093409	0	0	0	0
-0.1001833611981624	0	0	0	0
-0.3583509340845836	0	0	0	0
0.31497585012472484	0	0	0	0
-0.4527086307100845	0	0	0	0
1.0191131946217453	0	0	0	0
-0.6812102558178381	0	0	0	0
-0.1489759631564027	0	0	0	0
0.6061770797341737	0	0	0	0
-0.14939333676942823	0	0	0	0
-0.6060609997849724	0	0	0	0
1.7371003701795686	0	0	0	0
-3.5991746951909533	0	0	0	0
5.350669608729973	0	0	0	0
-4.777472154816323	0	0	0	0
4.388966115365832	0	0	0	0
-4.84250750581112	0	0	0	0
4.180500226021763	0	0	0	0
-2.148930363023382	0	0	0	0
1.3267996432582123	0	0	0	0
-0.8147976577194953	0	0	0	0
0.9929119416378924	0	0	0	0
-1.4670212354266141	0	0	0	0
1.4100453287937285	0	0	0	0
-2.3773036072116014	0	0	0	0
3.4564024119466623	0	0	0	0
-1.115813224927237	0	0	0	0
-0.250917328860254	0	0	0	0
-0.7877716086387636	0	0	0	0
1.9903015219054652	0	0	0	0
-2.653011453120463	0	0	0	0
2.1124033488129683	0	0	0	0
0.9435392008682584	0	0	0	0
-4.216318349696401	0	0	0	0
4.111723675096677	0	0	0	0
-0.7822909953750923	0	0	0	0
-0.8741765629973202	0	0	0	0
-0.8118578094884086	0	0	0	0
3.9304225734588414	0	0	0	0
-5.098631479562471	0	0	0	0
3.5441887216129544	0	0	0	0
0.4678801070951337	0	0	0	0
-3.5442721103102315	0	0	0	0
2.990276100022477	0	0	0	0
-0.5805130903643914	0	0	0	0
-0.5056275524816272	0	0	0	0
0.5487079623806466	0	0	0	0
-1.5271048021288394	0	0	0	0
3.037476888155382	0	0	0	0
-1.9379663784811356	0	0	0	0
-0.9021233171694476	0	0	0	0
1.3416091478468886	0	0	0	0
-1.7342381376814444	0	0	0	0
3.02051586816372	0	0	0	0
-2.2934698603455104	0	0	0	0
1.4536741098972001	0	0	0	0
-1.9904163005642133	0	0	0	0
2.2849446021221524	0	0	0	0
-2.508002691129448	0	0	0	0
3.1442695691378333	0	0	0	0
-3.198438481964544	0	0	0	0
1.7895283950338765	0	0	0	0
0.8651515381625288	0	0	0	0
-3.3852982826349702	0	0	0	0
4.500911862218537	0	0	0	0
-4.284560985156617	0	0	0	0
2.8451745203271983	0	0	0	0
-0.8424261899185836	0	0	0	0
-0.3864023256281328	0	0	0	0
2.207885008184718	0	0	0	0
-3.3009037174372153	0	0	0	0
1.422475323478622	0	0	0	0
1.3292855968183375	0	0	0	0
-2.8753292393879946	0	0	0	0
2.348453404512881	0	0	0	0
-0.035391056232391804	0	0	0	0
-1.611536506783203	0	0	0	0
1.6958115815159474	0	0	0	0
-0.8832297533008742	0	0	0	0
-1.4426156400005326	0	0	0	0
4.182311144063476	0	0	0	0
-5.433933789999287	0	0	0	0
3.2287777867184104	0	0	0	0
-0.12637702583194965	0	0	0	0
-1.87143436154971	0	0	0	0
2.2341455969799213	0	0	0	0
-1.2142531938214134	0	0	0	0
-0.672664604056699	0	0	0	0
1.089232740565663	0	0	0	0
0.7637742957987825	0	0	0	0
-3.7786195545245107	0	0	0	0
4.290088876086877	0	0	0	0
-0.909351758141085	0	0	0	0
-2.794168948301696	0	0	0	0
3.1830595602986236	0	0	0	0
0.020727033240696358	0	0	0	0
-3.7755310159056563	0	0	0	0
5.2194808837871065	0	0	0	0
-3.5322540124868382	0	0	0	0
0.9679001465909565	0	0	0	0
-0.1592810445287398	0	0	0	0
0.7588551887429418	0	0	0	0
-2.2578095928050814	0	0	0	0
2.186898002142186	0	0	0	0
-1.089159682171264	0	0	0	0
0.18256829736869662	0	0	0	0
0.25170214917051936	0	0	0	0
-0.8542171130661416	0	0	0	0
1.2454988929484045	0	0	0	0
-0.8693431375874141	0	0	0	0
-0.009442981538441586	0	0	0	0
0.3286910142283901	0	0	0	0
-0.16251466373954315	0	0	0	0
-1.1791506674815224	0	0	0	0
1.8957592419550053	0	0	0	0
-0.48120830035876594	0	0	0	0
-0.18592293601198406	0	0	0	0
0.2946653165667641	0	0	0	0
-1.6210970187588174	0	0	0	0
