-0.09098402157073338	-0.8853411613049076	-0.07834829068151805	0.23712159561729607	16622.401636805374
0.38282648891793514	-3.077081314966847	-0.42114710004030087	0.3657829169330711	16621.550494451567
-0.79845688002289	-2.7321969922060703	-4.426672239479956	-6.7752538054498075	16621.754137707267
1.0737379192744214	5.603683620468381	2.493232856719814	-31.086286800968267	16621.64024504316
-0.4567514252943212	-0.9258468747948498	1.6855240908714961	6.55479268722145	16625.308176137598
-1.0718095900322595	-3.7198084954335897	2.9210544294555234	-17.024043401599982	16608.83999144702
1.7579036710904887	2.3853223093500375	5.089075936626514	32.53831303719741	16509.758651406093
-1.5482271985819196	-3.1070628694773603	-10.937886135119953	-23.165025876741666	16430.81721528989
1.2184736115281112	1.4368442945837074	2.5028054410864797	-6.743422252716087	16436.588843263675
-0.8823513363497923	-4.169057635980607	-9.910935901521569	3.1568918835626363	16469.994452277228
1.7278883215686704	3.4381709465636447	14.473042249000144	1.9138501856739794	16466.21327470472
-3.5620976174665557	-0.6932273658548596	-12.465953449692321	1.6482539662341935	16493.170108946797
4.792932741058976	-0.22350326883722715	6.408782705138151	12.214352888038007	16498.130422966795
-4.895320147282227	0.9906005516799752	7.195338286325864	-22.68339159045523	16546.210973905443
4.785142341051383	0.5406969732710891	-7.847687066810337	-0.44878495794937123	16742.371385154132
-4.390767561042075	-9.92273429682308	-4.979529338612437	30.863543904708536	16780.04804628039
3.536070635364716	8.328996717473451	15.890076279654338	-27.32354814228006	16794.50783122809
-1.7980081280307303	0.6028337939292072	-2.0359132677515106	2.7664402060399453	16762.02729622428
0.6548253677610276	-5.629472360954075	4.760348723077698	5.115032008943302	16821.10930524163
-0.42462000024534063	-7.989781261551684	-6.960579739588098	-5.864696855276719	16798.85066205093
0.10910514474957722	0.1246105397798587	15.994298451315188	-5.326917308969811	16738.41443049059
-0.43866720167635975	2.870603969429581	-4.590212322632269	11.064230742933375	16800.27974854089
1.1203246871979076	1.0333577629290147	1.8017050943859942	13.53793574463782	16834.76008339991
-1.9681519522336117	-6.520738979047685	6.274352896567677	11.816306210273993	16862.55600033944
2.473484828648779	1.2570401576135666	-2.171668715828403	-7.174426287173418	16785.453075461646
-3.4202895331671854	-4.150676984687443	4.436040005513519	-7.778595981336423	16893.931941755585
4.708590028336104	2.5321563481170557	-2.2940926012704352	5.885149241879091	16999.149021366276
-4.452850221804056	-0.4155571717055082	-3.964634415859422	5.159409104303776	16846.212999097806
2.386323174315905	4.402321409873721	5.089327955876001	-9.419031081117112	16748.739785960508
-1.6603259107445751	2.846765970588031	-8.301422963932396	-4.871680448294583	16819.487704221614
2.4517615334164162	-7.2419123098421565	10.599081205343495	-9.407079737170704	16959.626862659596
-3.526251019398103	5.039860005013892	1.9283873635917388	-11.94439029786443	16912.470957966158
3.803942017621438	5.13096610975699	-7.121138225875143	-15.940622721919837	16836.073751045882
-3.075353101714576	1.2606515089175119	9.510932722601567	7.914223295069803	16872.256232453146
1.7673975261196802	-1.4862859351905016	-11.230742731239445	26.351655892238696	16761.643227866432
-1.141959669279025	3.4559222290527387	13.856734148861733	-8.066671600058399	16639.282119071016
0.10813196321713292	-4.880724519264646	-1.942878757773343	-28.03360808245864	16539.310038110718
1.1621266347162234	3.6291951548207138	-1.57124445150842	11.880785232996558	16598.539619344603
-2.009930905642456	-7.54610369520497	-3.7723934405483845	0	0
2.3188599946915076	5.127720955791851	-0.8564825862488021	0	0
-1.815272329153096	1.8316147172976116	2.2197470013583	0	0
0.8378612306752657	-3.5895111195346843	6.209490848456824	0	0
0.3091086681114561	-7.556014948221986	6.715969651212987	0	0
-0.9375098303459382	1.6353326716232672	-8.8117579916089	0	0
0.7002285822068188	5.19951100662302	-2.914454329402375	0	0
0.7478277831146087	2.987832366466087	8.03810613036228	0	0
-1.7165919830837524	2.285950703262749	2.4448446360433564	0	0
1.2016583311579012	-4.1254769401726605	-1.6041080017350282	0	0
-1.372325595811489	-0.991012987299456	-14.685151408995864	0	0
1.8671747830560292	1.394202860715339	2.5359247659410897	0	0
-1.8295850113667882	-3.0076831774154016	-1.3915129184869102	0	0
2.314060846275197	0.9396819855288072	-0.18584352581963515	0	0
-3.3730085694588894	-5.45617396858497	17.210509841839738	0	0
3.0650698584209053	-1.8251574890580073	-15.049165007897116	0	0
-1.9910464974134072	0.9677841046312636	13.705881799343118	0	0
0.5249013318958475	8.434255103852635	-17.72980061460484	0	0
1.3679600177625986	-3.5327663877499376	7.2702634707166	0	0
-1.5146131260128612	4.9670519445603745	2.9363917166077442	0	0
-0.5467981600438563	0.8411115872293777	2.8559150424653694	0	0
1.7808120924651334	-5.944013459539605	4.226628771556321	0	0
-2.1509260692184142	8.09983891045843	0.6415050431022138	0	0
2.11495735671933	-10.772735718418495	-1.9255438922510848	0	0
-1.7238849803791894	-1.1328230670604853	0.609525877230098	0	0
0.7655912607086321	6.840448367373341	-1.3940659648309435	0	0
0.5968378411330946	-3.8700292785494312	-1.388731049149925	0	0
-1.5365289668774906	-0.14745829400830246	6.2688065487474915	0	0
1.5786178557762156	-2.4212084027150453	-3.955922903638921	0	0
-1.2829790462930717	2.8681815919736806	2.207152712331194	0	0
0.8378173305283383	-2.664402873669175	-5.821643824604692	0	0
-0.2155887575235056	-4.83645557889011	4.754593543591625	0	0
-1.0737259092714808	4.696100727996317	0	0	0
2.006365497572702	-4.320406308018661	0	0	0
-1.2466970876316523	2.8989156992777723	0	0	0
0.9822073426987146	-4.534719550747376	0	0	0
-2.134666723250291	5.8537073204876435	0	0	0
2.5659215257724313	6.168133400095911	0	0	0
-1.7132699392311537	-1.518281696218807	0	0	0
0.8085566621839249	2.6247638183898516	0	0	0
0.3223563736630908	-0.5078835836445208	0	0	0
-1.2086099754760298	-2.4429105184686506	0	0	0
1.6443720907232589	3.039821966256227	0	0	0
-2.031267942160383	-6.213567598996782	0	0	0
1.414470347112335	6.221265195045277	0	0	0
-0.4924426497284671	-0.16814711576581232	0	0	0
-0.6317870497354292	-2.5614724981918755	0	0	0
1.8207985753057017	1.611728035323246	0	0	0
-2.467024652303472	-6.084198936958991	0	0	0
1.9404410592190544	-5.32539827551939	0	0	0
-0.6524006925511969	0.534063704445181	0	0	0
-0.2612661959906575	-0.45021354957645343	0	0	0
1.031465670750059	-3.154733734531007	0	0	0
-0.8666589858806617	1.9754255582081015	0	0	0
-0.22046318231064532	0.7360049829221254	0	0	0
1.4652358817276792	-0.43880277466701045	0	0	0
-2.0043365699877356	2.246378145090155	0	0	0
1.1691367679446856	0.41238188821875355	0	0	0
0.356178620625073	-0.5772710594015891	0	0	0
-0.26426678545634985	1.7507966458735709	0	0	0
-1.0506083024517139	2.6091129057832703	0	0	0
2.65672476584173	2.692581339929788	0	0	0
-3.1282107071243317	-4.382855872955311	0	0	0
2.5727752646878344	4.036830367003397	0	0	0
-2.02839177792314	4.653290243017615	0	0	0
2.2875949747423974	-3.400570088908623	0	0	0
-2.597757348500629	1.4231427407585286	0	0	0
2.548789570743395	-2.6824898222374784	0	0	0
-2.353121984643856	-0.9895736166378697	0	0	0
1.9695629536324404	-0.4668440736838093	0	0	0
-0.9546175674801489	-2.1748192633204084	0	0	0
-0.4042396390948113	-5.737019528323977	0	0	0
0.9331687493129976	-5.814599627140268	0	0	0
-0.7601150637033527	-0.11255885745151772	0	0	0
1.3781535117691206	-2.4787207422018795	0	0	0
-2.0460080817670914	1.5155665140315193	0	0	0
2.5439325582971293	0.910218440485707	0	0	0
-2.9649052616822615	7.31130252989324	0	0	0
2.2168085942951308	-11.172143119541538	0	0	0
-1.428976368729522	-0.7428365981403786	0	0	0
1.7152894204239573	2.755536452253587	0	0	0
-2.3150255129647377	1.341246902820231	0	0	0
1.3175872506835518	-2.6177010571334023	0	0	0
0.08820424396528637	7.6142324792692975	0	0	0
-0.674068660169084	0.1279001983763024	0	0	0
-0.18375534178456832	0.15181708265707528	0	0	0
2.0754348376255507	-1.5353054584023624	0	0	0
-2.6531505089071743	-0.06253432039009255	0	0	0
1.7967908543933362	0.8795282371889783	0	0	0
-0.812029169738949	0.5353527722286131	0	0	0
0.13690425845659604	-0.16518881962398524	0	0	0
-0.18595348021190006	-2.6822771013973465	0	0	0
-0.11876373805140616	2.6004133246513277	0	0	0
0.845128480880696	-0.3822165544279059	0	0	0
-0.6444817008506547	0.08099761744588108	0	0	0
0.41506198098763747	0	0	0	0
-0.05887129296522886	0	0	0	0
-0.254159565969303	0	0	0	0
0.08195489155777125	0	0	0	0
0.6992718301146894	0	0	0	0
-0.3545736109029889	0	0	0	0
-0.24485906132711222	0	0	0	0
0.1494978712811701	0	0	0	0
-0.11813163094397794	0	0	0	0
0.7614703672797276	0	0	0	0
-1.1109620705481689	0	0	0	0
0.5311518113282787	0	0	0	0
0.2503267795182964	0	0	0	0
-0.4910609589891948	0	0	0	0
0.003608646245048419	0	0	0	0
0.5718126070335785	0	0	0	0
-1.266720458692312	0	0	0	0
0.9644796095385999	0	0	0	0
-0.13605640344472647	0	0	0	0
-0.00710982111758085	0	0	0	0
-0.34711252002686166	0	0	0	0
0.7249973051574372	0	0	0	0
-1.2009425889678909	0	0	0	0
1.5438668611334379	0	0	0	0
-0.8402428027854683	0	0	0	0
0.553600532056798	0	0	0	0
-0.7907637397709024	0	0	0	0
-0.443905715347654	0	0	0	0
2.3757510528346444	0	0	0	0
-2.7073681658770568	0	0	0	0
1.6326568591334052	0	0	0	0
-0.7113588537753799	0	0	0	0
0.6516035880748134	0	0	0	0
-0.81201501701414	0	0	0	0
1.3999342309456821	0	0	0	0
-1.421994003771026	0	0	0	0
0.36271946819336165	0	0	0	0
-0.6476883596047358	0	0	0	0
2.0626018429331126	0	0	0	0
-3.0847188615708134	0	0	0	0
3.7607153145366468	0	0	0	0
-3.353961791044348	0	0	0	0
1.8526238078358048	0	0	0	0
-0.34220328895965224	0	0	0	0
-0.047033189404452	0	0	0	0
-0.7709539746462681	0	0	0	0
1.3928042280732953	0	0	0	0
-1.448760367026253	0	0	0	0
1.4084108756413016	0	0	0	0
-0.8011980577511011	0	0	0	0
-0.01414627071043384	0	0	0	0
0.06411485247698323	0	0	0	0
-0.7748028565186189	0	0	0	0
1.9539983169805808	0	0	0	0
-1.753885538325271	0	0	0	0
1.3127376764796566	0	0	0	0
-1.735086237457331	0	0	0	0
1.7560709721146779	0	0	0	0
-1.2027551223873871	0	0	0	0
0.6575003766686791	0	0	0	0
-0.20923405155818386	0	0	0	0
0.19617155265411412	0	0	0	0
0.1879476749018778	0	0	0	0
-0.31557264861609013	0	0	0	0
0.2933431736026364	0	0	0	0
-0.6882270132318169	0	0	0	0
1.4199862033280937	0	0	0	0
-1.09299193441624	0	0	0	0
1.1978559628701007	0	0	0	0
-1.1971022313460509	0	0	0	0
-0.045595542739235384	0	0	0	0
0.6668277144998385	0	0	0	0
-0.5439987783318898	0	0	0	0
0.5510377321659732	0	0	0	0
-0.5858882219782302	0	0	0	0
0.37811161839314167	0	0	0	0
0.006489389855907746	0	0	0	0
-0.28942998633102945	0	0	0	0
-0.29181106112982746	0	0	0	0
0.40139173014446783	0	0	0	0
-0.874860259484521	0	0	0	0
1.4074603137175714	0	0	0	0
-1.2745155755351902	0	0	0	0
0.9063984886128296	0	0	0	0
-0.5712900719350955	0	0	0	0
-0.30848394571175675	0	0	0	0
1.0360382817761433	0	0	0	0
-1.27290518715715	0	0	0	0
0.7964597207472721	0	0	0	0
-0.4058544914147646	0	0	0	0
-0.24393369439360413	0	0	0	0
1.119751670931116	0	0	0	0
-1.0574607917312235	0	0	0	0
0.12237623526198149	0	0	0	0
0.39368624522127504	0	0	0	0
0.1561158540432359	0	0	0	0
-0.6085161663436622	0	0	0	0
-1.0866880918341337	0	0	0	0
2.882553071785317	0	0	0	0
-3.9043158124427038	0	0	0	0
4.106669046292389	0	0	0	0
-3.5593532069841416	0	0	0	0
1.9395633513930335	0	0	0	0
-0.7701042145097219	0	0	0	0
0.5115626609797417	0	0	0	0
-1.3983244465000624	0	0	0	0
2.0128284147500537	0	0	0	0
-1.2614403615988152	0	0	0	0
-0.055813197531648484	0	0	0	0
0.5927038479740148	0	0	0	0
-0.08568015281394281	0	0	0	0
-1.3156712478162262	0	0	0	0
2.155096710934515	0	0	0	0
-2.395283033787372	0	0	0	0
2.2478267897310005	0	0	0	0
-1.553644475393753	0	0	0	0
0.43064580849260636	0	0	0	0
0.12662401874916895	0	0	0	0
-0.31904260236321136	0	0	0	0
0.28500142738127465	0	0	0	0
0.10755637578954236	0	0	0	0
-0.25821510986934726	0	0	0	0
-0.21702393590658176	0	0	0	0
-0.06195087888936257	0	0	0	0
0.3913749675042908	0	0	0	0
-0.11110025808648061	0	0	0	0
