0.15513237287131432	-0.465206882587367	3.1198232802620254	-0.36461546673056944	16329.39408875936
-0.05783324490182906	-0.7936718553171502	10.1871497989803	-1.413444372072803	16330.968138905522
1.2554031620716728	6.626255572464956	0.5678196152030353	3.707826756534388	16329.282201298749
-2.6457146993094156	-1.7245199719912634	-6.13822194133904	13.988308319348945	16329.875077174493
2.994969562129242	-3.7777597197322024	23.75361363716192	-38.5388658735598	16329.160150716112
-2.6224228088693877	1.9672153389585318	-11.7595208614201	29.6361158683314	16338.621881785431
1.9940089993817907	10.745032124032697	-3.762429458337664	-28.913817102120547	16400.813956085636
-1.392655175325153	-3.9458880318592904	-17.415186936582316	217.30980144993993	16448.473893080958
0.83728714249348	21.17029007333553	3.1649150618083723	-114.37172368037129	16477.607715306498
-0.12224814870808132	-7.616699201445705	-1.2667028778302125	-15.025101624535424	16975.71272294248
0.2922518648124779	5.687320056058688	39.51380621034295	10.406589299564018	17406.732474483913
-0.5674347326104581	-8.21120027485599	119.30011346985074	1.9834803137429162	17324.81151838994
-0.8186090301793882	4.930875316198204	-83.63573661845749	4.310307052479942	17337.868126999114
1.974480850194361	4.821313796665997	-5.680001006383463	13.558286370107709	17268.81964962811
-0.005968292901542327	2.676262061230389	0.9688202970756237	-1.0866866287151993	17213.304370528233
-3.4708273477063045	3.264437930932509	-12.501059486134196	-1.707921542236221	17188.4785615321
4.628672628515396	4.88582114085942	2.882266280349171	20.74287453617677	17183.519512989693
-3.8500759635493296	4.236917898558076	-4.568192663700714	-11.309563824496792	17037.928705376085
3.650494786376669	-9.430079064656056	-22.169623239646427	15.278301369705986	16981.18904514262
-2.57570858225764	-54.75200110895846	2.887877549129314	-12.666134201194467	16979.62493106759
0.02166625834841085	40.031880666333244	-0.5491705624724261	-32.41948922361654	16908.670980666324
1.04077755071377	-13.276862703649222	-15.105047194968776	25.110453721384772	16940.66665794329
-0.5122826758734718	0.9094837981555131	18.671472903456916	-0.503912386398099	17014.617479893586
0.5269200031348262	-3.1890741491810104	-0.9799742374678146	0.5312463284026308	16872.517524679395
-0.5706671957219243	-7.783254887152566	7.4110061179969335	-9.065484496408615	16879.153913954404
0.1660625548601118	1.9977562902484465	3.9359834287205615	26.214522740176164	16911.24830694626
0.1066943782270684	-3.718272624695203	9.855192427583617	-22.86853542341045	16950.507757691088
0.2952126208633743	3.163922814952187	15.014627357149948	-4.098944714105201	16950.452137125907
-0.9570172647427455	-2.508376882299757	-16.900044867011886	11.91259051548991	16956.819556477436
1.5250143282069075	-1.7431089519893277	-15.34976235296773	-3.3906982961934062	16932.51206829051
-1.3965248203785592	1.1200597871456353	-5.906079324724246	7.645203717927316	16872.416317228242
0.4713994386402689	-2.378699760895202	1.3607034449127582	9.467045986898	16851.822688785418
0.9319533420794315	3.904978201807211	-14.201218666830385	13.43493640144247	16785.426492559694
-0.4706015818218958	-0.8496178776268266	10.943015325161213	32.12684656234046	16802.855995093993
-2.3673617914722342	4.526211920810567	-14.469124076406487	-44.174848971211844	16804.756297115353
3.7378985046271183	9.799100968636225	-4.373738203945152	14.213755268163752	16762.995272289118
-9.319744445588213	-0.7472334803294416	13.440046905042564	32.72365140614144	16744.74100053422
23.13039499660171	1.8031169512781844	-9.809183079338965	-50.83367597657855	16621.077535276356
-25.68671818353213	2.662472139468491	7.8956880871294	0	0
12.290799840186537	-0.5863741681789065	0.3775347650441745	0	0
-1.863361462292744	13.403852036469843	-7.613675939433847	0	0
-1.9013890296495006	9.85741203400515	6.590638567648682	0	0
2.572656524218054	-0.2201495239437179	-5.029719556171926	0	0
-0.9575412458407371	-10.914494734310097	4.461273882221903	0	0
-0.3315182267341825	5.419314106058863	9.657854801449687	0	0
-0.15675322181326123	-5.394373450259138	1.6260406099257807	0	0
0.5037855799550996	4.20632572738603	-8.886490940893964	0	0
0.7171186695399356	8.30479155952483	0.9997262187793723	0	0
-1.4015103674900047	5.268709191965044	-1.5943555965246787	0	0
0.25932819389260686	-3.0097734250384747	-1.660167806545573	0	0
0.753567313260028	9.248629877564312	1.2266555600370879	0	0
-0.5145140480097439	-4.210287567104956	-4.103047323609388	0	0
0.2196678681524844	8.012828918809802	2.068617928200453	0	0
-1.24410300523013	-0.6376624475642672	-14.995802073876973	0	0
2.16445147644216	2.0375100722615187	11.719593113752552	0	0
-1.16464557034719	-4.765050698221195	-3.1040613841171734	0	0
0.11672036296600652	10.028320760871104	3.6268585340559554	0	0
0.6474675887436447	-11.962590471819084	1.0709163008804268	0	0
-0.4582443834881005	11.252787364203122	-9.77118639438774	0	0
0.5126740469649889	-5.260981947964879	6.174461034076401	0	0
-1.2879359923098193	-10.072948588826286	10.601308302914504	0	0
1.0970441144990772	-1.3751648312080462	5.847053451145314	0	0
-0.09736103990685052	-4.375186723078059	12.507750153131823	0	0
0.21671692562568268	1.9039297504609394	-15.701691482410055	0	0
-1.57307724778925	4.493578697882718	18.05621895458873	0	0
1.799468490036098	-8.090844925435555	-24.887075437751392	0	0
-1.5581272462190228	8.819716068628345	12.644637109646268	0	0
1.947080582401611	1.4840606160772438	-5.979585837625095	0	0
-1.510431733019736	-3.3980268302867955	18.192163573511706	0	0
-0.4130063559730175	3.4005563205799447	-19.261249395318572	0	0
1.416934982230785	-4.546776066356038	0	0	0
-0.7948050930942827	0.819639183342133	0	0	0
-0.2574733930775608	-3.5510829398116215	0	0	0
0.9975562254584318	-2.066427828530493	0	0	0
-1.4532497764376373	-2.7993470737201775	0	0	0
1.936822290278613	-0.27310723682273874	0	0	0
-2.820783374793656	-11.200977311077693	0	0	0
2.584566990748769	4.611046811021495	0	0	0
-1.3763416025262103	3.2915724513543054	0	0	0
0.6240690667109234	-8.110205209980116	0	0	0
-0.07673953585966586	-6.4787264534234055	0	0	0
-0.6621169077987261	-4.698654319188151	0	0	0
1.02024582199261	0.5063879120418733	0	0	0
-1.8605723876542513	-8.174900514170034	0	0	0
1.0905519380619637	11.283377998394727	0	0	0
0.9041710336944035	6.0962869812284595	0	0	0
-1.212869374445667	4.210013128230891	0	0	0
0.2682728242537138	-2.211584668937874	0	0	0
-0.2070924260872431	5.029430107707213	0	0	0
1.2813849682636231	5.150267184432067	0	0	0
-2.100987198505919	0.054707501533385994	0	0	0
1.0463427502431344	-7.533385639250568	0	0	0
0.6333970498284316	1.3477803895544085	0	0	0
-2.057557612399549	3.1500302246967564	0	0	0
2.7279799508259828	-4.537110979359795	0	0	0
-3.01952547219571	-0.47884755846635585	0	0	0
1.7195755168110978	7.15812569929782	0	0	0
0.22612135386151522	-5.6738484579597	0	0	0
-1.6880914093178916	1.339078441943677	0	0	0
1.5027826708479424	2.60479044662992	0	0	0
-2.1166284075816364	0.7907253098568674	0	0	0
4.621303255261893	-3.441171930263529	0	0	0
-5.552579734754815	-4.704076797796411	0	0	0
3.0651596749602845	1.1903257188398229	0	0	0
-0.6266099652880115	1.1279992571664437	0	0	0
-0.03540116622677658	-10.950253668428282	0	0	0
0.12227602631828205	-0.01058662894295992	0	0	0
2.1365694799097525	-9.042945512107792	0	0	0
-5.2479369755338325	6.342476449109093	0	0	0
4.423297982246993	-3.7051363913922373	0	0	0
0.028608696418437773	11.918050527975637	0	0	0
-2.4384506063296882	-0.7720777874222904	0	0	0
1.219219447900855	7.2740351186140515	0	0	0
0.18821956286462438	-1.0654590127220658	0	0	0
0.6397768855658015	-6.740470445728391	0	0	0
-1.7892291246583838	5.96925594847427	0	0	0
2.133178199028862	-3.0705654008603105	0	0	0
-1.921283673863286	-0.1260108551520318	0	0	0
1.2022801958544989	0.3629021941706867	0	0	0
0.006976183334053587	7.136329778024447	0	0	0
-0.7689567881523303	-5.446786288155842	0	0	0
0.7152394877281409	-1.514941892066389	0	0	0
-0.8433160523327388	3.3525650054477936	0	0	0
1.8372910329764522	3.887415416457209	0	0	0
-1.8816019851849433	-1.18934193237871	0	0	0
0.5819052283663666	-7.080612761526673	0	0	0
1.1503480339535557	8.148290028429166	0	0	0
-1.7008315204484248	-13.766767502377938	0	0	0
-0.038645850615367294	0.28251695055721626	0	0	0
1.9777057651172	4.325213200451664	0	0	0
-2.051080582310682	-5.016342106316074	0	0	0
1.7251676203494455	6.369694916462905	0	0	0
-1.5377510087100106	8.455191431481346	0	0	0
1.2328008462845972	0	0	0	0
-1.4547118995903432	0	0	0	0
1.4592233170378819	0	0	0	0
-0.14617426438910996	0	0	0	0
-1.0720889843502377	0	0	0	0
1.571780158867881	0	0	0	0
-1.5126128257599163	0	0	0	0
0.89899522010937	0	0	0	0
-0.567167623038678	0	0	0	0
0.5294173798692867	0	0	0	0
-0.9606460743107093	0	0	0	0
1.754350643346669	0	0	0	0
-1.5756622927167925	0	0	0	0
0.13024419923050345	0	0	0	0
0.5177947043327507	0	0	0	0
-0.08219705441305791	0	0	0	0
-0.3108528513960991	0	0	0	0
-0.4218349830934116	0	0	0	0
2.0904362578506266	0	0	0	0
-2.5508797937535803	0	0	0	0
0.9477400172841257	0	0	0	0
1.1718477671745404	0	0	0	0
-2.3625502114456154	0	0	0	0
2.647337837837668	0	0	0	0
-1.9187726011438784	0	0	0	0
0.7834885078590474	0	0	0	0
0.025709019542318856	0	0	0	0
-0.714104642077416	0	0	0	0
0.5836182796838543	0	0	0	0
0.9472914986679086	0	0	0	0
-1.1553870964441018	0	0	0	0
-1.0903249526959016	0	0	0	0
4.097173914933691	0	0	0	0
-5.709189014730548	0	0	0	0
4.443801560171927	0	0	0	0
-2.298286920210103	0	0	0	0
1.3427800651969122	0	0	0	0
-0.18194970620329087	0	0	0	0
-1.059061276733054	0	0	0	0
1.4436647309617996	0	0	0	0
-0.8415150979517563	0	0	0	0
0.4348473090974423	0	0	0	0
-1.1661637863308485	0	0	0	0
2.4710863197841775	0	0	0	0
-4.257147720678745	0	0	0	0
5.705489541435057	0	0	0	0
-5.644731353008325	0	0	0	0
4.219950532038993	0	0	0	0
-2.759745841032249	0	0	0	0
1.9660083395462848	0	0	0	0
-2.2784995602954936	0	0	0	0
2.967283818499581	0	0	0	0
-3.985972951921603	0	0	0	0
3.4088388415557276	0	0	0	0
-1.2274649678464655	0	0	0	0
-0.8565252757042927	0	0	0	0
2.248123464543383	0	0	0	0
-1.7435012348415313	0	0	0	0
1.0702034006980128	0	0	0	0
-1.745821718568692	0	0	0	0
3.7749470593859584	0	0	0	0
-4.952147906956689	0	0	0	0
4.916390235931743	0	0	0	0
-4.153939088634942	0	0	0	0
2.289389858926313	0	0	0	0
-0.5045305760996968	0	0	0	0
-0.09105716925338925	0	0	0	0
-0.3071797853971603	0	0	0	0
1.1505590078417356	0	0	0	0
-2.74804743993581	0	0	0	0
3.681597605797897	0	0	0	0
-3.9550753596894523	0	0	0	0
1.6285158051836817	0	0	0	0
1.9928029385088948	0	0	0	0
-3.4106640960902794	0	0	0	0
2.9605999527946523	0	0	0	0
-2.0165200188767045	0	0	0	0
1.5465181061588353	0	0	0	0
-1.8644935222615615	0	0	0	0
1.173463371253483	0	0	0	0
0.5670889103068362	0	0	0	0
-0.9202858762371804	0	0	0	0
0.7353714805844405	0	0	0	0
-1.4387448153129156	0	0	0	0
2.501577698558499	0	0	0	0
-1.9289922526098096	0	0	0	0
-0.07618171222161862	0	0	0	0
1.3634887762408425	0	0	0	0
-1.8587153801562835	0	0	0	0
3.121994562190828	0	0	0	0
-4.536320347893678	0	0	0	0
4.391213084958274	0	0	0	0
-3.440468881151382	0	0	0	0
1.6849448926789563	0	0	0	0
0.014474651414701611	0	0	0	0
0.3260749625203516	0	0	0	0
-2.188769685170584	0	0	0	0
2.9419612935196184	0	0	0	0
-2.8109961081963206	0	0	0	0
1.9802832605948737	0	0	0	0
-0.3515326150897664	0	0	0	0
-1.4330205487984102	0	0	0	0
0.8970109958793557	0	0	0	0
1.7359758173676454	0	0	0	0
-3.2048965912295415	0	0	0	0
2.4881954783486506	0	0	0	0
-1.689155808343024	0	0	0	0
1.16623582450422	0	0	0	0
0.09497335619908398	0	0	0	0
-0.694407919519108	0	0	0	0
-0.36832052059393305	0	0	0	0
1.6799103932615367	0	0	0	0
-2.460856384698914	0	0	0	0
3.1502353653382116	0	0	0	0
-1.9177380991404718	0	0	0	0
-0.006578358947251672	0	0	0	0
1.2431771036463957	0	0	0	0
-0.1628476653416442	0	0	0	0
-1.8125528526150916	0	0	0	0
1.144846481135204	0	0	0	0
0.24060728176056045	0	0	0	0
-0.7387649249675334	0	0	0	0
0.34868957996850725	0	0	0	0
-0.2188937081050426	0	0	0	0
0.05894178361496216	0	0	0	0
0.48688096785195967	0	0	0	0
