0.04579703895789322	-2.2321865825637843	-0.1951778993975779	0.3036038434518957	17550.691424896493
0.4959354965373066	-7.245751417204261	-0.33881422984293863	1.0533331722629384	17551.46527052071
-1.2127794176159767	0.8731407750606195	2.2780063670883237	2.2745372027374344	17551.04410812758
0.7904914922543895	1.7855203419851762	-0.6267123181714709	-7.5499722340213395	17550.570369902707
0.03531215840870061	-3.9565895625201506	5.921470234328183	1.2631314119658725	17554.906638430595
-0.17358654387241756	0.0963664767598118	-1.3904463514561485	-3.7592257331347128	17537.727762908115
-1.0552628953609116	2.470450266537455	1.634764786033898	-0.35599637917309224	17473.233425436043
2.0056882482761793	-2.4390689143080095	1.5475029085712464	-3.275038731436638	17401.584670336204
-1.8664717924421907	1.6332874879648642	-0.13398994143238951	-3.2466817679447217	17310.40824284213
1.7644153663346245	-4.46220930774021	-1.39063362309561	5.843144961927578	17215.203615220955
-1.4111238578146654	-0.3365724907872476	-7.866837246905206	-1.54672394763017	17125.942978497485
0.9906110043340846	3.45659368631091	-1.9236747812788195	1.9194764433995886	17036.5314031009
-1.8240387371940798	-2.4211939138429273	-1.1910496967678057	0.8826521263276277	16967.108936750774
2.9282087725443304	-4.283317292845993	-1.803900207607768	-4.963582124692579	16869.568781738097
-3.0095597636125717	-5.141595676000065	-2.947680986635362	-1.8881723293247603	16808.25938583184
2.4070732488642648	0.5210950795564884	9.813756610527932	-1.8471337224572153	16748.538943694686
-2.246791630053295	-2.210091284994178	-5.982706700801316	3.9671663522830727	16688.514020952018
2.603714017104366	4.094081181170907	3.14701952247043	4.751635044295469	16645.107641494094
-2.718387164448508	-1.8473931733117865	1.5405551350852846	4.884029375077503	16606.02093243393
2.4671493883322952	3.991980600355788	4.312804640562504	1.7273607982871795	16579.993322508384
-1.804948634196279	2.8346455849062693	2.022275851274699	0.6655127594666794	16561.896912737368
1.2111349946834196	-0.42376679146561	1.7387347952522276	1.087372353787174	16530.956273031967
-1.0369027151403785	1.4816446756534987	0.7344464416299417	2.271806239915037	16502.399463608945
0.8630141296201614	1.0901911450298343	4.87983901086686	13.613029679771515	16497.507750625995
-0.34817032144007953	0.6182942615711795	-8.533197066779692	-0.20230210170741714	16491.725446677705
-0.22419856955058748	-3.5636204250980086	-4.286658531163326	1.685915194092118	16500.80054591831
0.27424625812098924	-3.1705512044874524	1.8893721310579537	5.429488273765912	16522.352465744272
0.06639143487969079	-1.9565345080252428	-4.629320870825353	-1.7976433159859369	16531.88787101203
0.39886560618884204	0.05321816071405294	-3.531438212528059	0.9620932127063355	16527.130654913955
-0.6998191115794157	-5.260956157371723	1.0425964497299844	9.559439642385627	16528.554853784455
0.7355642869917673	3.273175557153351	-6.25586860691881	2.501571451959663	16528.409165441226
-0.8686162022812454	0.661295283124069	-3.1406534614846464	-4.796798596777776	16535.721581162907
1.619724969819977	-2.432920047284206	-4.879570787472829	-0.21564520247254393	16573.889643554776
-3.1004967616537584	3.17890939341909	4.509095961788589	-1.6354332386596866	16583.49367834634
3.835117409767946	-3.178174951437626	1.8840913745680723	-1.3315112331785315	16592.929299952084
-2.872680303137976	0.8386198446906405	-1.4214532110735831	0.7725964786377659	16634.431606088143
2.069240748772046	-1.754621240470648	-1.834196590600925	1.0310301286691157	16646.404216587667
-1.82402992354033	-0.514162393439463	2.3961969150754214	1.2121086039866213	16643.223330537836
1.8302626735729959	0.6316814826767114	1.7355584568011722	0	0
-1.9080164965943638	-0.10288915852419223	-4.004964205161528	0	0
1.6733721752694706	1.4031899424181873	2.6258905513223993	0	0
-1.8983132686792814	-1.9988987864191827	0.7195164349760859	0	0
2.6200929155813952	2.599669484279289	3.3942676486224883	0	0
-2.761652903478719	6.258148663135287	-3.148331991619159	0	0
1.9910958125669111	-0.8785888208551569	6.0561575544397925	0	0
-1.5694067335236284	4.921985669126464	2.517494651210896	0	0
1.3032424954587754	-0.5265683471732032	-1.3105398527636254	0	0
-0.6839330079991655	1.4106337205555874	-4.797657768551289	0	0
0.06804050215489355	-3.860227566129332	0.059187029591640794	0	0
-0.0744844496853645	3.9966128568566788	5.11676030235391	0	0
0.40174647298579913	-8.471921984658621	-3.774475128187575	0	0
-0.6696915952145233	0.4173026833369846	-3.9724581028957147	0	0
0.8933537683158548	-6.229498011108227	-2.0253490489026404	0	0
-0.9350682595758073	0.8455045959692526	-0.3677600415909694	0	0
1.1109644906560305	-3.8739899179368393	3.270283909147267	0	0
-1.646120288713604	4.398798219396532	-0.8606176561084311	0	0
1.5695341470661788	-6.301391304524515	1.9706637957319373	0	0
-0.7644705983374891	0.7639604988737432	1.9584970573963432	0	0
-0.07161237435784784	-2.5724423976057764	0.8070752701953836	0	0
0.2308768623734565	1.3213298547476882	0.10331369020610737	0	0
-0.22871301212347817	-1.212798791338507	1.6941529403139697	0	0
0.4866490748018606	0.8026686620190873	1.7221670444453139	0	0
-1.1103736158027502	-2.94458368267955	3.4700218616494283	0	0
1.0693953521331068	-0.4640260853444289	-2.5035312954351667	0	0
0.07257322093789043	3.7335595719596313	-2.128776404800064	0	0
-1.3950735964289223	5.16686617628843	0.9741259663735207	0	0
2.0598364205013127	-0.002271565592366187	-0.021130410722264514	0	0
-2.5590745890622486	3.1119129198638475	-0.15891819364797755	0	0
2.4852554232179855	-7.754478866085428	-0.0902556033019124	0	0
-2.1174589985121983	0.4608282563745689	2.578397932269837	0	0
1.7602885070347156	-1.7735869990727622	0	0	0
-2.1365832311291086	-0.20646971878832687	0	0	0
2.1493442188711143	4.423696384375148	0	0	0
-1.5133883000326662	-1.4715712153585585	0	0	0
0.37317547679081997	-5.34418118150419	0	0	0
0.30540203243018027	-1.8021974306432824	0	0	0
-0.37136434534755836	-0.42071449907323455	0	0	0
-0.09936675906569548	0.8567498929791668	0	0	0
0.27293682992150536	3.4957724469517544	0	0	0
0.3026079985839658	3.4909359435553924	0	0	0
-1.6440932251765759	-2.76736780157821	0	0	0
3.1816585619714814	4.964573518500565	0	0	0
-3.75992570192701	0.26297821638995345	0	0	0
2.9998186836212426	-3.129773227017438	0	0	0
-1.2021568405458751	1.741525262611077	0	0	0
0.07926185113657169	-0.08059817671143321	0	0	0
-0.6498564620192511	-1.0117448755406429	0	0	0
1.1780007259858252	0.8410948613466331	0	0	0
-1.17482784020131	-3.822976330869359	0	0	0
1.3711698784886508	-1.6946274179077534	0	0	0
-1.666660901541043	-4.763001142596835	0	0	0
2.666815916395919	0.7252421364759485	0	0	0
-3.06079716036934	-1.7808468299081426	0	0	0
2.7707735299539777	3.7112207647306406	0	0	0
-2.6177806095769327	-0.0047622188721945236	0	0	0
3.1077821284253417	1.4628151419808475	0	0	0
-2.887951507338478	-2.9714453478701586	0	0	0
1.7232896765272585	0.9455018519508585	0	0	0
-0.8576535586389866	-0.37985924601193943	0	0	0
0.4760872135695493	-0.6117621590953419	0	0	0
0.2888810876664252	-0.98349844035085	0	0	0
-1.0029542283839703	1.139145894241821	0	0	0
0.4024568205846393	-1.2691991769127497	0	0	0
0.9089301051154592	4.32865580156318	0	0	0
-1.351257769847571	0.07676242003373801	0	0	0
0.3458556996038453	-1.4615015591348595	0	0	0
0.4524451747369511	3.2565853391746202	0	0	0
-0.559706339582533	-2.114567129328158	0	0	0
1.3482298779416908	3.8774158643971717	0	0	0
-2.165151047816508	-3.4279171070005106	0	0	0
1.4832801410110434	-1.5321470313940182	0	0	0
-0.11790730661377324	-5.801802788907644	0	0	0
-0.4096628312540247	-2.5892915429472936	0	0	0
-0.006803708899319361	1.2361079708267795	0	0	0
0.47958920398799876	0.4431660996167892	0	0	0
-0.2391346714304703	-1.039328060739713	0	0	0
0.11002523562643773	4.277828390982279	0	0	0
-0.42402183340011135	0.804936243958366	0	0	0
0.7380644429888932	-4.169353773836029	0	0	0
-0.7110833791921181	1.275648206899639	0	0	0
0.9755840990803222	-1.8719610242543254	0	0	0
-1.3819492337068553	0.6442560807660769	0	0	0
1.4730561608165402	-1.802790075443312	0	0	0
-0.4784987438038897	2.6520434853757493	0	0	0
-1.0764236846761364	-1.8897848869629144	0	0	0
2.028018729424616	-1.1851885389381636	0	0	0
-2.658238623402177	-1.365733333464064	0	0	0
2.6157372823846146	0.7312978745753824	0	0	0
-2.1077486777448797	-0.47242462808331	0	0	0
1.0929429068132563	0.35723679462468283	0	0	0
-0.61316871223449	-0.2532370585747046	0	0	0
-0.058412072739713494	0.21549025202577354	0	0	0
0.9285127488019782	-0.26569894893741974	0	0	0
-1.3576089898280514	0	0	0	0
0.4524579196579026	0	0	0	0
0.5228539537244714	0	0	0	0
-1.149579093619998	0	0	0	0
0.7464577795084324	0	0	0	0
-0.7950380364445806	0	0	0	0
1.3405223827989445	0	0	0	0
-1.8006987797466607	0	0	0	0
1.961111657809873	0	0	0	0
-1.7398329941531756	0	0	0	0
0.7053863789491075	0	0	0	0
0.5111320237849597	0	0	0	0
-0.950070946043617	0	0	0	0
0.9704501104403249	0	0	0	0
-0.8474350814016276	0	0	0	0
0.22115335563550076	0	0	0	0
0.38655387422914345	0	0	0	0
-0.5675746148072349	0	0	0	0
0.5175613377907169	0	0	0	0
-0.5650948666805249	0	0	0	0
0.14584949474483722	0	0	0	0
0.2980493148949961	0	0	0	0
-0.6371192676370541	0	0	0	0
0.8715937597903007	0	0	0	0
-0.44169115991505237	0	0	0	0
-0.5192259880747443	0	0	0	0
0.9656303551693668	0	0	0	0
0.070206299545994	0	0	0	0
-1.670599919671652	0	0	0	0
2.3912838775674956	0	0	0	0
-2.254619746064492	0	0	0	0
1.6216710718976515	0	0	0	0
-0.8649185698034145	0	0	0	0
0.3613761856123645	0	0	0	0
0.08834968680115196	0	0	0	0
-0.6850412205764655	0	0	0	0
1.707636465339938	0	0	0	0
-2.554798338891608	0	0	0	0
2.147565913220795	0	0	0	0
-1.100629634786209	0	0	0	0
0.9156034403910382	0	0	0	0
-1.0284897919850664	0	0	0	0
0.6760802667294996	0	0	0	0
-0.21994749504342792	0	0	0	0
0.24722939183491377	0	0	0	0
-0.8486191520090358	0	0	0	0
1.5341761524517494	0	0	0	0
-1.6418071823629106	0	0	0	0
0.8171868871203003	0	0	0	0
-0.29210362294205083	0	0	0	0
0.6562395830613355	0	0	0	0
-0.9434598442736615	0	0	0	0
0.36517217965175774	0	0	0	0
0.12955958960316138	0	0	0	0
-0.6974145868192849	0	0	0	0
1.9940790720474553	0	0	0	0
-3.3290026855005337	0	0	0	0
3.537953273835683	0	0	0	0
-3.1834248089391792	0	0	0	0
2.591887254140673	0	0	0	0
-1.8386668408247502	0	0	0	0
1.227027403463623	0	0	0	0
-0.7598882181288644	0	0	0	0
0.7086314630537629	0	0	0	0
-0.6090502610258355	0	0	0	0
0.5577127967048128	0	0	0	0
-0.18386058274091965	0	0	0	0
0.1289597017908619	0	0	0	0
-0.37643217243600446	0	0	0	0
0.6031328612242817	0	0	0	0
-0.3195441475875782	0	0	0	0
0.386865329424225	0	0	0	0
-1.0557124805513851	0	0	0	0
1.751821290661347	0	0	0	0
-1.6373100221692383	0	0	0	0
0.9058702510346279	0	0	0	0
-0.14685867424221044	0	0	0	0
-0.053371278510681464	0	0	0	0
-0.029793556854457393	0	0	0	0
-0.6924460768628791	0	0	0	0
1.678014463581441	0	0	0	0
-1.4842119908649423	0	0	0	0
0.9221881107982526	0	0	0	0
-0.42823597040772654	0	0	0	0
-0.01596063123493252	0	0	0	0
-0.11345893129983864	0	0	0	0
0.05561500999937152	0	0	0	0
0.22702893641613286	0	0	0	0
0.4124243464559001	0	0	0	0
-0.5021506719445199	0	0	0	0
-0.034506204801196816	0	0	0	0
0.8170748948135582	0	0	0	0
-1.1799495085074838	0	0	0	0
1.007951501021168	0	0	0	0
-0.5819168762954376	0	0	0	0
0.09576405933253795	0	0	0	0
0.30982946116143495	0	0	0	0
0.46801960147631405	0	0	0	0
-1.6455417383088005	0	0	0	0
2.2815617907164167	0	0	0	0
-1.4972550971618261	0	0	0	0
-0.003675511557510447	0	0	0	0
1.010571687496757	0	0	0	0
-1.071662468182403	0	0	0	0
0.47876151531508526	0	0	0	0
-0.02716354645257013	0	0	0	0
0.4797892985356711	0	0	0	0
-0.05201143451255774	0	0	0	0
-0.2118936075912501	0	0	0	0
0.3513029385157438	0	0	0	0
-0.7015485593898916	0	0	0	0
1.511073265495284	0	0	0	0
-1.741735799305097	0	0	0	0
1.4027623401031946	0	0	0	0
-0.36729817611959703	0	0	0	0
-0.4170789241192665	0	0	0	0
0.7157952404456793	0	0	0	0
-0.958470855897886	0	0	0	0
0.9198375969601926	0	0	0	0
-0.7063442108319364	0	0	0	0
0.38975202299094747	0	0	0	0
-0.17664453335711983	0	0	0	0
0.06288953893011495	0	0	0	0
-0.018758873274407506	0	0	0	0
0.0016599611351821864	0	0	0	0
0.08390224967137527	0	0	0	0
