0.02406709597594414	-0.7314402697786946	-1.4698906219431365	0.27367148179992284	16903.410253755876
0.24675387474041344	-2.6412628180007545	-4.650683312043981	1.034897180927743	16903.5052660542
-1.1949965665761297	-1.9144605256859606	0.9919721081347461	1.728113185484517	16904.12906566508
1.7117882682612375	2.6557212581028935	-0.4882893928997305	1.0947624566230871	16903.517663455204
-1.4623020655231471	0.3287410657494476	0.17355197581478876	-0.5436691248919772	16904.087719562158
0.8488100056856496	-2.90322481315426	-2.502712624335942	0.7815895890916096	16901.656789933306
0.22734536340233547	-0.08226824206001737	2.3168535254893357	-0.7259780817191483	16902.53223175951
-0.9532713231794858	-0.9246114758162847	1.0861486784051522	2.2286270235822627	16904.7107651215
0.5550466989188649	-0.06041643519555606	-0.6774518415894164	-0.2861822937576619	16910.258920841887
0.14991822925819775	1.5956068310798983	0.7589195993871414	1.012183749509603	16912.546718089874
-0.3831861091705093	-2.0195245683993264	0.6051003158136865	1.4494161861436368	16911.536864144284
0.35836481734364867	-2.1265247453232448	4.756359759328433	-2.2442091176733925	16912.158507903958
-0.04229445859669312	-1.4176797555190817	0.6897517540161004	-1.5894136955558622	16909.67175317768
-0.5183608978333041	-1.5649637271669832	2.0476192310094348	-0.010745107761991335	16906.88297289826
1.0121213761012413	-1.4889747581449129	-2.000923618399966	0.697376524667888	16910.538077806163
-0.5383076280989911	0.33937569563700265	-1.102331150847462	2.099945854929416	16912.11747385405
0.10133685368159462	-0.7823371534909853	1.8234042438324707	-0.1608937489743738	16906.645243537045
0.0671083738602789	1.4467063521274284	-4.214343932985258	-0.732162048927691	16911.12122349957
-0.14083029756242382	1.4423968503386249	1.3191363060536077	0.4990225836470046	16907.753063089676
0.009742959817295116	-2.6633109777697754	-0.7531639188164121	1.3000842815392843	16902.480437108596
0.700283314233836	0.6486450905971068	-1.104569294744806	-4.675485434995423	16899.532421851196
-1.1435946624106919	-1.483871130439006	-0.188671670470697	2.383755832920116	16900.93023519938
1.379295029298973	-0.06972775646136853	-1.953025259322672	6.111872439759139	16901.460794097882
-1.3930569918592823	-1.4027866116749834	-3.5740931636614164	0.4159662315487793	16897.017864798396
1.4707925039270222	-0.07274080650811499	-3.4139659474457034	0.8721459782107246	16891.93805118711
-1.3097172820053373	-0.34078048340987266	-0.01611448089182943	2.79404474150121	16887.192982147666
0.6543292189915775	-0.3116728315344943	1.1894131793244753	0.38945909030528014	16887.95877063347
-0.40988093700566	-0.06958445374215216	-1.7858909030943266	-0.44605502524656515	16886.52396156276
0.4632748742570527	-0.4029721496036913	-0.060787476319447364	-0.7872134041247136	16880.47924632466
-0.25125960021575366	-1.9064965137241217	0.5046652441950243	-2.882554110844893	16883.31326274996
0.09403778468806223	-1.0693330528931284	-1.137948758656691	-1.1202696151417229	16884.86032827472
-0.3174175218002162	-1.0685911572521007	-1.7620749115117178	0.5558695694480207	16883.768652319446
0.5115549904038659	0.5164028226899546	-3.494394860029061	4.385192241922752	16881.046883402498
-0.9468415214867179	-1.995766939034894	-1.877322880536056	2.471536944194895	16887.82217549806
1.4121426583464114	0.6098671207649389	-3.4153017564896544	-1.4585624528333199	16891.829159561577
-1.8538018494172093	-0.6812088656408548	-2.923788845888893	0.5756619144408432	16894.113692251867
1.640204057123114	-2.041371198879979	-0.8015519573680621	0.5211855719179681	16891.32943242242
-0.7836986251572426	-0.9324769849374377	-0.5046340494743333	-4.18399473153238	16887.195029527196
0.6187386018553411	-0.17172956967188213	0.6219190890176947	0	0
-0.7305038290629184	-1.5608219517408841	-4.328272857208859	0	0
0.5881386390846686	2.5907980645203352	-3.9856677921195285	0	0
-0.20805278300780827	0.5658441426189711	-2.682428805718743	0	0
0.2501471536412794	-0.7732743912973561	-1.5364432592473065	0	0
-0.2860042024378515	1.1325910699846773	-1.1303222497631111	0	0
0.38700532794956644	0.37379488190340027	-0.9612877436356655	0	0
-0.21107343136086598	-1.761384760186985	-1.9186397378018825	0	0
-0.004239766610318441	0.3491675023332945	-1.2467479501470535	0	0
-0.012448039340853256	3.5573926448358435	1.0688455125098528	0	0
0.6384579646749415	0.8982953271026872	-2.5049450226226213	0	0
-0.8353172652083671	1.0979903881425344	-0.7493640982618501	0	0
0.5369887950404006	0.38279112626891276	-1.1098780340893768	0	0
0.04415842185966312	-1.6310712953302797	0.29797594366813485	0	0
-0.35518053532505434	-0.40336038587192746	-0.2415910512175543	0	0
0.14359651222888914	-0.08648845513855008	3.349476340767964	0	0
0.17036568045697464	-0.18595786372712553	-3.2103255362232233	0	0
-0.5487458305785466	-1.2484893684376033	-0.4660482569429121	0	0
0.45988319509708475	1.7251647876111562	-0.8040676137032534	0	0
-0.15040375636650793	-1.4679903247157426	-2.1834932911126828	0	0
-0.047988967606592325	1.9857509648633425	-2.655438712351568	0	0
-0.3400256119121252	-0.9864910238289184	-3.385355512669875	0	0
0.47654645569002696	0.9971966670398658	-0.7817714983270179	0	0
-0.4390607077309099	-2.7935377469498093	-0.898046395389585	0	0
0.7932948818092243	-1.4927596690238047	-2.8792039855405562	0	0
-0.7123885590159773	-1.7565348388628337	4.860168520978718	0	0
0.21095920849168692	1.4742943106520414	4.12827929939138	0	0
-0.037956531716744735	-1.5285795390579011	-0.31278675412693246	0	0
0.12958304976073265	2.7913283321359827	0.24180817687818035	0	0
-0.12476813052395386	-0.796198455338569	-0.06335108441933812	0	0
-0.1882697664340185	3.758849221973243	-1.2386887533366036	0	0
0.1192564177278399	-0.31990409756227933	-5.11975837444578	0	0
0.0984517864505392	1.4437510012137338	0	0	0
-0.08925247840764428	2.4012613197833588	0	0	0
0.12608100320925786	-5.383775831342092	0	0	0
-0.01391451696805035	-1.9543854734212829	0	0	0
0.013974715051304543	2.2292345508555655	0	0	0
0.4287320001596555	1.6252432810492365	0	0	0
-0.517980323878696	-1.5455639962839314	0	0	0
0.4851757458985233	3.2497005304178828	0	0	0
-0.46316397261406195	-0.8366071809625453	0	0	0
0.3920488251144647	-1.0607898631822579	0	0	0
-0.2659830212937493	2.5230037825684164	0	0	0
0.3451757977758305	-0.33654470186687746	0	0	0
-0.5062762552093147	-0.5678118283868372	0	0	0
0.48074846846128594	1.5680903873497058	0	0	0
-0.6695789097390445	2.5313836230314664	0	0	0
0.4104417770572226	1.9345372977379967	0	0	0
-0.20271061353528808	1.0826997007378978	0	0	0
0.2368485427600291	-0.4896396016952025	0	0	0
-1.2891857643489004	-0.2021004774736994	0	0	0
1.9399887977308765	-1.140894448205458	0	0	0
-2.2268488700722457	-0.7629978513174862	0	0	0
2.295858422741894	0.4943459400875341	0	0	0
-1.8042541162678916	-2.077807741573764	0	0	0
0.4051092020894487	-3.2197856388555692	0	0	0
0.6659774836868309	3.412796302271694	0	0	0
-1.0163010536413992	-2.0144437118308147	0	0	0
0.6327851010454637	0.14661890221285745	0	0	0
-0.27004439401907376	-0.2681401808037833	0	0	0
0.009879747939173456	0.2658977139640797	0	0	0
0.44298798723182387	0.37536089410373563	0	0	0
-0.741366766400624	-1.7498371418613488	0	0	0
0.6829896805235265	0.5725414618015563	0	0	0
-0.677816714866232	-0.04831340722643063	0	0	0
0.48184252306302966	1.3901717553834132	0	0	0
0.03273988920877713	-0.8211781177022459	0	0	0
-0.5766662951749737	1.3738856084714257	0	0	0
0.7023486100047833	-2.3716049433545408	0	0	0
-0.695876051011453	-0.26522492256445673	0	0	0
0.548747208919238	1.6721920921705191	0	0	0
-0.5350095314108643	-1.8824038320847052	0	0	0
0.7318285091280501	1.0973459634760587	0	0	0
-1.5938718930945512	-0.4275612222151324	0	0	0
1.921432773851862	-0.7070161832975188	0	0	0
-1.8492462495936124	2.0411660965908	0	0	0
2.218343590098385	1.4168325973147873	0	0	0
-2.153839468298834	-1.7107614537175166	0	0	0
1.1712905909281588	-0.9840419013593973	0	0	0
-0.3476161776275717	0.462539227810737	0	0	0
0.16510338059993046	2.6452338751358866	0	0	0
-0.33564388470487927	-5.299179995125094	0	0	0
-0.03782989029455308	-1.4732866133310978	0	0	0
0.12165962335885894	2.3479258741279097	0	0	0
-0.1494860397333042	1.059042530722074	0	0	0
0.7265773662444133	0.7913933988275303	0	0	0
-1.1787705074196992	-4.504395870382382	0	0	0
0.3845673730950665	4.5930137968785445	0	0	0
0.9531914331923304	-0.7706683327617441	0	0	0
-1.5764648331665754	2.9313755806126096	0	0	0
1.6400093800380304	0.4672358542322783	0	0	0
-1.5564284152872503	-0.3733111726344731	0	0	0
1.5964844470459951	0.26771717367642367	0	0	0
-0.9868865923428913	-1.272382286414647	0	0	0
0.12218185771679657	-2.5093689368853944	0	0	0
0.4725787487645263	0	0	0	0
-0.23306330834648747	0	0	0	0
-0.32646421095895306	0	0	0	0
0.4238661037476348	0	0	0	0
-0.12775350323926915	0	0	0	0
-0.7574460616648224	0	0	0	0
1.285265365359777	0	0	0	0
-1.2484751564806302	0	0	0	0
0.8901257169793766	0	0	0	0
-0.6506683710413057	0	0	0	0
0.748001244540454	0	0	0	0
-0.9954696374919578	0	0	0	0
1.1214992020118189	0	0	0	0
-0.6275351364973929	0	0	0	0
0.24598702672963668	0	0	0	0
-0.23666741026048754	0	0	0	0
0.3578030762180404	0	0	0	0
-0.6995382658897356	0	0	0	0
1.7958791571243324	0	0	0	0
-2.0481303590171223	0	0	0	0
0.9842002930615692	0	0	0	0
0.06330772213066638	0	0	0	0
0.2746139449304863	0	0	0	0
-0.8041955142580122	0	0	0	0
0.9452748730722718	0	0	0	0
-0.6740673501843233	0	0	0	0
0.5911311436809541	0	0	0	0
-0.7028943270666588	0	0	0	0
0.8166080600426895	0	0	0	0
-1.1725698762854222	0	0	0	0
1.0676444076479683	0	0	0	0
-0.6346672513086915	0	0	0	0
0.14618820565558366	0	0	0	0
0.2820890357832937	0	0	0	0
-0.40962054269066783	0	0	0	0
0.02008825289209426	0	0	0	0
0.1255269323288104	0	0	0	0
0.0976854755331047	0	0	0	0
-0.33921346520706663	0	0	0	0
0.2955378322307851	0	0	0	0
-0.385303645286065	0	0	0	0
0.6790176908574921	0	0	0	0
-0.5591197596513027	0	0	0	0
-0.1044783202828512	0	0	0	0
0.36582992389656965	0	0	0	0
-0.3848172243878665	0	0	0	0
0.3324163245541456	0	0	0	0
0.27150049406444055	0	0	0	0
-1.0200804481466577	0	0	0	0
1.0478795141123953	0	0	0	0
-0.12426072497368068	0	0	0	0
-0.9683161158857132	0	0	0	0
1.1889032614241088	0	0	0	0
-0.8145471736952885	0	0	0	0
0.4603131845153854	0	0	0	0
-0.43983763124516173	0	0	0	0
1.1754617753179915	0	0	0	0
-1.0718432306480281	0	0	0	0
0.33521970366656717	0	0	0	0
0.6332215342209011	0	0	0	0
-1.1932623275652574	0	0	0	0
1.1995877362762855	0	0	0	0
-0.7220937988548641	0	0	0	0
-0.10278358868209381	0	0	0	0
0.858191665778989	0	0	0	0
-1.1170429139340499	0	0	0	0
1.0397932946164303	0	0	0	0
-1.1063383445210278	0	0	0	0
0.7409532556324834	0	0	0	0
-0.4649697955621761	0	0	0	0
0.2829964512858112	0	0	0	0
-0.1553569964670274	0	0	0	0
0.049849474576433295	0	0	0	0
-0.40920628417224947	0	0	0	0
0.5465980293624781	0	0	0	0
-0.19344807878323422	0	0	0	0
-0.495318521857925	0	0	0	0
0.4530314097992729	0	0	0	0
0.07978878380958321	0	0	0	0
-0.4348334243458254	0	0	0	0
0.36087141853274574	0	0	0	0
-0.24093350266531388	0	0	0	0
0.14308915844999603	0	0	0	0
-0.3058310840432199	0	0	0	0
0.47598751256964533	0	0	0	0
-0.24632270760587716	0	0	0	0
-0.25425209385419123	0	0	0	0
0.5224524799403341	0	0	0	0
-0.14983274282332815	0	0	0	0
-0.059725277718079894	0	0	0	0
0.047404098513410986	0	0	0	0
0.07036552394435347	0	0	0	0
-0.6987854786144325	0	0	0	0
1.4355346382581686	0	0	0	0
-1.384591402005654	0	0	0	0
0.6707802891807404	0	0	0	0
-0.7646858783535819	0	0	0	0
1.0564459406246627	0	0	0	0
-0.5070242089663921	0	0	0	0
-0.251995695561682	0	0	0	0
-0.12337688164787153	0	0	0	0
1.0781173472071757	0	0	0	0
-1.6906944777648931	0	0	0	0
1.332898440427428	0	0	0	0
-0.24290121276946053	0	0	0	0
-1.2292344604814716	0	0	0	0
2.2773915313900943	0	0	0	0
-2.3213947711154788	0	0	0	0
1.2355136082698337	0	0	0	0
-0.25951015295492397	0	0	0	0
-0.7473806307835744	0	0	0	0
1.7110601879768694	0	0	0	0
-1.4030070936780845	0	0	0	0
0.41651516385051224	0	0	0	0
-0.014696937822265	0	0	0	0
0.41303093055071827	0	0	0	0
-0.4873875859510761	0	0	0	0
0.009172364922342524	0	0	0	0
-0.09395479083109137	0	0	0	0
0.3895608355099256	0	0	0	0
-0.45249754886523874	0	0	0	0
0.32613971461897506	0	0	0	0
-0.1720952717884714	0	0	0	0
0.08740517291663963	0	0	0	0
-0.017934971215275652	0	0	0	0
-0.09352064439871555	0	0	0	0
