0.04562126651418197	9.676063117493946	-5.128438244703091	-1.4574670514920172	16542.18741294962
-2.522847353716408	31.283662364286513	-16.333622899048663	-3.1942339971303824	16541.26970001864
7.291009611920501	6.769982242940735	8.92074702072837	18.228376011140284	16545.661039501345
-8.492384179935875	6.844722260208691	-5.438776585097841	-43.75685092262866	16536.773968809466
9.563588887047466	-10.396313375185521	-22.134241896719047	-1.664523084053485	16564.830873382303
-9.246502717555082	-16.474641625221132	3.722550543557901	52.74165429209518	16470.8770670232
7.264880484033952	-4.606977916861375	-35.91971346990046	-61.92600421167177	16688.62220178862
-3.002341611475572	-20.339709408221623	9.361033066069325	88.93287814384554	17391.427108543718
-2.2254677769124953	21.317233079634896	-17.946196958094717	-42.179169976325284	17240.310715451396
3.716324347810179	-7.720840997035609	-23.583136959538535	-38.382560004391024	16684.37405395058
-0.7105889427323362	11.074974660567555	5.377971291276737	19.829225558264113	16401.600686419835
-0.5509825953215852	-9.498361658156824	25.69311932425464	-18.51430876331729	16053.557422347485
-0.9640308796613084	-17.456796942868216	19.08203238084222	44.08992388759542	16095.289177954957
0.6767977477257716	-0.6951307435292051	-37.958409685488064	-29.136815451775902	16093.081914720553
2.0522827668589656	-9.394613295735425	6.042538830371214	11.966033651026592	15968.590388216006
-3.915949550060212	-3.8457783389165314	12.78855501163305	-31.713138811989737	16025.911150712394
1.6075609888768838	13.223253047207507	-21.077708792960507	-7.114533494817422	16151.10649294074
0.8097584862660057	-7.4395011809723	8.764415622275592	73.00989379515475	16328.516703140667
-0.7092019887045424	-14.082278008539959	-13.284953247410783	-48.76484573523584	16432.307959691607
0.3911293746784139	7.779916549089613	-8.902252429548227	-3.6660074757636494	16759.491313512193
-1.3548837615815472	-2.380241951405239	4.546440399501407	-14.353017242129127	17067.7825912438
2.6099423890257114	6.5177274539517285	-22.411961524541383	-14.211324410104325	17069.965039539184
-4.0567689251602985	-6.366803524686759	19.888511380150703	32.49367927538	17075.872102612528
6.900151240502218	4.5887649698110735	-2.335059419986621	2.8274441633226672	17047.338862995213
-8.198475178505326	5.276330466866263	-6.810764925572741	-62.895352840662554	17005.17836826628
6.659259800725593	12.368760742595533	-8.579327237091974	-460.4542827337629	17107.846826903275
-5.929811670566629	-19.31125260721479	-12.64928379563547	-328.7882468513883	17194.61517622176
7.387447435143592	-13.618161382092822	-0.2661201086160929	387.93129728949305	17065.12973973859
-9.166017440835454	9.252140683910987	16.891612828993516	-134.8813219562824	15438.61228669085
6.701377683851966	0.9379413440807767	-8.480800979956555	37.50892898795003	16667.336383946214
-0.599488741546061	-2.9181244291265074	3.4383465223179144	-11.793028287501102	17474.80753502675
-3.7139457402460323	5.381337208020639	55.677984367274405	-9.024890172521367	17480.8458995348
5.58989424859795	15.003012943673433	-38.715184518193695	-2.4651685137147297	17510.807913528784
-4.835507930730387	-7.716329486130043	-7.984140554477932	9.472116095922303	17536.837771343
2.13011901062945	4.953649679629962	14.902064975222572	-52.597407890353736	17526.20112889795
0.7789947639171828	-11.218811441677246	-4.2125068991884405	14.536264490996246	17614.277314814193
-1.1046506379681986	20.18366589262785	2.587553943027089	47.93965233756191	17780.625697042324
1.7794792276698885	3.1902534798591162	-2.429959205015251	-28.106609940442866	17662.149689830876
-3.040662352810017	9.78678316389935	4.54226145790102	0	0
1.5418699407742125	-14.11467201965715	-7.010789100788571	0	0
2.7416903598729547	10.537442403181366	4.598108144018511	0	0
-4.326004961553508	2.7756013892014835	6.07998094138587	0	0
2.7481941092479474	-0.5514730897811688	12.096471039757319	0	0
-0.6708635666744556	5.193335144209826	-6.4747752549801305	0	0
-0.7666039790998127	7.521428507103629	14.248172715938907	0	0
0.6992256409094324	-15.619150971430741	-5.497509375056566	0	0
1.9876659019043714	17.902573168862858	-9.229700449635644	0	0
-4.325749682450933	2.672449037349047	168.02453981395695	0	0
7.189908783942478	-9.145985952908958	-49.78223220577296	0	0
-9.960303425872034	2.512484659719618	223.61648537110779	0	0
8.958933120024476	-5.652076342717827	-389.97910555628647	0	0
-4.4483076098522645	11.262636893616097	400.9008561448796	0	0
-0.3329544041360819	2.320416207127799	-180.17190181005438	0	0
3.3293623304872355	8.955545323201001	76.01432660122234	0	0
-3.099831504726822	2.700546269487326	-6.487042645112709	0	0
0.4034361085958622	7.224857581976607	0.8599996117013831	0	0
1.3734580817478204	-9.239533082197774	-13.85418466694847	0	0
-2.075384035590247	-10.29015561271946	5.519220266982259	0	0
1.786057905009585	2.3975406515032986	-36.74497103578332	0	0
0.7992757068708727	-28.036443269706993	-8.55113159738093	0	0
-2.879783742450172	-2.139144542752234	1.3673406010446456	0	0
2.327334027492981	-2.993883365496117	-8.00558293478612	0	0
-0.9903576380170378	7.318965491378265	28.983797281896557	0	0
0.6453059082233707	-8.377672060557913	27.1101619510394	0	0
-2.6337761989495974	-9.108540489852118	26.886034892197017	0	0
4.307930759300568	-3.6237432712137547	25.081765310131317	0	0
-3.144739671387917	-5.222423281365323	-8.000606505086907	0	0
2.064219644803721	-1.495422057325456	4.398978861580204	0	0
-3.173532200244324	-12.658971151838585	-36.81635741038721	0	0
3.6941801410752504	17.457087136618952	-27.23815455888618	0	0
-1.948479148953858	-12.129023312377612	0	0	0
-0.2952002438061143	12.976321762992043	0	0	0
0.6917142991643246	9.51506314622172	0	0	0
-0.5215556756441515	-5.056442939689319	0	0	0
1.9202966861189097	-0.3743012873139264	0	0	0
-3.1992224611161006	-7.761392027301795	0	0	0
1.1331952835162085	7.277228101804447	0	0	0
0.3387254502548984	0.12356349498124075	0	0	0
0.6365773665536096	7.456565779129107	0	0	0
-1.4867631940092352	-8.589764489540691	0	0	0
1.9210058831471812	-15.750530369638852	0	0	0
-1.976437966690824	-4.824592990943572	0	0	0
1.116898281624863	7.086954547531796	0	0	0
-1.058173034086387	-5.706449766430467	0	0	0
1.4863936606949792	-1.3732706342279641	0	0	0
-2.1005416569324353	0.878498004426163	0	0	0
2.8806766157908967	9.22659035189271	0	0	0
-2.348539873243162	-10.94065834434143	0	0	0
-1.0317745965718927	2.318634922656244	0	0	0
4.160805727638042	-1.8171673130550658	0	0	0
-3.7716637258474393	6.729845393790455	0	0	0
1.601906557641506	9.650337942469946	0	0	0
-0.4267036497313512	33.70783273936071	0	0	0
0.7163112287187872	-50.51935987517042	0	0	0
-2.831862447280507	45.34981850807901	0	0	0
5.757481595388612	-24.477381975321748	0	0	0
-6.858544761786703	64.9020348461004	0	0	0
5.7057722028497295	-61.949220457054345	0	0	0
-5.102713907197177	39.24157077610877	0	0	0
6.421307448744521	302.5779343978513	0	0	0
-6.7953997423689	-152.11021716073734	0	0	0
4.971867060912452	34.334127989616775	0	0	0
-3.389488986909811	-22.13798538626645	0	0	0
2.0965984248255793	17.01094291714712	0	0	0
-0.9143594269756719	9.188717963921434	0	0	0
1.5921848372963439	-14.730443711123371	0	0	0
-2.9711493950510857	2.2916226608665653	0	0	0
2.688486026668272	-7.033873243805985	0	0	0
-0.9583988091253204	-3.3248389967340444	0	0	0
-1.3989108532495678	-7.139731570716307	0	0	0
2.6729819641172057	-0.14877863375043887	0	0	0
-1.5144600905654784	-2.6559528454116332	0	0	0
-0.998757388031116	-2.700408266564878	0	0	0
2.7079462902308578	-3.825362777703674	0	0	0
-3.3773805548304594	6.879306225179803	0	0	0
3.2156204209480848	3.180112639234366	0	0	0
-4.556034983258051	5.111762070070711	0	0	0
10.072362453525066	4.3739483307133185	0	0	0
-13.016301289974763	6.786036919488424	0	0	0
9.224965636885422	4.679901706912503	0	0	0
-5.057257700915159	1.5999386519280563	0	0	0
1.9329480161827703	1.1640024778362346	0	0	0
1.037932767521255	-13.959933979006067	0	0	0
-2.3399586922788984	-8.546640967304	0	0	0
2.032346900823576	6.634769656957147	0	0	0
-1.9771913841949456	-3.310697251788781	0	0	0
2.0363399194546474	6.323199764246127	0	0	0
-1.3479413869655446	-0.30007467891033457	0	0	0
0.6160685252195819	-5.372823899702226	0	0	0
0.5443280247085056	-19.012341338755192	0	0	0
-1.9804748751954833	28.014123772232224	0	0	0
2.3162111620186963	-2.6830676991306035	0	0	0
-1.6466309731032212	-5.057015313246723	0	0	0
1.5992944488048906	0	0	0	0
-3.2693393424369575	0	0	0	0
3.5976346294114805	0	0	0	0
-0.6267206546239308	0	0	0	0
-2.9132869476743437	0	0	0	0
2.8622896557459114	0	0	0	0
-0.45818456396504814	0	0	0	0
-0.21565196861386937	0	0	0	0
-2.7240531644625747	0	0	0	0
5.573451928602758	0	0	0	0
-6.776520281058751	0	0	0	0
5.516139792228465	0	0	0	0
-2.7093376560014235	0	0	0	0
0.34464360957399265	0	0	0	0
1.0717351896337135	0	0	0	0
-3.0759634843450243	0	0	0	0
3.8725686894430424	0	0	0	0
-2.5609141266799327	0	0	0	0
0.3219559693094354	0	0	0	0
1.064002858917199	0	0	0	0
-1.536122994311178	0	0	0	0
2.472222198521685	0	0	0	0
-4.603571670342106	0	0	0	0
5.447484344249652	0	0	0	0
-4.073802252676536	0	0	0	0
1.009650921192737	0	0	0	0
1.7364705073426876	0	0	0	0
-2.8828757423275064	0	0	0	0
2.2843245731759865	0	0	0	0
0.501612226901706	0	0	0	0
-4.0737436264745455	0	0	0	0
5.275585489702884	0	0	0	0
-3.729070278874495	0	0	0	0
1.2805430104780982	0	0	0	0
0.9607061987932966	0	0	0	0
-2.428130067830729	0	0	0	0
2.7275368971921665	0	0	0	0
-1.9345155844899509	0	0	0	0
0.21647394029109535	0	0	0	0
-0.5087500743732889	0	0	0	0
2.6916915550175133	0	0	0	0
-3.6290986697916026	0	0	0	0
3.2230785074225636	0	0	0	0
-2.577698158065594	0	0	0	0
1.313599749152516	0	0	0	0
0.8101835837018783	0	0	0	0
-2.1765793563293627	0	0	0	0
3.460862236614183	0	0	0	0
-0.9365416051548223	0	0	0	0
-0.2536946219954501	0	0	0	0
-12.413875597482054	0	0	0	0
16.89213211867657	0	0	0	0
-2.8405620391482813	0	0	0	0
-2.9703882471578282	0	0	0	0
-1.4152904092750376	0	0	0	0
2.2385550628672846	0	0	0	0
5.690330623562382	0	0	0	0
-7.130665361204066	0	0	0	0
-4.697672299113854	0	0	0	0
5.764352104218808	0	0	0	0
5.285077829140683	0	0	0	0
-21.255427213202836	0	0	0	0
38.03564996365582	0	0	0	0
-17.71987034031389	0	0	0	0
-15.408232236072145	0	0	0	0
12.05225667409362	0	0	0	0
0.7506068851360723	0	0	0	0
1.0930870174275071	0	0	0	0
-4.056775577045514	0	0	0	0
3.166110759579489	0	0	0	0
-1.80464962049507	0	0	0	0
2.2977499794572225	0	0	0	0
-3.1585994601642824	0	0	0	0
3.8451741180906396	0	0	0	0
-4.844852211123737	0	0	0	0
4.116127117598687	0	0	0	0
-2.590849362365425	0	0	0	0
2.849123057641954	0	0	0	0
-3.8299041583561575	0	0	0	0
3.191744293009158	0	0	0	0
-1.0408294950513124	0	0	0	0
-0.5684645449777364	0	0	0	0
2.0974464777045156	0	0	0	0
-3.742348135880718	0	0	0	0
3.7634701787322697	0	0	0	0
-2.344844938299559	0	0	0	0
1.7725700063502217	0	0	0	0
-1.215444171325494	0	0	0	0
0.6162064106420644	0	0	0	0
-0.555475788570611	0	0	0	0
1.737109358871571	0	0	0	0
-2.9185015214095174	0	0	0	0
1.1336249793417963	0	0	0	0
2.978421624059166	0	0	0	0
-4.031962829801721	0	0	0	0
2.671175163601184	0	0	0	0
-2.976727230124162	0	0	0	0
2.9847821174873204	0	0	0	0
-1.4152097593275528	0	0	0	0
-0.09916200262727415	0	0	0	0
1.1081762680896077	0	0	0	0
-0.43102369750599223	0	0	0	0
-0.9562918310983832	0	0	0	0
2.0461103820733655	0	0	0	0
-3.094330503779247	0	0	0	0
3.1750789341633805	0	0	0	0
-2.736609006521924	0	0	0	0
3.3027859617331217	0	0	0	0
-2.8387657094266316	0	0	0	0
0.8626712911325427	0	0	0	0
0.16674000872394856	0	0	0	0
-0.5363491983958255	0	0	0	0
2.8556799734429106	0	0	0	0
-3.9091667879507384	0	0	0	0
0.4753501776797009	0	0	0	0
2.521150466969601	0	0	0	0
-1.2169155019765299	0	0	0	0
-0.45194194053858183	0	0	0	0
-1.5824615267118105	0	0	0	0
4.594775561284486	0	0	0	0
-3.148084976408498	0	0	0	0
0.5693037895318938	0	0	0	0
-0.4441634171642548	0	0	0	0
0.363850249768511	0	0	0	0
1.67246114658505	0	0	0	0
-1.9799272033572635	0	0	0	0
