0.14483535268701075	-5.3047834393465365	-1.4536978868937354	0.838328256949481	17019.67992873318
0.9217368173635947	-17.423843490256417	-4.015966623132172	3.2481518133354967	17021.30091051431
-4.865494097623248	-0.341606488354536	11.139375867053175	0.9146995926439985	17018.888414330206
4.142866106758291	-5.390382882046609	23.511127694161388	12.805246717993981	17021.65798008651
-2.28930545291432	13.045142159382145	-11.188096678761283	21.46505379131456	17017.596727840883
2.011643141446463	-8.242381110816524	20.888754208886496	5.3978044349139935	17026.48109164179
-0.8663686983651075	7.969606845470615	-12.894456062885695	-13.255564826620628	16955.820447251597
-1.133888583745005	11.150568099752022	-5.633263355354714	-18.954359170074554	16969.643427822066
-0.14564199323633176	-0.7344869322244705	6.697357768005077	-8.91289480594628	16964.69723790791
4.2995053650358415	-5.861140823499213	-10.864378228020612	-4.922713050948985	16931.773415867785
-6.968345531901974	14.532745782921978	7.682636981087498	-4.200376412846637	16955.6543654125
5.788844066274187	-1.8972372795908328	-3.6729399477036395	7.674940824659927	16884.118930699733
-2.293834825500845	5.358821093610217	-19.978736500556508	-1.79506649614585	16855.03851006053
0.016424734227761917	4.855145504969798	13.780169726668447	6.80118410548576	16870.87162657085
0.4517478411345266	-3.2077935849260015	-2.2775120963539166	-34.20452128858618	16819.623461575422
0.44131345364096575	-4.670888470673042	-23.15181932759046	-4.556857807689795	16861.42478891372
-2.2224318026646444	16.6361976351087	18.890188448353058	-21.991809268675652	16841.340880276603
3.216671296058152	-8.940677123305854	5.59295663817673	-16.248214169875254	16884.339889923554
-1.628452330548697	-0.21874811660633497	-17.28494548469932	-22.63264559441248	16959.88459881866
0.24189018657883565	4.494197527606005	-2.5496712981216803	-11.884176233898643	16958.875192371124
-1.1232649123461016	12.793214758339964	-22.038191247571362	7.985736253274126	16950.15762097863
2.8455563456544652	-3.646052985313922	26.8457652614088	-13.56560926393216	16973.006431508693
-3.7986769947558017	19.59164625053119	8.867485849674807	41.36635694340919	16975.000935587064
3.6284770258967427	3.3727311032323257	16.51412490502645	0.016028922282217195	16998.18560404877
-2.337763634755433	3.5606819708762103	-6.928002574395009	-4.106994631857788	16923.40073201942
0.856621146569978	-11.865955272507009	1.2776763662271406	6.929008574250389	16928.644003955753
-0.7581409059130095	-9.746308993043456	8.978190140970042	-16.628070132542774	16886.486272736383
2.7967785703900745	2.444880099409602	-2.7409627396868927	-1.6848086400055706	16833.95951097954
-6.162855155488543	-0.1368544195037984	-2.4462507129227617	-29.126490455714162	16925.551145321067
7.675116343781767	-0.7279119921347785	11.134847114122593	-9.95390153584195	16991.744509343243
-5.629632240322934	7.980890428308918	-19.604134335047647	-40.84395131556764	16940.20465461631
2.730645068429027	-7.951777063831571	-19.920006344784312	16.341998352496503	16949.168220340718
-2.118021735674475	-2.537418962206985	18.336932419764466	8.871053958420418	16953.827602981306
3.6229911353750452	-0.23856680616481185	1.6653519686147291	11.115527329181589	16920.500296709764
-4.289949031749714	-1.362940382337925	-9.360896832870125	2.5052877343785696	16934.20613409207
3.7605728731789796	1.9347927721214617	-10.067089678913348	1.4627735210000168	16992.776938756782
-2.3475840690114893	-10.304040188947496	5.660242904170062	-8.518077293212528	16933.35469563493
0.31158104140289566	-6.230853883372127	11.981121772812045	-11.888151418914646	16923.92184872638
2.366997807284065	-7.599934148433221	-7.656067847097759	0	0
-2.9513523570249305	1.471463865937551	10.875046017461713	0	0
0.6766104643282844	-2.1705683229629855	-7.266255353366347	0	0
0.9310783332092285	-5.41495279196748	-9.621868510674943	0	0
0.5431891198753007	6.902995179756722	32.570139918732195	0	0
-2.2923295408248308	0.2974574216208339	1.7467950929241738	0	0
2.7472973902720668	-6.1130801059617355	29.296547322187564	0	0
-3.2870044721548553	6.414892826401243	-14.827428524250763	0	0
3.392522258779252	3.4717231905739254	13.911590624786214	0	0
-3.5263784035405052	4.515124101201799	7.010616586422827	0	0
2.9338706047487975	-9.242959874562096	11.002052154467307	0	0
-0.32370657797026325	0.057247224886992853	-13.344760205516423	0	0
-2.589067259627626	0.7185667311593988	-5.273872906021083	0	0
4.47534421326764	0.353663226372511	14.356500499764891	0	0
-5.065800624593635	-1.9109580137081892	-41.746372913948946	0	0
2.721709632807041	-11.576656746233382	-20.44955973972884	0	0
0.749020458243983	17.592654716990765	-2.513393990025236	0	0
-1.4310481168729794	-0.7208844861290444	-9.274191960556138	0	0
1.3682733703230952	-4.250960967811466	-11.67975147487573	0	0
-1.914936275366486	-14.168845335732229	15.874967078356093	0	0
3.953987025957474	1.8769209053257683	22.87305806101348	0	0
-6.551295087935081	11.582230277633478	-5.870742614155958	0	0
7.186682760031715	-19.25143562160187	-6.7942288628287315	0	0
-4.4588062245488445	15.313524964132881	11.319778706317933	0	0
1.6574984026964614	-9.719819465532623	41.75240436276478	0	0
-1.2566440337845677	-2.334548196919698	1.4175257733363793	0	0
2.1677089997484913	5.411226249855794	5.707292570915513	0	0
-3.649670548380392	-0.32303485188227654	-2.6167645120990954	0	0
4.379872201535882	-0.8965056085047252	0.5301912054618754	0	0
-3.49608810612677	-1.9954692730150896	0.9240932539613027	0	0
2.14833931696878	-25.600891522006698	0.08805716407250941	0	0
-2.41453415608472	11.748562607565248	-5.631061522429405	0	0
2.149481383238623	-5.04744912250726	0	0	0
-0.4629224457918468	-6.442350114038128	0	0	0
-0.9593231869255447	6.851839487409094	0	0	0
0.22231171837770347	-8.716689734910673	0	0	0
-0.15692577282825937	13.563458195756475	0	0	0
1.816450771534683	-13.264421409962026	0	0	0
-2.502949961522475	-9.630330356388583	0	0	0
2.591441368111738	4.606349986279184	0	0	0
-2.5692958382004107	-4.1517577362737015	0	0	0
1.4350731952353541	9.416346638133952	0	0	0
-1.4275927958171977	-12.36530323517858	0	0	0
3.241777745826191	10.921165498586284	0	0	0
-4.204951276673626	-6.958686432494751	0	0	0
2.3705610390000587	7.216327793492958	0	0	0
0.30868255380200793	8.42219082145629	0	0	0
0.2681486075154993	-21.39244489182296	0	0	0
-1.7845765672935912	21.823804579593777	0	0	0
0.971054800280541	-15.066499936573905	0	0	0
1.377415794624099	0.35638685693531613	0	0	0
-3.103346312069611	-16.879903553243636	0	0	0
3.3149721040170945	-1.9034427788584836	0	0	0
-2.4424080118999143	6.998366619977823	0	0	0
2.1108877499254675	-2.320308449315924	0	0	0
-2.0027882687165857	-3.3685668744442694	0	0	0
1.3056837507568773	-4.21575677230129	0	0	0
-0.35780945013394216	5.334459864112382	0	0	0
0.026174052521291458	9.030597567421786	0	0	0
0.6496104987248756	0.9597750938983367	0	0	0
-1.1736768049496789	-26.497660703007504	0	0	0
1.648850697029502	-5.271239854824778	0	0	0
-2.1882741450442325	2.044979504441443	0	0	0
2.427058691772764	6.397911870746313	0	0	0
-2.1927956316703074	-4.170678307357093	0	0	0
1.5412817012988924	20.84790948456294	0	0	0
-1.623488792312756	8.557775938603697	0	0	0
0.9635940971133721	-4.57013985182806	0	0	0
1.6962062496089416	17.73958693939423	0	0	0
-4.366658057593369	9.084488876037632	0	0	0
4.22512580826308	1.9211643499445898	0	0	0
-2.50291761230104	-14.103483353621868	0	0	0
0.41771212216789166	14.400226025828708	0	0	0
0.16164324353002257	10.754195896969073	0	0	0
-1.3409022608946657	-4.757417385846644	0	0	0
3.216053763917216	-5.840728733076595	0	0	0
-4.122007439300866	10.841934639951845	0	0	0
4.769724317468594	9.979406158562703	0	0	0
-3.249250332933549	2.2332332765956693	0	0	0
-1.2771293663585155	4.653790770538876	0	0	0
3.0222688299059115	-23.495191666067306	0	0	0
-1.6708948150950604	14.687104515821979	0	0	0
2.2751987333993426	-8.652958186170146	0	0	0
-3.6514700049905784	2.215175854832026	0	0	0
2.3645098885180147	-2.982333376124039	0	0	0
0.6702301412810812	7.329017836235266	0	0	0
-3.6740108879708373	6.352194789183855	0	0	0
5.399211810931945	-3.7260282857323688	0	0	0
-5.693620110459243	17.84763346614006	0	0	0
4.04811607603299	-15.530019270330556	0	0	0
-2.055137832278561	10.018828661426163	0	0	0
0.608475414902955	-1.6355584739410958	0	0	0
1.633928658094284	-1.6480068643745511	0	0	0
-3.401080999313187	-3.6097545893420744	0	0	0
5.013933651018277	11.008569540660766	0	0	0
-5.4987284230498545	0	0	0	0
2.1498082311822344	0	0	0	0
2.736195267549398	0	0	0	0
-3.131922355608019	0	0	0	0
-0.4962439913843113	0	0	0	0
3.7265181935610556	0	0	0	0
-5.616170035934239	0	0	0	0
5.671242461414366	0	0	0	0
-4.579336818449413	0	0	0	0
4.769586393564772	0	0	0	0
-5.274641073327558	0	0	0	0
3.786197764156263	0	0	0	0
-1.6681558066401152	0	0	0	0
1.7722420299452466	0	0	0	0
-3.232206490687851	0	0	0	0
2.9993713779514835	0	0	0	0
-0.3859356671623715	0	0	0	0
-2.9195399319584823	0	0	0	0
4.573889807553378	0	0	0	0
-4.347047137971771	0	0	0	0
4.1023125099855875	0	0	0	0
-4.5799308303421995	0	0	0	0
4.66191567462247	0	0	0	0
-2.3898160489147102	0	0	0	0
-1.304380311339493	0	0	0	0
2.419893223759111	0	0	0	0
-1.3700050329415348	0	0	0	0
1.6756081536308258	0	0	0	0
-1.7564671851414246	0	0	0	0
0.30154109895511283	0	0	0	0
-0.664296818309225	0	0	0	0
2.1905523776724536	0	0	0	0
-3.0264134554974618	0	0	0	0
3.6907710619669274	0	0	0	0
-4.014509602966335	0	0	0	0
0.34013762954164406	0	0	0	0
5.450470152420323	0	0	0	0
-6.427819132648878	0	0	0	0
1.3761686692597621	0	0	0	0
2.1897368845330547	0	0	0	0
-2.4113173781610087	0	0	0	0
3.289721108742839	0	0	0	0
-3.559040438318668	0	0	0	0
2.066952660220842	0	0	0	0
0.07916559213127528	0	0	0	0
-1.6376369820545733	0	0	0	0
0.1332767957261538	0	0	0	0
2.5641421521422814	0	0	0	0
-3.890080787755302	0	0	0	0
3.7765349291822545	0	0	0	0
-4.238334875940332	0	0	0	0
4.706477857502939	0	0	0	0
-3.737441348319848	0	0	0	0
2.4230361689967808	0	0	0	0
-2.4059306067783623	0	0	0	0
3.247704778029785	0	0	0	0
-4.708729950245186	0	0	0	0
6.38194164512781	0	0	0	0
-7.905731362333121	0	0	0	0
10.122573717521604	0	0	0	0
-11.489220058792661	0	0	0	0
9.65508406506779	0	0	0	0
-4.8390344232537785	0	0	0	0
0.6195902956318022	0	0	0	0
2.3768725764459973	0	0	0	0
-4.318176997165587	0	0	0	0
4.691396779092997	0	0	0	0
-4.325150361413982	0	0	0	0
2.7730223155167764	0	0	0	0
-2.2910895764297834	0	0	0	0
5.797459992995371	0	0	0	0
-7.70815446820999	0	0	0	0
3.110449849710271	0	0	0	0
2.856851878533135	0	0	0	0
-4.441844302263341	0	0	0	0
2.866508885145393	0	0	0	0
-1.832967339841872	0	0	0	0
2.503154739657681	0	0	0	0
-2.447389467460475	0	0	0	0
2.387534241019054	0	0	0	0
-4.061812355952441	0	0	0	0
5.716950961247548	0	0	0	0
-3.972743233554077	0	0	0	0
-1.7434419971116029	0	0	0	0
7.0937712575511895	0	0	0	0
-9.007171510505302	0	0	0	0
8.356363883610449	0	0	0	0
-5.589105413397668	0	0	0	0
2.4083101299426133	0	0	0	0
-0.941902947206188	0	0	0	0
-0.017922581429608897	0	0	0	0
0.12856548186460515	0	0	0	0
2.7604062392738555	0	0	0	0
-4.044715886788808	0	0	0	0
1.232467706789592	0	0	0	0
1.7304447833972958	0	0	0	0
-2.3032125644223314	0	0	0	0
1.4855666144336865	0	0	0	0
-1.6141209729021142	0	0	0	0
4.012234461463265	0	0	0	0
-7.016723173670563	0	0	0	0
6.329215379698489	0	0	0	0
-4.201459777869978	0	0	0	0
4.776474035375493	0	0	0	0
-6.359487059233743	0	0	0	0
5.031898604467017	0	0	0	0
-3.53458411673612	0	0	0	0
2.711711330474124	0	0	0	0
0.729576324085869	0	0	0	0
-4.704349652184504	0	0	0	0
4.07387880534025	0	0	0	0
-1.0448678773751467	0	0	0	0
0.25101923150793226	0	0	0	0
-1.2065772045632883	0	0	0	0
1.9009879234527887	0	0	0	0
-3.985210791332932	0	0	0	0
4.86452093364575	0	0	0	0
-2.268448598938356	0	0	0	0
-1.5785133540680931	0	0	0	0
1.7843206468666963	0	0	0	0
0.7453106195784329	0	0	0	0
-1.4101566037126858	0	0	0	0
0.5655926185971794	0	0	0	0
0.07216554291585453	0	0	0	0
-0.3729803506068734	0	0	0	0
0.8035470648339285	0	0	0	0
