-0.06012737733640705	0.5317193323467748	-0.9879459794549348	0.09802803069793242	16696.834285747947
-0.19404649997571255	1.504975166861847	-3.316688283627613	0.30452075611034957	16696.41922357827
-0.3581366589434083	-2.5873647233525716	-1.423098255765396	-0.4789753065661415	16697.273195316546
1.9248127578159284	1.3429072033922012	-0.5744471976306045	-1.3711178690038253	16696.756112492927
-2.0333364713860504	2.6731559329358063	2.190982304252273	-2.9686385423595567	16696.284240978293
1.3618406001624521	2.6772519803422483	0.9665323303179463	2.202692421881679	16698.47350702147
-0.6654161087178068	1.4833180620547068	1.445935523120454	-12.372777666079699	16723.938246943115
0.20940955345372458	1.7728398918384585	-2.000915299879736	-16.418495592956447	16751.3641333513
0.4944393649547649	-4.25098547887989	-3.35800804356667	8.85886238256937	16766.916522816813
0.020273090359680168	5.6633468849931035	-2.91651628706677	2.476720494269159	16758.9210010735
-1.1073345991616605	-0.9144208736796173	-4.36061733381645	-3.259209071850691	16744.197511917188
1.1295027473972112	-3.7740612175980814	14.375937380516831	9.24682242875366	16812.77445073434
-0.47264319620593653	-1.9746305898716088	-12.550435299775998	-5.39384105391764	16791.607174007502
0.8428645292648582	-1.3381604934335343	0.39561120202866107	2.42375089357391	16444.049755399334
-1.5623612405122103	-2.450661233452891	8.600774795293702	-0.9618426963100717	16373.82635452516
1.5664517508118223	1.33674166157995	-0.09059188111129401	9.010457835606672	16527.837934602645
-1.4132407815592387	-1.6589165586902155	4.7139033826599785	12.844033357966396	16587.68351527017
0.8644753752454903	2.573460602217274	-25.266230606207188	-0.5471833709708704	16632.12833845395
-0.2831685352106703	-2.4155230076363736	12.449294085689928	13.234519656210267	16683.82029627406
0.25974816925093336	1.4522254864496418	10.11547635704801	0.25627406195945923	16731.26314676017
-1.1927020569043094	0.20396497496992794	-10.233974589126106	1.451409512052237	16803.503169673728
1.6667934752122164	-1.7476338507836218	-17.96742281134057	4.821905995353177	16835.271093112187
-1.436804466336234	3.7510802731515085	16.89685600069599	-0.7187789939308118	16880.854161573672
1.27324581476109	0.37480685374487166	1.4730153856021815	-2.3974995076000027	16898.212378319422
-1.1080138198674803	-0.5580705252843785	-0.888191862816555	7.270935543013991	16908.125273693786
-0.10376673794404212	4.066956148810782	-1.5888907967756154	0.43268691144511706	16914.524373012406
0.8221580431383089	-2.1885246567121968	-3.439173500570803	-1.3909089895291515	16913.480099518423
-0.03689509957562365	1.5020355087900654	3.2953964932852813	0.24582914195052297	16926.558589128002
-0.31041978736307385	-2.1911738434206853	-1.7202495828962583	-6.9356998580977205	16964.237879252174
-0.32444540614020667	2.541644214650134	5.31861209760585	2.531383813070562	16989.610767814454
0.39620502589941964	5.457491938988682	5.127679488658259	-13.76854702838105	17004.907357947595
-0.17632697747724535	8.260989702418371	-0.43413854978453514	6.810153955193201	17007.258414530144
0.9548208874323763	0.3637577614787588	4.102650283675274	2.2156931669410653	16992.079441377053
-1.8018937918938605	3.3003541389257762	2.4353312510488507	-4.850119546982782	16969.628858282773
1.6258287217620406	-13.337077328872567	1.6238238181741877	-2.5635402481227203	16957.433033301284
-0.8789510078628027	8.009422429444754	0.5741679060606799	0.3806665071765707	16933.898714525716
0.8012896253319894	-2.9911328978219487	4.581622778772413	4.69541233248809	16938.27043956286
-0.033768985742874236	5.416321886856309	-2.3242499848553564	2.1719460543656197	16929.07153672111
-0.9906413485585901	0.5440638593659983	0.4670597016390019	0	0
0.21954285780220317	-1.8693529213899254	0.19058260685910966	0	0
-0.11660036458261658	-4.338768467039124	3.634253659730348	0	0
0.8909693524435625	5.484207909084432	-2.7444581399819157	0	0
-0.6116804076426448	-6.9529699436773384	1.2077403950266756	0	0
0.3782065876107623	5.144605942842148	6.872564824199429	0	0
-1.1949435184665518	-2.651611630284897	-9.332042016711426	0	0
1.3329184472032978	-3.1775514150209503	3.5229160652234555	0	0
-1.2326093709129609	9.101473910395143	5.883362245020592	0	0
1.1794080644639848	-5.845261852987164	-0.5917781178949468	0	0
-0.7559127510478589	-0.9791732275816898	3.956522643083261	0	0
0.2903755261995826	-2.70860133305208	-4.07847989651286	0	0
-0.4124266300627184	-1.2848895761868206	-3.233805120505508	0	0
0.8714510687085877	0.7954619188527658	-1.137560659623631	0	0
-0.9411293632185078	0.8379440378448422	-3.7788742420265606	0	0
0.778721693897694	2.3520064008860544	0.6610323507316025	0	0
-1.0240125702433502	1.8137881693139448	4.433125334175571	0	0
1.4919516038610539	-0.06675894602371102	-4.173071718326085	0	0
-1.143388381614507	-0.12858999109414526	-2.1615581123929957	0	0
0.6866268226914158	3.58364196340564	-10.071695355455034	0	0
-0.6949686635473569	2.497257952881391	4.079740492783401	0	0
0.5468009535623324	1.479929093899763	-3.181788514309673	0	0
0.2634679388254071	2.1692321180298464	-2.8648319309788235	0	0
-1.5696217378966537	4.538355920771885	0.8356236599368998	0	0
1.6981153242801952	-1.8055105695121156	-3.3718085970574236	0	0
-0.5819742321751846	-0.6095278709054952	-5.441704895248762	0	0
0.5978471210431948	-0.07559537369859726	-4.060616348587359	0	0
-0.38607405334433054	0.9333997283417972	-0.06109963185305389	0	0
-1.7092542249492908	-1.8834175247551954	-0.25721240495397524	0	0
2.9938844573805525	0.49882529381581975	0.2709709284852835	0	0
-2.234380568075956	0.4039665291575574	1.3462340101179677	0	0
2.281105687414211	1.4995385653164561	5.323894035556108	0	0
-2.8393239863083792	-1.6002989431999524	0	0	0
2.8325526723632635	1.7418885824662027	0	0	0
-2.4678862584124417	2.6454329485522905	0	0	0
1.3749511712787168	-1.8441713939504112	0	0	0
0.7567844692126542	-3.2037747480526164	0	0	0
-0.5477389866557303	0.30758331044832943	0	0	0
-0.9455437649431246	4.458692569008079	0	0	0
0.6464144878090679	-0.6189221804587675	0	0	0
-0.5446185262990895	-0.9916051835887387	0	0	0
2.0343720068540563	-1.2689652913993044	0	0	0
-1.7762450279859792	-0.39071244140088623	0	0	0
1.0378267185015346	-0.7118578287507447	0	0	0
-1.758001060523533	2.7813945660683146	0	0	0
2.4176886508179365	0.9109431590831178	0	0	0
-1.0840633213088964	-0.675951165964328	0	0	0
-0.6726523192428857	0.6390291882683243	0	0	0
1.252766377899711	1.1455365825316406	0	0	0
-1.202823169814863	-1.4269137140021684	0	0	0
0.18459552895135545	-1.4259726163434223	0	0	0
0.7214026038941341	1.3594078008986799	0	0	0
-0.12758189238391537	-2.602082652721208	0	0	0
-1.616857884102835	-2.6746346330894397	0	0	0
2.143408438271088	-2.819709052440899	0	0	0
-1.2023845763859526	-0.1593913378136662	0	0	0
0.32325298806219394	-1.7605831295551297	0	0	0
-0.5235294748487647	1.7121958788018645	0	0	0
0.8667464553345923	1.5725637703438693	0	0	0
-0.905916161857995	2.5294414207449734	0	0	0
1.1559943880986978	-2.4724296835524555	0	0	0
-1.082978585204792	0.7362026061588338	0	0	0
0.40306092489081635	2.1536839414388567	0	0	0
0.13819395784098276	-0.7745408114330914	0	0	0
-0.07240507092592452	5.275473892183527	0	0	0
0.2688894759219096	3.286980301145455	0	0	0
-0.7329260591547211	0.4881875511803102	0	0	0
0.728983683953004	2.2246121342435856	0	0	0
-0.41153667577091824	2.1986460096136256	0	0	0
0.8767089719247423	2.788787833437304	0	0	0
-1.3073647157531028	-0.43217601957997687	0	0	0
1.8636888231838356	-2.6280806710267726	0	0	0
-2.716551585565689	2.4777378297160695	0	0	0
3.231592274745296	3.672668341895424	0	0	0
-2.3217541530561476	2.668784052135017	0	0	0
1.5192298183927448	0.465370901201986	0	0	0
-1.5642979054232953	-4.1790054844629765	0	0	0
0.9626352697562979	0.5179916335364183	0	0	0
0.12812316031070736	-1.5746837189251295	0	0	0
0.30872863275694584	-0.3664992755725933	0	0	0
-1.4482524434670196	-1.8385399267413831	0	0	0
1.4827629740331076	1.702687550972101	0	0	0
-0.751717847319135	-3.970997313897655	0	0	0
0.36218484905437265	5.187704784073098	0	0	0
-0.4177946450254666	-3.793491098953652	0	0	0
0.11469365856382296	1.8755849969952365	0	0	0
-0.2322111822247237	-0.6808669212693772	0	0	0
1.0949648507111434	-0.39040308245876787	0	0	0
-0.883727806390759	-1.7969042736013279	0	0	0
-0.051156120064703714	-3.065067793834629	0	0	0
0.9039129294418515	0.49454600629591994	0	0	0
-1.629752609638409	-3.892422103523586	0	0	0
2.1140643408457365	5.276296824672059	0	0	0
-1.7972548295661213	-1.5607692426323254	0	0	0
1.4603779297878887	4.2279391207035175	0	0	0
-1.534511560506857	0	0	0	0
1.8750143078202939	0	0	0	0
-1.7995620154592231	0	0	0	0
1.9366139057051868	0	0	0	0
-1.6341186403113213	0	0	0	0
0.5302730640455522	0	0	0	0
0.7734563916866932	0	0	0	0
-0.5066139319564371	0	0	0	0
-0.23743320198045126	0	0	0	0
0.7726326415631277	0	0	0	0
-1.3425912811508312	0	0	0	0
1.8468100595114478	0	0	0	0
-1.2474898694890584	0	0	0	0
0.20860655964651897	0	0	0	0
-0.003831403285737167	0	0	0	0
-0.08589603107571975	0	0	0	0
0.5224489366586695	0	0	0	0
-0.4392772661616533	0	0	0	0
-0.2119009801770133	0	0	0	0
0.022403921706732888	0	0	0	0
0.40480218598966644	0	0	0	0
-0.11611480852715061	0	0	0	0
-0.5294696505582053	0	0	0	0
0.2029402465366772	0	0	0	0
0.04330904447560613	0	0	0	0
-0.08807785665705126	0	0	0	0
0.5615859747151362	0	0	0	0
-1.1724179365133836	0	0	0	0
0.7221192112663886	0	0	0	0
-0.4155077743657216	0	0	0	0
0.47061050817307404	0	0	0	0
-0.3868590235142051	0	0	0	0
0.65371588143514	0	0	0	0
-1.6674830671000933	0	0	0	0
2.246966167982201	0	0	0	0
-1.635203917077888	0	0	0	0
0.5928276115643385	0	0	0	0
0.4337640301670831	0	0	0	0
-0.9449185340062769	0	0	0	0
1.2883151834736921	0	0	0	0
-0.3161104030832078	0	0	0	0
-0.9086592354162448	0	0	0	0
1.249338886612712	0	0	0	0
-1.037545110278316	0	0	0	0
1.3796432150220213	0	0	0	0
-1.2143457274678653	0	0	0	0
0.007243899498853068	0	0	0	0
0.808082564566341	0	0	0	0
-0.8882124605773356	0	0	0	0
1.0563362628154067	0	0	0	0
-0.792990624035788	0	0	0	0
0.2837870581033428	0	0	0	0
0.02368009272007754	0	0	0	0
-0.32539408689964233	0	0	0	0
0.8964162222245022	0	0	0	0
-1.5165885389711633	0	0	0	0
0.964191888993085	0	0	0	0
-0.8007474836887525	0	0	0	0
0.8034205328037203	0	0	0	0
-0.2535239034130683	0	0	0	0
-1.0192900298494294	0	0	0	0
1.1258847269724583	0	0	0	0
-0.34447515876800594	0	0	0	0
0.35153719052944155	0	0	0	0
-0.659408521687368	0	0	0	0
0.705763760818833	0	0	0	0
-0.8899491370916124	0	0	0	0
0.42282958148355476	0	0	0	0
0.29156407448844135	0	0	0	0
-0.32759043122576514	0	0	0	0
-0.23760398466853871	0	0	0	0
0.1931824034798808	0	0	0	0
0.2523620000795006	0	0	0	0
-0.7742727152791247	0	0	0	0
0.9493657947949643	0	0	0	0
-1.4132303620613413	0	0	0	0
1.8615747121931605	0	0	0	0
-1.581284038592365	0	0	0	0
1.1544219940872438	0	0	0	0
-1.223452992153824	0	0	0	0
0.8211323171032845	0	0	0	0
-0.5909401328885338	0	0	0	0
1.4367029533587115	0	0	0	0
-1.9603813627819662	0	0	0	0
1.2408401066724153	0	0	0	0
-0.38183024604430216	0	0	0	0
0.648453285110655	0	0	0	0
-1.2201077380451437	0	0	0	0
1.1002899411991365	0	0	0	0
-1.1110797814980842	0	0	0	0
1.5483762944623223	0	0	0	0
-1.06188195059773	0	0	0	0
0.9113842618638586	0	0	0	0
-1.680351936042804	0	0	0	0
1.8339843861636567	0	0	0	0
-1.4869089481367652	0	0	0	0
1.2805304820420318	0	0	0	0
-0.8692300107601412	0	0	0	0
0.47600127728568964	0	0	0	0
-0.36504347305525897	0	0	0	0
0.5427692954866785	0	0	0	0
-0.41848003518592947	0	0	0	0
0.5885529151271811	0	0	0	0
-0.9284100772779027	0	0	0	0
0.5761141964607219	0	0	0	0
-0.036739772227910805	0	0	0	0
0.10660435705106153	0	0	0	0
0.2275740160097115	0	0	0	0
-0.9823485620885748	0	0	0	0
0.8426416397610481	0	0	0	0
0.7008699784227872	0	0	0	0
-1.380950982156783	0	0	0	0
0.24556124354497655	0	0	0	0
0.31022687400299986	0	0	0	0
0.13184474814093505	0	0	0	0
-0.2754239258151543	0	0	0	0
-0.45188155821617215	0	0	0	0
0.607453882802659	0	0	0	0
-0.16785329227280243	0	0	0	0
-0.48408138164708703	0	0	0	0
0.7787243733316558	0	0	0	0
-0.5722376228596673	0	0	0	0
-0.010374097593519593	0	0	0	0
-0.023036877873586548	0	0	0	0
0.40188616748918804	0	0	0	0
-0.10375182161376273	0	0	0	0
