-0.05043067023954251	-2.7729658658681373	-2.8543398826750632	0.6764430066592126	16968.811975978817
0.7689566503576586	-9.542979322205497	-8.826668285279808	2.8074223938688903	16969.20627125385
-2.3031128443758533	-3.40022085110715	4.70785605937742	6.747166094133647	16970.039898854837
3.0507343157959497	2.3404223963389157	-6.40196991181071	-7.175042905614362	16968.092933904623
-2.313325155045746	1.564155156347347	-12.966299523086704	17.097987730936254	16975.562550231218
1.3387321146270708	2.8989675046154915	20.878971427944464	10.332452266029804	16946.530126692756
-0.6099137093095521	-0.751895636862514	-10.00747779158047	12.741402278172984	16946.176738297803
0.950881811083029	4.880443559640952	14.899316447655465	-21.40731187479119	16683.96182483818
-1.3061473904324217	5.238648238588375	-2.9541415227156733	-2.292270119651022	16647.485045540794
0.8550838528391012	-11.266903614698379	-4.571228866325072	-2.8991581786839618	16703.988910139364
-0.8736669637963317	9.998643586645443	-2.5105467221606403	-9.287676707569133	16727.437207635292
1.1336443670919039	-11.061219499309608	23.648484037428233	47.21080973019288	16766.477159655213
0.3996383287176073	10.587884302733173	6.173820886787951	-57.502523769688764	16795.510377806073
-2.315824408702184	-3.787357102184359	4.451960419114158	18.94525704574538	16889.766117993022
4.278086878781082	-8.01722090997017	-0.5630550881870278	9.884641562070598	17174.27260403552
-5.741376515397498	-7.010104317423611	-5.133213329521226	-10.43809386353658	17004.199066728546
4.357542223515999	1.0709998513461727	-3.8690314320100896	-7.750572722426298	16953.666691092556
-1.7560381555413187	-2.7188217741093013	6.911958609385479	2.185600051840723	16953.169720022164
2.520401045385846	-4.313136841053648	0.1346178978659225	-1.6968753714015463	16944.51725070256
-4.741135714138778	-2.06752884410664	-5.120432297808733	-11.837238047942947	16970.53878855966
3.681707694755481	-1.5405704053931686	5.311761426605514	19.853810848428225	17026.337272566045
-0.17456263226113578	2.1344353615899934	-8.54860421983166	-35.578652527677974	17049.441061682
-1.214303152759939	-4.495267159926016	-14.665647311849341	-0.365083712812762	17015.290716651238
0.21283706019018922	2.567918057698222	5.321423266793715	9.095778839794875	16887.836261318833
0.8618700457980282	2.739445387571017	30.623684176570237	-5.200341583117762	16867.744179147237
-1.371400718094634	13.085417395754597	-7.823962090426122	27.027111818883142	16904.209146479967
1.3084719510939706	0.38211153507135975	-1.8758988678363977	2.464694437860132	16917.76941928524
-0.18374226989404718	13.384084618350649	-7.937606592533413	-15.301023334233676	16886.063642820023
-1.4651261120553727	-6.136937947708773	2.8191153191087466	31.26426901225595	16766.712102926373
2.2181442425006637	1.461152356625881	-18.659600304690883	23.562433923804562	16772.361344259592
-2.7572348343455886	-3.9992609822315117	14.410708342550436	9.345913400291451	16626.066708784423
3.9587745581157563	2.572050700580398	-10.624208486450655	-24.806370952303965	16648.91252026314
-4.565687230778245	-4.275476141201885	-0.8127822981409167	4.415931118567144	16732.13058382494
4.56930680636426	-5.44463640829057	1.7868791797362604	-26.18491115865362	16790.855488856563
-4.790113671048651	7.384414332116265	-12.158048747657645	22.8084496602104	16810.653411382962
4.298317385220763	-4.491973610803051	2.714579371850178	-7.316480575541917	16852.854302921885
-3.2026798143897466	-2.2664309970296586	4.575064667630528	-14.00897514493603	16874.72066430491
3.7779404210735663	10.245458212650384	13.972030852757172	31.982953125920602	16949.399934491234
-4.967149162311905	-9.532816035080849	-16.883806054173107	0	0
2.277380662928394	8.304059849948658	-2.7953035734812346	0	0
1.8215614575663537	4.951006762751561	6.979521859378352	0	0
-2.6234778019120526	3.5783385864104247	-7.698605336968981	0	0
1.494030857454348	5.32261730924408	-20.49266489287767	0	0
-0.9312525026285243	-1.0244310926977533	1.643697711311674	0	0
0.38341856060039703	-9.05942012794236	2.7971333882072713	0	0
0.722495594912111	11.378192170560318	3.3127907469581857	0	0
-0.9951717288962598	0.5659606865411533	-8.551603010780696	0	0
-0.26201181756837144	6.776970509098689	17.74390131380278	0	0
2.3934725791685594	5.66997963614665	-11.545946950563234	0	0
-4.167479753604091	6.789230214427931	-0.7635909135031369	0	0
3.4290123563593227	-8.550202283680008	-8.408675698976808	0	0
-0.9386102902330649	6.334408077563104	-5.306357844403394	0	0
-0.019648026874108382	-4.397336199663002	7.963941860965022	0	0
-0.661965589270288	6.914543417723898	-7.345048611779504	0	0
0.5091679844673038	-2.1329600601436383	12.514002996096494	0	0
1.2555949852492247	-7.006379639356275	10.596468314531052	0	0
-2.6664908275789756	-5.303020929536011	-11.29835412354204	0	0
2.7823051170481747	2.2765388630070333	-5.87328033745905	0	0
-3.570012862321178	0.29428343497939835	9.057322691973056	0	0
4.539353395126405	-1.1129720225263355	-9.49164793481549	0	0
-3.500394032931233	-7.278966510906166	-0.25516440063309176	0	0
1.9947602349629605	-0.19947004673827706	-15.76720438513864	0	0
-1.4247685449569545	6.817469610548692	13.006907849387318	0	0
0.7774749563673353	-2.5751200038773945	-8.987825330335596	0	0
-0.6153276125413711	3.5538853787810822	4.376752529917198	0	0
1.2581145897166337	-0.5689847050972361	-12.225708380694286	0	0
-0.5416020715818632	4.878550716391388	1.889803522425936	0	0
-1.5416296208525608	4.96229782402434	-0.0973626193693633	0	0
2.2219730604198773	-0.4330290404548336	12.362849227615996	0	0
-1.0996706970103105	-1.2520055953204974	-4.915365861442055	0	0
0.18368797865481667	-17.07811489741937	0	0	0
0.19958635930694868	5.338644991791057	0	0	0
0.6159781240508835	-0.24406294022918473	0	0	0
-2.2637534120154115	-3.6908790085918994	0	0	0
2.007146456248627	2.566249751831066	0	0	0
0.6211465126420919	-3.7392917396352487	0	0	0
-2.6385003802652918	15.452286090075283	0	0	0
2.5720849164947523	-1.1583618263124933	0	0	0
-2.589151666760948	-6.205781802940358	0	0	0
3.246807151973613	-4.158473716801453	0	0	0
-4.1544120989009485	2.148013775530373	0	0	0
2.956628285432245	-3.1519268534262253	0	0	0
-0.5531275034136272	-7.872102444529595	0	0	0
-0.8285824787372675	-3.9069936988095435	0	0	0
2.300901473555683	-8.963257423295289	0	0	0
-3.0779519843774565	5.158742665104086	0	0	0
1.1153848603350625	-5.7287614059745735	0	0	0
0.3440455443013022	-2.1186572771173076	0	0	0
0.6790112880559462	4.7457469090903	0	0	0
-0.20689268477502054	-0.841839194599828	0	0	0
-1.9085922307177725	-2.851550295911096	0	0	0
1.087555129724457	8.21219919681478	0	0	0
0.67033049864866	2.9984434048482456	0	0	0
-0.3261475540986609	-5.474777525637585	0	0	0
-0.14128912227615587	4.509036920054449	0	0	0
0.46787767687918347	-7.50720924403042	0	0	0
-0.8110953503313212	-2.413542554077523	0	0	0
1.1820168030184206	-2.6673546864106683	0	0	0
-2.2983620042283732	-3.4531079221106964	0	0	0
4.209639184673641	-5.917411521813527	0	0	0
-4.970595856409673	-5.679930428819468	0	0	0
3.6296863501882086	4.237336241052809	0	0	0
-2.4418261140670694	-5.918376953148382	0	0	0
2.106136693808004	-4.48510909656202	0	0	0
-0.66459632631706	-6.951054637089712	0	0	0
-1.9200973278026723	-3.1064354992068033	0	0	0
3.3397162456830003	11.665867234177085	0	0	0
-2.1751625840398816	-0.025533098247464636	0	0	0
0.5074004476348293	6.903307982794317	0	0	0
-0.09728940367611472	-5.501518759058314	0	0	0
-0.40319434982750835	0.10004793933156719	0	0	0
1.5221514433488608	6.351919332867396	0	0	0
-1.5512093046312785	-4.642733241562489	0	0	0
0.7876473398892188	-0.5833986570238068	0	0	0
-0.06166845911734953	-4.8972190382263605	0	0	0
-1.6937636749393263	-4.11774152396756	0	0	0
3.229980033893632	2.266328808096077	0	0	0
-2.9726365939585264	-3.6346102160161493	0	0	0
1.745764467566076	3.0972525861392484	0	0	0
0.1107386229284586	-6.12652737654993	0	0	0
-2.162831298664365	-2.34972580312121	0	0	0
2.436759684176984	15.11139156426514	0	0	0
-0.9133489373968615	-0.15204646440664504	0	0	0
-0.3456753942019901	-3.2282352234440737	0	0	0
0.16146019600858352	-5.812180661454441	0	0	0
0.5656094917714896	-2.471102475016764	0	0	0
-0.26909607215205966	-5.7464679644800825	0	0	0
-0.29044276415633163	3.7821096510973007	0	0	0
0.15260116335053198	-3.844149625742432	0	0	0
-0.9837281829403608	-1.501881553780926	0	0	0
2.1650001154218543	2.892400376018557	0	0	0
-1.3687103614220888	1.4815157961484005	0	0	0
1.0077992185029245	-1.8218328064258245	0	0	0
-1.7550472003192539	0	0	0	0
1.7145491653401805	0	0	0	0
-1.9576420261033363	0	0	0	0
3.5728861343614113	0	0	0	0
-3.767194634641946	0	0	0	0
1.6371525768752022	0	0	0	0
-0.26289190665020357	0	0	0	0
1.249957506561607	0	0	0	0
-1.976372754133294	0	0	0	0
2.2470718803512852	0	0	0	0
-2.9587075191893106	0	0	0	0
2.304497403436244	0	0	0	0
-0.9374010868595448	0	0	0	0
0.5083842146912474	0	0	0	0
1.138078976107451	0	0	0	0
-3.9715764145107357	0	0	0	0
4.610535989740065	0	0	0	0
-2.113898344533972	0	0	0	0
-1.0260925713571467	0	0	0	0
2.4702135635416127	0	0	0	0
-2.436671760190684	0	0	0	0
2.170385944316976	0	0	0	0
-1.5061234766901421	0	0	0	0
0.8351638778640478	0	0	0	0
-1.5093935355504229	0	0	0	0
2.29023230325938	0	0	0	0
-1.5971433372049972	0	0	0	0
0.7503172325739058	0	0	0	0
-0.5475034233076599	0	0	0	0
-0.3432591084273753	0	0	0	0
2.941295491924869	0	0	0	0
-4.235317516777911	0	0	0	0
4.182022678580907	0	0	0	0
-4.2450291235020075	0	0	0	0
3.861825879976422	0	0	0	0
-2.0315295161270797	0	0	0	0
0.18526939742882576	0	0	0	0
0.6000897095414999	0	0	0	0
-0.7803017692509826	0	0	0	0
0.11761097802980913	0	0	0	0
0.6754788253586952	0	0	0	0
0.19313978596952808	0	0	0	0
-1.4916064656374886	0	0	0	0
1.7461253715122353	0	0	0	0
-1.359423227607195	0	0	0	0
0.26362488818372043	0	0	0	0
1.1540139516869772	0	0	0	0
-1.5058984605676855	0	0	0	0
0.7450976425245202	0	0	0	0
0.25247361145292047	0	0	0	0
-0.5419909470688964	0	0	0	0
0.2164976390901714	0	0	0	0
0.2508595918543861	0	0	0	0
-0.2617615108589675	0	0	0	0
-0.1651943236081479	0	0	0	0
0.1817200572610247	0	0	0	0
0.982858232409626	0	0	0	0
-2.040539218180534	0	0	0	0
2.4811640157915846	0	0	0	0
-2.2330401299187628	0	0	0	0
0.39978169870308733	0	0	0	0
1.364290878893776	0	0	0	0
-1.8899170418867328	0	0	0	0
1.1215748471636502	0	0	0	0
-0.0739324811498463	0	0	0	0
-1.030814750071805	0	0	0	0
1.5050566570738937	0	0	0	0
-1.0948451072624863	0	0	0	0
-0.1727316155314682	0	0	0	0
1.6792386955205458	0	0	0	0
-3.1025272072202768	0	0	0	0
3.5980178925969355	0	0	0	0
-4.081236650076079	0	0	0	0
4.179956532113017	0	0	0	0
-2.546247124671673	0	0	0	0
0.6531164486461662	0	0	0	0
-0.07574299438442011	0	0	0	0
0.033585275888654564	0	0	0	0
-1.277465654449074	0	0	0	0
2.405463192519207	0	0	0	0
-1.523534118903008	0	0	0	0
0.7448046920179152	0	0	0	0
-1.599542383842362	0	0	0	0
1.4354545274706823	0	0	0	0
0.6364122872557232	0	0	0	0
-3.315503132151484	0	0	0	0
5.163456168829768	0	0	0	0
-5.394951987429728	0	0	0	0
4.177804192007869	0	0	0	0
-3.197288785869169	0	0	0	0
3.082877938061344	0	0	0	0
-3.285096600140939	0	0	0	0
3.08852723415297	0	0	0	0
-2.1462367725692175	0	0	0	0
1.0738813549443265	0	0	0	0
-1.0272674741357832	0	0	0	0
0.8231185110556112	0	0	0	0
0.0634967346742954	0	0	0	0
0.39279545772588875	0	0	0	0
-1.8044013156874996	0	0	0	0
2.185252876628276	0	0	0	0
-1.5543372886986333	0	0	0	0
1.817820906017495	0	0	0	0
-2.3440886738813944	0	0	0	0
2.2742752768750236	0	0	0	0
-2.568338301308195	0	0	0	0
2.959738846937107	0	0	0	0
-1.1156591493442178	0	0	0	0
-1.1054421541452228	0	0	0	0
1.6184152037763013	0	0	0	0
-1.836470059385185	0	0	0	0
2.1605183520797127	0	0	0	0
-2.0772388651895355	0	0	0	0
2.2221972118423707	0	0	0	0
-3.038419331214726	0	0	0	0
4.003132616639093	0	0	0	0
-3.492940569180604	0	0	0	0
2.2779701181835748	0	0	0	0
-0.3886444370515605	0	0	0	0
-0.9225154512708258	0	0	0	0
0.1876959509487861	0	0	0	0
1.564088301809882	0	0	0	0
-0.9759195431315817	0	0	0	0
-0.1255242435491013	0	0	0	0
0.6078767214542253	0	0	0	0
-1.5978062221280496	0	0	0	0
