-0.047725419735066055	0.01753679804985353	1.5666151149821843	-0.12335156616853737	16894.77855940827
-0.01373381881890623	0.2715478752496523	4.9230248758127715	-0.5725580022667742	16894.928280278084
0.7637693057759591	0.7122008186476378	-1.558405950148213	-1.1107086860002937	16894.146540102538
-0.4427183629414344	-3.301597497955882	-3.2289834589210216	0.2936723312780458	16894.794966716116
-0.15110629773180762	1.7274895788035352	0.25937164784321	-1.8762293602226805	16894.341944081792
0.173654203990111	-0.8861203249687222	0.05898035045952099	-2.520763736743035	16896.38209942392
-0.06001406873901516	-0.23512089179451579	0.8534826725423557	-2.3676054189475337	16892.417434722003
0.3084988432751459	0.3138872955539469	-1.1517187277436136	0.12526570765122358	16888.31084341873
-0.5282784022696987	0.7678811247936181	-1.1892642669846367	-3.997160459128338	16890.462952153626
1.0370753488608457	-0.7448938217710719	1.0104915072029996	-0.2763984620765001	16884.74385851409
-1.8640905439722957	-2.394453208107322	1.5130725385090926	2.657897835000597	16887.095600606808
2.2325338566840855	1.4849043867304061	1.0287282447918074	-1.6569280222495024	16891.728140987005
-1.7063769905415924	-1.0235718689800422	-0.6610689934963574	-0.9531572378626407	16889.727329134934
1.1512726472734585	0.1513216847655059	0.8997174573160862	-1.0294852822965197	16891.69733758781
-0.5863565333238228	1.396372002215223	-0.9677813945162228	-0.8485524206720498	16895.11220568578
-0.29115697080319336	0.7817662251473223	-1.0035163765009543	-5.3283736317849275	16893.856046273308
0.6056784137404421	-0.9321914916145815	1.525923571952518	0.09624241625171237	16897.29107578838
0.352554448151686	0.8777629431083867	0.9870039631082932	-0.5915628690179773	16897.20403892003
-1.1375751974369521	-1.2936857235497499	1.228575252053929	0.4597095694489326	16898.20852692159
1.2608005016419384	0.6209323032381491	1.4780725705225706	-0.5014511991047357	16897.37244604684
-0.8630359636240428	-2.3063295726136133	2.1229863635685433	-2.8561068775158276	16898.246714562738
0.2331874705767234	-0.725594635916849	-3.629913714083429	1.4358451378656127	16893.55042211599
0.5751948052007094	-1.1708074221284548	4.665606168328452	-0.6972448754953007	16896.064032004255
-0.5974753283182324	0.7727321529482296	2.361496839596029	-0.5271096454552548	16893.199333651657
0.07112044739346146	1.4490647041600653	-0.027259341541551407	0.2741492676496051	16890.703881259262
-0.07099915789000733	-2.007204608211552	0.5886492158729624	0.9655078103220376	16886.22411677734
0.545102149307084	-1.899852042043129	-3.0333228327785093	-3.5839771481293496	16892.443891052193
-0.4414735813754973	-1.0695088098306442	0.005921453134305921	1.752846056041193	16887.625805039355
0.19715221570258734	-2.934500241404038	0.33803981952880235	-1.2515403633207711	16888.861343110504
-0.31736926192611037	-1.5732360717724276	-2.245026163232467	-1.6368056883705293	16887.4149087241
0.17126246234696652	2.3208075441073035	0.4702733323000956	-1.3190093825133147	16889.40071744614
0.2837375361196095	-0.8646128461401545	0.08705989727909014	-0.6740204406650747	16887.362774644054
-0.2582838780348595	1.178290754539212	2.2242636873383788	2.358142965996933	16886.509310084275
-0.040055254245501715	-0.31142373958874003	-0.1805230420388284	3.0793277046393257	16893.350229949498
-0.2978035037471116	0.03637108228054586	1.4984819681870363	-0.7617157030612134	16888.370451978164
0.22809156243207696	0.18461625888370747	2.584461710341742	0.31275230583675295	16894.90261445083
0.44865021574137387	-1.9782656048101117	0.19965510717216262	-0.5763718399172149	16896.322696940944
-0.6379403797511429	1.523155385496203	-2.926733381701794	-3.4079914197001386	16897.06625209177
-0.19370199226867157	0.3168122714929993	-1.358885673525677	0	0
0.45378063683477876	-1.7801635222212369	-2.5994958757474222	0	0
0.035745118371160345	-3.1111621370247278	-1.3509026296004834	0	0
-0.5779846694269395	1.017481630051229	-0.8931976803607853	0	0
0.9187204640981292	-0.5622217114963419	0.2861420014962732	0	0
-1.5450715879647063	-0.12066692158276027	0.17038628427101798	0	0
1.6501253720247107	-2.5721753057779395	1.5441238261254995	0	0
-1.2620059270759896	1.883467534808375	1.5594966760164795	0	0
1.0418428580853671	-1.3129626554348732	-0.9966884998028149	0	0
-0.9029096278350011	1.655049266145447	0.12491511617379558	0	0
0.1748696011720554	-0.9897336414297442	0.013713779624183076	0	0
0.7746809934630647	1.3069185855033965	-2.740111708399496	0	0
-0.838782632255274	0.8536636556839383	0.911573777768325	0	0
0.8357589587372232	-0.9932093289611146	-0.45910651052147955	0	0
-1.285486670875514	1.5144360679753248	-2.400803483231158	0	0
0.8428114221395262	-0.8850968354748758	0.624842979075467	0	0
-0.16905176360643992	2.3617412069350934	2.8936051022164975	0	0
0.46674303957703955	-0.08579879439783866	-0.9748975230446604	0	0
-0.545905002413889	-1.1209483576649788	1.8579922172504553	0	0
0.16815777334405624	0.7362683736797919	-2.9824696284954513	0	0
0.46403668423418054	-2.2319415083540974	-0.60842973375253	0	0
-0.8313599804438425	-1.2922665805066273	0.14386896529886428	0	0
1.3492688220440812	1.0803884015327512	-1.5386567274021843	0	0
-1.4586510187123167	2.33012632480866	2.9462115143517025	0	0
0.8714545824383748	-1.722383521583204	-1.3027931679273905	0	0
-0.603051768558899	1.37504652438178	-1.691938901833666	0	0
0.8417158079647393	-0.06398067162693621	0.28610042093218624	0	0
-0.37895675163184706	-3.9222035946910836	-2.3284039887566195	0	0
-0.2812677622025106	-2.5413167002719135	0.8759783707814393	0	0
0.19071715601260308	-0.30231017250299885	-0.2787933844010553	0	0
0.17606680689852539	-0.7041081662672326	2.1569532691650863	0	0
0.1250527478889154	1.0310289199077332	-0.32414008845964304	0	0
-0.6733706667837112	-0.48853499758222085	0	0	0
0.4207664953542434	-2.2756832137866496	0	0	0
0.040356290275006756	0.41025422374828935	0	0	0
0.05201977333791774	-1.8938540156352701	0	0	0
0.49433622624020757	1.3505208015061	0	0	0
-0.8006500912251013	-2.5560965815200802	0	0	0
-0.042641180865629735	0.40037646045875164	0	0	0
0.43564111103219005	-0.15660663886085757	0	0	0
-0.32159212653229474	-2.48153431554325	0	0	0
0.352742351564892	-1.513837594878865	0	0	0
0.049683095658174636	-1.2665266858978725	0	0	0
-0.8117954590755474	-1.2357706743554289	0	0	0
0.8614723475713717	-0.4337742101452662	0	0	0
-0.40954325742053754	-0.48115860860058746	0	0	0
0.5846082340526308	-1.1711569243482103	0	0	0
-0.6052950256541791	-0.3291587721513807	0	0	0
-0.11390626915249413	-1.6289588619188393	0	0	0
0.6913582742175777	3.3260013979940766	0	0	0
-0.011413968923548623	3.254805735299904	0	0	0
-0.6206691597722482	-2.1206071727635205	0	0	0
0.6209398031529858	-0.40922116585304025	0	0	0
-0.6512186632145003	-2.1218742180627572	0	0	0
1.0438827881857051	-0.6737340538302163	0	0	0
-0.9128017802323143	0.28875013849979325	0	0	0
0.3123790395697128	2.7108698635092168	0	0	0
-0.4991761190990758	-2.52784260460065	0	0	0
0.7574934774982935	-0.037171607421676356	0	0	0
-0.703523469474959	-1.7163494278620774	0	0	0
1.1317740357795358	0.6663209102849379	0	0	0
-1.0238848837889378	1.4134585331296208	0	0	0
0.37973930395013156	0.10507117488414508	0	0	0
0.1169468214977627	-0.6156429103421388	0	0	0
0.3642633767399559	0.26084928242102734	0	0	0
-0.6024873177164025	-1.3886044376408435	0	0	0
0.11087216146872692	2.600686758924631	0	0	0
0.17772522575741334	0.4530021178732042	0	0	0
0.4261070298012015	0.46944976537707106	0	0	0
-0.8430013057027352	2.736194337888662	0	0	0
1.0052830639470116	-0.19626459694808318	0	0	0
-1.5784605119778945	-0.9682025539907428	0	0	0
1.5960305508628707	1.5640598899531852	0	0	0
-0.6812306028677781	-0.2539060179653063	0	0	0
0.5970789619418895	-0.2781340033353814	0	0	0
-0.9347696511026555	-1.4854632760693889	0	0	0
0.6588844597756705	0.48420260373497825	0	0	0
-0.2202117527239622	0.8504968812382714	0	0	0
0.23638971851408996	-1.7455356476859052	0	0	0
-0.09542909319218751	-0.016535148042983394	0	0	0
-0.3260315825469817	0.53628276821604	0	0	0
-0.1862480515855509	-1.3254343376979563	0	0	0
1.1772154201896896	3.378474267281753	0	0	0
-1.1597140182193542	4.63842160873174	0	0	0
0.6522485552732817	-0.23436121199349458	0	0	0
-0.5577046483504091	0.048057456353269856	0	0	0
0.31099691235653637	1.1405600939694338	0	0	0
0.1328112727152444	-1.3743374693520494	0	0	0
-0.034150890382157684	-1.8048402420101795	0	0	0
0.034988083892663724	-1.1230948993140828	0	0	0
-0.5087828098682863	-0.19275493722661707	0	0	0
1.0042587133381176	-0.5545416139530062	0	0	0
-0.5682605993801744	0.7598828412808842	0	0	0
-0.1023381597933195	0.3614946642266119	0	0	0
0.4058554280447808	1.7361648158339165	0	0	0
-0.6629362164160852	0	0	0	0
0.4146234420447783	0	0	0	0
0.21826932893380047	0	0	0	0
0.06395988787878792	0	0	0	0
-0.8217865331835981	0	0	0	0
1.2516238983374564	0	0	0	0
-1.1539351701572826	0	0	0	0
1.2436009700693589	0	0	0	0
-1.6092161535901326	0	0	0	0
1.507029051039929	0	0	0	0
-1.366587026505563	0	0	0	0
0.8016138759840388	0	0	0	0
-0.17801422478976292	0	0	0	0
0.12287607342950935	0	0	0	0
-0.5270947579763714	0	0	0	0
0.4081839694745	0	0	0	0
0.16666859072003604	0	0	0	0
-0.33223810164795964	0	0	0	0
0.17686470361144302	0	0	0	0
-0.15751649553217817	0	0	0	0
0.2761916748329938	0	0	0	0
0.05080131374552366	0	0	0	0
-7.023397569128065e-05	0	0	0	0
-0.18270798949500744	0	0	0	0
-0.11418697738959338	0	0	0	0
0.8265877338117633	0	0	0	0
-0.6968162473323076	0	0	0	0
0.10686921514155046	0	0	0	0
0.12252359881575359	0	0	0	0
-0.2705164184380848	0	0	0	0
0.7933142088715286	0	0	0	0
-0.8458363593899563	0	0	0	0
0.4778054891110344	0	0	0	0
-0.6428181167311422	0	0	0	0
0.6990351736137228	0	0	0	0
-0.18820434191041358	0	0	0	0
-0.0358114758196848	0	0	0	0
-0.2898303391154471	0	0	0	0
0.5690052635517588	0	0	0	0
-0.2056733295392803	0	0	0	0
0.31820492209128304	0	0	0	0
-0.5420006523477099	0	0	0	0
0.1213109010208484	0	0	0	0
-0.12720475828648858	0	0	0	0
0.7275837558236873	0	0	0	0
-0.6709768756018732	0	0	0	0
0.2502156853859816	0	0	0	0
-0.4020537382369298	0	0	0	0
0.6228126784663672	0	0	0	0
0.007704850026343024	0	0	0	0
-0.3201485172320204	0	0	0	0
0.048031381196345535	0	0	0	0
-0.18040276973299996	0	0	0	0
0.7673384217805292	0	0	0	0
-0.7444749330839002	0	0	0	0
0.3509991067880591	0	0	0	0
-0.10607250851955996	0	0	0	0
-0.09181140982064306	0	0	0	0
0.5002146018606481	0	0	0	0
-0.5695092172098342	0	0	0	0
0.22620575331371384	0	0	0	0
-0.3130284455473884	0	0	0	0
0.3364231495651211	0	0	0	0
0.06267150100925534	0	0	0	0
-0.2968471861864117	0	0	0	0
-0.07198218837041992	0	0	0	0
0.019941117974035194	0	0	0	0
-0.07186056051115486	0	0	0	0
0.1708493460659497	0	0	0	0
0.19045130232726137	0	0	0	0
-0.29855443387614855	0	0	0	0
-0.13483351424181933	0	0	0	0
0.9773406627257799	0	0	0	0
-0.8289446254884538	0	0	0	0
0.16497864832152942	0	0	0	0
0.12283792027231755	0	0	0	0
0.19421472888154767	0	0	0	0
-0.1288670203935851	0	0	0	0
-0.05255022918711916	0	0	0	0
0.2960603486396636	0	0	0	0
-0.936811801486769	0	0	0	0
0.9769489927937229	0	0	0	0
-0.3814595961329701	0	0	0	0
-0.1450556714650375	0	0	0	0
-0.12796036444684944	0	0	0	0
0.3586162413878071	0	0	0	0
-0.5854923334188129	0	0	0	0
0.6270462842912039	0	0	0	0
-0.8834083750521984	0	0	0	0
0.7681075992301416	0	0	0	0
-0.6307210238605734	0	0	0	0
0.7711510887111572	0	0	0	0
-0.26774635016240467	0	0	0	0
-0.2849011195070261	0	0	0	0
0.14824551183867385	0	0	0	0
0.11940539753445023	0	0	0	0
-0.005405987453592331	0	0	0	0
-0.3349284640739114	0	0	0	0
0.5689457128858777	0	0	0	0
-0.9433707480213869	0	0	0	0
1.0111182502217773	0	0	0	0
-0.5230722555785334	0	0	0	0
0.32858807978213633	0	0	0	0
-1.1496380434385571	0	0	0	0
1.8301237393110483	0	0	0	0
-1.6489070147772367	0	0	0	0
1.166045624823873	0	0	0	0
-0.25942626382824585	0	0	0	0
-0.9063282918655986	0	0	0	0
1.6688305392186251	0	0	0	0
-1.2571246394172562	0	0	0	0
1.1377161269577911	0	0	0	0
-1.1538392552516115	0	0	0	0
1.100845036622765	0	0	0	0
-0.6617383017001899	0	0	0	0
0.6488927712304857	0	0	0	0
-0.7083683199772963	0	0	0	0
0.5075613915206318	0	0	0	0
-0.6720024707677581	0	0	0	0
0.9615654466532675	0	0	0	0
-0.885583083703601	0	0	0	0
0.580323688930747	0	0	0	0
-0.145333330278973	0	0	0	0
-0.014970855968421404	0	0	0	0
0.005574567973461342	0	0	0	0
-0.34728208958017603	0	0	0	0
