0.8884921938896184	-9.886844712320908	5.694771217495841	0.7501552628840784	18299.1650506065
-0.061380591304533993	-30.57305961363366	19.098175413559588	1.76581119594411	18301.877523688436
-11.126731576789162	10.637545212194254	2.6935210521311888	-4.757006844770814	18296.30530687154
12.07945372114505	5.696139960324729	2.659225539731679	64.25865685955193	18304.029824161622
-10.556379099444364	7.845958932275735	14.91963797533063	-90.24540476181701	18277.918725228414
10.304763488889627	33.44422834435122	7.445394381856019	141.56903207629148	18389.199281718124
-10.642632950671867	8.524334087688487	-10.648065454797134	-61.314598168426045	18384.664251274953
7.5620937505155865	-2.126849108120183	7.126951896087661	64.7890740976857	18818.785516117176
-1.707146500347264	15.746330922331396	36.166052510193495	-70.4190011509161	18188.102603733667
-1.5038585952960801	17.46392588187497	28.633110281313193	67.93634022498611	18170.412974487397
2.0120500313440246	34.19866051955218	24.373677762658076	-9.917423866773788	18052.03278788019
-1.6710545138184472	4.534183112989609	-12.819336199515107	6.126639800906645	16993.626370306367
1.009985324790378	-28.485150951845114	1.5888803845259645	-41.410804148945175	16933.710241773253
-1.6507520427113604	-19.296346738510195	34.4294202809634	19.500664721586418	17247.852806613344
2.7979035519268223	-4.3477582448001755	-81.01885952587304	45.127194155930965	17380.277044993236
-2.3912989329420213	-33.51809126361455	39.32145660223422	-18.500432052292894	17311.303122024245
-1.7214433744259523	5.284373214141212	-1.3611156416480839	25.926618841778208	17285.73881151744
7.3091034878340935	12.922591791890554	-39.77660710809097	5.1167837658085205	17117.466752204575
-6.4530284920448935	56.35845133393251	-3.360427793371386	-1.160632660021463	16846.685091264648
2.661418052268516	10.930892397706629	-15.092638571299403	2.528324150513086	16774.82126955357
0.6958981965090629	-21.01360968965713	1.032622970152417	-5.619861431583729	16664.899991888415
-4.523531782452892	12.091668712969053	25.017472599112992	-16.846507161613374	16585.494637717515
3.6646407036942037	2.8010810893770213	-16.44493195158246	34.014636539289526	16394.777721327355
0.8859371899334363	-2.8510088381356837	0.04884545732659262	-30.730313369073485	16280.699566916473
-2.149728485203404	12.19317941736142	9.149119535128875	23.27560047091636	16466.827293703904
1.054927867216925	-1.296661367237931	-44.581710742641405	15.874268733900777	16614.573177646744
2.536465902817568	6.740339888293491	-27.40740064739741	-7.050986770084577	16549.348070537115
-10.009483974433103	14.3224885482487	-62.95637545449044	38.77138781048919	16572.457707542057
15.098548418674191	-11.78695113331193	7.139607662027032	-54.12416605897914	16593.05491759656
-7.455664022911137	14.240873009066298	8.177067352012116	46.835673869902294	16733.648567229677
-2.4401042663730834	-11.126540227858769	-19.095730966261556	-3.6846569065003365	16677.83894277167
0.7975801985638569	11.965193432082138	17.440661096533134	-47.6951724591008	16638.534201126105
7.757771013825391	16.817136529693784	-5.030393045187637	31.091045005329704	16752.47669127008
-15.194944657275478	6.008251308548751	-43.54429828739296	21.35212922023986	16910.58675724447
27.12914514353264	-3.3197776281292875	-33.77148398663421	37.071162790411506	17048.084076368905
-34.803585498700016	-22.169602724907776	-15.45034936609504	-10.714870502338186	17011.219987243123
31.21349154490516	-17.641084749177494	-0.7079964620649548	-41.36512358886317	16929.591204941567
-21.424921211969824	3.4898423199083908	-18.92846444326618	-15.438419527762903	17031.392912557938
9.20056144812824	13.331836731555242	-4.76694364185748	0	0
0.31123307705144754	-11.184052684869954	-28.385692361334222	0	0
-4.625783157754448	0.006640902265289128	23.44518497187471	0	0
6.52775730065953	4.6593790578789935	19.77464169600502	0	0
-6.033998620546349	-2.4276642417081575	6.591686663258258	0	0
4.743746314532494	-8.264139594284316	-4.63489452332324	0	0
-3.7189471005850407	1.778506688596309	-31.00774735557293	0	0
4.353126890855286	5.0317172878939544	12.650126328034005	0	0
-5.276487637357562	-26.18422582976082	26.3771613142259	0	0
6.178148363325114	21.951143825423486	-1.351865692098201	0	0
-8.340600746585096	-20.999591611847663	-9.775197166297616	0	0
6.912930540133388	-9.90078809844762	0.06836213346809927	0	0
-3.258938718569773	-1.132111013534498	10.934351725878471	0	0
1.4284738265514818	-38.33841296383905	39.22486298900304	0	0
1.840259499380366	3.05241512459385	-5.6261505334232	0	0
-4.314400899817002	-1.2255885688217063	2.4140339813050247	0	0
0.944328469982743	4.207992496796265	-14.228787575155664	0	0
3.4438124895076285	-14.979336793077309	11.126826310174664	0	0
-2.5682680880970423	13.149512109809137	17.474304249793732	0	0
0.27427375363725304	2.3817151871270497	-9.383652417443983	0	0
0.465907506820308	15.419067196331753	-10.132847110636675	0	0
-1.0498895375287276	-0.21389800620394084	13.5030356578458	0	0
1.550485331723877	-0.7917341108292888	-13.361695175621875	0	0
-4.18114336929424	-14.165918046828416	38.339351541619365	0	0
7.427242032993959	10.439066390432409	-26.846170375611294	0	0
-5.224569825586791	-10.533698698764105	-17.0835507783287	0	0
-0.37460398348370205	21.484942290497386	9.107838845018364	0	0
5.014198154636581	1.9817049178261499	13.973182565294792	0	0
-6.624835718636341	-1.432910148291505	-7.575554302037901	0	0
7.2543565323688455	-5.520031722133048	4.583104885754111	0	0
-7.563927469043271	-3.3906000441911104	-19.265169567974695	0	0
5.140282828476387	-38.84323606119394	7.580318464957287	0	0
-2.2431368761836197	18.03037272007588	0	0	0
4.781946097128973	-18.38131893644703	0	0	0
-9.059085605012932	-13.930845750237609	0	0	0
9.722799254301663	-3.9021056013984463	0	0	0
-8.1347057627369	-4.913140998017546	0	0	0
5.764269566634553	-3.9852672486828595	0	0	0
-4.120571775476037	-8.431109007555378	0	0	0
5.07188728932595	-1.8780673112905788	0	0	0
-7.136670496834832	-7.434144253413621	0	0	0
6.733233395468488	2.016983157955586	0	0	0
-4.197608516673867	-11.23166347533477	0	0	0
1.4811476678296316	-13.70349654553332	0	0	0
0.7224462012882285	31.534857982347816	0	0	0
-1.3201197873111	0.2009783975916264	0	0	0
0.29478266617756077	27.87714441065745	0	0	0
3.4474035119726665	-14.950796833984654	0	0	0
-8.055027058667491	4.509145536656469	0	0	0
9.663715057063548	5.270138954055845	0	0	0
-9.010586091223963	-6.668226719508098	0	0	0
10.945373163057702	14.503220832681556	0	0	0
-15.55157754504765	-13.823762391096572	0	0	0
17.8057034050151	-13.624872013035471	0	0	0
-13.563953363157395	7.662729098249258	0	0	0
2.8865351685709797	5.355985071525382	0	0	0
7.059506612017756	-9.143258276416312	0	0	0
-6.905362026768941	13.114883196969188	0	0	0
2.1659668451435294	16.06685797721122	0	0	0
-4.1422901412997035	-14.521062624103138	0	0	0
9.621889917433762	6.963906226242109	0	0	0
-7.064972176813235	12.188512860377749	0	0	0
-2.804649175652159	-25.433806731802278	0	0	0
8.216849616019033	-13.838625288807819	0	0	0
-8.268845565271818	-4.857145244149663	0	0	0
9.578758239381678	-1.021765590674832	0	0	0
-8.865719586441948	-6.284934968031628	0	0	0
1.9217424108177141	-3.1253887539827403	0	0	0
3.894369343402424	-12.003319903863286	0	0	0
-4.021208615225326	-5.13232684064527	0	0	0
0.135813980774671	-12.47118345812656	0	0	0
4.802622152795479	1.9291157614785917	0	0	0
-6.560374231872686	-0.41782821667202796	0	0	0
3.7234477807925614	2.043989173021842	0	0	0
-1.769051046600005	-2.418531674015817	0	0	0
2.304812399939266	-1.4322532702912554	0	0	0
-3.5321595186702126	-0.3052592357575179	0	0	0
5.213255332588027	19.618338216628928	0	0	0
-6.976535933263676	0.6921451228340061	0	0	0
7.673024683038392	25.859335528471476	0	0	0
-4.7738405427796735	-25.039566319197192	0	0	0
-0.07817073535858299	23.179519635590047	0	0	0
2.2826099682291954	-2.723513892377049	0	0	0
-2.4225604680829704	-0.5241263914951091	0	0	0
4.4112555870529135	7.571790821278256	0	0	0
-4.454568606457492	-2.8233533833514883	0	0	0
-0.3938080787149545	9.656734505784897	0	0	0
2.7237020891770456	0.78217963358329	0	0	0
-0.04147164036550777	11.648822813853755	0	0	0
-0.027000221661033663	1.0771595205897029	0	0	0
-1.7073150308712783	2.366912945689073	0	0	0
-2.0069749251740987	2.2355805829060458	0	0	0
5.4039505157183285	-5.6745065081931685	0	0	0
-2.6408728321704302	0.6643864941132165	0	0	0
0.6998840896904497	-3.860724421662411	0	0	0
-5.379872364743797	0	0	0	0
10.94209985164781	0	0	0	0
-10.68338940039937	0	0	0	0
5.44844000540953	0	0	0	0
-1.4563764807599568	0	0	0	0
3.844895640885447	0	0	0	0
-9.30494028869365	0	0	0	0
8.954957342264379	0	0	0	0
-3.133903132724626	0	0	0	0
-3.9844315976718505	0	0	0	0
10.080098981257727	0	0	0	0
-13.409288707914314	0	0	0	0
13.372070799885556	0	0	0	0
-9.69031604016724	0	0	0	0
6.044087723010932	0	0	0	0
-3.674759797197723	0	0	0	0
-0.898613840157779	0	0	0	0
4.9765203880122115	0	0	0	0
-4.038669899295904	0	0	0	0
1.9180642283095466	0	0	0	0
-1.8398228023692482	0	0	0	0
2.112883785002275	0	0	0	0
-2.1900602275498002	0	0	0	0
3.5201355794760048	0	0	0	0
-1.329905781618912	0	0	0	0
-4.45495451040793	0	0	0	0
10.269448550789889	0	0	0	0
-15.487864781034673	0	0	0	0
18.988783333614457	0	0	0	0
-16.758927415188225	0	0	0	0
10.694416362810387	0	0	0	0
-6.5566080477336826	0	0	0	0
5.104012975393516	0	0	0	0
-0.3136149784245106	0	0	0	0
-7.908631924782448	0	0	0	0
13.60565976173448	0	0	0	0
-15.731754556138398	0	0	0	0
15.805510899297978	0	0	0	0
-12.543182693102452	0	0	0	0
7.165495984671452	0	0	0	0
-2.9993845181544643	0	0	0	0
0.4647692754907311	0	0	0	0
0.6264210285348426	0	0	0	0
0.24322679851506024	0	0	0	0
-0.057497956958521	0	0	0	0
-2.6888067670739915	0	0	0	0
5.350976215128895	0	0	0	0
-7.714633251839281	0	0	0	0
9.323405701438546	0	0	0	0
-8.638012599395566	0	0	0	0
6.521816135083803	0	0	0	0
-3.3532133461658375	0	0	0	0
-0.49906939286927354	0	0	0	0
1.4138770815557251	0	0	0	0
0.09344635421132352	0	0	0	0
-0.13948801467405758	0	0	0	0
-1.2782144172474261	0	0	0	0
2.787873487107234	0	0	0	0
-3.141631397230718	0	0	0	0
1.0732306189173073	0	0	0	0
3.3603540996412278	0	0	0	0
-5.824636425421005	0	0	0	0
1.5846186263579085	0	0	0	0
5.9323121632511615	0	0	0	0
-8.127200357248341	0	0	0	0
6.2551073282931995	0	0	0	0
-6.338713901865404	0	0	0	0
6.077648032603022	0	0	0	0
-3.8774361746064088	0	0	0	0
2.3529520391150314	0	0	0	0
-1.8707227862364704	0	0	0	0
1.2830701879165574	0	0	0	0
-1.016396286550325	0	0	0	0
0.29849724107501885	0	0	0	0
1.2002768497508214	0	0	0	0
-2.6716552613984206	0	0	0	0
1.5421469866439637	0	0	0	0
-0.7055344542727369	0	0	0	0
2.6097203019472275	0	0	0	0
-3.3972114230122656	0	0	0	0
2.941682551146542	0	0	0	0
-4.5942451093343735	0	0	0	0
5.154232761843019	0	0	0	0
-2.895222308171377	0	0	0	0
2.389985030471138	0	0	0	0
-3.5941346028041252	0	0	0	0
2.7281709512832606	0	0	0	0
-0.13178063809080953	0	0	0	0
-0.7474698121855496	0	0	0	0
2.0095960087191784	0	0	0	0
-3.4517830961356992	0	0	0	0
2.4614591959916368	0	0	0	0
-0.44159324739620587	0	0	0	0
-2.021626815325398	0	0	0	0
4.417008268545715	0	0	0	0
-4.642823467411205	0	0	0	0
3.9286771371898936	0	0	0	0
-3.983208213488055	0	0	0	0
3.0238138069923153	0	0	0	0
-0.009641892364122384	0	0	0	0
-2.1467463599425614	0	0	0	0
-0.5846554567295001	0	0	0	0
5.5489771125981875	0	0	0	0
-3.744518305102744	0	0	0	0
-2.370352947564342	0	0	0	0
5.445290215968697	0	0	0	0
-6.787187003414324	0	0	0	0
7.654831432543865	0	0	0	0
-7.514734024755235	0	0	0	0
6.99632884041764	0	0	0	0
-4.890035976483134	0	0	0	0
1.3359236710288442	0	0	0	0
0.40268569084168604	0	0	0	0
-0.316669996914662	0	0	0	0
0.2417999683348313	0	0	0	0
0.9630264805067767	0	0	0	0
-3.543807457015312	0	0	0	0
7.862493712970696	0	0	0	0
-12.902934832181884	0	0	0	0
13.735576101827135	0	0	0	0
-8.436220136297763	0	0	0	0
2.519567516416359	0	0	0	0
-0.5810370962190134	0	0	0	0
0.2976734331576125	0	0	0	0
-0.6060600082604424	0	0	0	0
0.353437603043929	0	0	0	0
