-0.03189284624132682	-0.648982642429651	-0.34688071484148963	0.17712513934097274	16892.27329046117
0.2512039233849066	-2.23857862935467	-1.1058250526617144	0.5465861082619483	16892.31175916573
-0.5790171587694317	-1.3843740185956008	-0.14120277517505997	-0.39008693473620326	16892.391778609537
0.5740168985260112	-0.016732173279727647	0.5858007004164847	-0.8779148795743339	16892.429011123048
-0.75919709552916	-0.15814634028374286	2.337527897482815	-1.0358354797048577	16892.129034256453
0.8136625147893639	-0.7633275357331968	0.4523196032701975	3.888413124790546	16893.02748316017
-0.22758761774340286	-0.5635280820527484	0.5395350602952504	-0.7198523661477196	16893.873680506647
0.5010205544460646	0.12277268219335014	-0.6489165615557226	-1.1718313683826835	16893.13699447372
-0.7444051718172773	-0.5074581561653702	-0.3992562636419308	0.6674495425464073	16896.8513223019
0.6461732546758512	1.3494130201324381	-3.3310747757568038	1.309314673666151	16897.16445669614
-0.848707312733211	-4.134449397804879	2.3647065839697916	-0.2604443479822862	16897.892315115663
1.0755279169347247	2.009679808912395	-1.9081547252340272	-1.2885066540242462	16902.09156779428
-0.7032402669655511	0.1694701960546965	-0.3297396297698185	-1.6178134235526187	16902.452720893165
0.01989287914354776	-0.9478489941452608	-0.13017916418333186	2.4970885256507103	16899.065336167725
-0.36289446372614265	-1.6939280210769851	1.0719452356856891	-0.9896919741026409	16900.791202278597
0.5684568141315012	-0.37429622572165755	-3.32220580410619	-0.9690036812952769	16896.775263825763
0.15149094076399194	0.2792218669136233	0.5098006977482754	0.51636647467312	16904.404638750184
-0.007689953707874508	-0.2836823241562385	0.9131039070220197	-2.1537306595675147	16901.502455175185
-0.9995859564368033	0.44693218433538107	0.9858848577410839	-1.3346261651958429	16903.330265605997
1.7046882011275173	-0.6651028640849006	0.7101240842539909	-0.8530336951368582	16901.637477732147
-1.493957401796024	-2.9382658702529127	1.5703297288097104	-2.369979090630153	16899.166162049572
1.422216649067316	4.472366828871387	2.5600244188589443	1.6777627311819572	16898.70135605314
-1.0545417239140136	-0.8090303884599876	0.7115912337216059	-3.8663009799765007	16898.940803774454
0.44352505060218306	-1.7809550872279587	-0.030927877445805052	1.8149873463138988	16899.121143295102
-0.17425143918725894	-2.300905003876778	-0.767260682409912	-1.472534098574073	16896.190836673675
0.5818367230853951	0.6613830422588407	-1.050282455014468	-4.6152836174626515	16901.81751854014
-0.4580504925152624	-0.04421603534445495	-0.2223334883043293	2.3762787308256463	16901.14310309959
0.5605397871037283	0.5856531935066087	-2.743460408096709	0.2682823350827306	16900.854730009836
-0.999980503222524	2.3296171841939	-2.269839053669372	4.470308687456537	16898.85464749539
0.6642569574894779	-0.9881498470777288	-0.3206200534314121	-1.186401541658043	16898.424192849085
0.2913685317525605	-0.13711868371240854	-0.17808126438175975	0.19839594832403407	16900.952916240338
-0.41767665803978105	-0.867587542632478	3.333262253818475	-0.1746370051543238	16893.951962567673
-0.3988692831053484	-0.13283678670661914	-1.764098903073247	0.5798158760124323	16887.363297518066
0.6874749262441284	-0.532897917748862	0.9389803530068832	-2.2470125364214937	16880.464572982975
-0.6872899058000144	-0.9569805332852113	-0.7752945552100101	2.058657946780585	16878.294575003936
0.8960434198084073	-2.981484499055597	-1.9956208479946582	-0.8366159490132077	16871.928976851163
-0.9734687151997008	-0.6175793491969586	0.46349541236162395	-1.0471586949613396	16874.896764721798
0.6896489773203669	-0.7897865983549295	1.4942270395862778	2.5230723132173267	16881.658453758893
-1.193217220627517	-0.44254397963779013	1.2389131878181985	0	0
1.63839115588042	-0.28841947050960925	1.6663748518821393	0	0
-0.37532183963579513	-0.822658587453617	2.3767954910951374	0	0
-1.0391576998748349	0.2034600654951575	2.1717476540274703	0	0
1.0433538674529714	1.2104463191696269	-3.1729838388080083	0	0
-0.5240233390897515	-0.03903512735640646	1.9836709772846604	0	0
0.14190893487284484	-0.636824009886304	-3.2063894362619294	0	0
0.4468488523874399	-0.6561290766591057	-0.6222107426570744	0	0
-1.2151084632210427	0.8904204508244575	-2.5539809946806145	0	0
1.048792997422062	0.5881404408723085	0.5762275000285513	0	0
-0.48953592197762674	-1.0012267752005002	-0.15043188979828415	0	0
0.24052364458466258	1.492580246042806	-5.166335753688941	0	0
0.0363595922873472	-1.4304647915452762	-0.870389627073564	0	0
-0.37469932000131223	-1.0763979170008042	-1.2440771643369288	0	0
-0.38609007019852726	0.6276726339131571	0.5875078197696695	0	0
0.7906340361410642	-2.1434745968683018	1.230192813718105	0	0
-0.11274995043857672	0.918196653684177	-2.1666968384060254	0	0
-0.40688433479324715	1.152460307269962	-4.072855759638486	0	0
0.04110747191747066	-1.9226591534186426	1.1543851350396892	0	0
0.04956364641123656	-2.1997457416860016	-1.6959113561854053	0	0
0.496967935356885	-2.987365443874289	1.9297089756231145	0	0
-0.5317435346008779	1.0675050687360468	-2.0444373422072886	0	0
0.42036636955752016	-2.8813012335176964	2.5227030522152205	0	0
-0.5724484460919044	-0.08264492903550291	0.5631511065499524	0	0
0.4891420157928721	0.04714188757766635	0.7193309693308549	0	0
-0.058654378558202325	-1.3545619481226794	0.9746243946320874	0	0
0.30882827338427177	-3.190072459883929	0.6304957655294317	0	0
-0.47146830048531285	0.7472899328410136	1.492017524703897	0	0
0.3401642435915875	1.0766540718717934	-0.4799478031405613	0	0
0.08899446472962325	1.2795601952144082	-0.03697050706510652	0	0
0.08365457660386255	-0.21521895977949157	-1.5834807868647545	0	0
-0.024692358259962077	-2.1165239048157503	-0.31623924894992683	0	0
-0.4800695174546519	2.7695697698358117	0	0	0
0.1580491398980186	-2.174838452896431	0	0	0
0.36295393787167995	1.980431206647765	0	0	0
-0.09853806974253843	-0.7422760045102308	0	0	0
-0.0023470732247901083	3.072084228364268	0	0	0
-0.5655992521719639	0.128610321054083	0	0	0
0.8990407500445343	-0.9072920011094041	0	0	0
-0.404471693338067	0.6499260674016725	0	0	0
0.16517163929905365	-0.19866296588833876	0	0	0
-0.4578147481627397	-2.682462150572313	0	0	0
0.5902484168755109	-0.3136914958036172	0	0	0
-0.2155458692254939	-1.2021237097371795	0	0	0
0.4335747106024641	0.7426613935216935	0	0	0
-0.13725131629531973	1.1647821601748234	0	0	0
-0.4021325645074114	0.10849062669770149	0	0	0
0.5958367160957962	0.31068306865098094	0	0	0
-0.23873409129007683	-0.2285459975836588	0	0	0
0.49446295575636157	0.07499676317154069	0	0	0
-0.3011082572532331	-0.9735155792907975	0	0	0
-0.3720218308840302	3.0364864694440783	0	0	0
0.8274216117419897	0.4665916400793151	0	0	0
-0.5774857468341992	0.42238892567179676	0	0	0
0.6204854369135191	-1.8587095482030023	0	0	0
-0.5269659775497146	-0.760576725796831	0	0	0
-0.2291795324148751	-2.0554420449606923	0	0	0
0.8639591282788359	-0.03543207997752518	0	0	0
-0.8546034727646443	-1.6811496321205226	0	0	0
1.2265561207056876	-2.754841825610036	0	0	0
-2.017084653516406	-1.7542429117534581	0	0	0
2.314209879380215	0.5343358671896254	0	0	0
-2.170574220232062	0.7407240568178111	0	0	0
1.5771416972215135	0.9573854380697213	0	0	0
-0.6544898499890195	-0.018287313250532122	0	0	0
0.01031830558828517	0.33531334320299777	0	0	0
-0.29283667745325204	-1.352710763951528	0	0	0
0.8152605527495353	0.4720097485536954	0	0	0
-0.3510877570367441	-1.628373273701257	0	0	0
-0.3524600324897591	4.36780648405805	0	0	0
0.11614050105347928	2.4341980438452495	0	0	0
-0.41897320587597164	1.9632462462137639	0	0	0
0.8284980472589396	-1.0239335654247412	0	0	0
-0.5334677968728556	0.6306947457587881	0	0	0
0.035471138666423485	0.8842789031606699	0	0	0
0.013385497346163788	0.31861839309188866	0	0	0
-0.28782236697943375	-1.5859797046917379	0	0	0
0.6302002116755361	-2.949786133540158	0	0	0
-0.117287413114461	-1.6439276964617875	0	0	0
-0.7310098418922024	-4.9182531120031285	0	0	0
0.5962935384777666	0.4278791982699204	0	0	0
-0.22604119978362291	1.604194473651205	0	0	0
0.5822676098409048	-3.657778420111164	0	0	0
-0.9302370097437134	1.2047733140583574	0	0	0
0.6969245441952268	0.9036796198382717	0	0	0
-0.7931372815765982	0.6653864827953484	0	0	0
1.0281075717824635	-0.43740481604763204	0	0	0
-0.9344735948590852	2.371834938268087	0	0	0
0.0628110546136682	-1.7344028709064574	0	0	0
0.1547184052400965	2.029412019897954	0	0	0
-0.26890515120265235	0.22759333598028064	0	0	0
0.455372899634952	3.8079629151401306	0	0	0
0.13315781542011962	-5.1647619256873725	0	0	0
-0.9067190474046996	0.79723237834569	0	0	0
0.8844748337945632	-1.765062691687703	0	0	0
-0.4788997365253209	0	0	0	0
0.3190748084487893	0	0	0	0
0.4229535167709386	0	0	0	0
-1.851456796670682	0	0	0	0
2.311138067999053	0	0	0	0
-1.6739879803970013	0	0	0	0
1.285562054653795	0	0	0	0
-1.1635166150532186	0	0	0	0
0.9088338750014913	0	0	0	0
-0.6338024236623028	0	0	0	0
0.8633690091088155	0	0	0	0
-1.0677600131059108	0	0	0	0
1.2266447982054132	0	0	0	0
-1.5231881298954804	0	0	0	0
0.8622131597550791	0	0	0	0
-0.047782326422918686	0	0	0	0
-0.17228764570628385	0	0	0	0
-0.48208243016307506	0	0	0	0
0.4096208054989958	0	0	0	0
0.0592975484793854	0	0	0	0
0.04672601299405699	0	0	0	0
-0.33018739286539045	0	0	0	0
-0.21641226957498816	0	0	0	0
0.207142277581994	0	0	0	0
0.5108743724428493	0	0	0	0
-0.4273880856182757	0	0	0	0
-0.057243960030376684	0	0	0	0
0.03641700399671066	0	0	0	0
-0.12881412221968702	0	0	0	0
0.8686651105172558	0	0	0	0
-1.0481216886096192	0	0	0	0
0.47408749846962905	0	0	0	0
-0.25928644896617925	0	0	0	0
-0.048072037225011854	0	0	0	0
0.4675193274249523	0	0	0	0
-0.6080351568018258	0	0	0	0
0.07527849821281762	0	0	0	0
-0.09948916839661592	0	0	0	0
0.6904959837789306	0	0	0	0
-0.20536251744688627	0	0	0	0
-0.5111339391704561	0	0	0	0
0.46178884606791115	0	0	0	0
0.03610110254789589	0	0	0	0
0.046385102065180206	0	0	0	0
0.17154691072735062	0	0	0	0
-0.27833241754267135	0	0	0	0
0.3698981943621362	0	0	0	0
-0.4125469773690895	0	0	0	0
0.7679119967187802	0	0	0	0
-1.023971566948397	0	0	0	0
0.721298842785643	0	0	0	0
-0.689754207107498	0	0	0	0
1.1153750410040644	0	0	0	0
-1.0304956593402679	0	0	0	0
1.061381512442317	0	0	0	0
-1.2901261683278804	0	0	0	0
0.3924344714190511	0	0	0	0
0.9502538121181843	0	0	0	0
-0.9156078764382798	0	0	0	0
0.4996749304121906	0	0	0	0
-0.5670354086543057	0	0	0	0
0.5120047075448468	0	0	0	0
0.318066303423862	0	0	0	0
-0.6403287725956517	0	0	0	0
0.11605704195402922	0	0	0	0
-0.009959813493658487	0	0	0	0
0.278206571343695	0	0	0	0
0.005062429094706999	0	0	0	0
-0.16398819653673513	0	0	0	0
-0.25072904802790674	0	0	0	0
0.11063551080452072	0	0	0	0
0.4155886496035066	0	0	0	0
-0.18888283508114512	0	0	0	0
-0.36764008119937586	0	0	0	0
0.07917477633755254	0	0	0	0
-0.025838091102578176	0	0	0	0
0.22596114922193777	0	0	0	0
-0.2398307571852598	0	0	0	0
0.14934973043764188	0	0	0	0
-0.18157849940594417	0	0	0	0
-0.24551911799827053	0	0	0	0
1.066187016245351	0	0	0	0
-0.9532721396513466	0	0	0	0
0.5830294049732032	0	0	0	0
-0.9721658598288769	0	0	0	0
1.2436972046437873	0	0	0	0
-0.6016437070713891	0	0	0	0
-0.2471750093088474	0	0	0	0
0.15275616974970774	0	0	0	0
-0.023805711468689594	0	0	0	0
0.25967438295990775	0	0	0	0
0.2849901653514664	0	0	0	0
-0.9524084634515688	0	0	0	0
0.7643312065007564	0	0	0	0
-0.4586215181944908	0	0	0	0
0.15734559515460944	0	0	0	0
0.5949367376750629	0	0	0	0
-1.3865647934268353	0	0	0	0
1.2961275675304336	0	0	0	0
-1.2567270625221596	0	0	0	0
1.7838844724734173	0	0	0	0
-1.9915975134179718	0	0	0	0
1.2650994524151002	0	0	0	0
-0.6769568732871676	0	0	0	0
0.710150895753543	0	0	0	0
-0.4739704409423595	0	0	0	0
0.1209211335777951	0	0	0	0
-0.42341327528856	0	0	0	0
0.3553069084515741	0	0	0	0
-0.16069612265274458	0	0	0	0
0.23462186416606556	0	0	0	0
-0.12968822067183083	0	0	0	0
-0.377905839868923	0	0	0	0
0.46679808872978157	0	0	0	0
-0.10675731130862687	0	0	0	0
0.2705689720375588	0	0	0	0
-0.5612496245224179	0	0	0	0
-0.10065904354978983	0	0	0	0
0.8816632959260815	0	0	0	0
-0.7040104460965182	0	0	0	0
0.35526616044621306	0	0	0	0
-1.0271674367957715	0	0	0	0
0.5206288511464621	0	0	0	0
-0.07277945680232278	0	0	0	0
-0.3742780627236968	0	0	0	0
1.2956379392175634	0	0	0	0
