0.2360460165472631	-3.6035883402590088	8.748582563031192	-0.3752912856236179	16841.679026595582
0.19175380687811838	-10.195866601890586	28.04895154638608	-2.518859529545594	16842.335453861826
-0.8951756505173449	9.3138292554343	-8.028004289022746	-12.653378991385338	16837.28879986773
-0.7111543385176944	-2.000360027735347	-6.015666037001907	-0.6457924679047409	16842.758828649
1.8376627577868305	-7.081963365358142	8.909984915803236	-14.31774360664312	16834.766820651228
-2.9750924349846457	-3.6205690930325716	5.358075848431554	9.494015763566026	16865.616461261026
2.048508620282071	-2.3828916208770963	-6.4117287925814	-13.637843063934397	16876.40313483843
0.6511941274415989	-0.3703701769395238	9.236672338173577	-5.716510797575623	16904.887411246455
-2.1906479649818706	3.5178879448433023	11.922989852131764	7.390213988600792	16934.91347254319
2.7166978745478403	-2.7752122653388582	-2.5551442728479117	-0.7106625317702111	16945.09346115091
-2.243648931278038	8.641227167799393	6.8990718552505825	6.376403532018074	16942.60108663166
0.4099075560827714	7.2327673099289385	-2.2381443201250732	6.731377423228523	16962.297577902744
1.6226571209154486	5.9387879624183455	-1.9266778685108932	13.394378400532034	16969.12100243275
-1.8622777329471276	1.64595918761092	10.87951525097624	8.332863620127426	16978.589432554232
1.229658333695177	5.168807857105101	2.4321939884675317	-9.590110675744853	16935.88084085377
-0.6233852443611241	2.7585100117212633	1.242817135497475	14.290924118086537	16906.59371684648
-0.8430994527582456	2.379572785590213	2.9696449504732385	10.619800806302521	16898.915067606617
2.498155357261666	-0.12386056029151149	-3.8079541508073333	1.9094889928182823	16927.631258510748
-2.042476288762657	-2.2435191085846284	3.0189433451982666	-10.866012609293051	16871.192601855924
0.6131634360018836	-6.6565574714440245	10.819095120791559	-10.84093321241312	16900.681387045934
0.2880211594870019	0.05991112965049439	3.34798256276045	5.751509737618278	16871.217882113295
0.2501508626625153	-2.139806321453378	6.570112267358795	-1.9340819288280784	16781.47860673328
-1.4686673670588135	-0.5858381021327546	-0.3286075104705901	5.381145525213	16740.091918972023
1.7487581933934209	-1.3618236018311194	-2.782685467720597	-26.4860346249135	16762.94263067797
-1.5766964675508177	-6.91929327808554	-5.004004119465677	3.453578364671344	16804.158885362995
1.3580210129504806	-4.137724772088191	6.3598613944460425	5.771327275710846	16831.785950886675
-0.774339277597548	2.5526888004085464	-1.1146808498547216	-5.399855627425154	16809.76869522692
-0.45084618254055187	-5.069077732869857	3.3154572999673775	19.11084932382788	16772.14047808468
1.0841489929102508	10.259662925470401	2.889887834722387	-13.971339803531734	16844.437386609407
-0.6466519025406186	-0.5975325615021987	-4.822402542120457	12.301613515164178	16911.272228820813
0.42462141913280504	3.96744208371652	2.9765731235246733	-9.073497639129258	16744.59440811675
-1.1540329134343494	0.39169161584965195	-1.1817242201413904	5.9983693649312215	16717.617275497145
2.5047231545487065	-2.340009762556768	0.35987627354262486	9.00495892187395	16779.323694851388
-3.156102937695657	-1.0830041512278186	2.2275821330440095	-10.02597667970042	16842.455215245893
2.6565174168666914	-1.5857484462870417	1.9119658012767928	-6.646682144033548	16908.594325488975
-1.4980084231436877	-1.3134039117986802	1.532449050857906	2.15833710494546	16964.181571108136
0.07249592993130705	-3.282827214935189	1.3904114637146137	9.900026473217537	16999.855586059955
1.237501353981898	2.3670919499289624	-1.631530007255833	2.4999504209946792	16981.113743381233
-1.9315351543605175	-4.5155167822140925	9.511910988827097	0	0
2.1196286688256976	5.016969162239455	-6.198904562706346	0	0
-2.2300528314545858	-5.353790088737831	8.617322797156731	0	0
2.6227012586438505	-0.3381335667079668	13.354316507229626	0	0
-2.4621566003675	-5.912761610479585	-1.0812492343106896	0	0
0.6824320372748218	-4.903315915901203	-7.176760607269657	0	0
1.0915514869382577	-0.9557772522332328	-0.09121063905276117	0	0
-2.319674287414813	-5.869390983091137	-9.894269722894734	0	0
2.5025769737765913	4.069104666265233	-5.349816013259442	0	0
-2.803376450044155	7.112759284915036	5.767775668817222	0	0
2.1219209021174237	0.3679754056690214	0.9224275097105021	0	0
-1.2793500373569486	-2.2963539879748893	0.04501469168269523	0	0
1.3369772723629367	0.4095502615192643	7.272823298693581	0	0
-1.569118495952118	-3.1183127067075063	1.1430868003359365	0	0
0.8867016051895789	0.8848031474673377	-11.682883000095174	0	0
0.13866955881545096	-4.8054121515376025	-10.931417734638629	0	0
0.16189902834532433	-0.09748296020011082	15.30540825458489	0	0
-1.2978494475205196	2.063972302868713	6.545299765904588	0	0
1.941510338383388	-6.4395926027577985	-0.9574727511415233	0	0
-1.6324772448228373	2.4472695206829513	1.9165292491214387	0	0
1.3300501880521551	5.704415380480192	-5.651984075423002	0	0
-0.9805947931085512	2.2936019501331444	-2.0491897128628693	0	0
0.6458172600123717	5.002306844148606	-1.6249778712461023	0	0
0.021318881014991575	-0.3893961433640811	-3.883100023493199	0	0
-0.2950387788791886	-1.8503192560796577	-0.2223061023577202	0	0
0.4084237386012717	-2.9869929004996436	-6.953229747093303	0	0
0.42287442596807523	6.737615377596811	8.30840803330311	0	0
-0.700087710245171	-5.298280324534474	4.662855720025576	0	0
0.15240526375234964	0.7811623000234533	-2.195483690712976	0	0
0.16594724957952423	5.469364752736908	1.5115004828388834	0	0
-0.36956631237442394	-7.392027419687892	-7.775120563090397	0	0
1.8945880481276092	-1.7902046322514735	-3.839948451288521	0	0
-3.3832504820787648	-2.438212963557447	0	0	0
3.312979040310289	-3.6179247300467523	0	0	0
-2.6212049301285347	-3.048961096622641	0	0	0
3.0622023580232565	-5.078872460623401	0	0	0
-4.685385977646057	9.836492450828459	0	0	0
4.956636474345899	1.7295409570946347	0	0	0
-3.4188276587402413	1.4649147777355438	0	0	0
2.0825597841663637	3.9180345970632757	0	0	0
-1.313765746349226	-0.8441685736684263	0	0	0
1.2720222178457092	0.802990031976826	0	0	0
-0.969901188992317	-6.625965197027178	0	0	0
0.04101385029632354	-4.945373101508508	0	0	0
0.4916330907558475	7.797651724044442	0	0	0
-0.6523523180272548	-12.161555246407929	0	0	0
0.7498808852325922	1.5736943617555141	0	0	0
-0.8659151471916005	-2.1244299766446915	0	0	0
1.1674988594267717	0.9300442527051231	0	0	0
-0.6440525322177493	-5.413776834593989	0	0	0
0.02565628358154015	-0.35031764259448295	0	0	0
0.22289929858850144	-0.02759245598262794	0	0	0
-0.39628967277710103	1.13732184750463	0	0	0
0.28633022592885027	6.199320500377986	0	0	0
-0.43061933880701275	-1.000471941558871	0	0	0
1.301648011022209	-4.514456880997365	0	0	0
-2.181354419051999	4.551592412381119	0	0	0
2.2486985766012424	-0.11492664189095336	0	0	0
-2.064458667022606	3.4419600406488158	0	0	0
2.0340150473832495	2.6952790903114163	0	0	0
-1.6127089307277558	4.616004506754166	0	0	0
1.1242630941345766	3.803736963905102	0	0	0
-1.1828683527209733	4.595684795262322	0	0	0
0.9664700955191918	0.9636964322843724	0	0	0
0.6400152726139652	-10.754696295886625	0	0	0
-1.9713365430961076	4.437519615525808	0	0	0
2.362245375058258	-1.5832067265761154	0	0	0
-1.3458489333887016	-5.64947703938509	0	0	0
-0.05728978697664644	1.5609053070914882	0	0	0
0.5601877469085679	0.45245465091639403	0	0	0
0.09783176503028557	-3.012258897293144	0	0	0
-0.914172318579979	-2.5173744134328615	0	0	0
0.8432535833768995	-1.724095692581379	0	0	0
0.22029963832414268	2.881839227544468	0	0	0
-0.5569132089434063	-6.781629616882817	0	0	0
0.432555544845286	-4.045091481340066	0	0	0
-0.349880547051427	7.461545734455299	0	0	0
1.0555864254162088	-6.069627312216944	0	0	0
-2.089406121616925	6.389625169078762	0	0	0
3.4427518574657228	-6.036160485016524	0	0	0
-3.525322188183317	4.485098680369013	0	0	0
2.1971028521487526	3.9951110857669647	0	0	0
-0.48718780297983244	-1.9119586999496647	0	0	0
-0.5755117857223837	6.270873708421021	0	0	0
0.8659776385188565	4.522962233510221	0	0	0
-0.19934008901208244	-1.1485546829812776	0	0	0
-1.67821389049368	2.9959214112355923	0	0	0
3.5935120593230536	-2.1342530941217674	0	0	0
-3.0749808852119713	2.089914400387876	0	0	0
1.407680260000184	3.154468058534988	0	0	0
-0.4543794958430354	-2.592904314948477	0	0	0
0.36480038474041265	-10.205505718945815	0	0	0
-0.6272592376781958	14.605579851101616	0	0	0
0.11532505387948078	-3.045215190688033	0	0	0
1.1934457587283518	-3.6463437725096313	0	0	0
-2.5902774369473462	0	0	0	0
2.3525084351330037	0	0	0	0
-0.8836463438787661	0	0	0	0
0.04718825030676754	0	0	0	0
0.7187736480218305	0	0	0	0
-1.4639159983975034	0	0	0	0
1.599432947220933	0	0	0	0
-1.1791725827665616	0	0	0	0
0.34041292362606157	0	0	0	0
0.5212635456145094	0	0	0	0
-0.6311796527178544	0	0	0	0
-0.1548582074267486	0	0	0	0
2.0781992790318	0	0	0	0
-2.074425242398256	0	0	0	0
-0.11835545056627694	0	0	0	0
1.4930260688666337	0	0	0	0
-1.2499847774972324	0	0	0	0
0.3271345093753908	0	0	0	0
0.4367821417522677	0	0	0	0
-0.28613896730471566	0	0	0	0
-0.8131626611455829	0	0	0	0
1.6806727425005334	0	0	0	0
-2.9140816864299808	0	0	0	0
4.089940263931808	0	0	0	0
-3.9188915213351763	0	0	0	0
2.8104226210812584	0	0	0	0
-2.23768752374378	0	0	0	0
1.3964445501198668	0	0	0	0
-0.7768323114734983	0	0	0	0
0.8624580716839105	0	0	0	0
-0.9475920651405971	0	0	0	0
-0.22390536989815502	0	0	0	0
1.1990157472072056	0	0	0	0
-0.42065872501447643	0	0	0	0
-1.2131298792646916	0	0	0	0
1.7727260509738443	0	0	0	0
-0.7162474749093164	0	0	0	0
-0.4656018231898287	0	0	0	0
1.4269594961132128	0	0	0	0
-1.981784242318703	0	0	0	0
1.3586162069907317	0	0	0	0
-0.2781883556313218	0	0	0	0
0.7834240973795659	0	0	0	0
-2.681466361204542	0	0	0	0
4.099949245927284	0	0	0	0
-4.429145263953451	0	0	0	0
4.646848116867737	0	0	0	0
-4.0784679607621115	0	0	0	0
2.8050634859243075	0	0	0	0
-1.7395220341038424	0	0	0	0
1.5545586668281572	0	0	0	0
-1.557697615566731	0	0	0	0
1.6719928178974968	0	0	0	0
-0.9954291652322311	0	0	0	0
0.36167368217194706	0	0	0	0
0.06564836940763996	0	0	0	0
-0.16515948921581725	0	0	0	0
0.12247881150658912	0	0	0	0
-0.6117909924853464	0	0	0	0
1.232201391551797	0	0	0	0
-0.6581143370669267	0	0	0	0
-0.382362605496418	0	0	0	0
0.38753950520278124	0	0	0	0
-0.3418777836786546	0	0	0	0
1.0711107637266508	0	0	0	0
-0.8518006562049365	0	0	0	0
-0.6144296539069316	0	0	0	0
2.2668348096221465	0	0	0	0
-3.831042874158541	0	0	0	0
3.459481220382628	0	0	0	0
-1.3891872179438636	0	0	0	0
-0.5687302915208576	0	0	0	0
0.19851824370179827	0	0	0	0
0.5261620665247619	0	0	0	0
0.8969071495134671	0	0	0	0
-2.4887710829019696	0	0	0	0
3.290788317978226	0	0	0	0
-3.104162287373228	0	0	0	0
2.139997059005161	0	0	0	0
-1.1290292445785894	0	0	0	0
1.8280884111871814	0	0	0	0
-3.2230984068652617	0	0	0	0
3.2202623393159158	0	0	0	0
-2.329346825831948	0	0	0	0
2.0630983693977	0	0	0	0
-2.6698107616194164	0	0	0	0
2.690147048945761	0	0	0	0
-1.8400697390767249	0	0	0	0
1.092801697481228	0	0	0	0
-0.9205098462113241	0	0	0	0
0.7260718632383387	0	0	0	0
-1.0136300989397071	0	0	0	0
0.5427887509317983	0	0	0	0
1.477933916426899	0	0	0	0
-3.0859899335313443	0	0	0	0
2.4278979424198255	0	0	0	0
-1.7707258274017477	0	0	0	0
2.6468537534120102	0	0	0	0
-2.78769973967686	0	0	0	0
1.1826671726301967	0	0	0	0
0.583349028889316	0	0	0	0
-1.5188127967664613	0	0	0	0
1.779225272893477	0	0	0	0
-1.171593656303152	0	0	0	0
0.5771782401392684	0	0	0	0
-0.9179240473655454	0	0	0	0
2.3444300933760545	0	0	0	0
-2.990576102758091	0	0	0	0
2.4665916705572073	0	0	0	0
-1.78608246703579	0	0	0	0
1.5426226884172394	0	0	0	0
-1.5300399205158541	0	0	0	0
1.2792418977051483	0	0	0	0
-0.4226191282869749	0	0	0	0
-0.6322705513527964	0	0	0	0
0.9183100908684878	0	0	0	0
-0.17429450375162503	0	0	0	0
-0.0813916402683077	0	0	0	0
-0.8561474573476247	0	0	0	0
2.529025775193304	0	0	0	0
-4.012705486390317	0	0	0	0
5.195892274520723	0	0	0	0
-1.2889220228581593	0	0	0	0
0.3123793722520105	0	0	0	0
0.09979688705033851	0	0	0	0
-4.5175345108041185	0	0	0	0
