-0.3463658518413979	2.435130341516654	-2.6531264265604335	0.09110252951958842	16782.077237491336
0.017572761101746437	7.088823686089228	-8.990848559442853	-0.4587904741842692	16778.558692538583
1.2226300572343973	-7.173879079200113	-10.486903719163024	-15.0525278203108	16782.008922686517
-1.0823974863031438	13.447941231415243	12.03405302813789	2.04904686162935	16782.938347530366
3.7191008463493205	-18.638927460231407	11.483008408761933	6.529398420644071	16768.164095929784
-6.698817924449692	5.855488243571578	10.2434217735847	-1.933557538758592	16820.512075881175
5.4090518738869875	-13.4077042210317	20.10540921557066	-13.677078921238206	16863.186743589577
-3.310129811416587	-1.175091150278142	-8.235831201820375	23.341168222200878	16852.791831677772
3.823575869246902	9.085254685821567	14.085404707246568	11.612042252230466	16740.604255026086
-3.1325699482387037	-7.9265378098901	-21.24261309904861	-10.476451522122971	16774.612258534322
0.448286540375058	0.1322982785208353	-2.3126047229565216	-3.4658630597930795	16695.592632910608
1.7683152778521531	-15.173871151046164	-4.891984202734065	9.060272095411236	16728.992916838564
-3.0148601787795855	2.777943380953168	21.195639204665667	2.716047445533391	16761.028043111946
3.4111480390635904	-9.801866663012063	-21.974412232529176	-12.785552791796192	16773.31741026668
-2.0396122446856495	-2.251377619239719	17.169891294938637	-1.8368832527261674	16773.961475253833
-1.3335356801431502	3.0632312611981476	-9.278736363884661	-48.84394579348731	16834.35374183327
3.15930355598627	-2.111981083880572	-11.65781169683791	16.27315597816822	16940.47188382543
-1.6124037865549283	-2.144589128132459	-1.852478608497563	-12.506405489725736	17120.954772374596
0.9171895121364528	2.715526105194826	1.5548860236264659	-28.287792417291797	16978.333096401417
-2.028494199731462	-4.300917787670144	43.40857239759822	7.139922987736782	17016.409467773636
1.2327951627434501	0.37115975118685895	-25.903254616820547	13.891608351512716	17058.986788145354
0.849946619633613	10.696030878003668	7.632618628715463	-27.446817294323566	16978.766165795627
-1.3930085301498565	7.227076204743973	30.13761234025317	32.22279607634671	17028.00672319878
0.7211174671457599	2.8316874600096966	-25.45324756293084	-7.611138189559455	17025.73803476135
-0.8912050176225392	-8.595738951040843	-15.1417677993403	-35.43312390135266	16976.829082147262
2.607212297985434	11.164133073318169	0.479068219954641	9.117144136578716	16958.63164173742
-3.9308941579875665	-14.916842183232504	24.599628032390086	-41.41361649789192	16932.818978674753
3.6942923283235203	5.927365421914637	-33.260327926661034	48.49946728658057	16983.88425048756
-1.9916056284482266	5.6056581816865645	2.0032193981880653	-9.140941746022051	16919.060786380778
-0.6989880335386971	2.491381412094192	2.803123359161191	34.00620176200154	16888.804236206026
2.7157375749805652	-26.256202546214567	-1.228382416128099	2.5733671378633716	16900.172657870415
-2.117995508356742	4.347282655170218	24.843778368359978	18.056004514417836	16918.765718482042
1.226627006630281	-3.2309650908148484	-8.27989489876083	14.776079427668762	16872.646629501145
-1.8732327548983534	5.096477048164374	37.317513444395104	33.471004857859384	16841.48708393852
3.1579815176450765	-12.527519112168982	-2.552138666358232	-20.874387579831748	16762.71505125584
-2.715591734091369	9.97443740132713	29.043464266107378	6.757256964989125	16798.550144386645
1.2109971944151283	6.559565061055707	-11.863527096488653	7.267303593291388	16822.987574616018
0.622934371972967	-7.862418867732067	-5.573689236083922	-40.856573660189724	16772.082498330587
-2.3275060005512955	4.778237742346313	-25.085248624020622	0	0
3.1503404151222583	1.7024139160460834	21.108353093784118	0	0
-2.347981411605943	-15.008635372038881	15.04543602476663	0	0
2.204776665587886	-0.9435494933066195	-7.739106684976477	0	0
-2.2708926321687883	-1.6989988654303616	47.31159135470685	0	0
0.4815761133871703	-17.731529740706705	-15.055621455786522	0	0
0.9223724705705365	8.587491291244937	-1.5483327701249578	0	0
-0.6946224197692032	-0.7688467799838534	9.170804912064156	0	0
-0.6375516175714395	-16.585826915666622	19.671481842858682	0	0
2.5080420130999244	16.445627871920237	-16.342742019844465	0	0
-1.9265306357066123	-19.46800827242273	-10.235500386069148	0	0
-0.5081142480801617	2.952527605820606	-47.40904559766339	0	0
0.5603836660688231	20.00802660263509	6.60220299581016	0	0
0.9143989023989079	-13.799076603915381	20.731341551010985	0	0
-1.5470042313746148	0.8056829537057126	-41.36854584088877	0	0
1.12837290170431	-7.1800888008791475	-14.05783830479453	0	0
-0.2616549955655145	12.215877377097954	21.688210702917203	0	0
-1.1429647046915576	-4.490972122483349	2.4818941399188645	0	0
3.455577650002482	14.165356739542077	-12.846095359448697	0	0
-5.536632292604864	-1.8520883725631236	0.9638153459988246	0	0
4.121982431521268	-8.459471306839866	-10.554773433628242	0	0
-0.17316567712303765	13.030230088947931	6.75432940930358	0	0
-1.1876962738488714	0.7498947259689217	-9.141594530874428	0	0
-0.263484964720071	0.3449369763754717	-14.028068033285692	0	0
0.9231939921821564	5.338529019315629	21.694070766884465	0	0
-0.019642419455635718	-7.504228173827457	-15.682723887317565	0	0
-0.08658325318496907	0.9024548722859294	-29.727153985353453	0	0
0.6369068728457137	-5.602256429872298	15.762585506655043	0	0
-2.9590189289640705	15.586038185621305	-2.9771611354630494	0	0
3.310044823703926	-5.891883200871291	0.5816510084461157	0	0
-0.823942883730858	-5.5706908185843105	-8.078319751433767	0	0
-0.6914783432431832	-6.162813505643193	37.279283231287536	0	0
1.5958154577217343	20.91615503344223	0	0	0
-4.1103037352974425	-9.203410120677404	0	0	0
4.090762809479273	7.341928547135531	0	0	0
-2.0798604162539647	3.8154519454022804	0	0	0
1.7298205947674603	1.330121104062357	0	0	0
-2.3981235193727244	-13.004691117796362	0	0	0
3.45898196207974	-9.951177224948921	0	0	0
-4.33224834446078	4.832488824410362	0	0	0
2.973224034425087	3.8604031274815114	0	0	0
-1.2538678600945303	-1.8170357828143082	0	0	0
1.4851491195840794	-27.61690243872949	0	0	0
-1.9977977389449393	20.28044074211804	0	0	0
2.8221504659415544	-9.345094752905176	0	0	0
-3.8841764449588823	6.880874169542366	0	0	0
2.3497161127203796	4.713189154002428	0	0	0
0.6901553952034618	4.080183021254392	0	0	0
-1.4200844126079417	-10.36679987009132	0	0	0
0.9560622899548576	20.901233377442452	0	0	0
0.4214082815418507	-8.698039939930034	0	0	0
-1.8928001896299023	7.672398932369525	0	0	0
0.8921840385684163	3.425267871284362	0	0	0
1.5313385370719956	-12.897845191612731	0	0	0
-0.5912772415487666	1.5534430891270858	0	0	0
-3.0195805482952665	-2.8455855742883713	0	0	0
2.8935883114223344	-7.8910201088531196	0	0	0
-0.3503253400861155	-15.883074828273848	0	0	0
-1.6714934172893976	18.378208769573646	0	0	0
2.218845809230757	-7.510085136859701	0	0	0
1.0255035738053309	-4.5531699498098845	0	0	0
-5.266680998606908	-1.973055038564972	0	0	0
5.378176111572465	-12.631580043811283	0	0	0
-4.415633865965148	-13.337715407856486	0	0	0
4.729690941136106	2.4319776154585284	0	0	0
-3.855993974900464	2.2621476824539357	0	0	0
2.191908271898633	-12.839667138222055	0	0	0
-2.37032084291927	18.380826205911113	0	0	0
4.961928076695074	-0.46417858024173597	0	0	0
-6.775947099836287	2.954495734008141	0	0	0
5.837384379998383	11.950275925042334	0	0	0
-4.035484674197775	-15.84985430802302	0	0	0
4.156812188572708	-5.7236687912464035	0	0	0
-5.2275375729925955	2.736574592981576	0	0	0
6.447312148092806	-16.28450871739821	0	0	0
-5.61412049253304	15.93288342502899	0	0	0
2.3091547637723835	-4.799993306509023	0	0	0
0.3476811632517709	7.487388761274097	0	0	0
-0.4823413425350793	-6.544286937698871	0	0	0
0.7505030084586792	-3.3456549796114743	0	0	0
-2.0637027996264194	-12.492647924959428	0	0	0
2.1773473771144367	10.011522759092792	0	0	0
-2.49939219892088	4.649305394801679	0	0	0
3.8152791995817097	5.3907538462932365	0	0	0
-3.7466118104567556	-9.258298718652377	0	0	0
1.9529370563395432	1.47267909367541	0	0	0
-0.5670373861842819	13.629603595557128	0	0	0
1.8862259526396272	-19.975961435078354	0	0	0
-3.505884959438724	6.041335306701377	0	0	0
2.403488275497544	-2.7646480041530594	0	0	0
-1.7319058888535892	-2.3485716673508037	0	0	0
2.4134415351268004	-7.182472440125238	0	0	0
-0.5402495181628524	10.72661020048266	0	0	0
-3.84132051263974	-0.9492458918961333	0	0	0
6.525099304763771	2.422808693895796	0	0	0
-5.605928955625025	0	0	0	0
3.852321159884717	0	0	0	0
-3.754454533713819	0	0	0	0
3.1600178939132277	0	0	0	0
-2.4868004155844687	0	0	0	0
4.343211506513171	0	0	0	0
-5.8893015553536046	0	0	0	0
4.983571120462273	0	0	0	0
-2.7135526439430464	0	0	0	0
1.4739682107871843	0	0	0	0
-0.5862194813858892	0	0	0	0
0.1213173369410967	0	0	0	0
-1.7851845325891418	0	0	0	0
3.7228034780345	0	0	0	0
-2.9341429369422443	0	0	0	0
0.39097286308519585	0	0	0	0
2.348068556873393	0	0	0	0
-4.7091981768316415	0	0	0	0
3.9810568700428064	0	0	0	0
-1.8572793084867456	0	0	0	0
1.842326878024707	0	0	0	0
-1.6185134148205051	0	0	0	0
-0.918613451126042	0	0	0	0
4.2710496713975274	0	0	0	0
-4.694582878752016	0	0	0	0
0.7981833106082163	0	0	0	0
3.4081974145378524	0	0	0	0
-2.4010236196924026	0	0	0	0
1.1330500932258616	0	0	0	0
-2.9473070718014966	0	0	0	0
2.9196072783544977	0	0	0	0
-1.4090623835777691	0	0	0	0
1.239463233492046	0	0	0	0
-1.7471053845673197	0	0	0	0
1.7732728403860492	0	0	0	0
-0.5933430249581448	0	0	0	0
-0.4287029250727983	0	0	0	0
-1.1715662096928199	0	0	0	0
3.4317576882295384	0	0	0	0
-2.6555960519293507	0	0	0	0
1.268003344647049	0	0	0	0
-2.528632258358101	0	0	0	0
3.352932559702488	0	0	0	0
-2.21246753914766	0	0	0	0
1.967652977699231	0	0	0	0
-1.3579978789387042	0	0	0	0
0.7190157326717568	0	0	0	0
-2.176828065834009	0	0	0	0
3.951353643507886	0	0	0	0
-3.1632559569386913	0	0	0	0
2.0537871953802096	0	0	0	0
-1.5948256555845148	0	0	0	0
-0.00017397877301306153	0	0	0	0
1.6399430745790582	0	0	0	0
0.6443456297378916	0	0	0	0
-5.307980837001246	0	0	0	0
4.938211773754702	0	0	0	0
-0.06692093082673267	0	0	0	0
-1.864436382610556	0	0	0	0
1.4263602897533403	0	0	0	0
-1.6757269834886017	0	0	0	0
1.7692375115404815	0	0	0	0
-1.6382292584458185	0	0	0	0
2.6628590814801214	0	0	0	0
-2.5453383076298906	0	0	0	0
2.2794137460744537	0	0	0	0
-2.762609415834582	0	0	0	0
2.664097320274813	0	0	0	0
-3.2520186142837275	0	0	0	0
4.47330075365339	0	0	0	0
-3.183974456740465	0	0	0	0
1.4750269445685191	0	0	0	0
-1.8016948850370795	0	0	0	0
0.928780158051218	0	0	0	0
1.8825849867824331	0	0	0	0
-2.326538497191187	0	0	0	0
0.9422461265935311	0	0	0	0
-0.7113117088101291	0	0	0	0
1.305355494891586	0	0	0	0
-2.280193761581259	0	0	0	0
3.29405733235194	0	0	0	0
-1.8001941566023731	0	0	0	0
0.2396059651871596	0	0	0	0
-1.1873645534185115	0	0	0	0
3.1805882470475666	0	0	0	0
-5.617131499241509	0	0	0	0
6.575415275157411	0	0	0	0
-5.203447658582171	0	0	0	0
3.4338635265891284	0	0	0	0
-3.5325421276305704	0	0	0	0
4.311117070799682	0	0	0	0
-2.5350201208090297	0	0	0	0
-0.3520745885891543	0	0	0	0
0.9128613025299188	0	0	0	0
0.16532308885630442	0	0	0	0
0.8552495385091348	0	0	0	0
-3.042058527175726	0	0	0	0
4.633835862528279	0	0	0	0
-5.111104145662033	0	0	0	0
4.973150136804328	0	0	0	0
-3.71148376186526	0	0	0	0
1.417583260021118	0	0	0	0
1.5146277176212877	0	0	0	0
-2.7670213666398027	0	0	0	0
0.6059483223033908	0	0	0	0
1.9484843417333266	0	0	0	0
-2.7316055602172256	0	0	0	0
3.920036080433448	0	0	0	0
-4.565748406940685	0	0	0	0
3.449441693821477	0	0	0	0
-1.8596136319538132	0	0	0	0
-0.08741399413192852	0	0	0	0
0.4080408272358724	0	0	0	0
1.600205817880223	0	0	0	0
-1.9524626705582406	0	0	0	0
-1.2971219051529772	0	0	0	0
2.5128321334470627	0	0	0	0
-1.1776277413386111	0	0	0	0
0.5845825627081993	0	0	0	0
0.04268483254419664	0	0	0	0
-0.3398424851621229	0	0	0	0
0.598409217240139	0	0	0	0
-0.2848881838326065	0	0	0	0
0.0784858000294193	0	0	0	0
0.6220808539941061	0	0	0	0
-1.344459433732382	0	0	0	0
