0.44297753847930466	-2.5299742177119313	16.104015770730157	-1.243397376259935	16947.152817119677
-0.4431200490888898	-5.377295198600542	51.085631062826295	-6.82890780755919	16947.130622439538
1.24417476287109	16.893779471428623	-19.94271865818935	-30.185611290712316	16938.57221245104
-2.313006789583163	2.0816694163024962	-1.0308129612697456	-2.775563893689636	16949.34938445386
2.4816158721268238	-1.7513360686095112	25.6952400442606	-17.702606150393336	16929.696844021706
-2.9811437195669015	-14.051650772108921	1.89546255856105	-5.174366447334819	17002.20389352957
3.199621456902854	8.830093905485889	-12.03905532611725	-21.862531511721215	16976.98483486091
-2.194165467859328	-12.43915514049663	-6.987280853736792	10.013523736981668	17039.047222754656
-0.02478239679000893	9.368324831883946	7.247131140891284	-14.937721876499694	17064.774566957552
3.2979297918258084	-0.016014283525727535	-6.04923778416611	-36.530171026269755	16990.473117143818
-3.821260353283037	-2.3646689206578344	13.911180121536788	127.85819114743832	16927.72971029767
1.382534186530684	-8.853051141316946	-30.11717360607848	-66.05497183487415	16902.795071674682
-0.7866319160187913	-2.228864218498778	19.92118611568263	25.15749919002222	17067.764127766568
3.6377008967576856	5.171532804420387	-8.567306091867422	23.341623023650612	17162.64562272657
-4.774431321645871	9.261078600764002	-4.609571555210323	-5.3490695963533454	16997.036429146705
2.520208453949337	-2.2094464967871588	-1.0941248553222493	28.780543874577575	17028.54226312712
0.2981781856010741	-2.4025111035148754	-28.464931405304583	-17.338799606906562	16998.27143536612
-2.5671132709257805	-0.3479366462395319	5.159896226652549	2.0953618563885925	16951.340456504055
3.9714355559279966	-6.735839913717115	-32.484207124294386	-4.2157860858322636	16872.167023861133
-2.7872584227389723	3.5929777056552155	9.153189417981253	9.227334626535338	16875.199145602823
0.6742970657133895	5.336379508592273	7.226611907419468	-7.1244960875549594	16901.253741098357
-0.3200530243429256	-15.633857483283208	0.02256585925296406	-5.516982892970248	16951.103013675674
0.4341899543116412	-3.68953578648933	-17.979708713221882	19.221395430017395	16944.83513558969
0.23939241895211438	-7.074863572662906	-7.0020702268653	-24.170371005639794	16937.099375221653
-1.2710516982697655	11.492254540398953	4.342567812162784	-17.09112864923364	16940.38977659451
1.5706949359605034	-3.9902947808077442	-22.647460685678126	13.055626630283456	16919.643977947926
-0.4950537202064922	-3.534365599706966	16.409777911309263	0.22567473275864813	16969.812001919105
-1.0487988253668163	-6.727264482916702	-7.4294519676162025	-17.17437852536898	16934.83128611383
0.9105953036465877	-6.130194756906548	-9.669831965963894	-48.31692813824232	16926.355816036717
0.688831864424408	3.34957715975348	13.573316382862032	-0.26226143659594925	16876.38663859554
-2.6871430280734145	-0.37483004944942877	-9.250251019912056	-18.964042633701425	17002.641492546278
3.508531407687286	4.666980539897743	3.717532037411374	3.6754815896390767	16856.993342218342
-2.1049180937318823	-11.036410565924434	13.869917523992328	-16.767341644430104	16769.591322168308
1.302623284767769	1.7608682580047272	10.244580417451118	-1.4375102923788603	16780.604709836833
-1.4280582158669475	-12.90240276681569	2.1381172540058344	12.630282895512622	16796.24907405405
1.6209078310248373	8.805832317063022	-19.3692976578738	-3.315268063777964	16883.142428057858
-2.029014520445436	-13.159413011174607	-16.16359253014707	-13.764464047597727	16904.25121523275
-0.4381587491989478	1.739139415927994	12.679908714412491	12.848169003113696	16953.44854056117
4.073372718148008	5.076063587109445	-0.6803916740265663	0	0
-4.156503328386222	0.23459877492592085	-5.388600909702106	0	0
1.4176031261981947	-1.7660302301273632	27.022798550964282	0	0
2.114587380336218	-4.945241584412656	-1.4500771359941496	0	0
-3.8623840876960713	-2.61647083693979	3.90795286440418	0	0
3.161226213140381	-5.318181988280742	-4.7385157036273995	0	0
-2.475055041522296	-8.201819413433448	27.069342758393034	0	0
1.4901833135249376	-8.362472215916789	8.715823682642608	0	0
0.7328084488346533	4.008095824415669	1.304593771404825	0	0
-3.083063380305582	0.15015430920661288	-7.055545764199678	0	0
4.296105245857277	-2.1763632994210553	42.98803922045332	0	0
-4.01054169417057	11.775279859105673	-10.226413646390114	0	0
3.517381171545736	-2.2955678848348526	-12.315087977914331	0	0
-2.004972342454387	0.9934540052574974	14.866485553460294	0	0
-0.05272408273521023	-3.7379856466812953	27.1217237033662	0	0
0.9818119497515596	4.761568351486282	-34.55829147571171	0	0
-1.804544739883525	-11.971942257046614	-1.2503977961680448	0	0
2.66238831079486	7.769170324310082	12.331312551200142	0	0
-2.429543438129265	2.619713813150099	-16.67282431384622	0	0
0.590287935577706	1.7333791525577738	-3.8995877991511065	0	0
1.4356353695552144	10.40020876268322	-5.795453562222775	0	0
-1.1959112944251515	3.4501741433194084	-14.318459852017568	0	0
0.9415557853045229	-9.941396624555061	-13.967878130392023	0	0
-1.9056169337191804	4.335245659338625	15.646638043904403	0	0
2.196515375253533	8.019285343933525	-3.8234113211561436	0	0
0.6281615983290294	-1.8927768873611512	2.770022150539205	0	0
-3.0297062069180427	-1.6196217828100643	6.242050173801445	0	0
1.9437303317649324	-13.383013328800665	-4.0754141373496395	0	0
-1.7694273745721674	4.768836543753672	0.5552365244875688	0	0
2.5411930216477003	-6.307322661533185	0.13986117861927028	0	0
-0.051515867578935115	11.883865117697866	2.800978900312586	0	0
-3.280162532665983	7.339811709476628	-8.453891943203786	0	0
4.731925898448516	3.3246970862071876	0	0	0
-4.395435271458879	10.411100854401916	0	0	0
3.8702780495907803	-12.112284952635285	0	0	0
-3.5667566356257723	4.712048478711765	0	0	0
2.541816344145637	20.348019681616258	0	0	0
-1.7748688822373708	0.7335771685344596	0	0	0
1.0488457054763458	2.1362063459094998	0	0	0
-0.1177135349474554	-16.239934381179324	0	0	0
-0.10296571346570005	-6.442684868897068	0	0	0
0.028179891151289382	-14.34766937950635	0	0	0
0.10011383103631033	-7.132739229709401	0	0	0
-1.9841516507047245	10.451046630731952	0	0	0
4.535142785332155	12.311544223384537	0	0	0
-5.84262124343806	-1.3436092921422826	0	0	0
6.224162483314366	-10.705437055669222	0	0	0
-7.622052619752928	10.856118445196934	0	0	0
9.083673803555634	4.999950586841457	0	0	0
-7.436413415113584	-1.1761387247890696	0	0	0
4.677684450870615	3.634746155069635	0	0	0
-2.7372957731828436	-15.247510755318068	0	0	0
2.2161017859156047	-14.171552533487414	0	0	0
-3.2564143475387795	22.017223466175906	0	0	0
4.176603482295242	-19.311316359639946	0	0	0
-4.449018627746916	2.302895727381774	0	0	0
3.97306582748363	-3.666877344133418	0	0	0
-1.8033020585888764	-14.285748731237554	0	0	0
1.0918096444158962	17.2037552349885	0	0	0
-2.0823171146842014	-4.853912716794966	0	0	0
2.261636368313866	3.0475017689585115	0	0	0
-2.6469474474392243	9.622172503217506	0	0	0
3.7811835237752476	-14.989343344600584	0	0	0
-3.580374594940025	7.754199369438261	0	0	0
2.009675043174461	9.947636815283353	0	0	0
0.6482947491444762	-15.185716028363608	0	0	0
-2.737337115683914	8.831798529463782	0	0	0
2.364513937069553	16.66151439209213	0	0	0
-2.4815790501570945	-2.5353614249711214	0	0	0
2.4914378955186294	-9.76083437946292	0	0	0
-0.25848666243114593	-0.059726253605603574	0	0	0
-2.126783393090861	-4.572611590640989	0	0	0
3.3223729621918707	2.638499876891366	0	0	0
-3.0328046664661272	-2.6646021254399628	0	0	0
1.1457189390824638	-1.8613457829684066	0	0	0
0.6317150396772604	3.4653193627892733	0	0	0
-0.03735994893038708	-0.44059680631378484	0	0	0
-1.954513865563996	5.142722453460202	0	0	0
5.26385758905861	4.986804279923604	0	0	0
-7.718748572930757	-5.0625137910791835	0	0	0
7.839713819824048	-5.0513720192416045	0	0	0
-6.358057979935374	-7.771522583766128	0	0	0
5.177278422182525	-5.160708551380878	0	0	0
-3.683817947565032	-10.38414752125071	0	0	0
3.043046574251065	15.275798279715367	0	0	0
-3.778251199139511	-14.660531908976559	0	0	0
4.512631282311574	12.63669402515832	0	0	0
-2.9865906869526384	-7.570588714025156	0	0	0
1.0898944194546871	1.378241743147612	0	0	0
0.1038513695667902	16.682058652899286	0	0	0
-2.2340200345053844	4.117512324785977	0	0	0
4.582797107996477	1.343147847680676	0	0	0
-4.04826121799104	-3.7199249075757663	0	0	0
1.040823230861733	-7.945181191378836	0	0	0
0.6973339992668031	-14.330494414320718	0	0	0
-1.727105513853033	0	0	0	0
3.174197257690679	0	0	0	0
-2.084001711269046	0	0	0	0
0.2920166120318086	0	0	0	0
-0.5792342940986615	0	0	0	0
0.8169505148854697	0	0	0	0
-0.44579094448474876	0	0	0	0
1.3261120191931823	0	0	0	0
-2.8223939707823504	0	0	0	0
2.2694534797045733	0	0	0	0
-0.009804996817855738	0	0	0	0
-1.9341449797619958	0	0	0	0
2.871881659777806	0	0	0	0
-1.615577352379681	0	0	0	0
-0.6584228906513019	0	0	0	0
0.9610988138287127	0	0	0	0
-0.4121567919863267	0	0	0	0
0.790342065232231	0	0	0	0
-0.7546861518632113	0	0	0	0
0.26729641888233147	0	0	0	0
1.8237423487115976	0	0	0	0
-2.8835904749508643	0	0	0	0
1.400477501912846	0	0	0	0
-0.0117965822104793	0	0	0	0
2.2884065887335723	0	0	0	0
-5.203793355665432	0	0	0	0
6.393613825035942	0	0	0	0
-5.183660650741906	0	0	0	0
2.6088066692409413	0	0	0	0
0.5830575375352467	0	0	0	0
-3.195167898566183	0	0	0	0
4.023971728259838	0	0	0	0
-2.3324922417153005	0	0	0	0
-1.1924805910451965	0	0	0	0
3.811996044030522	0	0	0	0
-2.8522673030494587	0	0	0	0
0.814300016754359	0	0	0	0
1.3259598867115088	0	0	0	0
-3.9902438912808336	0	0	0	0
4.599888529298141	0	0	0	0
-2.618087564798067	0	0	0	0
1.0049006410647507	0	0	0	0
-1.9948238482876306	0	0	0	0
2.9060067679689325	0	0	0	0
0.10992443620875747	0	0	0	0
-4.987330335340118	0	0	0	0
7.390065483341367	0	0	0	0
-5.053486573612318	0	0	0	0
1.213619211176514	0	0	0	0
-0.8173605918981366	0	0	0	0
2.7843334172758105	0	0	0	0
-2.229908630788259	0	0	0	0
1.2493360282461268	0	0	0	0
-1.0531256900076258	0	0	0	0
-0.38514420515593173	0	0	0	0
-0.22901862210113677	0	0	0	0
2.1857671293807	0	0	0	0
-0.06994219618953679	0	0	0	0
-4.421060329056182	0	0	0	0
5.974343520809164	0	0	0	0
-5.07316263824994	0	0	0	0
2.833772504329467	0	0	0	0
-0.7617290375093191	0	0	0	0
0.9757623423920236	0	0	0	0
-1.6210942603731482	0	0	0	0
-0.3894242848561902	0	0	0	0
2.057467178112873	0	0	0	0
-1.1961749965391135	0	0	0	0
0.7005358377840665	0	0	0	0
1.5643534175295954	0	0	0	0
-3.9097167723653996	0	0	0	0
1.9544833552183434	0	0	0	0
2.0990147391263676	0	0	0	0
-5.154902079682593	0	0	0	0
6.918438665464244	0	0	0	0
-5.178469613747225	0	0	0	0
0.5012824810251857	0	0	0	0
3.9303638859241943	0	0	0	0
-5.453131772795565	0	0	0	0
4.490436211804138	0	0	0	0
-2.8434291085160766	0	0	0	0
1.431764778768681	0	0	0	0
-1.3156473607992396	0	0	0	0
1.779787092345785	0	0	0	0
-2.5489283363806763	0	0	0	0
3.706619804913487	0	0	0	0
-2.7918208346891618	0	0	0	0
0.022134297052289753	0	0	0	0
1.8541581803462677	0	0	0	0
-2.643164641280464	0	0	0	0
3.2288277352913823	0	0	0	0
-2.745540457151307	0	0	0	0
1.4305858276048653	0	0	0	0
-0.4495695151264698	0	0	0	0
0.10944837570133359	0	0	0	0
0.8811288046907748	0	0	0	0
-4.2224523400346	0	0	0	0
8.319251718318064	0	0	0	0
-9.196880051900386	0	0	0	0
7.103321954510122	0	0	0	0
-5.808124545081014	0	0	0	0
4.710633853710831	0	0	0	0
-2.4642516863327586	0	0	0	0
0.9707881764363577	0	0	0	0
-0.25534890217314654	0	0	0	0
0.23403019195497876	0	0	0	0
-0.3233374038596608	0	0	0	0
-1.3576508466008832	0	0	0	0
3.0197218347506194	0	0	0	0
-2.0430896486178796	0	0	0	0
1.0443367673971977	0	0	0	0
-2.9797518265548675	0	0	0	0
6.068199484942028	0	0	0	0
-5.641691844483191	0	0	0	0
2.3641282253397193	0	0	0	0
-0.8896146441766817	0	0	0	0
2.101682598928761	0	0	0	0
-4.449096978302151	0	0	0	0
4.883194301599794	0	0	0	0
-3.078564648803699	0	0	0	0
0.9323795952490457	0	0	0	0
-0.09708445790144538	0	0	0	0
-0.21062968675785498	0	0	0	0
0.17607167112046085	0	0	0	0
-0.5049868834254809	0	0	0	0
0.9168346066333868	0	0	0	0
