-0.032081623310602936	-1.0800818449234342	-1.902261727373812	0.30305047887348735	17042.331588226025
0.3748079769411419	-3.789860923667675	-5.79228976311542	1.5255263454448311	17044.220634787092
-0.41336351908464763	-0.4967004267623807	4.5554272676967855	15.444212824029606	17045.509509455573
-0.0479683142442866	1.1581499449509707	-17.338993810877227	-4.359171959626124	17041.034258042455
0.7782508816469473	-0.3405195191175352	27.77892413838417	-4.7596081558885	17056.173924724226
-1.4863440271697925	13.68909211402714	-1.9318915752635206	15.703243714300072	17002.809172074176
1.090492871948669	-13.578517372707793	8.283206232353521	1.65921210737514	16847.362218033628
-0.3069079144953264	2.973000960461974	-13.268343645776028	-0.3430095959502495	16868.3928799021
2.226848910158452	-1.9863294684337731	15.72098193176987	-14.731334662940796	16900.576698673925
-4.658660928607283	11.31511395503017	-4.525684546684829	8.780248181129693	16877.153154057953
3.7215606856897168	8.90482954972942	-5.9497878012218735	-8.085880400569877	16788.02713589938
-2.292172780619481	-3.1094216886316204	-0.7022329899270687	1.4231032122155796	16695.38865998199
1.5246640771105788	-8.989185420002876	-7.426322793307534	-29.19491786785491	16694.800476659668
0.5155802777469702	0.8220821150315203	-15.644374754950618	22.004001056297213	16758.547558786067
-2.9608109543420085	-2.6014796535323086	19.4807544303347	17.742867648276288	16716.511584929634
3.390972987703911	-4.4615403227073855	-8.60334528184488	35.53664790096096	16713.75395193927
-1.9835110729573415	15.071541584916737	6.010998637141995	8.765632968053254	16597.151687634792
0.4091665686003765	0.04584934037763588	-7.448207983204895	-14.609314299328759	16544.853253263733
0.8478787349931665	7.532204026657297	21.71050645132597	14.28839622053107	16551.72916823218
-2.0103625968638426	-7.2448653469291955	-5.164231500476461	-15.785094122591843	16581.257894924565
2.5643996631154025	-3.563987899518679	-22.700478325299798	4.566268253251664	16600.319361356596
-2.7103641884650287	10.949837995225096	-0.5011624325727695	27.002267671255254	16661.811242223746
2.1142162851787205	-13.723683870601036	2.5989367112402135	-8.695721485093571	16662.74927939488
-0.8338380538791057	11.373705576836976	21.018630056323943	33.45626192891953	16697.450021996123
-0.1880854550437192	-24.56372850643161	-10.245293616891217	-2.526702653018603	16681.004639127794
0.523116222019631	12.652501665271423	12.262893243877883	20.500414876403966	16760.55952985283
-0.3620692603682443	-8.506115605606489	3.562210841416757	3.2357844608585253	16581.60951987504
-0.23531393590352678	3.0196440242959426	-33.23707735336477	-63.933636707008716	16419.47612838418
-0.1483413447804196	4.282159351035091	4.999237083807415	22.480744570789312	16240.577450144763
0.713713113617878	-4.258746885737068	-17.241524780068673	-60.97628510533639	16156.978298279191
0.724935966819146	3.346994666524644	-8.006841938278555	54.42367964094318	16114.118288837692
-2.0744702717168835	-7.619210633389322	-9.755739384803249	-58.862694759654445	16102.182197238657
1.2272397115838842	-1.6691870460659928	-3.9136767269469885	-4.84023074336578	16319.208599969108
-0.19702752956168723	-3.061549798418362	31.096470509988762	-22.719884287847393	16617.007103885622
-0.2155621512065693	-7.821690818798189	-6.26474561057276	9.247520607501755	16854.108901475898
0.5184155167675115	4.1228023507350215	-2.5120615806398376	-3.7357024293092422	16955.46688008275
-0.8631518715245292	-15.085475026993002	-5.384290648601279	1.0475111045767846	17050.286970525307
1.8937183180837138	0.7950567996711797	-19.08017251186152	23.641199260042043	17091.495948868283
-3.5114496029365796	-5.395120623687838	1.2291151348826048	0	0
3.625018744271756	2.190054209863689	-4.689204352504859	0	0
-0.9651814629406203	-6.879599632311681	-3.3150232719907535	0	0
-1.7661043652593662	1.6245880218596156	-32.3112915414021	0	0
1.3728405653938367	-15.089092142168504	11.524228766802551	0	0
1.3277457524938043	4.104011520054165	-11.630291994226553	0	0
-1.4868785046207407	-5.687020608548124	-9.505495684162767	0	0
0.03544277643870686	2.9904084567465503	10.218473304759286	0	0
-1.4967954043230094	5.191306158751445	12.497571897572385	0	0
5.126854423604705	13.04253943829756	-16.202793893606213	0	0
-5.977464034038562	-5.7536322674594516	4.032184645573324	0	0
4.838444262786936	-1.3639442689242998	24.51178710573069	0	0
-4.997012548702088	1.76758888082324	10.351351277326785	0	0
5.488759938068036	-1.876674135441192	-7.138441564808986	0	0
-5.267134245983591	10.114792817884968	-6.46613476095736	0	0
4.230762389006898	-19.95924209455655	4.921865849332477	0	0
-2.1436379172915494	8.691790583878642	-2.991545335644517	0	0
0.5602530566488966	-3.4273360273966063	-16.289461353597147	0	0
-0.43549975625210635	4.948119099518998	9.013475052632145	0	0
0.3971961024345845	-2.1499094149566176	-6.244468698657116	0	0
0.1296430894265086	8.523731774531207	-15.217373353269153	0	0
-0.3744220179396507	-0.6925815928693382	6.14630772656416	0	0
-0.37222785517872836	5.28922882857745	-13.358643592571738	0	0
0.9428178766494	-0.32638772930966553	3.171667838616699	0	0
-1.12363780192711	-18.663486269677804	21.487427423606974	0	0
0.6692814591688858	12.636870407688306	6.226066867534712	0	0
0.5195768731476633	-0.714468438627577	8.9131605875383	0	0
0.15451018860928656	-8.718697920861615	14.227997856021958	0	0
-1.9069647565814662	17.055326616432147	-6.8573173131528335	0	0
1.1312664776085057	-9.10453396904687	3.268915947345832	0	0
2.1786727190033304	-13.473105266594906	-17.120044322992925	0	0
-3.7852133840673545	4.68512763228599	-5.6268925556620815	0	0
3.21602627489343	-4.707958677534307	0	0	0
-1.478162521822881	6.054568799350321	0	0	0
0.00044077454325730514	-0.7476627252854513	0	0	0
-0.162096347645992	8.706480223068489	0	0	0
0.04203530100308939	-13.091841067109563	0	0	0
2.2482951487783183	0.25006947743547414	0	0	0
-3.6296678700076725	5.5450750536535125	0	0	0
2.2881754977826034	-5.2823762357775195	0	0	0
-0.6540060832031074	-20.18991800332934	0	0	0
-0.31548759396676473	2.2892287260310127	0	0	0
2.1420924376222885	-4.08480911166626	0	0	0
-3.580826365704958	13.618316654481404	0	0	0
2.6339333635813205	-1.7297589482408284	0	0	0
-0.8584629108281518	2.871802897894817	0	0	0
0.012529448412927024	-0.4699278666489519	0	0	0
1.125308787192722	4.021183393226117	0	0	0
-3.7797836269226224	0.09356280373923198	0	0	0
5.327051625080912	-8.64295636457237	0	0	0
-5.4422580726307075	4.821518481814849	0	0	0
5.763023467277662	-7.81222009128814	0	0	0
-6.714624386966754	7.5765651764748725	0	0	0
6.369702067887751	-3.250770632500725	0	0	0
-4.4185377810441295	6.269228914899955	0	0	0
3.023527307272893	0.08261297828470049	0	0	0
-3.5395861550258374	-9.176241763910866	0	0	0
4.411353501737992	26.302086755848627	0	0	0
-4.6851678109266075	-11.433871986030958	0	0	0
4.522499383067064	22.135391444223856	0	0	0
-3.408632062654739	-19.695405471806303	0	0	0
1.8336986680799114	3.9917689671467187	0	0	0
-2.4386321879143793	-3.6533947598052805	0	0	0
0.9771971789406422	-2.500789707747792	0	0	0
3.0769837816490835	3.4338238714486664	0	0	0
-3.4362893183249383	15.745377362907519	0	0	0
-0.12512782822449964	-6.128703606602514	0	0	0
2.884702751255489	1.0263262737186594	0	0	0
-2.8857154086686307	6.735364557660496	0	0	0
2.079032463702532	-11.315184186841918	0	0	0
-2.1589900662485775	8.709985057617786	0	0	0
1.391037768026088	-3.39337248101333	0	0	0
0.7513618405157914	17.20503585736128	0	0	0
-0.8515383824350025	-8.030688547589612	0	0	0
-0.03844257481367919	-7.518290773323244	0	0	0
-0.4834638711174506	5.923450746387132	0	0	0
1.9379583864194814	13.64138295279011	0	0	0
-1.9590329700386064	-2.639343361537108	0	0	0
0.939660448183588	-14.568084803586721	0	0	0
-0.45736395912482664	-1.0192633327422413	0	0	0
0.945259088814943	-2.209708137304581	0	0	0
-1.5023151215212849	9.376539146085939	0	0	0
2.140758709673385	-7.312042038558538	0	0	0
-1.8012720023771607	-0.5545275792768365	0	0	0
-0.9810021176562174	8.015517621762037	0	0	0
3.7575915719100976	-2.703237685946121	0	0	0
-3.065450699635157	-6.931578600695644	0	0	0
1.4308632437276998	2.205697489774302	0	0	0
-0.6534535400316912	0.2996309627777336	0	0	0
-0.0027188888103069075	-1.0796087730895962	0	0	0
-2.026321904542286	-8.96842259300849	0	0	0
5.040378174096588	1.3058994808877742	0	0	0
-4.373182403643405	1.1460345275525938	0	0	0
1.073148852594798	9.065639136709322	0	0	0
1.7449938215668226	-3.148766279965301	0	0	0
-2.1746756586431246	0	0	0	0
0.5959416557169774	0	0	0	0
1.3973572050637202	0	0	0	0
-2.0306791232977375	0	0	0	0
1.2014700468831663	0	0	0	0
-0.9844862405043742	0	0	0	0
2.542467512406269	0	0	0	0
-3.027507589878226	0	0	0	0
1.4944310589806165	0	0	0	0
-0.8228877378318344	0	0	0	0
1.4012700915176879	0	0	0	0
-1.1315807585802773	0	0	0	0
-0.5314627208419083	0	0	0	0
-0.0445035392629336	0	0	0	0
2.5531598067350956	0	0	0	0
-5.147367549551433	0	0	0	0
6.059449605724957	0	0	0	0
-5.2427068225154585	0	0	0	0
3.1499692524418847	0	0	0	0
-0.9121409208515487	0	0	0	0
-0.9058411381529297	0	0	0	0
0.9392504036988996	0	0	0	0
0.35970500342128275	0	0	0	0
-0.9897942261791002	0	0	0	0
-0.9598493058787341	0	0	0	0
1.5702441874984103	0	0	0	0
1.3441473810190843	0	0	0	0
-3.487052421907734	0	0	0	0
2.622908131246092	0	0	0	0
-2.003588243993754	0	0	0	0
2.626350304627806	0	0	0	0
-2.1017549764266974	0	0	0	0
0.37297325456736985	0	0	0	0
0.6087961488149958	0	0	0	0
0.10541815395593801	0	0	0	0
-1.4196126528776318	0	0	0	0
0.875792720770626	0	0	0	0
0.20312696215910364	0	0	0	0
-0.21519341032605865	0	0	0	0
-0.8397639263644265	0	0	0	0
2.844166455294946	0	0	0	0
-3.26732683747953	0	0	0	0
2.1988327361217657	0	0	0	0
-1.9527685593309698	0	0	0	0
2.8426485191271667	0	0	0	0
-2.0220386693968067	0	0	0	0
0.22675100485960797	0	0	0	0
-0.45602399891197365	0	0	0	0
1.8107213755065388	0	0	0	0
-2.1519347113783382	0	0	0	0
2.465810421247909	0	0	0	0
-2.798460877080288	0	0	0	0
3.9079077631593435	0	0	0	0
-6.940395440361264	0	0	0	0
7.4979872090957755	0	0	0	0
-2.7505502210337127	0	0	0	0
-0.7811099815847129	0	0	0	0
-1.3790394713428142	0	0	0	0
3.211499161970039	0	0	0	0
-0.9979952211780514	0	0	0	0
-0.4724560678296683	0	0	0	0
-1.1304836490282142	0	0	0	0
2.6431019827631275	0	0	0	0
-1.386012084177949	0	0	0	0
-1.2011995612213653	0	0	0	0
1.850552906389595	0	0	0	0
-0.3284806014670423	0	0	0	0
-2.259479395886977	0	0	0	0
4.864156526086553	0	0	0	0
-5.709056974969826	0	0	0	0
4.664093489589767	0	0	0	0
-1.8031379965242351	0	0	0	0
-1.9719254201612557	0	0	0	0
3.467511077864444	0	0	0	0
-2.289669596829249	0	0	0	0
0.07116984896376977	0	0	0	0
1.2671955211200086	0	0	0	0
-0.9485829355648576	0	0	0	0
1.5924715338585287	0	0	0	0
-4.010331947307606	0	0	0	0
4.444855290114852	0	0	0	0
-2.545631003629346	0	0	0	0
0.4542519883867371	0	0	0	0
0.5196212898898622	0	0	0	0
-1.5832346817246403	0	0	0	0
4.6416010687469935	0	0	0	0
-7.725147500204862	0	0	0	0
7.898966097779592	0	0	0	0
-4.967307742394688	0	0	0	0
1.0584032671600383	0	0	0	0
2.1660598108927545	0	0	0	0
-3.4882515025794447	0	0	0	0
0.9970518350760074	0	0	0	0
2.3701110767459355	0	0	0	0
-3.744730627919303	0	0	0	0
3.2457182055101583	0	0	0	0
-1.1222092757165072	0	0	0	0
-1.0259005650124209	0	0	0	0
2.365377244553976	0	0	0	0
-2.1219580834766916	0	0	0	0
1.3628334595204308	0	0	0	0
-1.3764587220316002	0	0	0	0
3.412834005062578	0	0	0	0
-4.732492775847774	0	0	0	0
3.3628817717501818	0	0	0	0
-1.9026877021976887	0	0	0	0
1.5964346101952174	0	0	0	0
-0.9452207724999298	0	0	0	0
1.8101563503373512	0	0	0	0
-2.527173427367117	0	0	0	0
0.37927421814767825	0	0	0	0
2.264706002892545	0	0	0	0
-1.620639484233756	0	0	0	0
-0.4261746669403408	0	0	0	0
0.6600149881273154	0	0	0	0
0.7220886785318399	0	0	0	0
-1.1132653673056225	0	0	0	0
0.4486712275091733	0	0	0	0
-0.582741668148202	0	0	0	0
1.3634227823038074	0	0	0	0
-0.6803311375665544	0	0	0	0
-0.6393910633429059	0	0	0	0
0.3772737019737775	0	0	0	0
-0.2396499772777929	0	0	0	0
0.5134705627474645	0	0	0	0
0.19555605614431926	0	0	0	0
