-0.021023374116623472	-0.25631559058553677	-0.7516200691939616	0.15627258518881604	16921.058503986744
0.22935413610048272	-1.0116813579572295	-2.4176062976007984	0.4984110736217673	16920.806987158092
-0.29362621917584875	-1.6039012660090464	-0.3871526428075498	-0.8144282635667395	16921.278000421167
0.6402179200101514	1.1856253106030934	1.1436704535059192	-3.089863424965884	16921.057846651733
-1.0045606953449635	-1.4883100849690507	0.058141454298834105	4.721225715663806	16921.118451401806
0.91277696280779	1.1112015531360129	-0.3769761321036924	-1.4216935805145567	16919.796561653107
-0.43012027331675995	-1.7728598559275284	2.505086442996884	5.107267048314185	16913.701693543306
0.07122396235902784	0.7890696150770751	0.45237280102591626	-0.5533468524280067	16917.557241982257
0.5661204644279749	-0.26708833372447316	-1.4727107677593239	3.8270289802391204	16912.42694053256
-0.823275065313041	2.4406066539051494	0.9642784768098096	-0.8249621201900794	16912.096183274723
-0.002340067455378403	-2.454584885711512	-2.841332061726874	1.568161390105061	16912.60202028091
0.49350174137610736	-0.8625795832660614	3.8392179460571754	-1.950799896743007	16914.2482367502
-0.7688316366895265	-1.506252240522521	-2.154842636509116	1.2134956384401079	16915.15636320434
0.8859737692177845	-4.00419253465914	0.7165542053264318	-2.1260307712207975	16914.260590303467
-0.3962445559565566	0.28892244874251105	-0.07255198780343619	-0.06564716429269879	16918.874196906854
-0.4169383748411022	-1.706067820338589	3.3107898161410674	-1.0202786132639403	16915.83074146702
1.3401565880085329	1.4718769188499081	1.767677636241359	-6.62899497424722	16916.307942021813
-1.7561919240704569	-0.3729460743508355	-0.8009629001275727	6.817560769517243	16913.475218347503
1.2066251688329501	1.8598123192250497	5.1683542997329255	-3.7869552700553584	16914.93932418143
-0.12822575338002196	3.5424686229057443	-0.49875268354743696	0.10793089672891654	16915.770932548177
-0.3186619755154112	5.281786911403394	-0.04248610319399404	-2.843675407328618	16918.70197685241
0.3398768983279581	-1.0561292965657287	-3.296747592623518	-0.3614520347722987	16913.884168479693
0.23463138062749778	1.6626013745804116	2.1738025849951015	0.790259805726464	16913.11796234933
-0.8880810027955093	-0.9093827642283969	-1.3882318229602362	3.0573827574321513	16911.99913341414
0.8674649083171388	2.1234831471687343	1.7629811310455068	-6.324784524489814	16914.018931609095
-0.48102707435153746	-0.7559963628227635	1.1287983506612136	3.129231643666188	16916.3885516829
0.3066219967316499	-1.66229126427082	2.2524772689405808	-2.2063205770036944	16919.674084296385
-0.1723220425797578	-3.9332980144070504	-0.6024234170544247	1.8716430901660885	16918.993999573642
0.4994756192750529	-0.4008553364494105	0.2953484404788469	0.0933501592119228	16918.6025527765
-0.9596306389513458	1.2242777211538112	-1.4959172690909242	1.7768277273916198	16914.456930861867
1.3512275457697527	1.075974372757642	1.9622278701024243	0.8071822700763249	16912.33672787994
-1.1950824958430672	-2.732607150825622	-1.6540091237002912	0.6746272055645761	16917.573807145185
0.1301324821293619	1.2914116575781804	0.10505223493348126	3.5319495589341727	16922.15151657632
0.7316293902213502	-1.7328071374852243	0.38289818132068376	1.138659803172942	16917.238555201693
-1.0884467184645246	2.8635514637428017	-0.8641676909030593	2.544829721167858	16918.83809976445
0.9875610434865365	1.5624187264007432	-2.69000844036934	-0.8868468269726861	16915.445354335538
-0.5295236793498006	-0.1346835001258384	-1.045954367986937	-2.762079204702303	16915.714394708873
0.30530024501776865	4.842456886656642	-0.016923677445078056	-1.2075802035583791	16925.721500962598
0.0012775026360785091	-3.495219947972231	0.8604760104856126	0	0
-0.4349943600704904	1.540603177425531	-3.698894275057498	0	0
0.3756557366295965	0.0996577960808196	1.4071441331457777	0	0
0.06198686220827909	-2.1543758523431578	-2.122141626305279	0	0
-0.1938485854181522	-1.5794640570559224	4.41145251199714	0	0
0.040240538465894815	2.11329908779274	0.1939973980852301	0	0
-0.3657377840959697	0.5408963365631223	-1.9161410754681185	0	0
0.3473614195272603	-1.8662380880310678	1.4437740782813648	0	0
0.17739119584535956	-5.962715504886212	1.9719734085855407	0	0
-0.3896188046842468	-0.7268291683368275	0.497883707527464	0	0
0.5986086965716453	0.15079425262391766	-1.4123129413354718	0	0
-0.36590155843624217	-0.6041353070977991	-0.5912012798107895	0	0
0.0316883755766213	2.2650867211891565	1.750445194552455	0	0
0.36252232302206977	-2.862114158042324	-4.224854528171207	0	0
-0.916598523080097	-3.3767071975889635	-3.450176262142662	0	0
1.6371875458726848	-3.204574514286911	0.8719909395159533	0	0
-1.7875333408810974	0.6204466579456707	0.43422153235334804	0	0
1.0870182407211857	1.8031623637660559	-1.1123122090831146	0	0
0.04594362562253451	3.1001757365574036	2.676747016412307	0	0
-0.9890599634258024	-1.2310332858109092	-0.24136954176910308	0	0
1.4417002024137915	-0.8325279855988441	1.4418611276580577	0	0
-1.5744296505583293	-4.199142821736309	4.82758098508144	0	0
0.9354934185487451	-3.000439786871432	-2.219138054209168	0	0
-0.09667914102748654	-0.00796538227254473	0.7339638976795015	0	0
-0.21504070764230931	-2.960627678338554	-3.843670421521878	0	0
-0.426306285785806	-3.7016346168683185	0.44200748122061384	0	0
1.0318946657885633	0.8178437394377553	-2.940748584020625	0	0
-1.0200660067550231	-2.0324955719478055	-1.763439027863413	0	0
0.8024335749212597	-0.49372673419474467	0.7626342080933597	0	0
-0.7102601874980721	-3.54714965613762	-0.5366330370934378	0	0
0.6102223811607601	1.6456146741926716	2.814186608728548	0	0
-0.12067765916149398	2.0686527699282493	2.281257339480618	0	0
-0.1042145998500601	0.6079179525725351	0	0	0
-0.3501542995093061	-1.9748255953340887	0	0	0
1.4378155302727649	-1.6498674493447396	0	0	0
-2.3017975651727696	-0.6778208131326622	0	0	0
2.1600755069639987	-1.4064711353617767	0	0	0
-1.318631248546815	0.7593036640841504	0	0	0
0.7299067930114731	-3.161272151959686	0	0	0
-1.0546060177142351	-0.25020616978960675	0	0	0
1.2516576453561896	-1.7953318726537262	0	0	0
-0.8859087195195414	-3.8023687330104536	0	0	0
0.1746584688511703	2.5892476106084032	0	0	0
0.6562387459735604	-3.1074395968975352	0	0	0
-1.0661460822890945	0.9886031803468072	0	0	0
1.0900208598234045	0.25713139461277024	0	0	0
-0.7346183283477785	2.1032942760660944	0	0	0
0.31900071484965764	-1.6738525032073994	0	0	0
-0.33460077021079826	-1.2921259606701696	0	0	0
0.4429492334414533	-0.2878465953250995	0	0	0
-0.09328622255860353	-0.03356430573936109	0	0	0
0.12389989879953589	-0.2592946387998296	0	0	0
-0.6490715350919558	0.35692109661816573	0	0	0
1.265376981458779	1.8543538901003487	0	0	0
-1.6568806811760766	-4.821014531254882	0	0	0
1.324403275493161	-3.5485021810053965	0	0	0
-0.8570115215048801	1.2055801326418205	0	0	0
0.07534043819379832	-0.706294693207056	0	0	0
0.06250678209757865	1.4301694353519352	0	0	0
0.4895569468975012	1.6540408812880898	0	0	0
-0.8422783397944471	-1.3517085206286268	0	0	0
0.4817389372353347	-1.1339986538834737	0	0	0
-0.276115122986468	-0.8686404365736564	0	0	0
0.1495001843504582	0.8826533990621712	0	0	0
-0.21884103917349762	2.4274594925148705	0	0	0
0.616679918376704	0.6113027820800738	0	0	0
-0.9903256435526302	-0.8341757239951662	0	0	0
0.916837428500969	0.5205003396100949	0	0	0
-0.4174051496652851	-5.185237477182866	0	0	0
-0.41457917394253485	-2.842789460561619	0	0	0
0.7256874057553873	1.3784889543728767	0	0	0
-0.8585296133622791	0.273249814644835	0	0	0
1.1658895112843979	-1.3434894722706119	0	0	0
-1.330507009593127	-3.630362903637632	0	0	0
1.2032338793584145	0.8070175978891356	0	0	0
-1.2287441431324382	0.0019983242267116452	0	0	0
0.829912366035849	-1.8024079058155564	0	0	0
-0.8216949366699495	0.6053407945975522	0	0	0
0.6864189741989009	-0.2952824362947766	0	0	0
0.21999831421334193	1.4742540417145449	0	0	0
-0.8781767509090557	1.4276730865585847	0	0	0
1.122776504778578	3.6623331922467415	0	0	0
-0.9551412169054387	-4.069023857298639	0	0	0
-0.028096969868066424	-1.4338508495825906	0	0	0
0.354103969404882	-0.32788538996194205	0	0	0
0.04914427873870153	-0.8919413157720157	0	0	0
-0.6922822141947407	-0.565914644525634	0	0	0
1.1997972317552055	2.2211998857380237	0	0	0
-1.253712494906516	-0.4228714357452432	0	0	0
0.8309960550273914	2.7823529999105006	0	0	0
-1.0620415845464848	-1.7782884624872963	0	0	0
1.214048750746521	1.3137983468769718	0	0	0
-0.7028697455561925	-1.2064696732670726	0	0	0
0.19789239617261245	1.152352213557485	0	0	0
-0.4357868801161544	-2.70273750257698	0	0	0
0.6927836122419393	0	0	0	0
-0.8237324095120684	0	0	0	0
1.0613319090781204	0	0	0	0
-0.8651974895088088	0	0	0	0
0.2556584232419894	0	0	0	0
0.20783438589744208	0	0	0	0
-0.18239940995218262	0	0	0	0
-0.3426192178835592	0	0	0	0
0.8830084023177562	0	0	0	0
-1.0876375514571137	0	0	0	0
0.8007153076262341	0	0	0	0
-0.02514061457215888	0	0	0	0
-0.2899111053373957	0	0	0	0
-0.01113612822521759	0	0	0	0
0.4848408006072944	0	0	0	0
-0.7722410180518935	0	0	0	0
0.4899152297144411	0	0	0	0
-0.21242471214655723	0	0	0	0
0.4212218934097933	0	0	0	0
-0.6460971539708993	0	0	0	0
0.9479409549399236	0	0	0	0
-1.0196582720334675	0	0	0	0
1.2582182245641462	0	0	0	0
-1.6837233218025105	0	0	0	0
1.5451394485755543	0	0	0	0
-0.9139640352367238	0	0	0	0
0.6293088902123785	0	0	0	0
-1.0820478071681023	0	0	0	0
2.012648978088734	0	0	0	0
-2.2735399942814425	0	0	0	0
1.7655131359430882	0	0	0	0
-0.5968029081789652	0	0	0	0
-0.2892010715863407	0	0	0	0
0.868975578026074	0	0	0	0
-1.2838081052517225	0	0	0	0
1.1963792627075804	0	0	0	0
-0.6158616617023611	0	0	0	0
0.5315199558770232	0	0	0	0
-0.12787633704637358	0	0	0	0
-0.03418546043059223	0	0	0	0
-0.0957842422491808	0	0	0	0
0.09437332191318859	0	0	0	0
-0.44677394118853186	0	0	0	0
0.9545972271668077	0	0	0	0
-0.796217069462422	0	0	0	0
1.0312424145107997	0	0	0	0
-1.5419098477770987	0	0	0	0
1.9870728839805025	0	0	0	0
-2.061008040815274	0	0	0	0
1.3263976579481067	0	0	0	0
-0.40563330741861137	0	0	0	0
-0.33308204042786116	0	0	0	0
0.40440675189469033	0	0	0	0
0.10178583738084512	0	0	0	0
-0.7081344338750313	0	0	0	0
0.594169871785688	0	0	0	0
-0.1773071041558083	0	0	0	0
-0.14315884162461856	0	0	0	0
0.07161257110107044	0	0	0	0
0.8388314388556921	0	0	0	0
-1.7004633416959436	0	0	0	0
1.7481150874045568	0	0	0	0
-1.1273043011403985	0	0	0	0
0.09818820480820278	0	0	0	0
0.7220402809273168	0	0	0	0
-1.235664053844829	0	0	0	0
2.149350807862156	0	0	0	0
-2.667864673547548	0	0	0	0
2.2695312567764034	0	0	0	0
-1.1346563866779462	0	0	0	0
0.21056079704626995	0	0	0	0
0.5212120822656203	0	0	0	0
-0.7967979750068253	0	0	0	0
1.0432934746353482	0	0	0	0
-1.4870858489610939	0	0	0	0
1.8449636937212546	0	0	0	0
-2.175450379308998	0	0	0	0
1.787618957613354	0	0	0	0
-0.946509764484162	0	0	0	0
0.18028935139638946	0	0	0	0
-0.05751840550482967	0	0	0	0
0.28215718197422746	0	0	0	0
-0.3237513868452524	0	0	0	0
0.6160128818803798	0	0	0	0
-0.5294403949295443	0	0	0	0
0.8225340668232803	0	0	0	0
-1.1586012442999376	0	0	0	0
1.214904422069047	0	0	0	0
-0.5671385260190291	0	0	0	0
-0.07255914433412158	0	0	0	0
0.4269181185872597	0	0	0	0
-0.5969031565578575	0	0	0	0
0.5283609240960132	0	0	0	0
-0.3785298387196434	0	0	0	0
-0.20416995211349587	0	0	0	0
1.3323726593669463	0	0	0	0
-1.5884241786614766	0	0	0	0
0.9400994877409161	0	0	0	0
-0.3575364594181707	0	0	0	0
-0.060012338143330624	0	0	0	0
0.12181420826276934	0	0	0	0
0.28372097764201243	0	0	0	0
-1.2467341515372823	0	0	0	0
1.8607368086720228	0	0	0	0
-2.1790821103198184	0	0	0	0
1.7689106056915591	0	0	0	0
-0.9593167735116594	0	0	0	0
0.5693058454375617	0	0	0	0
-0.6048744818495848	0	0	0	0
0.26116755808921255	0	0	0	0
0.18922184025569067	0	0	0	0
-0.867392481773372	0	0	0	0
0.7490953215692713	0	0	0	0
-0.5597759348678863	0	0	0	0
0.6469070654614271	0	0	0	0
-0.7304613434422578	0	0	0	0
0.6295696414406464	0	0	0	0
-1.088676127306016	0	0	0	0
1.7400758342829405	0	0	0	0
-1.7366481966934728	0	0	0	0
1.4000214356470053	0	0	0	0
-1.2088740782021645	0	0	0	0
0.09310008051107843	0	0	0	0
-0.12811133832860122	0	0	0	0
0.3150173682439643	0	0	0	0
0.8445932540993581	0	0	0	0
