-0.027705985142347345	-2.0559715801347878	2.128493237603166	0.055102997049615965	16823.590284236867
0.5862919938291498	-6.3603456667805816	7.09954811668473	0.8078377518036035	16826.797547255544
0.2521722912180948	2.3182424110631317	6.082238283086085	18.373506454919223	16825.024925012687
-1.5136161027211799	-14.482940053132907	-28.503614299429316	16.3866833946188	16822.83476507217
0.5012240926920697	8.84109805194742	8.355385041584555	22.985713728164043	16836.88678750362
0.12556797323776436	-0.4016388650434948	5.707874787951923	18.095815512262405	16785.3656765127
1.2597843634584152	0.8818474090288859	24.653348985138905	36.94856339123386	16803.489421206108
-1.5053235448530273	-1.3140902064122102	-20.681673820483752	-5.025584449865008	16781.99663567515
0.8620754118144731	-3.943412544400964	-29.348239098586006	22.029649266571468	16837.82820778423
-1.4410918703230493	12.712149918656245	-8.582422683898145	-2.1257863979859764	16993.315672213685
2.4172845509457446	4.240397463790593	11.909803091862685	16.05701000757489	16944.591862823763
-3.6161743847096375	-23.50063063958462	8.503179071887786	15.402824637468555	16898.320459017024
5.027468611209088	23.66399365797792	-5.293567065126453	6.723882782549595	16893.6915422746
-4.591669143536407	-19.63498243816727	1.0662826349487062	-10.47713322910441	16884.515240528162
1.772870550275016	4.452169096458931	1.0735677482037858	-10.19328079038182	17015.844639446026
0.38625852103054115	-8.96399151823173	9.470703356735996	-22.409852537056096	17016.126108729783
-0.8543355162116271	-10.58307118361681	-10.81073674258613	-72.66845497255578	17036.142372106955
0.860174463679158	15.78896429913219	-13.264630978932928	57.057497819308765	16925.388699423365
-0.24099992063693065	-7.736846118811037	13.477858818385855	-27.405194901404784	16869.905169850055
-1.2790997331499057	5.10698055538041	-25.26742851007596	6.614911644878745	16785.178437835795
-0.5557208859000085	4.802448161404293	33.70041982682574	-2.554188736368914	17026.419914223807
2.796374088070692	-9.950543483576688	-16.508637074872084	-32.9045973555307	16961.44820077622
0.36263497054455485	-4.713719387666842	50.43615307510315	-122.85302741606013	16898.162418374905
-3.6977616162332154	-8.272804650678282	-32.73016073568235	-16.124466944999284	16822.89223902256
1.8863826188009725	-5.93510469162343	29.395607180507014	-16.315095208159207	16942.541686081382
-0.43462962443191344	0.044503403406849884	-1.0259036572268343	2.165256793472409	16753.728785531144
0.9320593330843394	2.3489120497482574	-10.274728685275576	-0.6627765582534977	16918.9537813595
-0.20485224122634094	-1.901476958527077	13.901157090653072	6.406826062498624	16949.94046712648
-1.6186995377332138	-6.738633039641947	-4.069563824399751	-70.69523984177826	16856.2829980237
2.2970268210544162	-11.792377794221657	-16.981582930534543	-3.9742923303740127	16802.869846561294
-3.0837147755768015	-15.233737727460806	47.44243880839768	2.1591390772648964	16782.95462258085
5.217440266787669	3.549282095147305	-29.722534608648232	12.660337835254424	16794.72917520526
-5.17703496153046	-17.93192789751349	12.726175948537005	43.82165215232642	16913.977545245423
3.9104026144241786	7.05795733162239	-22.265086920158694	-6.068803242821701	16879.710634142168
-5.062991151776352	2.324621696927082	13.367415686313208	5.892798873308024	16906.425481974664
6.564971629845893	1.497115986625296	-27.542074602474372	-2.1311992970179716	16913.46513235734
-6.412292854918526	-2.711638824976859	-1.5177646329669443	-3.297228506880657	16926.862732857066
5.633084828266696	7.843271938243291	14.363797806062522	-7.840931347080726	16948.17361147385
-4.3537991840384365	1.859935295078408	-10.281327626233193	0	0
2.5692608429136214	-0.841513442937412	14.997196070744565	0	0
-2.104128308135145	-14.727339997171747	22.940260830686384	0	0
2.5838328112084454	8.554990941150528	-9.833772161610227	0	0
-2.730031518774709	-1.9590319409923396	5.499866515881749	0	0
2.040563281305303	8.614482192141466	-15.530241677582353	0	0
-1.64697428611548	1.6201170073298812	31.503636198560883	0	0
2.336677937518246	1.7555828326029967	-32.41281898917222	0	0
-3.621794484991348	4.587928821154307	13.193960331687464	0	0
4.702796855493943	2.8303414002714504	-7.80701399284564	0	0
-5.053270632835371	7.207706496701746	13.481880053972716	0	0
3.9484134317352897	-4.727369617387204	-3.364476646393186	0	0
-2.018484788210131	10.515663702404467	11.731170909042348	0	0
-0.4285529952850311	-26.060962286441757	-3.546625761120069	0	0
2.206728802275016	14.329338375936345	4.390472392733258	0	0
-2.44583971953638	1.2788985457799313	0.81309547019805	0	0
2.4362762395557382	-1.183246544722266	9.96075273440185	0	0
-2.5304892412016997	6.224276624049558	-28.909935253781583	0	0
2.2765681896737675	-32.56686191739138	15.798148647287974	0	0
-1.646752298150986	29.855832730107167	-21.55811169138161	0	0
-0.1302927129052236	-16.39423338678302	-24.972315614867924	0	0
2.030549855595389	-8.734989300820985	-5.932964711105399	0	0
-1.834679291793286	0.426367598929005	3.407500512296437	0	0
0.0015197128643222868	9.26686594684427	16.461001745264582	0	0
-0.14817206592378795	7.6546921304986455	8.956151349653368	0	0
2.433141519736324	4.0047579426275774	-18.441100197767028	0	0
-3.0696695669131344	-9.639219693360985	-6.5250029582403215	0	0
2.01561394284726	-0.4528808773814248	-1.295873462629956	0	0
-1.4716735584104654	2.9091018734948833	-1.7711694015739	0	0
0.8552000736428553	-4.82407755892595	2.465118070221166	0	0
0.04682874133743553	1.0420623836805234	2.042021521103024	0	0
-1.3073530271469522	-1.5703832826832382	14.221564190634524	0	0
1.7870777062826946	-11.365142184121204	0	0	0
-1.0345080796778134	6.288396542383445	0	0	0
0.878403937184693	6.80822405800032	0	0	0
-1.0678631360777544	0.5009331960448904	0	0	0
1.0148434522214416	0.9744989710060636	0	0	0
-2.5932804106728753	10.764164459166054	0	0	0
4.0905838112159785	2.38055136154626	0	0	0
-3.492300157631675	0.5339289823132489	0	0	0
0.601707745801761	6.2657240588874075	0	0	0
1.6456718896710925	-0.8829853230325853	0	0	0
-0.98445857862	5.3898375589039915	0	0	0
1.2198098700814342	-25.54457887787474	0	0	0
-2.946246704740716	18.49547633346848	0	0	0
2.1812931514609772	-13.077022548670591	0	0	0
-0.5192947665880538	-13.200551836261738	0	0	0
-0.14247038305019544	4.942645021333064	0	0	0
0.7343245061746444	3.8946771509920453	0	0	0
-0.4157865659333737	-0.8325712696810044	0	0	0
0.3711890594084011	-1.6566774185456126	0	0	0
-0.22555481290498136	-6.603005222267676	0	0	0
-0.7553387655171306	3.0149779411572766	0	0	0
0.596522942145711	0.16501654411140265	0	0	0
-0.19580439417667606	-9.281016587948315	0	0	0
0.42745942898994826	1.9875866980591894	0	0	0
-0.13461102042978013	-0.8494960633745734	0	0	0
-0.5652128044660785	-10.707016678180459	0	0	0
0.05837485962769762	-0.18630257548306872	0	0	0
-0.17400555632138293	-0.44062372917177584	0	0	0
3.5707918990226446	-13.316059994307302	0	0	0
-6.011652163539004	11.744289331738209	0	0	0
3.771288450484654	-1.5932388831024937	0	0	0
0.7729116723895686	-2.587150580643332	0	0	0
-2.553418380919787	-2.206299783921196	0	0	0
0.4473240548017401	-1.5515626654694827	0	0	0
1.6845687132089253	-3.2625477379690224	0	0	0
-1.4781181489792985	-15.717595641849961	0	0	0
0.9647709813148921	24.951826333452324	0	0	0
-0.38128354347043114	-14.422711838674594	0	0	0
1.589209852134033	10.518828648551683	0	0	0
-3.3323807930631233	-5.724777949545555	0	0	0
-0.679058012745152	-0.1467861097723926	0	0	0
5.149157759055797	7.333154003464173	0	0	0
-2.281497671814307	-7.310340990495455	0	0	0
-0.6531092607174784	11.445027568321962	0	0	0
0.6560020043231702	-7.5146185487332176	0	0	0
0.06579005471384392	-22.472516853690507	0	0	0
-0.7696756353285679	-3.834875759446355	0	0	0
1.229483772480755	-0.15926432663144396	0	0	0
-1.1498303700472405	9.515555672312743	0	0	0
1.8437544727705912	1.0474065522463505	0	0	0
-1.809667516251828	1.2237986059866799	0	0	0
0.4776998201916882	18.580162102767233	0	0	0
0.9698499167344679	-16.235849259028264	0	0	0
-2.0151005888643994	14.871945759126696	0	0	0
2.9113683410554003	0.7097096551523023	0	0	0
-3.5554016950721135	-8.957864847783519	0	0	0
3.1241921579789604	8.435677237083851	0	0	0
-1.0589686331631896	-13.569349051213301	0	0	0
-0.7611388248500859	7.802227601142725	0	0	0
1.4385263933657129	-9.296982307056936	0	0	0
-1.243813439598192	9.71008639259388	0	0	0
0.7832398224903159	-6.756184486305806	0	0	0
-1.0782618525446779	13.833119457539233	0	0	0
0.23310094058732034	0	0	0	0
1.7679115056997077	0	0	0	0
-1.5718042504291532	0	0	0	0
0.6359335271389526	0	0	0	0
-0.7189532364166098	0	0	0	0
-0.061467690366264094	0	0	0	0
1.7925274848981942	0	0	0	0
-1.8840070576861976	0	0	0	0
1.0313704226176341	0	0	0	0
-0.7579011945784586	0	0	0	0
-0.06801663377333966	0	0	0	0
-0.03014364820725035	0	0	0	0
1.17631412861369	0	0	0	0
-2.6994182544142475	0	0	0	0
3.155172928674766	0	0	0	0
-1.8521077606872183	0	0	0	0
-0.2745147259266574	0	0	0	0
1.5565145097966564	0	0	0	0
-3.6935658704142327	0	0	0	0
5.4314028990271055	0	0	0	0
-3.914891174942319	0	0	0	0
2.72485881502476	0	0	0	0
-2.961660003147557	0	0	0	0
2.1121873078311566	0	0	0	0
-2.607702545488351	0	0	0	0
3.8857559515451	0	0	0	0
-4.891298163313863	0	0	0	0
1.970854096555911	0	0	0	0
3.49361810027289	0	0	0	0
-3.6609629276620055	0	0	0	0
0.94012449195138	0	0	0	0
0.498739065969211	0	0	0	0
-1.6110228495404968	0	0	0	0
1.1475156961910997	0	0	0	0
0.11602368358274617	0	0	0	0
0.04810512514169574	0	0	0	0
0.5806454604409765	0	0	0	0
-0.9048188179304901	0	0	0	0
-0.5180241257717384	0	0	0	0
1.8599292796834845	0	0	0	0
-3.9586485874028483	0	0	0	0
5.457984573739502	0	0	0	0
-4.094927125314257	0	0	0	0
1.5627202529156463	0	0	0	0
1.076504230157873	0	0	0	0
-2.230865960024815	0	0	0	0
1.206272623857501	0	0	0	0
0.26845371809605467	0	0	0	0
-1.2676466459004914	0	0	0	0
1.0194247570018433	0	0	0	0
-0.07099054506541336	0	0	0	0
-0.0850334743685579	0	0	0	0
-0.6783590831666046	0	0	0	0
1.8088818675905145	0	0	0	0
-2.8194629817223884	0	0	0	0
2.350540211160478	0	0	0	0
-0.5743997723063714	0	0	0	0
-0.649928272133188	0	0	0	0
-0.19526182982195195	0	0	0	0
2.1375652432802568	0	0	0	0
-2.7518628107078342	0	0	0	0
1.3699512848742827	0	0	0	0
-0.20290892857839538	0	0	0	0
1.6136381365163217	0	0	0	0
-3.2926666135822487	0	0	0	0
3.4093883183705884	0	0	0	0
-2.27632218260041	0	0	0	0
1.0129722956575407	0	0	0	0
0.08039591973335547	0	0	0	0
-0.6366514277961954	0	0	0	0
0.4572626461964191	0	0	0	0
0.3612268172273403	0	0	0	0
-1.4372725773986659	0	0	0	0
2.7375035673331283	0	0	0	0
-3.0255097490327643	0	0	0	0
0.481736351097112	0	0	0	0
2.978838900855777	0	0	0	0
-1.485184604666074	0	0	0	0
-1.424563843125128	0	0	0	0
0.7215390029589841	0	0	0	0
-0.40232021716956723	0	0	0	0
2.5679652713284327	0	0	0	0
-4.24731458159647	0	0	0	0
4.103477799810136	0	0	0	0
-2.5595188970859226	0	0	0	0
0.3986362786559994	0	0	0	0
0.37045658078037036	0	0	0	0
0.9300090939801606	0	0	0	0
-3.4125830223664977	0	0	0	0
4.800237092335706	0	0	0	0
-3.608768697763878	0	0	0	0
2.9700760717775054	0	0	0	0
-5.853050371913419	0	0	0	0
7.84709526485824	0	0	0	0
-4.96712289630068	0	0	0	0
0.0005249501588906469	0	0	0	0
2.4895176715105833	0	0	0	0
-2.403764956431708	0	0	0	0
2.1712912976137346	0	0	0	0
-2.625925831533685	0	0	0	0
2.3810212191908064	0	0	0	0
-1.3510418915710787	0	0	0	0
-0.49634600210154645	0	0	0	0
1.6640756827427907	0	0	0	0
0.18596753189964943	0	0	0	0
-3.4046197349274863	0	0	0	0
3.6898813571195603	0	0	0	0
-0.8865652464605773	0	0	0	0
-0.8431244206737389	0	0	0	0
-1.1083780763605517	0	0	0	0
3.2011995187169404	0	0	0	0
-2.3267101533745205	0	0	0	0
-0.545418826024445	0	0	0	0
2.7492392552023333	0	0	0	0
-0.8174739247994012	0	0	0	0
-3.0908154207319924	0	0	0	0
3.9233029149034664	0	0	0	0
-1.4273270927988264	0	0	0	0
-0.8531409355959596	0	0	0	0
1.1877321984334728	0	0	0	0
-1.2082348811192034	0	0	0	0
2.79934641335705	0	0	0	0
-0.5287404604797246	0	0	0	0
0.26020287534935704	0	0	0	0
-0.32179240459447556	0	0	0	0
-3.066988622533138	0	0	0	0
