-0.03836450543585812	3.3054793729451006	-3.2602901572802807	-0.21751973713514872	17125.096295056825
-0.7109125346442084	10.298228865292117	-10.567804466277764	-0.3982799252762277	17123.799000394356
1.42074003157623	-1.7488421190707584	-0.1739021644837493	2.0070254769893836	17126.64016577219
-0.8456018109603818	6.9057132363784035	1.342784727376369	3.495738016284008	17124.504441249825
0.964813367134667	-6.982703779642392	-1.5250246400533172	6.280693298566405	17124.386703724686
-1.8196068993989485	-0.7234376160928235	2.642910554767383	-11.91528351108775	17124.86538001942
2.354544339595641	-0.46090677362279564	16.385905110558397	12.81287671302627	17087.819985275848
-2.2137114443304853	5.337779916345227	3.2407089194721976	3.835909301996608	17060.842140999983
2.1403239443101114	0.7202696247946676	6.90533899301299	45.70857491168674	17069.06535015304
-1.9344803570678906	9.431995525306277	-6.389436633792542	-45.749564598843676	17076.24452450459
1.0617571941603572	-0.3962928759533071	-21.983133965494886	-3.2409504572130174	17127.457521349075
-0.21294187795831476	-2.486559600748201	0.3616708434081488	0.14042177507235465	17233.919754184433
0.5375028220305751	2.5671641981247006	-5.228354727349114	-12.341805558285074	17094.406164949443
-1.3139675824828245	4.786999836849603	-0.5407985042270411	-16.18189300229848	16913.470004229348
1.6592314260364134	1.1956718516762876	-24.832443297143556	-1.2445393478581792	16931.412255464864
-2.115212986094697	-4.570442088222123	-15.645293049565709	-6.756753331121786	16830.74616612206
2.9500716136627574	2.838883022589883	6.384688444535939	31.498098916174953	16875.855979159936
-2.115434826212251	-3.3695291385268717	-10.101988439766714	0.5610884479846021	16835.892966616517
0.0031525577092921253	5.87825802135761	-5.884929052323713	9.135880763940065	16789.75712131946
1.0097502141460524	2.5900457640095738	5.523414307112986	-5.138996058752781	16729.503236648507
-1.0803137910266116	-11.241627690172692	-11.71321115731034	0.3917944575044032	16713.14861757868
1.520910992546277	-0.3403338823979283	-17.048759616017335	7.72634989147879	16791.793672557054
-1.3877835077571206	-10.77560138112159	-19.768980963593123	10.05303384682722	16839.317368091535
0.1726507905211534	-2.632901666218558	6.1973049949957755	-0.4517968967004862	16846.07637550724
1.1158540486395339	19.78050896644541	-6.62249173839875	-3.202161579114545	16890.552679933084
-0.9328619339997601	-18.32126450262124	17.781238975663953	-22.154124793839088	16937.275278167504
0.4046697637907499	-0.09030606467714364	-12.629899442019592	59.5999940395091	17037.443840604144
-0.2601981053592084	9.044814261931208	-5.31640936325725	-89.5226519165512	17059.857766392972
-0.23699483792309195	-0.04615276080427577	7.199606440902201	115.45110011343499	17132.29078622076
0.7054572307731277	8.612441040783494	19.02770675273284	125.42357467526764	17082.033893870495
-0.08999718024689685	-2.7949097542845465	-10.404586948614522	-36.5698075378193	17218.28791707736
-0.016087410638768063	-1.4043235909164196	-2.6340918936124353	-23.01269237267195	16393.887493769416
-1.1050791382188763	-9.924283497653775	-12.397528559502476	9.008943559830627	16463.34974656977
0.441589590424158	12.808396736990801	-12.180075729551717	19.9520241255468	16551.0361277047
0.8935503386732293	-1.9880826156740738	5.9144930121068455	0.060235560831188195	16568.449362562867
-0.7197956768016454	14.335418098902387	-8.814543808487812	-1.9728848447195872	16558.65438655223
-0.04423751821841648	5.222927686684997	-2.3742075201789987	-5.33716258385229	16635.10268423212
0.44308783539786845	-7.614113364912484	5.702178496861308	-19.3323469703747	16679.348068744494
-1.6102714842335502	7.1083421610809125	-6.378607539336315	0	0
3.20019410786427	-19.427890025577497	-25.2605082553316	0	0
-2.679395811201374	19.525485865311275	-3.0110270377842028	0	0
0.5513131044488588	-2.9220904557748284	-0.9217918158995388	0	0
-0.15842454867352274	-13.224591873358058	5.2808238100002285	0	0
2.1629753656697517	14.072343341051855	5.352790500787165	0	0
-5.0347720296130305	-5.644544179896407	11.947418403114995	0	0
5.03382407772353	-7.626446391076243	-0.8413659625515066	0	0
-0.602656769217937	12.815944583912767	5.937248985655856	0	0
-2.8896689008793217	-1.2003837240601385	15.000753457322133	0	0
1.2871350867843248	-6.731409451950583	13.62645335488213	0	0
1.6346286644080408	-7.949385669684233	3.685681717748878	0	0
-3.280361030221904	6.285835383495133	-14.208304669333074	0	0
4.492247173497411	-0.37505707917789266	-16.128455913085133	0	0
-4.079308469072089	4.620653343057164	7.444111966571668	0	0
0.9148145169828581	-0.3754315730486937	-10.150499221222049	0	0
1.70673893557003	-5.0000888297994805	-227.6014200095345	0	0
-1.9676185379654854	-5.506025028312628	116.08211414905884	0	0
2.8182972384274976	-11.188899375494024	-24.366007198267738	0	0
-3.7937959610040792	-2.0948070459608417	0.14749998589806523	0	0
3.832999171244964	1.2928064380077373	6.20427310409282	0	0
-3.1523211914388867	-8.003823560001557	-12.507524333295592	0	0
2.9475859580352193	12.612047198004532	-0.8997016650571226	0	0
-3.6126764118527817	1.7327835172876007	0.32643675692085594	0	0
2.903171542191906	-9.946677656960432	-4.448099455268519	0	0
-0.4353421599208218	-1.594811182490261	-5.193590336411191	0	0
-0.7086322581642577	-1.396993084121796	-2.704033214940523	0	0
0.9060178092400264	2.569902567721641	-3.803621623623769	0	0
-1.8554219204669877	-14.82733566433965	1.1100676581790339	0	0
3.0477585508253213	0.9407119695012227	-0.35677906204251997	0	0
-2.04234131687884	-6.3508040971107675	3.5892633723024403	0	0
-0.9362746130065034	4.449537436395659	4.576207477850232	0	0
3.46766130711093	6.449451621795063	0	0	0
-3.7746685303441865	-11.658747245136176	0	0	0
1.5384722078369037	-0.8144099276504946	0	0	0
0.04058328042349757	-8.183855455930143	0	0	0
0.88427125665023	-3.561352193492702	0	0	0
-0.2858433767291615	7.954175457870917	0	0	0
-3.896316544827201	-6.858104492665468	0	0	0
5.813667621472106	-8.389359220192368	0	0	0
-3.3752820566851085	5.324870457920575	0	0	0
-0.21084987752281847	-7.798805497062233	0	0	0
1.836005543137432	10.41578105649829	0	0	0
-2.4267482166570034	-8.798943505652481	0	0	0
0.9960160029975853	1.2215551171696717	0	0	0
1.7211898517754207	-6.470654244255556	0	0	0
-1.2304255684742245	-2.6050300760618015	0	0	0
-2.9920335488492853	1.1134043300468193	0	0	0
5.918565246874145	-14.282454444329296	0	0	0
-5.606151329478948	5.167143856462715	0	0	0
2.6205859106803118	-4.347978327552795	0	0	0
-0.05193234817780734	-1.8786586293275818	0	0	0
0.23272512729436556	-7.253857115609641	0	0	0
-1.5769626347117125	-8.715502174395361	0	0	0
2.4943393643874288	-5.441670231289287	0	0	0
-1.499557831981548	-2.973952529901837	0	0	0
-0.3168648086696422	12.528503221304675	0	0	0
1.4215199271588617	4.100977330383067	0	0	0
-2.0378871163571546	-2.4854576628216094	0	0	0
2.9019856987956274	1.0904647103862999	0	0	0
-2.847381230006839	-8.678882183297091	0	0	0
2.5974464894973366	13.125679504964324	0	0	0
-3.150706237093253	-7.7134650474404225	0	0	0
2.5623902069853273	1.2586416363409398	0	0	0
-0.6221847745288045	-6.414421395864565	0	0	0
-0.23204463490090887	-0.27541090992561124	0	0	0
0.8127603920028719	-8.053569633342619	0	0	0
-0.4297037852535084	74.58520162630944	0	0	0
-0.4786584428490812	-9.319492074859042	0	0	0
0.10726146844567808	18.27589887779388	0	0	0
1.0564962368078454	-1.8381512412466776	0	0	0
-0.00126189990690051	-4.093011477345698	0	0	0
-2.5114584717686412	2.356066654622879	0	0	0
4.131112195576797	-1.0435304705204302	0	0	0
-5.057430228471887	10.086175627440028	0	0	0
4.299192671195371	-4.167743451678376	0	0	0
-2.32477363120784	3.7615123673340207	0	0	0
0.5961080535034782	-7.0368109245189245	0	0	0
-1.0196736429592477	3.9007815038438878	0	0	0
2.0387395375410335	3.22365664153714	0	0	0
-1.294567440823137	-2.8558453450335506	0	0	0
-0.21305926212860982	-2.154735727129726	0	0	0
1.737582495319252	15.9421020520223	0	0	0
-3.5817077664670265	4.708569261061257	0	0	0
3.818939643641812	4.767051572144574	0	0	0
-1.3615652266446858	-6.304530115002507	0	0	0
-0.8084795187021143	6.34439457288908	0	0	0
1.0239137009336403	-7.360824735767004	0	0	0
0.02466357589832313	-4.628303702428575	0	0	0
-0.6322471321670378	7.268082500516208	0	0	0
2.0459489906448027	2.1618910937368057	0	0	0
-3.187131270357753	7.866877332622728	0	0	0
2.3265222257034353	-11.408351323073525	0	0	0
0.006970493062780747	-0.7812073737791252	0	0	0
-1.3576323786963513	-4.716591817714516	0	0	0
1.9472403726722618	0	0	0	0
-2.7489691080932914	0	0	0	0
4.182645612818668	0	0	0	0
-4.023506528232339	0	0	0	0
1.5179970223238826	0	0	0	0
2.218964277045046	0	0	0	0
-4.235624680773171	0	0	0	0
3.6281498888378465	0	0	0	0
-1.4613522512570398	0	0	0	0
0.1323803643234811	0	0	0	0
0.14921550810385042	0	0	0	0
-0.5525921092179118	0	0	0	0
1.0802349087729013	0	0	0	0
-1.484107920277026	0	0	0	0
1.583986442389154	0	0	0	0
-0.34688035166539066	0	0	0	0
-3.132535727860983	0	0	0	0
6.074418590468198	0	0	0	0
-4.638519995766785	0	0	0	0
1.3297843835286685	0	0	0	0
-0.8043228199242307	0	0	0	0
2.185725190267675	0	0	0	0
-2.4911520267197673	0	0	0	0
0.5663957939240021	0	0	0	0
1.4964355895273087	0	0	0	0
-1.1190796453350274	0	0	0	0
-0.2950556524086778	0	0	0	0
0.8651677272978446	0	0	0	0
-0.31057552758478835	0	0	0	0
-0.18907809437944678	0	0	0	0
0.6772930148683969	0	0	0	0
-2.2205583226748047	0	0	0	0
5.120931024600644	0	0	0	0
-7.408656485215509	0	0	0	0
6.960857420193896	0	0	0	0
-4.233953832225652	0	0	0	0
3.016134580820136	0	0	0	0
-3.9790551329085275	0	0	0	0
4.3521709860258255	0	0	0	0
-3.0992497638008842	0	0	0	0
1.6544549561494506	0	0	0	0
-0.941069343589632	0	0	0	0
0.8908409790423661	0	0	0	0
-0.20401797993409332	0	0	0	0
-0.19013262108804696	0	0	0	0
0.3971918588396761	0	0	0	0
-1.116008734958399	0	0	0	0
1.9427017514910787	0	0	0	0
-1.229641732942568	0	0	0	0
0.09445431322171771	0	0	0	0
0.0757229170760283	0	0	0	0
-0.300141141701431	0	0	0	0
2.6902522839990866	0	0	0	0
-3.5965182256859336	0	0	0	0
0.6039097833390841	0	0	0	0
3.095591729470577	0	0	0	0
-4.415871186775625	0	0	0	0
4.718810995149937	0	0	0	0
-3.9912269673960665	0	0	0	0
3.6069291966797508	0	0	0	0
-3.613163434454748	0	0	0	0
1.8930496158489305	0	0	0	0
0.7227273745881675	0	0	0	0
-1.061557496069426	0	0	0	0
-1.2247843543912964	0	0	0	0
2.4804094551142626	0	0	0	0
-1.4064264435012888	0	0	0	0
0.7457332976226496	0	0	0	0
-0.8277383383221064	0	0	0	0
0.9013422443923744	0	0	0	0
-1.7721711252127932	0	0	0	0
3.795501993111067	0	0	0	0
-5.64311944478343	0	0	0	0
6.1292474940778305	0	0	0	0
-1.8518866707869392	0	0	0	0
1.4789006524288908	0	0	0	0
-16.26639003964185	0	0	0	0
23.31429492604326	0	0	0	0
-9.849008702658935	0	0	0	0
-1.6413947728404636	0	0	0	0
2.744260173097693	0	0	0	0
-0.06040963850804815	0	0	0	0
-1.7112933072260645	0	0	0	0
1.7673678956984347	0	0	0	0
-1.6720589790746132	0	0	0	0
1.6403376862631944	0	0	0	0
-1.5952272562751233	0	0	0	0
0.8986693040018991	0	0	0	0
-0.06040166869104979	0	0	0	0
0.3118931481645504	0	0	0	0
-1.3981715561664672	0	0	0	0
1.419596682934987	0	0	0	0
-0.4678005056728338	0	0	0	0
0.6160442701053697	0	0	0	0
-1.3062708296973113	0	0	0	0
0.5977032143125527	0	0	0	0
-0.48221048816966317	0	0	0	0
0.6298292364175495	0	0	0	0
-1.1521242859164005	0	0	0	0
1.39986299560114	0	0	0	0
-1.57795371381863	0	0	0	0
1.5216410162755665	0	0	0	0
-0.27944997393404947	0	0	0	0
-1.5129932279494795	0	0	0	0
1.8302996865034729	0	0	0	0
-0.8185199157667711	0	0	0	0
-0.7336220054599636	0	0	0	0
0.5296217300027095	0	0	0	0
0.3177477056536304	0	0	0	0
-0.8554590981070049	0	0	0	0
1.2204162615275607	0	0	0	0
-2.090699401726546	0	0	0	0
1.6189443314620675	0	0	0	0
0.4917638171438341	0	0	0	0
-1.9303729197111679	0	0	0	0
1.6151970278759933	0	0	0	0
-0.3801817309465818	0	0	0	0
-1.4198253425908263	0	0	0	0
2.88341585650862	0	0	0	0
-3.460131680739188	0	0	0	0
2.61176458771682	0	0	0	0
-1.9382207889758902	0	0	0	0
0.7048868232867207	0	0	0	0
-0.09006083785408237	0	0	0	0
-0.7045213942574833	0	0	0	0
2.152291362664876	0	0	0	0
