-0.07401193228577085	-0.607957014437055	-1.1314895629745791	0.25698703552107816	16893.609150442422
0.32210049794348095	-2.2791367249278878	-3.6132547614895714	0.8193884022893059	16893.172754365016
-0.7023093055544294	-2.5431434550070833	-0.39448154471426733	-1.8140237036131452	16893.805994652925
0.6958315628678307	1.4695878554546908	2.9022881748554994	0.4050183556910696	16893.914501661697
-0.1388727350773422	-3.2099501379183977	-2.0191783947864366	0.07778713498485956	16891.51499128102
-0.1861699978580873	1.7701846885271806	-0.2713861316233448	-0.506590627799298	16899.63515527262
0.039414890099898514	-0.2557923040755057	-0.6299650277921245	0.6321131327619298	16896.783480266648
0.27680530904054024	2.064251706884903	3.35218467938509	-1.283729047975001	16901.296402038766
-0.6538550996736845	0.880242722575133	-1.575294474665725	1.4193822095031834	16895.986632175373
0.47347090991967633	1.0938167422283556	-0.19815757940224898	1.7395430387988142	16900.796084600814
-0.1738832184874397	-1.2874909706346074	-1.297733391756438	-1.4494468599124275	16899.176592406806
0.6234851176334644	0.31384768348450365	0.6101906107481341	-2.1585360441272456	16901.943930661593
-0.6461762063511003	-2.852638843316001	-1.3099627781973169	-1.379104453845983	16898.218765904214
-0.14064626288153903	0.06982541932939057	2.2433029757191747	2.0884997735765864	16899.609140382774
0.3088117572184146	0.751560554320065	0.2427978310858947	-1.8523350461251056	16901.048686893453
-0.2458222554974796	-1.6611477850767855	-2.730167130255566	-3.9976730565378062	16901.19290553598
0.5255441511181758	0.8362570819701673	0.7705872550878183	0.36693829628214303	16899.225353558708
-0.9319998883597904	-0.9276091707343568	-1.9549034576885305	-1.2991538884674156	16897.511492460886
0.8104909696424158	0.48446092265847085	0.0313092741381098	-0.6097105027605778	16897.118353754006
-0.9264269059587136	3.766210489571172	2.1459846666106728	-3.634425506741195	16900.7608299389
1.636598090472205	-0.8868609190214798	-3.5441058142227746	-2.599406193052559	16902.86689707179
-1.8336414945814852	0.5835964223833159	-0.33580537272716526	-2.5000638613828556	16896.584269815616
1.1570648679990327	-1.701524961286765	2.3690507945369887	-0.6147986365201774	16904.69743104876
-0.938998834438145	-2.0716179591522774	-0.10409888250670463	1.0147450159507798	16907.32427060251
0.775312045798934	-0.7469363723573181	-0.736720197376286	0.3902625222121685	16903.473995498054
-0.0977266827937342	0.3212550400250791	0.48000784967983634	-0.24160267229837018	16900.183168351126
-0.1692719866071073	-2.7814156061238577	0.7122607938567	0.17688978545133693	16904.43237979074
0.2501584747196972	-0.6240543645333005	-0.07053119207731129	-3.3635601662740555	16908.44755370371
-0.6243009156852963	1.4484122520998142	-1.5352799166816453	4.396492246799241	16902.551769658123
0.8858712829587958	-2.492025204165664	1.0775550103695082	1.93455138095797	16899.854983793863
-0.30304695538141146	1.4614445070577347	0.05840458113442537	0.8689601477502862	16905.785202668158
-0.2588493878660003	1.9422620162795923	-1.6687734527244373	2.846301176986472	16905.144640389
0.06400489943827381	1.9692336824773733	0.6842627330160127	-3.7372220082336867	16905.578438476176
0.07332403026742185	-1.9235505147943996	3.1676535404159125	0.07653176352806668	16905.688876199572
-0.01879568961229694	0.10566358254718722	-0.5007580751662033	1.091225993075014	16906.594115794072
0.47948168228320753	1.282194857546017	0.887839261061373	-0.39670978578888594	16905.51064592132
-0.5965891901844032	3.571819036151311	1.0917756218729977	-1.0240208300599107	16906.547769758523
0.39082852588503414	0.006294319657222047	-3.031053035737031	1.5801709358375433	16910.452347097438
-0.09312789926321585	-1.889542785174072	-0.27329923676705903	0	0
0.40650856438358574	1.0309216737944524	-2.4030102285932173	0	0
-0.05392473784819174	-1.8756210963504145	0.32216060263773727	0	0
-0.43349512195188566	1.2016478008379892	1.907877686859294	0	0
0.5408359818290123	-0.6221178561148122	-0.9787164371718404	0	0
0.17836299675136047	1.4163264876373844	2.9939077431090766	0	0
-0.3886322091810257	-1.6648600873047528	1.7251638716469557	0	0
0.915014919252009	-1.6374162981212805	1.4472942568943665	0	0
-1.5273282686009608	-1.413261310047524	-1.3466548833879415	0	0
1.4478519928690687	-0.5767508370580217	1.7714280585842062	0	0
-0.5851047375902354	-0.012118744076595078	1.74875502934961	0	0
-0.10358821761567327	-0.15236791409063244	0.7660865248432742	0	0
0.1675725122980367	2.177701617345022	1.7406224254266363	0	0
-0.34182017838397627	-2.4991309233858843	2.430574867096553	0	0
0.04342077745179296	3.277105855497851	1.313089246130076	0	0
0.5089545807091653	-3.032408494221265	1.1505252488042998	0	0
-0.27126602272019085	-0.20034248117912767	-2.957599600248585	0	0
-0.11221689251090794	-0.9706418981346374	-2.795036579016255	0	0
-0.07757413839315319	-3.3438787017623497	1.9789566831958894	0	0
0.9052961235548196	0.622221365691594	2.9031315027838644	0	0
-1.0325204672909294	1.285666580962264	-3.4846525673701336	0	0
1.0259698092307659	-1.492479769947046	2.0222341877261556	0	0
-0.9705357309345857	-1.7080180324291234	-3.210511208443478	0	0
0.5047507334179997	-2.930180436723653	0.4979408855588332	0	0
0.3967611837463352	1.6705965336770419	-1.4212291694854144	0	0
-0.15408021321866272	-1.7066018707745627	2.022396747069706	0	0
-0.6854259430375151	3.0583313862506074	-0.6427009592108703	0	0
0.9564431652339067	-0.9030870008801628	0.04842888188963457	0	0
-0.8329116089563655	-1.8357458155647919	-0.2288888709345116	0	0
0.8621618574706318	-0.8347135308278979	0.21549479455465814	0	0
-0.6063873563439586	0.2501328140849637	0.17894682269661644	0	0
0.27353357968672753	-1.6850033337906893	-0.1573688343827655	0	0
-0.2604353631592815	1.258261623221884	0	0	0
0.15288834715453703	-2.075473159981982	0	0	0
0.19936449978249726	1.661363436534046	0	0	0
-0.19164698135784164	0.09215026430127438	0	0	0
-0.5711551420612082	-0.8177200494713972	0	0	0
1.079316923488662	0.08798595348632432	0	0	0
-0.9549012468318452	0.5062318542291777	0	0	0
0.4562112902459603	-2.272525158610968	0	0	0
-0.2152010232820345	-1.3563259756451842	0	0	0
-0.026926954066752273	0.16712619995953304	0	0	0
0.2518441804638769	0.43357398283711035	0	0	0
0.10519440017444737	1.1058167536273658	0	0	0
-0.492927177126667	1.2013852869205266	0	0	0
0.22528545458025917	-1.2853086369413944	0	0	0
0.044436374061156414	-0.5611537659974459	0	0	0
-0.15415926284919834	2.3439835609616253	0	0	0
0.5620938597816192	-1.108125225461258	0	0	0
-0.4740027309562862	-1.5008555849488872	0	0	0
-0.15684752092365528	0.6264585890255816	0	0	0
0.4949448695548284	1.2483408182541424	0	0	0
-0.43068678613313693	0.4211393132323238	0	0	0
0.7767654860084505	0.6541814312173386	0	0	0
-1.1062486409843615	-0.5478795833418175	0	0	0
0.7991888482703544	0.049657922001934196	0	0	0
-0.883683681331128	0.38392880005198293	0	0	0
1.070171027787218	0.24991736363585915	0	0	0
-1.0051746646435404	0.3966888603982852	0	0	0
0.45588316865645595	0.3362400913716215	0	0	0
-0.0013327951911961122	1.4380213822369043	0	0	0
-0.2250694255395942	0.9823567010202439	0	0	0
-0.15196472976700903	-0.5468680610182162	0	0	0
0.7805333819788629	1.9777150143261863	0	0	0
-0.8512823321133851	0.3275763105775411	0	0	0
0.059347528165965	-0.027511615972414916	0	0	0
1.0112007927846562	-0.6562487525161345	0	0	0
-0.9798231158334474	0.3179181945275005	0	0	0
0.8230813260718932	-0.23088326047126628	0	0	0
-0.7867977109636968	1.265709649713557	0	0	0
0.7275345667013156	-1.3307334182216266	0	0	0
0.012652735862445752	0.9395822660829367	0	0	0
-0.5774004478456334	-0.212978019081568	0	0	0
1.043137609704246	-0.5837980783700019	0	0	0
-1.5211928725790642	-2.7252496649622984	0	0	0
1.3338212763181545	2.5073608253668382	0	0	0
-0.2289492538358715	-0.06872554057925839	0	0	0
-0.48664186083195204	-0.8680905758454642	0	0	0
0.5365075569763675	0.7744241347559964	0	0	0
-0.30370842871108295	-2.0828842421422635	0	0	0
0.3343914410486235	-0.5995486703412141	0	0	0
0.4746696183263097	0.7629283952506114	0	0	0
-1.3773565165255732	3.0082583141412513	0	0	0
1.4706676000643313	1.441620214880004	0	0	0
-1.3002688367274189	-0.096904124164233	0	0	0
1.1210323198804346	1.58092703000586	0	0	0
-0.8015332193423177	-0.0009785692062749263	0	0	0
0.40631737671050416	1.8258648376328424	0	0	0
-0.11683390169222463	1.7115722249861278	0	0	0
-0.8180193789508294	3.335175947523787	0	0	0
1.5489217676083484	2.8517815956960177	0	0	0
-1.4579842358879276	-0.486282191603415	0	0	0
0.8016664575080057	-0.3144959704673411	0	0	0
-0.41516899365931437	-3.8552487337789003	0	0	0
0.24849497212965588	-2.6334640752346914	0	0	0
0.7041219010825799	0	0	0	0
-1.330930834791701	0	0	0	0
1.3975830352398475	0	0	0	0
-1.4416687236761945	0	0	0	0
1.560428216730557	0	0	0	0
-0.9872185378448464	0	0	0	0
0.20182539662439325	0	0	0	0
-0.3926777204457963	0	0	0	0
0.6150829623492626	0	0	0	0
-0.2866461109548908	0	0	0	0
0.11751687880904882	0	0	0	0
-0.3823367262030928	0	0	0	0
0.15709209723011952	0	0	0	0
0.36346048863541824	0	0	0	0
0.012222353081028814	0	0	0	0
-0.3623676383543284	0	0	0	0
-0.0951053698781621	0	0	0	0
0.45016212638739006	0	0	0	0
-0.7578436718603427	0	0	0	0
0.923841061984092	0	0	0	0
-0.9084121427075473	0	0	0	0
0.16382626409897938	0	0	0	0
0.466145658318041	0	0	0	0
-0.3785459493098102	0	0	0	0
0.2947280091625828	0	0	0	0
-0.5574087554593206	0	0	0	0
0.7047652603280383	0	0	0	0
-0.7346750859238611	0	0	0	0
1.3315652444840822	0	0	0	0
-1.4091085292293428	0	0	0	0
0.6437382709339374	0	0	0	0
-0.40809086253765514	0	0	0	0
0.6520981186007404	0	0	0	0
-0.6527805540996283	0	0	0	0
0.03509109281726097	0	0	0	0
0.5972439828978366	0	0	0	0
-0.9816762287897234	0	0	0	0
1.2192202206725256	0	0	0	0
-0.7395487683978885	0	0	0	0
0.09905953001962331	0	0	0	0
0.2728838208240205	0	0	0	0
-0.28895718082935673	0	0	0	0
0.2733806936337544	0	0	0	0
-0.15263095531599902	0	0	0	0
-0.23960398248803472	0	0	0	0
0.0905689504635987	0	0	0	0
0.34579448769807897	0	0	0	0
-0.19555282740476088	0	0	0	0
-0.049623056168059065	0	0	0	0
-0.013969311725844591	0	0	0	0
0.06372703781651268	0	0	0	0
0.3027504767871392	0	0	0	0
0.05313411989151007	0	0	0	0
-0.7055234131450518	0	0	0	0
0.3031951673626878	0	0	0	0
0.239983800218873	0	0	0	0
-0.24364016429224478	0	0	0	0
0.3736927650475863	0	0	0	0
-0.45061399069250285	0	0	0	0
0.262357045543105	0	0	0	0
0.21006435391755218	0	0	0	0
0.1737567043302235	0	0	0	0
-0.9936682554101424	0	0	0	0
1.4016008901337642	0	0	0	0
-1.0559499450686687	0	0	0	0
0.41977996535904083	0	0	0	0
0.2068866817318451	0	0	0	0
-0.5596482281947672	0	0	0	0
0.38975202991681357	0	0	0	0
-0.22477588536917636	0	0	0	0
0.22633022815045933	0	0	0	0
0.31267804240052754	0	0	0	0
-1.1669556218581079	0	0	0	0
1.3659577449447795	0	0	0	0
-1.0670127966188332	0	0	0	0
1.0994695959059229	0	0	0	0
-0.9685673349139634	0	0	0	0
0.7426049178979497	0	0	0	0
-0.383136838284976	0	0	0	0
0.5516983986182922	0	0	0	0
-0.3204997371876672	0	0	0	0
-0.1983689448297099	0	0	0	0
0.41269388598256995	0	0	0	0
-0.22941557251508016	0	0	0	0
0.0043301573894751755	0	0	0	0
0.3422405082813498	0	0	0	0
-0.7697177461790972	0	0	0	0
0.7601318995988819	0	0	0	0
-0.03621735062663589	0	0	0	0
-0.6355680949197406	0	0	0	0
1.0236284443373194	0	0	0	0
-1.2641704222321977	0	0	0	0
0.5982522611266603	0	0	0	0
0.4282056912780732	0	0	0	0
-0.4713040107446034	0	0	0	0
0.20494419430414723	0	0	0	0
-0.27776034465763644	0	0	0	0
0.8499776938911907	0	0	0	0
-0.9637810423128528	0	0	0	0
1.1060954340152946	0	0	0	0
-0.8172864991492546	0	0	0	0
0.10756955620132658	0	0	0	0
0.8910050430865439	0	0	0	0
-1.0958353802337797	0	0	0	0
0.9366808553078769	0	0	0	0
-0.6853227450641626	0	0	0	0
0.4126048535644884	0	0	0	0
0.0847946014790395	0	0	0	0
0.19708025375485505	0	0	0	0
-0.8965677540935033	0	0	0	0
1.0219572913842256	0	0	0	0
-1.1180110645989387	0	0	0	0
1.306859962691739	0	0	0	0
-1.0695936934909014	0	0	0	0
0.534675846272016	0	0	0	0
-0.037395109709954966	0	0	0	0
-0.31008477746019736	0	0	0	0
0.689166980233999	0	0	0	0
-0.5827250767883214	0	0	0	0
0.1238900993612333	0	0	0	0
0.04577065535886504	0	0	0	0
0.37624237028544627	0	0	0	0
-0.1299713487531733	0	0	0	0
0.16143745204802684	0	0	0	0
-0.27013377836333774	0	0	0	0
-0.09155191901634652	0	0	0	0
