-1.293487491292403	11.651386690348275	-7.279068571534651	0.33543502788779733	17026.91855785525
0.4345990210616151	34.673659281088035	-26.112547497950843	0.8931222566847481	17022.25588155019
3.930644450727314	-38.65437274099689	-18.61828713165538	-8.63345593848905	17029.389385358143
0.2419362977552808	-26.239888178216987	-3.3897358901311065	-32.37885084684275	17025.044876400476
-8.73974263179884	54.81731339967557	1.6298569850297469	66.68506999108887	17027.611243293482
14.551824210614825	-20.465083127119023	18.351742408498055	-26.201263796462612	17008.635061502733
-6.411665009319975	28.061813718218083	54.805508823829484	54.74896284556347	16931.121230864836
-8.100514931714358	8.943478723557092	-83.25703982829059	-47.199642140628825	16766.779380040014
10.316935722379519	-64.27988282865715	-33.65821162528425	17.434726863842116	16782.327466556482
-5.348632951938917	-23.42063047432336	10.880797407404927	27.597502090532885	16960.270492405365
9.880795058616883	4.904620570850234	36.15177718612239	-71.03698900571766	17024.209364187205
-21.18413353132999	19.905626972897124	17.44840342557812	25.06082684514604	16993.987679649184
29.690420900418573	-24.939856529769983	-8.81584201145641	-60.012106012525464	16897.73461055034
-32.186636071065415	15.88163731037779	62.34557981597973	44.79832225699283	16951.091248881832
25.81308873704581	-5.511676938270945	-25.510521200141298	-10.891782040844717	16931.05402430542
-11.865263959099927	-18.31227352224596	-23.56198979686326	-28.816736971582174	16874.011711107858
1.1738664215970829	43.896413573717346	-11.175631280079003	-25.5817966705783	16921.108935811044
3.0605343048907088	-21.79046830369225	39.07267498503185	31.984291356399822	17063.048161861785
-4.699024177765921	14.248172622429976	-23.60013307127197	-73.39251312732699	16877.109750665015
2.0006833562359603	21.109265203087574	9.63394151217257	140.01973737630553	16753.127998362706
6.559209274406896	-24.591856829244826	-55.82544215397006	7.341127155216014	16753.007039902524
-17.764337022126718	-31.06268460047834	-20.238488464729954	-85.94346348920978	16213.983451120683
20.500409511171462	-27.86736982620924	-47.964038544754104	-14.342118093763844	16475.62574993733
-12.394622016994774	-72.3804731188631	-75.60051409373693	51.60991901142026	17148.57014771998
8.700532956626304	-55.29946091369295	-47.63630030585341	-26.384361935081046	17071.240242378724
-12.567635568510525	-39.487482966805324	46.11098438106521	-22.95374094820849	17038.103095257837
13.894802369783719	-62.55052154700976	38.75070268678246	-11.93013708359284	16988.578777661576
-9.652809021406505	24.053093531084606	45.020391997143534	-5.014165661372431	16894.572355123986
5.171418720607122	-37.90728614091517	-15.92030283228469	0.6870445536675902	16843.935895255567
-4.5464581030186295	25.2598840115157	1.0623694443548146	10.12809538097035	16974.255924582685
10.199598178630453	-8.571383327932267	-50.91835665553822	7.453615714177374	17243.225789553504
-17.28742832415817	-8.94240086390618	-33.99009719490921	-132.13458387076193	17178.008896219766
13.20852671332488	-21.93301378503442	-5.398417063528598	274.6608020481153	17081.649473889134
6.48846930983381	-9.566948048425218	37.17458619253205	281.3456599606576	16912.280745482116
-21.40097616101987	-11.87335177347115	-92.4033239169172	-248.64544210964925	16019.859218116811
19.826314125303945	36.68488590027576	48.98596498174646	63.15636242467339	16705.65242436469
-16.844767465692613	-57.436736288111405	-37.48815411756395	129.35559181492528	17897.95444415127
17.455157544626083	-7.753482693846749	9.756344072293004	-405.872421530378	17699.950810590395
-16.45988789415513	-48.831765257586966	63.665552712805024	0	0
14.688189816855811	-23.246935605689785	-93.2509009226149	0	0
-12.094129149835851	-46.00449561069954	-6.674486315246398	0	0
3.392833549390083	-18.189822501212014	-29.677297503888624	0	0
5.962267812501615	69.11007887336183	-14.112086935722473	0	0
-6.3377842859466185	88.92889130085575	49.12740475307936	0	0
1.1240526631477223	-4.301887769273314	69.2502295939843	0	0
2.677451053713689	-17.332817949745383	-4.07202917500959	0	0
-4.22681734643303	59.17812160678413	-43.47243176770465	0	0
-1.5622314955076178	-35.80820707231177	11.317944509684096	0	0
14.287485476208452	-0.08755885631288862	-6.694090894529964	0	0
-21.586420053457623	-3.0282356914174713	45.323229848745015	0	0
15.124073132885584	-20.002983249482888	66.96959599659432	0	0
-7.979799082657408	10.128740590818325	43.47250432704341	0	0
11.89834869725997	89.16400198687376	100.8066260809848	0	0
-15.949860609394726	23.285276205086653	-13.256686391105845	0	0
9.500959415917059	0.8555911311652977	-49.253281818865105	0	0
0.39824081926395394	43.28554154307652	33.413166377251315	0	0
-7.2107943907453915	-32.415587858337375	-26.583329670813654	0	0
11.62565614991611	44.49903840761965	-35.09391407659348	0	0
-14.092993422613453	-39.82925676960342	-73.27834618141175	0	0
12.019195635879157	41.9879520253042	54.236436971579366	0	0
-7.087500851022128	16.988211324856238	-28.172671384539854	0	0
1.7552942727454024	-59.28287797576815	51.293620452772686	0	0
6.71318265791853	36.806967384005475	-136.75549328308057	0	0
-14.61454603595147	6.821556909286457	-0.8353700448880375	0	0
13.726649464293892	-30.84123430738181	-50.845338574077616	0	0
-5.455034617530181	43.638447583269844	-37.12320251638015	0	0
-1.4850023910591759	89.97172875920762	26.153491064712085	0	0
5.235211881318996	99.82029608920433	-8.692887142208647	0	0
-0.3664621382819533	-43.69438950095028	34.94378956068414	0	0
-15.464807687295362	55.40219823401182	40.031514365882956	0	0
24.8161377484424	-6.718147999860932	0	0	0
-22.998565283069965	2.634426160298638	0	0	0
24.68409419525853	27.72789419671544	0	0	0
-31.19616926341142	-93.79277678737341	0	0	0
29.230828285363316	-12.304313114649396	0	0	0
-18.1269042848998	70.95905048763188	0	0	0
12.673390516312331	20.098653180704737	0	0	0
-12.03685212777824	36.853925287320905	0	0	0
2.895121144116686	-4.225184763718218	0	0	0
15.411127247631391	-18.36006991747719	0	0	0
-32.71104306517482	-4.508268270455972	0	0	0
42.41892902945304	-44.95523770798545	0	0	0
-41.51231059818186	33.419514571882736	0	0	0
33.4140666922288	-0.025841832697977907	0	0	0
-22.262028891243148	60.80113709769403	0	0	0
7.892423718809006	15.152523075169576	0	0	0
4.777848705667225	-10.672844487952005	0	0	0
-4.1638081086491	13.215565183704697	0	0	0
-7.480810634815718	-28.567209736244067	0	0	0
7.741172711304692	-39.87331733373193	0	0	0
7.2461082825911305	-14.851984825692675	0	0	0
-16.65307651546314	-24.959880432680265	0	0	0
12.372052967497318	-8.526556973227926	0	0	0
-5.039280516520861	-18.6964019302347	0	0	0
1.9214250495673326	-52.829972183649765	0	0	0
-3.2537564810072084	46.85141729024996	0	0	0
8.40375392065944	25.462510362471797	0	0	0
-13.903213205487205	-2.3100316435421604	0	0	0
13.965194940161368	-24.700382868826843	0	0	0
-10.047357419425296	-1.910343114903938	0	0	0
5.448093218876025	0.6729078442553273	0	0	0
1.347066386506782	33.29090291296067	0	0	0
-6.439703907750037	-19.60362506508539	0	0	0
0.8486558508195614	-7.8184149841627715	0	0	0
10.562177051018743	53.47628176611773	0	0	0
-16.348425028482254	-8.34967175987876	0	0	0
17.48858569597106	-23.421332237075674	0	0	0
-22.21924840935884	24.67443066858972	0	0	0
34.295202393229495	-51.77366821712437	0	0	0
-39.1634022691345	-38.38437135939887	0	0	0
32.51533110467472	-65.86297841407651	0	0	0
-27.493688894180124	-14.07053867418363	0	0	0
27.28538874760131	6.873695408223334	0	0	0
-22.971616271633742	30.86898046880647	0	0	0
11.175700682725932	-46.807074125935195	0	0	0
8.615952678207186	-0.2407414434915367	0	0	0
-25.208709532245173	-41.74309020053815	0	0	0
22.332811874236064	49.11324439042397	0	0	0
-4.598450810119338	72.94762104711756	0	0	0
-1.2886530972676482	18.417230348996917	0	0	0
-9.486733207671527	57.42394785844172	0	0	0
15.301621516271162	-149.031459135554	0	0	0
-9.698752654193619	15.692814122151042	0	0	0
1.2502633404029595	-52.46273251174997	0	0	0
7.654227083859688	79.98901112504569	0	0	0
-11.004164314038007	-66.00956021041321	0	0	0
-0.3777618126310145	-17.304680023570704	0	0	0
19.224997087274673	59.55414921918411	0	0	0
-29.837581763498903	37.99805570907442	0	0	0
28.303186083509843	-7.806213500822537	0	0	0
-22.257040165762014	1.0799892539333058	0	0	0
9.04072508731376	-58.116168598026945	0	0	0
15.986558087544353	-32.25758724278434	0	0	0
-32.61666256668954	0	0	0	0
25.779721198309005	0	0	0	0
-11.2355158538641	0	0	0	0
3.559401653605917	0	0	0	0
-2.2046320801750525	0	0	0	0
4.593459422351579	0	0	0	0
-6.015609599239966	0	0	0	0
0.11535178671649504	0	0	0	0
6.600561786537227	0	0	0	0
-3.8701378341541286	0	0	0	0
0.9000331517269942	0	0	0	0
-10.428993782467835	0	0	0	0
27.17386934730154	0	0	0	0
-37.13448110909498	0	0	0	0
37.78924734034374	0	0	0	0
-31.311281274348325	0	0	0	0
15.870621828666401	0	0	0	0
-6.377135741404793	0	0	0	0
13.058491814228567	0	0	0	0
-17.36437883907451	0	0	0	0
8.645824177597376	0	0	0	0
0.5169071190785033	0	0	0	0
-5.089998831711796	0	0	0	0
11.137366648205123	0	0	0	0
-17.127332671021364	0	0	0	0
17.79022858455852	0	0	0	0
-12.298295931040535	0	0	0	0
2.567434570420268	0	0	0	0
7.699997064644727	0	0	0	0
-10.368121062081663	0	0	0	0
5.613364173968016	0	0	0	0
-2.368572321028765	0	0	0	0
5.481800807002159	0	0	0	0
-1.0392456689185678	0	0	0	0
-12.671596018106229	0	0	0	0
17.193339648269323	0	0	0	0
-4.0388603041761755	0	0	0	0
-9.834289939227503	0	0	0	0
11.70763229182915	0	0	0	0
-8.185728696039398	0	0	0	0
3.1930443335712297	0	0	0	0
1.4987853438777066	0	0	0	0
4.034645534741557	0	0	0	0
-12.548945621260977	0	0	0	0
11.42402807365852	0	0	0	0
-9.343537747724703	0	0	0	0
14.800384154338062	0	0	0	0
-17.70381920542497	0	0	0	0
14.92692969495505	0	0	0	0
-12.720527670095002	0	0	0	0
5.7672801597858125	0	0	0	0
6.595196956119452	0	0	0	0
-9.384962339892951	0	0	0	0
-0.4864464549023211	0	0	0	0
9.08016308886662	0	0	0	0
-8.990181607022087	0	0	0	0
9.06580671397105	0	0	0	0
-9.601345104795293	0	0	0	0
3.7952767017309768	0	0	0	0
-3.0252803757504836	0	0	0	0
16.789924759012678	0	0	0	0
-28.969185892556958	0	0	0	0
30.135714474820034	0	0	0	0
-28.738042253027317	0	0	0	0
30.744494815248295	0	0	0	0
-30.185632747026098	0	0	0	0
21.722895430147638	0	0	0	0
-8.973037013539049	0	0	0	0
0.45573149990916306	0	0	0	0
3.711257683694683	0	0	0	0
-9.664055923001897	0	0	0	0
14.635910730787955	0	0	0	0
-14.369647371324398	0	0	0	0
12.264266370783417	0	0	0	0
-9.569252178351363	0	0	0	0
12.291001926372594	0	0	0	0
-19.102680114137748	0	0	0	0
19.59994191940035	0	0	0	0
-18.982439298139106	0	0	0	0
25.38905175514558	0	0	0	0
-27.642635839457334	0	0	0	0
21.577872907716603	0	0	0	0
-17.882710618893668	0	0	0	0
15.719762687989629	0	0	0	0
-9.439245852888028	0	0	0	0
2.866980692163942	0	0	0	0
1.6909640813677598	0	0	0	0
-6.5759963788297355	0	0	0	0
4.460707510992947	0	0	0	0
8.281918472689206	0	0	0	0
-21.128458420181367	0	0	0	0
33.90646009483386	0	0	0	0
-50.7462405145229	0	0	0	0
55.45220756131443	0	0	0	0
-34.08029768095267	0	0	0	0
5.211355646356317	0	0	0	0
15.052295181016177	0	0	0	0
-36.38222685703524	0	0	0	0
53.205413203487765	0	0	0	0
-51.955052745002256	0	0	0	0
39.35694944069391	0	0	0	0
-26.208397383437365	0	0	0	0
16.386479773874683	0	0	0	0
-13.819268657507912	0	0	0	0
13.860023487096086	0	0	0	0
-7.217354110940832	0	0	0	0
3.3984547250197465	0	0	0	0
-14.462381564725128	0	0	0	0
25.571851820791593	0	0	0	0
-20.843561241281257	0	0	0	0
7.478544677257283	0	0	0	0
-4.861511384097689	0	0	0	0
3.182906820510418	0	0	0	0
18.034396499161396	0	0	0	0
-33.984373755186645	0	0	0	0
24.769236306267835	0	0	0	0
-9.593355750117603	0	0	0	0
-4.241518490363475	0	0	0	0
18.18632407501339	0	0	0	0
-24.33866723180963	0	0	0	0
15.256211240244156	0	0	0	0
-0.8870233676874193	0	0	0	0
-0.4136870178791128	0	0	0	0
1.8478736652372376	0	0	0	0
-2.9297569823720835	0	0	0	0
0.3669852130187934	0	0	0	0
