0.03567646343040565	-2.0776373778337813	1.7171985705504085	0.1943332244923397	17156.177672382626
0.43379833451102456	-6.566160866655849	5.4911811069316485	0.09603038974952938	17155.853565428188
-1.4783833040467016	0.16970817511453617	-3.50432250883118	-7.966738046391868	17154.6822891718
1.4095561770727798	2.2538998694834333	4.406030811476697	17.35739919360128	17157.937753234066
-0.21275329819420108	-2.337698204593053	1.6593498021637743	-9.088545928885196	17145.579903109898
-0.7993081897739458	2.1045738392852513	0.2889206918764984	-6.425715504672809	17190.467926714347
0.5858326221481036	-0.4225976525532218	0.5452018543785471	9.229285446956652	17400.25428683083
-0.24931816573637633	-5.368864511780799	0.7221278369642903	14.457777736602111	17588.939195255116
-0.09914697214415469	-1.465940712844116	-4.608083395586448	0.6032717400956642	17772.11917687911
0.34222911557825597	2.7825118814282916	-2.0832097227287534	26.000215677317613	17982.650311988644
-0.2025947607406806	6.881120051880771	10.127756167186803	2.725820036640414	18147.199166579223
-0.2716023313176521	-0.9935897698840677	-3.4998256355788016	0.02206410000235337	18279.604695247537
0.32885362706596055	0.40248609615946407	10.300060150809216	-1.7409695491128048	18408.50192643997
0.23551706328485267	0.5256983801473467	2.8030893748594963	-15.463909510971206	18439.450842959064
-0.7680279203452471	6.14609562822902	7.547901117249694	8.9441465900872	18411.435557177057
1.1586458749093325	-5.4842989703050335	-4.941877867151348	-2.334046865624572	18313.66228999864
-1.8440443835865352	1.3110905249466356	-6.643749938264833	0.2889719665978703	18217.16906019677
1.962449093355069	6.623310911179331	8.404550026813638	6.526580670372994	18118.26377291453
-1.3775729731284017	1.0820009066602267	-3.4369080487073234	4.739065467333603	17999.565538244646
0.32575004976720123	-4.535861208361638	5.865795541166122	7.57637992047043	17888.06428580962
-0.42481343604027444	-3.269225404749548	-2.3145740474225107	-6.117767232695087	17784.65828008557
1.0983831072532269	3.8376862373796286	15.676802037729104	4.95114575474912	17643.986519087248
-1.7319588720047605	2.1179249977926986	-1.1088306754247412	-7.716207076413838	17478.638595042637
2.043655956413069	-3.0866421658987804	-4.346043749210608	1.5970809280568972	17352.839609101582
-2.1088055375980375	0.9641802459640303	1.671065914196177	-3.7333596808372533	17223.29166957419
1.0869803651913017	-2.0583909326343957	7.156169586786746	9.840460629963047	17122.222449185043
0.08060669778884488	4.104998398056523	-4.912021675529573	-6.57180650927188	17042.43684072707
-0.11340502270702046	-5.467513290295628	-2.0732825110709854	-6.1812575750470415	16937.15946870624
-1.0533560698311817	5.996616371325516	-1.8691580642528578	2.8344350976827286	16863.73174552848
1.8597751377544114	-5.824448092355084	-6.671825151241308	-6.243725386750498	16818.767123405516
-2.31129640309198	-0.7659650370540021	1.0619757502114737	-4.3544245667544885	16761.916623701014
1.5921988309945974	-0.9159952802580591	-1.4070844838553427	1.0113421201905766	16708.130731882804
-0.09711568547848515	0.8234530580558896	-0.3840258667416947	-2.4063753636142877	16645.196166840837
-0.9932450709509411	0.06532099859160212	-9.551967130806332	3.2203037444429867	16588.811449097837
1.5740638077391083	-3.7450018715074975	6.36659852473602	-1.1189011647557692	16546.791034982052
-2.5657665922634223	0.38998282420077146	8.324729217807828	0.6398752040785496	16524.53316784676
2.683944176668234	-5.696913317474824	-1.3059238811858478	-0.4480632378153757	16498.79266450972
-1.183521609783746	3.1905692592879404	-5.112967297849352	-2.2668455729883874	16490.58144021766
-0.5211860698352666	-1.9088232959560116	7.8352764625294355	0	0
1.6221216960648093	2.3952929575535222	-3.4474717784571283	0	0
-1.593490045046991	-3.6954332676515946	-5.352891044278124	0	0
1.2668513058870232	2.171614783404607	-3.0847556921622328	0	0
-0.8679795031179154	1.5272757608155842	6.754007353389838	0	0
-0.34606524101651814	-2.3044405318201626	-1.339420595521844	0	0
1.1249103355175123	-0.4736775785961953	2.388602869826471	0	0
-0.5292997842216778	5.930629744105147	-1.1578331237345054	0	0
0.2956519353508753	0.7746563748980009	0.6920930432035135	0	0
-0.1949355837696487	6.540738477378383	8.832716641576965	0	0
-0.017689011612773697	1.2191838910529924	3.9067896324990414	0	0
0.1857304501308974	-2.6550840457403666	-1.5838981959948484	0	0
0.31085040234634675	-1.006516064066929	-2.3135481658026293	0	0
-1.46056379222086	-1.1649945378810003	-1.7828750711521053	0	0
1.6047195775643175	0.9788411780806712	-5.263263360026443	0	0
-1.051662109776494	-0.2922508888640749	5.536405655370984	0	0
1.7902868247644577	-5.586345400666957	-5.359033186901655	0	0
-2.3697484712985712	-0.898850091923606	-5.3136773422912	0	0
1.5338337901566916	4.002070478506511	1.3262890289240943	0	0
-1.210356224560023	-0.3637944531475057	4.560069687951739	0	0
0.8969506650906354	4.831546186844989	10.414318315549039	0	0
-0.6468848277156809	-6.618939514767803	0.10195135442722858	0	0
0.7888111595995895	-0.860545748194852	3.4920915130405916	0	0
-0.11025991120623502	0.7382725919252948	4.314320487840092	0	0
-0.5919207835677369	3.762600014133099	3.501437051765322	0	0
0.2932239625304476	0.43376266560484567	2.2595845994873542	0	0
0.6290367459283459	-3.2502206725197738	1.9301032748043951	0	0
-1.2331966116129536	-0.7767706891759758	-4.0014911013881544	0	0
1.5151338314516636	4.036749962043032	2.369215227120648	0	0
-2.029507542925316	3.2518011628083343	-1.6454514547944683	0	0
2.491057702341564	-0.24181539218787407	3.816935943002605	0	0
-1.8967624745017702	-1.065877915064931	-4.002047432306782	0	0
0.8289687814994053	4.239021836728057	0	0	0
0.019574015517790144	-1.4860755820802183	0	0	0
0.10684995282161935	-7.980216441010867	0	0	0
-1.291069342825672	-1.6964491437449993	0	0	0
1.5563345336839518	-7.4616626322595465	0	0	0
-1.5934305549570524	3.660813684616045	0	0	0
1.6168770280138176	-3.7686615298868844	0	0	0
-0.7147089420933881	-2.8523112826207466	0	0	0
-0.9561021658633848	0.9230742396068194	0	0	0
1.4473910609140717	4.623346803989278	0	0	0
-0.7534164070952585	6.21659828602877	0	0	0
0.4346150935429023	1.5601002252461313	0	0	0
-0.4432758430264059	1.2799451801305253	0	0	0
0.5173707808059689	-1.6187981169702965	0	0	0
-0.6402264572535614	2.6240455216086502	0	0	0
0.8025310373745214	-3.308482084891125	0	0	0
-0.9322744078361609	-1.05403208241718	0	0	0
1.2612324059372924	-3.0403164958941744	0	0	0
-1.051391373855509	-8.825872263201354	0	0	0
1.2194131145606377	10.941966835605704	0	0	0
-1.926922944494926	-6.051369326906197	0	0	0
2.0318093010512683	2.1078623108106953	0	0	0
-0.7994720483812969	-2.5718737706038866	0	0	0
-0.5823352380988283	-5.872240532232112	0	0	0
1.876944297917305	-2.970233649331874	0	0	0
-2.7213505120932027	-1.6462814447151644	0	0	0
2.103590924807314	4.100637213190645	0	0	0
-0.6236916913655506	-1.5625922019226195	0	0	0
-0.46835669623214216	6.681387890516909	0	0	0
1.1994812035438542	-3.2326938098214413	0	0	0
-1.4671726540182277	3.928352728433957	0	0	0
0.7030166862604403	3.3290943442886345	0	0	0
0.2967659039697068	-1.2525741888128437	0	0	0
-0.9373051206026517	0.15740236948612818	0	0	0
0.9206813598189711	1.2329715186746242	0	0	0
-0.8412989137193136	-0.4261457791848997	0	0	0
-0.13024678862702643	-2.8896308361808707	0	0	0
2.0109091089218865	2.763640712211064	0	0	0
-3.2270940374934725	-4.530296340724796	0	0	0
2.7402483614504263	1.264055028457122	0	0	0
-1.281171951558207	4.57128845145143	0	0	0
0.5710330450978134	4.177766204955034	0	0	0
-0.7921927730866116	9.099994755552089	0	0	0
0.7492750345965717	5.047930881857162	0	0	0
-0.054068920838574286	-3.9809639962842667	0	0	0
-0.9605573158033991	3.5228081550249115	0	0	0
1.0568482930935303	-3.370426782276958	0	0	0
-0.3228422409462297	3.13407319268876	0	0	0
-0.6203013248099225	-5.8433384409681395	0	0	0
1.4966535168726978	1.0683238555398873	0	0	0
-2.2649215361504957	0.5091614257760995	0	0	0
2.7574863790435913	0.05486869610453482	0	0	0
-1.9688172417598224	-3.312311466164637	0	0	0
0.5326769330837635	0.6310178338103825	0	0	0
0.5160485882355133	-6.837724124730606	0	0	0
-1.6590704091277217	1.069208137717787	0	0	0
2.128810138434197	4.137559566014097	0	0	0
-1.0232445553955642	0.6519086492138655	0	0	0
-0.6615386184207139	-0.3796091252480025	0	0	0
1.3034551245614665	7.315734867292328	0	0	0
-0.9667039959793655	-9.609939605651604	0	0	0
-0.30859749411010284	3.3920277269788954	0	0	0
2.1082892802520945	-3.057231888498812	0	0	0
-2.897478659804243	0	0	0	0
2.653502417617972	0	0	0	0
-2.5259208849728694	0	0	0	0
1.7400881817787095	0	0	0	0
-0.783283559283845	0	0	0	0
0.17359305395205382	0	0	0	0
-0.4259719878724937	0	0	0	0
1.0926326799316968	0	0	0	0
-1.196396696847465	0	0	0	0
0.4286105123628019	0	0	0	0
0.46306173133945805	0	0	0	0
-0.34588284527731616	0	0	0	0
0.33067413681105506	0	0	0	0
-0.8383239021486375	0	0	0	0
0.49357117546092866	0	0	0	0
0.7703528212412891	0	0	0	0
-2.236202869866794	0	0	0	0
2.5314639206845726	0	0	0	0
-1.6929462640672241	0	0	0	0
0.1320027378484383	0	0	0	0
0.7512238281290138	0	0	0	0
-0.818596148455967	0	0	0	0
1.3737767763344948	0	0	0	0
-2.2051889776364817	0	0	0	0
2.041189793157976	0	0	0	0
-1.119629237761238	0	0	0	0
0.5725826485694583	0	0	0	0
-0.03418137316204195	0	0	0	0
-0.1975290349349237	0	0	0	0
0.00919529635518046	0	0	0	0
0.20962184954353802	0	0	0	0
-0.2986413984903251	0	0	0	0
0.06434539495069913	0	0	0	0
0.6207880264002128	0	0	0	0
-1.4588502849070153	0	0	0	0
1.722332955659894	0	0	0	0
-0.9684678425418554	0	0	0	0
0.2390864563058983	0	0	0	0
-0.4870736904019921	0	0	0	0
0.9888932765610647	0	0	0	0
-0.4318603021268146	0	0	0	0
-1.3282124590826925	0	0	0	0
2.408411805636973	0	0	0	0
-0.7332187277830755	0	0	0	0
-1.7573554170790189	0	0	0	0
3.0822422847615414	0	0	0	0
-3.3793424622850523	0	0	0	0
2.9550509443126103	0	0	0	0
-2.4668777250281764	0	0	0	0
1.8172405087475454	0	0	0	0
-1.5021157791670134	0	0	0	0
1.4695003676874805	0	0	0	0
-0.8939306321442828	0	0	0	0
0.5569104303532484	0	0	0	0
-1.0382844816472243	0	0	0	0
1.5092354174793456	0	0	0	0
-1.935083967311101	0	0	0	0
2.1938033346541843	0	0	0	0
-1.9366398642315517	0	0	0	0
0.6642971034386704	0	0	0	0
0.4292758519507416	0	0	0	0
-0.19978958352857035	0	0	0	0
0.0867201032947662	0	0	0	0
-0.08487546596367679	0	0	0	0
0.579157653666357	0	0	0	0
-0.713167791849969	0	0	0	0
0.38768129882677727	0	0	0	0
0.2034760961502755	0	0	0	0
-0.5745911243253872	0	0	0	0
0.7412323023745415	0	0	0	0
-0.15360080250994912	0	0	0	0
-0.5190047146748995	0	0	0	0
0.8252173872362221	0	0	0	0
-0.5661017408196969	0	0	0	0
-0.2120557844586628	0	0	0	0
0.3068941736127755	0	0	0	0
-0.04658537601599022	0	0	0	0
-0.3525709873079137	0	0	0	0
1.2868377728121345	0	0	0	0
-1.349474903056759	0	0	0	0
0.5703623039955943	0	0	0	0
-0.6161646829431859	0	0	0	0
1.8272603687602498	0	0	0	0
-2.695544731557071	0	0	0	0
2.254118306175002	0	0	0	0
-1.5951397731491213	0	0	0	0
1.5793272160692382	0	0	0	0
-1.9915032267518171	0	0	0	0
2.6033240986366906	0	0	0	0
-2.551196851341061	0	0	0	0
1.1054148458198867	0	0	0	0
1.0814403592269102	0	0	0	0
-0.7010641350179299	0	0	0	0
-1.2031834441503193	0	0	0	0
1.7365897180485845	0	0	0	0
-0.8360463335306605	0	0	0	0
0.17322751387423807	0	0	0	0
-0.06337881935684919	0	0	0	0
-0.567521912531852	0	0	0	0
1.562219237867275	0	0	0	0
-1.839007413039404	0	0	0	0
0.8543819537099324	0	0	0	0
0.49948439541088874	0	0	0	0
-1.0727800155899487	0	0	0	0
0.7943463047896202	0	0	0	0
-0.02037316425060709	0	0	0	0
-0.9787370342078958	0	0	0	0
1.9338804262531966	0	0	0	0
-2.3907577479251927	0	0	0	0
2.1946505925563216	0	0	0	0
-2.5497885070291346	0	0	0	0
3.2651436081101366	0	0	0	0
-3.184726015921271	0	0	0	0
1.876320030082688	0	0	0	0
-0.3671641857643806	0	0	0	0
-0.2913460204941032	0	0	0	0
0.06153219828119205	0	0	0	0
0.2678302687234648	0	0	0	0
-1.3311909107445103	0	0	0	0
1.7638265621140192	0	0	0	0
-1.209001963863514	0	0	0	0
-0.3045666735515695	0	0	0	0
0.3711933635535658	0	0	0	0
-0.07959627725553275	0	0	0	0
-0.5668646191296602	0	0	0	0
1.3552161978321138	0	0	0	0
