-0.5177585690773014	5.207272226215792	-6.776010298816814	0.08877908125501222	16573.49852303718
-0.008980921982356449	15.414103785449079	-22.188163653955442	0.9801688717669066	16571.762441114606
3.833802732014469	-11.2649645511029	-0.06093543085324882	6.411731424361136	16576.976367128063
-2.3719893676278474	0.9340022101161622	-1.1314098347160524	11.783877715679239	16572.866191222256
1.2396724616657693	0.6610311617864397	-0.1877742667621618	17.28017904523341	16573.293731578797
-1.237470314608828	-4.946070788410751	3.745797096706937	-12.588228752013208	16570.590721374992
2.072571198981997	6.833123637999492	-4.276600583879471	-86.93363828466514	16673.25655259999
-2.470247306957198	0.8850524147873671	2.96724684852245	114.3013355345544	16781.9702223836
2.013547234741246	-2.2689395588857124	-5.481745538146782	-59.34025155900129	16723.537037830392
-0.9162915494701025	0.1959685631302719	-0.4661158166448871	62.50260818587084	17245.63516221714
0.6103017875977983	-0.3000268945640556	7.016892271603126	4.159740972408827	17368.604624095453
-1.4591777746194126	5.263752631744559	33.80280370472899	12.421378345803305	17122.43469745102
2.35936506257093	2.0235832598746057	-18.48524633953315	7.851825406727272	17047.61628629338
-1.9899785919641673	-9.395346219788365	1.2189519813341434	-1.4909121778612757	17066.685563423667
1.4153880711602298	9.426109819765358	-1.1102869723132756	2.79648356015457	16986.80231568678
-0.9472717769614789	1.6868512228466557	-2.255134558513987	-8.838519192815383	16893.664054405755
-0.22364770868276196	-7.468456696485809	9.309714442110021	16.222457405044565	16881.64800168452
1.5806243372701303	-12.459793934678487	-4.487767388279593	5.654255978208283	16945.001072787556
-2.33209999878526	-10.109777433228707	0.3401153949797333	-7.42258208381061	16871.84810118052
2.6950852547506727	1.7606967924838628	4.574370932931586	15.574469605602118	16812.44683752154
-2.1212752812304814	9.803359976941977	-3.444341713360032	30.97896165182881	16921.340643784235
0.21598136594628414	-6.242314164281183	-0.7718489898898184	2.3431465604043638	16808.628852520873
2.248031569968269	-1.3259481400182267	-5.5122756980989465	2.1485504330405547	16804.423505291685
-3.0981309181507726	-8.316820613907467	-11.701525390782095	18.73406031165959	16800.296987654765
2.0425214226204105	10.920511252644573	0.3768474429960378	-18.739646886399328	16817.21982340871
-0.9128718198831081	-9.023977753573519	-11.344131321685595	15.392885088151374	16906.730997332943
1.3399057422081384	-4.342624979343924	5.0943564446742045	0.6752892010841975	16893.775805087396
-1.9521919572801494	-12.51473863443124	-8.927126421762011	-5.198235883808152	16958.9365159811
2.7681324329014885	7.195013238917923	-9.568368733840742	-43.49497541321594	16974.06679329575
-3.9603693008250573	3.611482390878251	-1.5195812943783409	53.64926510749032	16971.357167184266
3.8675712971999445	-3.3475969715509493	-5.00131599721125	-5.728874404650554	16872.007781347027
-3.9927223352325214	5.028238000764063	4.52036447491902	6.820707031642556	16640.531676852068
4.356715755267167	1.0603696553071273	-0.27549737347645475	-7.757186618255432	16637.73627297876
-2.5234193711491457	-5.441289854553702	10.158146007931748	0.1874740907171315	16750.32398921699
-0.41914827334677085	-6.693377481110602	-16.441651758256654	-31.994208957002996	16841.35859791164
2.56204843580295	0.4380569203913254	7.630257907158651	8.536717613857519	16943.359566841507
-3.716344317048616	8.622832781847983	-6.816321830734026	31.99937787855852	17088.09991929728
4.8660764393620255	0.354762341579125	-12.793018809522835	-11.34721363591676	17019.289199930623
-4.298922337003461	-5.538419630531408	-21.643443097938558	0	0
0.6345127323021913	1.9654259899893844	12.748340149140446	0	0
1.4378424077009555	-2.164967475597493	2.233288527198667	0	0
-0.9960545111388228	-7.692800837272863	-3.3992044899479055	0	0
0.2464956661530664	6.33118751477393	3.337561925804735	0	0
-0.10086767114976425	4.3277444991297145	4.377746671929955	0	0
-1.6183655212653036	-7.52171025986717	-1.3054193440324866	0	0
3.170382129190493	5.303708093725589	-25.309372575458795	0	0
-1.9464545558645199	10.409245359699241	21.276009476178018	0	0
0.43013065274845275	-5.563166447404356	-3.0361313130853773	0	0
-0.35617202019135874	1.3622778891283858	3.771596111014418	0	0
-0.27162923558301344	6.074583925285701	-0.9572233305622575	0	0
1.5804053464351284	-7.965348505417019	3.069227911916215	0	0
-1.609719061129013	-8.46657694862634	-12.995042734824523	0	0
-0.3476158600694319	-2.1466576503877164	-1.7025034224249822	0	0
2.7329367466681163	3.6532576725356734	3.544931942855655	0	0
-3.867556720138566	-1.374218697399911	-10.841012961131923	0	0
3.9954640077267385	-5.315479584054238	9.036235008087942	0	0
-2.769159680566709	-1.4559249593949062	-5.450941014088585	0	0
1.8914571534413795	4.3286685360957975	4.399744925943622	0	0
-2.783984801269014	-1.8424625928541332	-11.244952655019716	0	0
2.62335710905149	1.719637036226871	3.8057578272165813	0	0
-1.3272273534462045	-1.359691591477592	-9.131695707277373	0	0
0.7647619509053172	3.041715455649893	-5.273675491465582	0	0
-0.158523800263346	-5.179767088908584	-3.98119118445409	0	0
-0.5946345014718872	12.429871265574967	3.2185809362781725	0	0
0.9396705411790336	-5.4142897141971105	-10.124505858036557	0	0
-1.0061821646243487	7.817381336304891	22.939266859769702	0	0
0.7341715846592507	1.9925684496228016	-6.715349094970904	0	0
0.13730659804375733	2.1884962701177457	2.410186307349747	0	0
-1.730356086319972	14.525458947739843	-20.98783511589565	0	0
3.342018489899921	4.2558690493096805	13.423311107776428	0	0
-2.8511764938111313	-4.052694812654366	0	0	0
0.9071935867796341	-11.12597103187047	0	0	0
1.1527803012765574	0.2118840646025717	0	0	0
-2.9458121865566653	3.731077844836463	0	0	0
3.7728281398983867	3.9090533539855983	0	0	0
-3.191769133466032	9.110642775068328	0	0	0
2.881171216798535	-9.459412502360927	0	0	0
-3.0683149428199457	-0.2172399003084493	0	0	0
2.7585390406770145	-5.531265421481628	0	0	0
-0.6307196746616981	3.7970596756278567	0	0	0
-2.5931293767797143	-2.0040586056820118	0	0	0
4.886479373551701	3.452387894264106	0	0	0
-5.8515483375134565	-3.868580784793764	0	0	0
5.590779179586079	-2.575545636057491	0	0	0
-3.7067866787839705	6.383195065173382	0	0	0
1.5184623649029874	3.315410016424842	0	0	0
-0.5683154960599524	-6.922438803490877	0	0	0
1.5676422882019239	2.1696529766282424	0	0	0
-1.9956207842907219	-7.543977582056087	0	0	0
0.8122617101151519	-0.7115577273047293	0	0	0
2.092133151588854	6.698043794309299	0	0	0
-4.699069857783179	-5.0290355674573775	0	0	0
4.842731817476157	5.065123481308561	0	0	0
-3.867584459798742	1.9260673352041806	0	0	0
2.936392575263177	-3.7892938189523733	0	0	0
-1.6817774929572238	-7.562248340503579	0	0	0
0.8675206812126106	5.621730987465121	0	0	0
-0.8735943554164862	-6.176058443996787	0	0	0
0.6979246772970527	6.521676258666233	0	0	0
0.6929476375189125	-12.834908037044464	0	0	0
-2.8009977023429045	11.051063750590842	0	0	0
3.141157217182297	-3.8898295134863474	0	0	0
-2.639729293284084	-7.513246169715238	0	0	0
2.8832753811415515	14.885243496712107	0	0	0
-2.3949821066236936	-9.469955817755256	0	0	0
0.5932312657261747	4.003734580621185	0	0	0
0.8688326155597679	8.193453774613808	0	0	0
-0.9234274629971253	-3.555531928936759	0	0	0
0.48189855282393523	-0.1115172450183124	0	0	0
-0.18645256993740844	-1.2734523291433177	0	0	0
-0.3646865003174966	1.2779710877373773	0	0	0
1.0723813159530664	4.709628224714578	0	0	0
-0.5855356888602543	-11.89337514087888	0	0	0
-0.322511910338072	-1.6433054589718168	0	0	0
0.5495557742914627	-0.7752604032901758	0	0	0
-0.46930250571608667	-5.189332552403968	0	0	0
0.453257361248518	4.2248823136711735	0	0	0
0.30262267717129276	0.48128901183337547	0	0	0
-0.7069819884316786	1.3006383365464345	0	0	0
0.30414020751494064	-1.2090254834542407	0	0	0
0.5834865905454478	-2.1432563630609636	0	0	0
-0.9745372686905966	1.2297614023215857	0	0	0
0.4153869123501224	0.17158661333581193	0	0	0
0.6841838174668737	-5.20589907880737	0	0	0
-0.0003530171633414625	-0.16917406348308361	0	0	0
-0.7377718117856631	4.8924800231608145	0	0	0
0.050071149816105276	1.7344949367954499	0	0	0
0.9259207545696171	7.688820600483986	0	0	0
-0.5986021301301534	-6.9842110984916275	0	0	0
-1.251555404128034	-11.809008845607117	0	0	0
2.744668800064929	19.14309471563297	0	0	0
-1.5502488917482964	-2.5123680610415278	0	0	0
0.07525053571085039	-8.80575171265643	0	0	0
0.3176431370995303	0	0	0	0
0.5880941066969996	0	0	0	0
-2.59832970995636	0	0	0	0
4.447045644158912	0	0	0	0
-5.695652632385951	0	0	0	0
5.9361118759804725	0	0	0	0
-4.9365732327868415	0	0	0	0
2.814007889709565	0	0	0	0
-0.650858930438531	0	0	0	0
-0.36630765562863843	0	0	0	0
1.8256233343850994	0	0	0	0
-3.219123697797251	0	0	0	0
1.3816166840047899	0	0	0	0
1.05211641200939	0	0	0	0
-1.6278327912309294	0	0	0	0
1.696451448387684	0	0	0	0
-1.3190730570562152	0	0	0	0
0.23696771817292728	0	0	0	0
0.9561774071035032	0	0	0	0
-1.2990262391692653	0	0	0	0
1.001735100087096	0	0	0	0
-1.4690994275531537	0	0	0	0
2.4607319509299117	0	0	0	0
-2.11706864000989	0	0	0	0
0.9845365146689602	0	0	0	0
-0.40411856805238955	0	0	0	0
0.31772568879136287	0	0	0	0
0.8786671381450333	0	0	0	0
-1.9351393768869087	0	0	0	0
1.701775559805128	0	0	0	0
-1.2168849619955182	0	0	0	0
0.8347955068318669	0	0	0	0
0.1389776460084775	0	0	0	0
-0.2740824858216868	0	0	0	0
-1.3794647310545827	0	0	0	0
3.3209116561066523	0	0	0	0
-3.694440326007644	0	0	0	0
2.767637264932752	0	0	0	0
-1.5112734865915627	0	0	0	0
0.668892752847853	0	0	0	0
-1.4948657991687782	0	0	0	0
2.787147278692416	0	0	0	0
-1.2275783775326587	0	0	0	0
-0.5612569187726066	0	0	0	0
0.4570092965851842	0	0	0	0
0.9376331820277031	0	0	0	0
-2.221433823337094	0	0	0	0
2.0840476793200224	0	0	0	0
-1.0048449847514718	0	0	0	0
-0.02506742702456677	0	0	0	0
0.2186616207094545	0	0	0	0
0.1132506603045016	0	0	0	0
-0.1724668176171349	0	0	0	0
-0.31212562243394615	0	0	0	0
0.8339915149543273	0	0	0	0
-1.5189839389093933	0	0	0	0
2.1785425488054813	0	0	0	0
-1.7658428833076627	0	0	0	0
0.4414932880744118	0	0	0	0
-0.4143688044973146	0	0	0	0
1.0735545151206694	0	0	0	0
-0.3007305605902033	0	0	0	0
-0.5388873678683055	0	0	0	0
-1.3200684228132857	0	0	0	0
3.5054575889080724	0	0	0	0
-2.6420146058471374	0	0	0	0
0.7192184457476216	0	0	0	0
-0.09619321596382946	0	0	0	0
0.4494513591310252	0	0	0	0
-1.8746269318250341	0	0	0	0
3.4573622313071013	0	0	0	0
-2.739678815642314	0	0	0	0
0.29613358176339943	0	0	0	0
0.4719103986999471	0	0	0	0
0.6468249989344983	0	0	0	0
-1.1664062961716368	0	0	0	0
0.343746127550574	0	0	0	0
0.6437380511182482	0	0	0	0
-0.7994016374310107	0	0	0	0
0.16276121044486302	0	0	0	0
1.0018184033604882	0	0	0	0
-2.1177176763927577	0	0	0	0
2.6856295668176813	0	0	0	0
-2.3850517138522207	0	0	0	0
1.8607592769581345	0	0	0	0
-1.8436232704742892	0	0	0	0
0.9864068283947063	0	0	0	0
0.5880773721545367	0	0	0	0
-1.0989246270870154	0	0	0	0
0.394465450542711	0	0	0	0
0.7342748415964948	0	0	0	0
-2.208079904376312	0	0	0	0
2.16257581112594	0	0	0	0
-0.6548160274774801	0	0	0	0
0.22207583603356795	0	0	0	0
-1.3472008903609236	0	0	0	0
1.6137691218524353	0	0	0	0
-1.047615658161149	0	0	0	0
0.6656004040487531	0	0	0	0
-0.3432183855621673	0	0	0	0
-0.45083677618686835	0	0	0	0
1.5920651761006823	0	0	0	0
-1.7321472142063215	0	0	0	0
1.6819784107507587	0	0	0	0
-2.481116524345701	0	0	0	0
2.1186394590621305	0	0	0	0
-0.5162160345661135	0	0	0	0
-0.5180530542861916	0	0	0	0
0.7691868475288501	0	0	0	0
-0.5530758103135724	0	0	0	0
0.3162497984254813	0	0	0	0
-0.33441438850786653	0	0	0	0
1.545213883878688	0	0	0	0
-2.793792522935746	0	0	0	0
3.3720079921439066	0	0	0	0
-3.3836225834200775	0	0	0	0
2.4977102283367927	0	0	0	0
-0.8922735876622454	0	0	0	0
-0.6958566012917515	0	0	0	0
2.1488472349554897	0	0	0	0
-3.315781227619496	0	0	0	0
3.579899213822415	0	0	0	0
-1.0146291123808666	0	0	0	0
0.40641959980321474	0	0	0	0
0.6930585874450728	0	0	0	0
-3.525513256533422	0	0	0	0
