-0.22792016447669283	0.2580381999383974	-4.011035445590835	0.4060330097397582	16769.53162838346
0.7748937189269185	-0.01633238025135597	-12.7963323760589	1.727623931548834	16769.24494514384
0.968403895019641	-5.322047402483555	2.509227076677604	4.020284226860568	16771.459214523995
-1.0124665696534336	3.3443673655313333	3.208440788457054	7.928829587574299	16769.742340919198
1.1814408791657627	-3.3537443844262214	5.238697841146973	15.856492784712486	16770.014894479747
-1.1725158163880565	-6.33008444519816	5.8025765267833265	-15.59628249884777	16765.802231353617
0.9864566248609847	2.2834060478056983	-0.8696293934984567	-22.708195904369546	16817.986353746775
-0.9073235401643842	6.1124624089901545	-0.05813026151037093	33.920506592411215	16850.630969114853
0.44967467591750676	-4.97172257333812	-2.4513421652384295	-8.011703665722521	16831.818893498043
0.887501421094008	-7.676022550441438	-3.7484059625743384	18.029030722361483	16962.449176141057
-2.094413504961608	-2.0190714610375124	5.946330826794778	8.87314824701096	17008.960185010787
1.2896737631857889	4.88446540559012	13.831357571733918	8.228074451273116	16938.3990392011
0.5951738873645738	-3.0896429839726025	-2.5785416269219326	-0.3057320209579757	16922.80723300236
-1.5215662696146026	2.1096689705606977	-3.419783202284407	-1.8612088838584953	16968.516449225204
1.4067195430266537	3.2926476005677188	2.320497322052006	6.396673366393443	16938.543702831525
-1.0284969886549078	-1.7400553998710322	-5.825971134308574	-11.738267992416198	16894.567827878578
0.3112474189398142	-3.6414919795478724	2.452803759454156	8.96244196351202	16876.20170845197
0.8376669221948703	-3.3719388272109114	2.5890764124412584	10.50010682156693	16920.474389768744
-1.2979908415630774	-10.886279342984835	4.03210919397705	6.64893476461603	16875.226524134312
1.0896044257106254	-0.5342425434672293	9.7461282274231	8.610397409826447	16845.751484858523
-0.44385436601866957	3.837231147511119	-5.243576539453912	0.8703778115495879	16927.891493109626
-0.35805532399351137	-5.2421085081439145	4.142193819661557	10.123815730996029	16883.159173237815
0.5719274526374889	5.406575551641062	-4.308655899930585	7.653080696670514	16877.239193186153
-0.3740317612359334	-3.158812812680786	-11.583276834643172	11.020772206067079	16848.450104589076
0.28851476337329274	0.7609439976457324	4.3798792298484415	-14.8649664185467	16876.935660130774
-0.7019433693602366	-3.737342182232517	-2.3672587551320845	4.407667527400392	16912.111371660732
1.3793906078454867	-4.1844526752097195	3.701181670145388	0.6709010549342338	16899.796885272885
-1.1179394226423724	-3.1763890014851057	-9.9847745739537	-16.47918507638542	16957.794916089893
0.7354074388377541	2.6341805232131392	-3.345100310676685	-5.417204480956599	16964.69062639457
-1.0642910558707328	-0.050313591009057745	1.3215973279217366	3.7705175905813775	16949.45269022289
0.942640776640296	-0.1095443203853037	-3.332762201319923	-7.409649857450262	16947.78374588281
-1.29069963379861	-0.9513716996847847	-1.124094179730207	-6.27299222220816	16899.964602593274
2.3110481487706664	-0.5816310095798372	7.505325858279448	-2.763876780644736	16898.45639166707
-1.787411185449983	-1.6455593473342986	6.984971303890205	-2.1216440947104473	16918.42261246366
-0.5259291331680345	1.0801083155523727	-4.411820323301811	-20.61255899037235	16959.22755462413
3.2267008794686376	-0.8366770694734029	9.025125972553155	5.7150565475571256	17010.705903342296
-5.0462122031871885	1.3321672712543133	-10.028974507305705	21.120892794109693	17085.933496163514
5.766415631005188	6.508044304323924	0.3685467370616493	-6.327768532344962	17039.475618988712
-4.943736220018067	-2.800062335615742	-9.21574924157936	0	0
2.241921788363051	0.6300367477205384	8.52226991528984	0	0
-0.6015777912765898	-3.011404762114104	3.267189302739922	0	0
0.8888850593871922	-4.245083556367547	-4.966763612674043	0	0
-0.9835870271790839	0.9964247881709127	0.3436578100802734	0	0
0.17547882680963767	0.2817348389199097	1.8692979343130673	0	0
-0.3544923633725148	0.777592159247277	-5.501370907979933	0	0
0.7639892697763031	3.5801586600417536	-15.55135178850739	0	0
-0.4688445427813406	7.308525619148604	10.420572791545581	0	0
0.695158946979582	-7.127413634670809	-10.241473453479145	0	0
-1.264421227063849	8.926855736743718	0.705445034082345	0	0
1.339925555687465	1.8819112516464003	-0.5150277910708212	0	0
-1.2327079606622249	-3.7851132985185316	-2.586016937044633	0	0
0.8796593933814734	-3.933209611799299	-7.812387606505283	0	0
-1.1832080697983969	-4.869465730860362	-6.434752718051627	0	0
1.165416750952808	2.3206984362896677	4.573242112002262	0	0
-0.9248610658939356	1.4106719265516787	-10.990705765642474	0	0
1.4059248271760154	-9.81922175413159	-4.937816607181176	0	0
-1.6532458458211678	-0.6867889081307439	3.131060075997837	0	0
1.7111042831144303	4.778686777584497	-1.1767850992795417	0	0
-1.9723351989525142	-0.9883559835546691	-4.361555315374048	0	0
1.697275487289815	-0.009199616773670982	-6.275170338383589	0	0
-0.938233747756982	-3.585243956944531	-3.192185047563612	0	0
0.5885464259709252	0.19723560913327987	-1.739591770366502	0	0
-0.16450756843858727	-1.67218430424996	-5.82842420753488	0	0
-0.7309732472621491	4.187814720631778	4.719656517450602	0	0
1.0064700674774727	-0.8117477599359049	0.5402251080573279	0	0
-0.49626100347873603	0.20383304991432283	3.548407214625499	0	0
-0.17460149109708567	2.3472691576829234	-0.7241677472908208	0	0
0.21742563380177415	1.0174837783354107	0.45313049443993236	0	0
-0.19335231734550007	10.999065231871732	-4.247036081162392	0	0
1.4337731145907426	1.3812864326142105	-2.185383602126123	0	0
-2.215088157716501	-0.7911111816284944	0	0	0
0.9214914301827619	-2.430334303768859	0	0	0
0.8158690566877098	1.8220058886844015	0	0	0
-2.3556177145081563	1.9402282334083836	0	0	0
2.766167816926192	0.8297819722200117	0	0	0
-2.0075568047843575	1.2435846515995976	0	0	0
1.6373090203906386	-3.133841852254257	0	0	0
-1.7233866826954625	5.257681037173668	0	0	0
0.9976617383245738	-7.995092766771862	0	0	0
0.37919262332739834	5.09811112471472	0	0	0
-1.8527906741946936	-2.263817397055199	0	0	0
3.1020200023700895	1.5882638085749647	0	0	0
-3.4075427601842705	-1.0373417725740595	0	0	0
3.759926303395389	-5.743322379888653	0	0	0
-3.884546544034613	0.5108422133735573	0	0	0
3.0354229169962608	-1.4420551289524468	0	0	0
-2.0655327674693567	-5.750462773243747	0	0	0
2.1008095307296415	1.098538876796006	0	0	0
-1.9778888383845867	1.0364141366900341	0	0	0
0.9174137191754852	0.5212286665454542	0	0	0
1.1580586300470799	4.17812496624618	0	0	0
-2.9887404363844468	-2.6815509161987094	0	0	0
2.575367399473926	-0.5075761331817006	0	0	0
-0.9663533422349957	7.181252376443787	0	0	0
0.46177055804788125	-8.186765691946512	0	0	0
-0.9450478769084256	3.7057240691719358	0	0	0
1.1410395911078979	-0.1789416409514928	0	0	0
-0.7352836378720653	-2.510590487868477	0	0	0
0.11647631964470406	1.1179588896640666	0	0	0
0.6568630318485802	-5.302215383728736	0	0	0
-1.5277175309657807	7.571433079376185	0	0	0
1.0710141604317016	-2.8878628538021545	0	0	0
-0.5923782373458195	-5.634298212532322	0	0	0
1.110119179006297	2.6948874056002765	0	0	0
-1.2181483497230872	-6.2955377181577745	0	0	0
-0.2877263550822846	1.0231035303854412	0	0	0
2.184172537033774	7.065589435397079	0	0	0
-3.3092058699242273	2.068618594065761	0	0	0
2.540670940484212	-2.7873946646296446	0	0	0
-1.0947529815162085	3.9398819887015293	0	0	0
-0.4178481911514922	2.5292493137719916	0	0	0
1.0892371023618423	-1.803523120334937	0	0	0
-0.1701773354451177	0.9449841199777893	0	0	0
-0.8236318000377523	-0.7293998941798137	0	0	0
1.1340412396211406	-0.09462935062420286	0	0	0
-0.7821559247569354	-4.0985554924412355	0	0	0
0.06778575484214855	2.2343073934551327	0	0	0
0.6302625195946376	0.8427503742634386	0	0	0
-1.1987096305616802	-4.5062807060085035	0	0	0
1.355968206369539	1.0809159176865606	0	0	0
-0.8032334728259869	-4.920205200003117	0	0	0
0.2241474790921245	0.4102433509358221	0	0	0
0.06709152045633715	0.03399221892731674	0	0	0
-0.47837061477623166	-4.218780047527218	0	0	0
0.6436133721483515	2.5997268430109415	0	0	0
0.11394588687897311	1.6867949555332729	0	0	0
-1.3565789097382392	1.538810198516103	0	0	0
1.5915063997563195	2.875926420355597	0	0	0
-1.3365114469144856	-1.0681180709533606	0	0	0
0.2372441581726079	-8.334522509498186	0	0	0
0.8502078409913665	12.141421113857021	0	0	0
-1.2661727987557967	-4.117568871618687	0	0	0
1.2622397615270415	-3.0312331333198728	0	0	0
-0.5289543662426013	0	0	0	0
0.6236504824898788	0	0	0	0
-1.7306306533694737	0	0	0	0
2.429746216263851	0	0	0	0
-2.8769210282855155	0	0	0	0
2.8517056182919305	0	0	0	0
-2.0747224382048017	0	0	0	0
1.4887889890595645	0	0	0	0
-0.9299595606814393	0	0	0	0
0.8487149667387754	0	0	0	0
-0.8882127343430426	0	0	0	0
0.510580691346334	0	0	0	0
-0.9547878351029766	0	0	0	0
1.4324253930084012	0	0	0	0
-1.340571725328914	0	0	0	0
0.6437753175158889	0	0	0	0
0.502008096695647	0	0	0	0
-1.787099582711079	0	0	0	0
1.9146476962535957	0	0	0	0
-0.8839731963118993	0	0	0	0
-0.0531558296252328	0	0	0	0
-0.913350952173424	0	0	0	0
2.0915938262449245	0	0	0	0
-1.6323411939104844	0	0	0	0
0.12041291381401464	0	0	0	0
0.5318588623220819	0	0	0	0
0.0386739486481531	0	0	0	0
-0.5261139110009694	0	0	0	0
0.12482352598893698	0	0	0	0
0.6903117178279032	0	0	0	0
-1.2160741336514533	0	0	0	0
1.0948963503839622	0	0	0	0
-0.2508897897510778	0	0	0	0
-0.5584802252318752	0	0	0	0
0.24201062134768137	0	0	0	0
0.33552709902080124	0	0	0	0
-0.490029180664628	0	0	0	0
0.1342361966394563	0	0	0	0
0.9745420232682847	0	0	0	0
-2.0898184927965104	0	0	0	0
1.326805620761192	0	0	0	0
0.19183641705390642	0	0	0	0
-0.008821439736117043	0	0	0	0
-0.80526803485062	0	0	0	0
0.6506493148428447	0	0	0	0
0.4604343468630887	0	0	0	0
-1.7149819212949922	0	0	0	0
1.996465744181485	0	0	0	0
-1.7921938457912603	0	0	0	0
1.0863671109605662	0	0	0	0
-0.20495128354344416	0	0	0	0
0.9871457759092692	0	0	0	0
-2.408771786743891	0	0	0	0
1.9675330655385466	0	0	0	0
-0.549198915044478	0	0	0	0
0.13102965977749648	0	0	0	0
-0.582184657271064	0	0	0	0
0.8217190407455277	0	0	0	0
-0.5580554909794913	0	0	0	0
-0.3600775441896005	0	0	0	0
0.7872352511995047	0	0	0	0
-0.3246234464316302	0	0	0	0
0.3583762854038284	0	0	0	0
-1.5049998966198501	0	0	0	0
2.2855644720018304	0	0	0	0
-1.400584522716187	0	0	0	0
0.2752829348451158	0	0	0	0
-0.27168321801519113	0	0	0	0
0.5467596838281779	0	0	0	0
-0.8405739638302734	0	0	0	0
1.7263942493279671	0	0	0	0
-1.666407787654812	0	0	0	0
0.5336901071845901	0	0	0	0
-0.06369099569428016	0	0	0	0
0.6433284586336256	0	0	0	0
-1.1855859996549967	0	0	0	0
1.0880564654645681	0	0	0	0
-0.4465730603050986	0	0	0	0
0.5430207726659191	0	0	0	0
-0.6730767673324678	0	0	0	0
0.2871189377847756	0	0	0	0
-0.6305503864459467	0	0	0	0
1.8384658365077442	0	0	0	0
-2.0652230247191525	0	0	0	0
1.3768917098121065	0	0	0	0
-0.39195802614533193	0	0	0	0
-0.3929670697205836	0	0	0	0
0.5058997489533539	0	0	0	0
0.13765824533710713	0	0	0	0
-0.34712891495856013	0	0	0	0
0.3351628963042117	0	0	0	0
-0.4994936293920702	0	0	0	0
0.5270684698243855	0	0	0	0
-0.061557299502631224	0	0	0	0
0.2644499460034453	0	0	0	0
-1.4173983653884648	0	0	0	0
1.5532879982651977	0	0	0	0
-0.6952771212201299	0	0	0	0
0.17510880201879786	0	0	0	0
0.3319824024143472	0	0	0	0
-1.4121363043660082	0	0	0	0
1.9927482235072418	0	0	0	0
-1.7719035438837167	0	0	0	0
1.99279961924735	0	0	0	0
-3.0827454283414966	0	0	0	0
3.2494031961395677	0	0	0	0
-2.2506455373327796	0	0	0	0
1.3766991275018015	0	0	0	0
-0.8171120137653389	0	0	0	0
0.2336496245618349	0	0	0	0
0.7333279798905181	0	0	0	0
-1.9050345271452898	0	0	0	0
3.061717003544416	0	0	0	0
-3.3135435874738945	0	0	0	0
2.85419634767824	0	0	0	0
-2.4579340505335594	0	0	0	0
2.9960112411613835	0	0	0	0
-3.052586197415515	0	0	0	0
2.5437083460828305	0	0	0	0
-1.4466756143634072	0	0	0	0
0.1942525360518701	0	0	0	0
0.9983138024218547	0	0	0	0
-0.5599971172453309	0	0	0	0
0.20593661313675682	0	0	0	0
0.6185122569577004	0	0	0	0
-1.679631195714677	0	0	0	0
