-0.01990606808136164	-2.529083989998348	-2.109293605374873	0.5974022739907383	16910.149196749015
0.8935988442449343	-8.626868912744968	-6.4045063364180095	2.533367076615221	16911.15632976284
-1.6858135059274844	-2.6351664957385594	5.978305925051174	7.728762679880518	16911.43929346885
1.831700092971701	-3.9046521275769237	-4.207655028079756	3.362025581599383	16910.099661948043
-2.314658356511039	-0.2754094113309833	-9.536372141497822	-4.570729897743405	16914.540132364342
3.410521219709871	0.7053470376813777	0.21295766744145794	1.821686939983664	16898.667962449108
-3.8033373371861074	-0.7091096397073429	3.0863705232336542	-1.0079557962762493	16909.577317261672
3.8204643512539533	1.2985544976355712	13.709359162270246	0.1966574781960304	16886.952237189045
-3.6531204449914583	0.026316088285589956	-11.23702001828822	3.5777317054944433	16899.407910253038
2.479165795197382	0.7672753781456123	0.3632385699544187	-6.163112822674506	16897.901675191886
-1.359099662427795	-5.682205256306389	6.046790001743872	14.67674713382597	16893.573161665874
1.4919411582370259	-2.4945329481276772	6.488479024717918	1.019508055557992	16892.7445448635
-1.1534988484335145	-5.858102327439603	-11.371704243521364	1.300860931763225	16884.176943038525
-0.08564790035942593	-2.357753246016088	3.326418415206689	1.3453144030647621	16894.139180891216
1.1588797930177819	4.700019752459873	7.566530885715366	4.429076075703648	16894.798727200803
-1.6514435316084572	6.386854292707675	7.426169238622947	-4.332127985595449	16896.265414947535
1.3015215378891227	3.293219383289248	-0.8017731521394325	-6.90030649164251	16888.686689454644
-0.4857084171584134	1.5068104934343438	-1.5334787827538037	5.070362047887144	16896.27237308485
-0.5748399020299715	1.3782586160297683	4.60017122196966	5.763733686789891	16882.625575926482
0.3857947650399396	5.465706853389449	1.7863153025894718	-4.243696733534762	16889.68520495129
0.6982954813500868	-3.6053811619278164	-7.417353679188864	4.893070731263805	16900.108337130387
-0.8137329519007679	3.5676559551219995	0.7815182756734202	7.898580736447627	16880.4198267293
-0.3418044769118751	0.03033482583926883	0.9206992015291178	3.7150614013635987	16895.22102781098
1.0963917859444408	-0.8877948760517498	-2.206636107328393	-4.288298679400725	16894.34890465359
-1.8991496653194702	-9.095139634849112	3.6366722681791117	-3.322854959572666	16888.62034403584
2.2006145373957224	2.174579395095485	-6.166647707448064	6.4556684782550064	16893.887873748106
-2.1922396526453625	-5.09074967774206	5.538239281160429	-8.626313173282199	16894.78540681875
2.382266491798383	-1.0828511060375732	-0.42292769793459684	0.49703124271792376	16896.533920095855
-2.8281736749346322	9.755009483410696	-2.021245233231028	5.551697218125497	16891.285041502237
2.084645788148528	-0.7215671624142885	0.3204068207431021	-0.05140567563979914	16886.88360775575
-1.2101249135131056	1.1702121041670992	-3.4568984520256123	-0.7443897260850747	16888.84583158296
0.22564082610818303	0.1753463728686313	-8.131857764280838	0.11588229548526385	16892.158560368563
0.7610233026905817	-2.1836532112352316	-0.79454328953382	5.392881493526886	16885.964957055414
-0.49757651309277406	-1.1130585570437574	-5.584594154878616	-6.095332632266945	16887.592722580117
-0.26327376912595213	0.3426540668427762	7.783988732158178	7.994260846440682	16897.071830235065
0.17290597391064466	-3.5224823087992903	-0.7384953240321153	-2.651629113144878	16893.900488065075
1.364481090712772	4.081394420329502	4.608555081990701	-5.466496942203946	16893.807422376412
-2.119252455676566	1.7330112648726086	0.7455120559706785	6.59767312614764	16916.60021639431
1.769048539525258	-8.750836220869765	3.948556479876615	0	0
-1.3179853241039794	-1.2834049580898181	-1.4524557583323485	0	0
0.5937797976939265	-2.1670276891220723	1.4549396208695242	0	0
0.14771502392610358	0.20180487220046928	1.5430995416896849	0	0
-0.6245959180041112	1.261808448676753	-11.01988305883782	0	0
1.5378107321876087	-1.7982599029338076	0.6950404900011335	0	0
-1.4019663203966886	-3.869745159264184	-8.032138025743635	0	0
0.7631327429775823	-8.985884568913669	0.9367346589513375	0	0
-1.195562635395497	1.3564428295374569	4.274166236458441	0	0
2.1216598258947954	-4.916318244325083	-6.518086718892761	0	0
-1.8751463095457481	2.27764293974149	3.0200857197847455	0	0
1.4093408149977051	-0.8143496651502318	-4.502065334198619	0	0
-1.075511373597621	-2.1878748141453315	-3.2992189321492162	0	0
1.2279783910762063	-1.6147246430970554	5.031727933578139	0	0
-1.165438951569719	-2.7761038615594344	3.354401024706675	0	0
1.8598295811824386	-0.7544657410001108	-6.874861295319363	0	0
-2.350818353695125	9.94442726625725	-6.5959762848416545	0	0
1.0384904283809036	3.653121001053556	1.5900045528374562	0	0
-0.4103333627401966	-3.8260330745118196	2.7813801489226364	0	0
1.1962033632484932	-0.4102553366995636	6.762804991546915	0	0
-1.3993729320492534	-1.0986783591258273	-6.937487085314515	0	0
1.320997286179633	-1.9867785282579646	-0.9668546475610782	0	0
-0.9561399139938018	4.0970349193423345	-3.003684981855116	0	0
-0.2645351158319258	-4.044831047352446	0.883999848538366	0	0
0.7484288406105435	-0.006284146862547857	4.426510272036538	0	0
-0.43771759993634873	3.848864124544413	-0.07538351566496715	0	0
-0.32942772379892915	7.110672606220859	2.643612158252836	0	0
1.365825548343814	-2.462266816935575	3.1936956299615957	0	0
-1.448453988561532	2.3629356914421678	-1.74567110126182	0	0
-0.03518018384893651	1.4791957940199651	0.7730106460688972	0	0
1.2039180790530324	-1.0652685354247922	-4.016215280848684	0	0
-1.469250314895703	-3.0634462971871983	-0.7231638760369492	0	0
1.4738114972808134	3.056698484558993	0	0	0
-1.246020469660742	-2.4537873546722437	0	0	0
0.5933153867203842	1.766083134423063	0	0	0
0.24375723561312412	8.59197276412646	0	0	0
-1.5628868822143502	1.9628746634204859	0	0	0
3.0783362817873794	-0.4463006095298212	0	0	0
-3.846495891369898	9.17151181349692	0	0	0
3.186470731899824	3.8211096022382733	0	0	0
-2.390475946636137	-4.02966376775462	0	0	0
1.7096025719419075	0.37763729327056694	0	0	0
-0.8592504284327944	6.46744622888157	0	0	0
-0.04516668991860939	-2.507609157537104	0	0	0
0.8275344365310318	-1.269922834413407	0	0	0
-1.8521630792568615	-3.197733650616591	0	0	0
3.3318101416341435	3.8821316236686343	0	0	0
-4.623561899313643	1.7010502710603461	0	0	0
5.095081729585708	2.13490314185443	0	0	0
-4.084518825497895	-6.882846408690206	0	0	0
1.5593226369022801	4.1359845391917744	0	0	0
0.5449291455357113	-1.561586729247324	0	0	0
-0.4410847518740866	1.9342150712019475	0	0	0
-1.0965690938084265	0.34566600700833305	0	0	0
1.9140726430925596	8.41044749367105	0	0	0
-1.401924917015151	-5.436401135831474	0	0	0
0.6504805133358076	4.501574367205414	0	0	0
0.1990639154571241	-7.126460934769405	0	0	0
-0.38180750243262906	5.6544629099522865	0	0	0
0.08710778813927789	11.610406012331296	0	0	0
0.33651668649368105	-1.2591311233242735	0	0	0
-0.48243506627756716	-6.0887318011421385	0	0	0
0.2689195060074425	-0.07884478156196195	0	0	0
0.17635324899559635	2.51332789274678	0	0	0
-0.6707037115438084	-1.495840504426802	0	0	0
1.794633280966238	-1.0416610577474898	0	0	0
-2.930270025012632	2.113149514015049	0	0	0
3.4785555395837306	0.04478965825988723	0	0	0
-2.5427750328723704	3.622476516651247	0	0	0
0.3431192928587592	-6.2195062841913895	0	0	0
1.763428141869639	4.355070271545273	0	0	0
-2.7064911569567087	-7.27430050533556	0	0	0
2.3909441024480174	2.343385616000333	0	0	0
-1.4710330289438858	-1.8045326313300052	0	0	0
0.928906737220764	-0.12590950554671565	0	0	0
-1.7347626134699254	-3.428602770999788	0	0	0
3.181800728478855	-0.2733086250719481	0	0	0
-3.8950514132140626	-2.4706192928362043	0	0	0
3.8384948342553997	-9.175282772883506	0	0	0
-3.8882630961977256	2.852657152084312	0	0	0
3.724677768331894	-5.533448184295828	0	0	0
-3.0500133078190643	2.195587352866916	0	0	0
1.4479899016953865	-1.9074192437360082	0	0	0
-0.7052199826290533	-4.174401991001297	0	0	0
0.9786282941885034	-4.905520363960953	0	0	0
-0.4902064697635211	1.097396297632379	0	0	0
-0.6585329759294183	-0.11788197553951818	0	0	0
1.3721852818959945	7.8672568196729955	0	0	0
-1.1051126399007387	4.714567509490109	0	0	0
0.6681277481471781	-13.736251123648906	0	0	0
-0.23288245949588315	-1.3717464183445145	0	0	0
-0.16041038706578092	9.250583753466415	0	0	0
-0.06818640697113665	-12.052403635468295	0	0	0
-0.041153011299670084	9.946622967230525	0	0	0
0.2883237906661478	8.895938821873912	0	0	0
0.07530135839774488	0	0	0	0
-0.1368503967089154	0	0	0	0
0.3123272195259972	0	0	0	0
-1.0035960226015987	0	0	0	0
1.45257077567814	0	0	0	0
-0.9636333153646248	0	0	0	0
-0.12602109617765223	0	0	0	0
0.9045091302775248	0	0	0	0
0.19320441140403233	0	0	0	0
-1.1312484078852663	0	0	0	0
0.857421065340894	0	0	0	0
0.40253759877589346	0	0	0	0
-1.6764791644051513	0	0	0	0
2.4499831886343912	0	0	0	0
-2.6187275232786362	0	0	0	0
1.6424044956215909	0	0	0	0
-0.42160622593195995	0	0	0	0
-0.5741938886088036	0	0	0	0
0.4962139230743361	0	0	0	0
0.18719016664874744	0	0	0	0
-1.4175307123193477	0	0	0	0
1.7304211261082258	0	0	0	0
-1.3992614589416874	0	0	0	0
0.3039935169143462	0	0	0	0
1.001489804388065	0	0	0	0
-1.035328628551369	0	0	0	0
0.35710495576964263	0	0	0	0
0.13783388198216073	0	0	0	0
-1.326184465791492	0	0	0	0
2.012538972108217	0	0	0	0
-1.413512857346504	0	0	0	0
-0.28605039502842544	0	0	0	0
1.031224108634781	0	0	0	0
-0.6410908447424006	0	0	0	0
-0.806368758599298	0	0	0	0
1.7055293201136053	0	0	0	0
-2.772373489774253	0	0	0	0
3.5196395744149953	0	0	0	0
-2.7348729543609593	0	0	0	0
0.8843907779635813	0	0	0	0
0.07054531714750567	0	0	0	0
0.6115882050491876	0	0	0	0
-2.0781451498936505	0	0	0	0
2.7373526320721453	0	0	0	0
-2.353586657555468	0	0	0	0
1.2085163597346664	0	0	0	0
0.25525609900748947	0	0	0	0
-2.6382705263122546	0	0	0	0
3.8048665009068543	0	0	0	0
-3.0298428012754854	0	0	0	0
1.5938242954902861	0	0	0	0
-1.10604091347939	0	0	0	0
0.7458873891580495	0	0	0	0
-0.2662132640673889	0	0	0	0
-0.14752890111059713	0	0	0	0
-0.5569874238696713	0	0	0	0
2.0476283753467115	0	0	0	0
-2.617492671347051	0	0	0	0
1.9176105740089469	0	0	0	0
-0.4872766072353514	0	0	0	0
-1.9775372763593424	0	0	0	0
3.36831002043251	0	0	0	0
-2.7617304813363432	0	0	0	0
0.3482595850657191	0	0	0	0
1.9497724222746982	0	0	0	0
-3.07502849524176	0	0	0	0
2.2346644456510987	0	0	0	0
-0.44539807218956895	0	0	0	0
-0.3969528276598453	0	0	0	0
0.2338236492610406	0	0	0	0
-0.15799679131691136	0	0	0	0
-0.0640023127810494	0	0	0	0
0.5531859026487069	0	0	0	0
-1.0699808621561786	0	0	0	0
2.8693049779357764	0	0	0	0
-5.101965009804772	0	0	0	0
4.916136647027713	0	0	0	0
-3.4701948087897776	0	0	0	0
2.430437842977163	0	0	0	0
-2.8726753685853623	0	0	0	0
3.528616332954563	0	0	0	0
-3.2743004717288358	0	0	0	0
2.5057463081934372	0	0	0	0
-2.4994374653976124	0	0	0	0
3.199897530639298	0	0	0	0
-3.3694449938444606	0	0	0	0
2.3978493554363	0	0	0	0
-0.964660400885279	0	0	0	0
0.2661925503416853	0	0	0	0
1.0945113874177679	0	0	0	0
-2.1660948452795736	0	0	0	0
2.2173737028883664	0	0	0	0
-1.23644323457075	0	0	0	0
0.16535979721727045	0	0	0	0
0.634155800831067	0	0	0	0
-0.7992913744820527	0	0	0	0
0.7981859105380664	0	0	0	0
-0.8910893362194301	0	0	0	0
1.6907727825730703	0	0	0	0
-1.3446446127050748	0	0	0	0
-0.04593968814713634	0	0	0	0
0.8061848738322652	0	0	0	0
-0.4041225690576624	0	0	0	0
0.2011881291719959	0	0	0	0
0.24808227370216684	0	0	0	0
-0.8766239059006296	0	0	0	0
1.214668224161656	0	0	0	0
-0.6843192484967489	0	0	0	0
0.29424784139281	0	0	0	0
-0.27337162262767833	0	0	0	0
0.5661988161980247	0	0	0	0
-0.7107847151196509	0	0	0	0
1.8189230827098442	0	0	0	0
-3.044103521631918	0	0	0	0
3.316150861649284	0	0	0	0
-2.385194941666228	0	0	0	0
0.01312766465490256	0	0	0	0
2.7423793942110564	0	0	0	0
-3.8178852944378363	0	0	0	0
2.454393967529242	0	0	0	0
1.3609857109729546	0	0	0	0
-4.773212602297171	0	0	0	0
1.3721874368920552	0	0	0	0
-0.3828969252660457	0	0	0	0
0.273324063217828	0	0	0	0
4.02862746827725	0	0	0	0
