0.03949499310315474	-0.3010549236270492	1.2301379555164687	-0.07032179964895136	16926.518955228414
-0.046608377819211455	-0.7687847292845049	3.9130584741804455	-0.3930165057828816	16926.58614504608
-0.19795797193817322	1.0420676975547494	-1.1207921368431073	-1.7680221755148722	16925.87308375773
0.1708422717145197	-1.3980046087619016	-0.8486091510418845	-1.8207686517519193	16926.571223572835
-0.22416111743092415	-0.4488623328194805	-0.7078612570538354	0.24918756262252373	16926.053400411718
0.008590917727779868	-2.2468997609785077	-0.5271907787232664	-2.1850751184967834	16927.744185713284
0.14308629472895262	1.3867097752996074	0.37347429480988126	0.403606762109888	16925.673414080982
-0.09041254807266341	0.043651609192274066	0.06226721482893538	0.18802576253601444	16927.508090440337
-0.45828799572450407	1.012574785955529	-1.889456051256687	-0.7336020550719127	16928.41911909631
0.9519899966822791	0.10009497821933877	-0.48138182829053733	0.5118842271697588	16927.52895910387
-0.8843297929896039	-0.3115210126199486	-0.9403460255869334	0.21807695470654664	16928.853038826495
0.5736966396407652	-0.7857856179300313	1.3315222659479673	0.2765726674012825	16928.29342928122
-0.3668400861875085	0.31234188314486033	-1.560790899106891	-0.5685378897295408	16927.721511805124
0.19994911749820687	0.8411239217627653	0.14043401535204225	-0.5775657750352252	16928.33648885752
0.16999752811039315	3.4465330599498785	-0.733871880205399	-3.2977129985290503	16926.710989432067
-0.33261983413549956	-0.39070830160053305	0.13894172954455541	0.8608326686288024	16929.05948259511
0.3456813274386903	0.27988309463491134	-1.1247138378744381	-0.3756344386209065	16924.923656816354
-0.43740924639055123	0.4115481358807713	-0.41451047002323094	0.09129091433077008	16927.31314231551
0.253368555031102	-1.7087687686472748	0.7040866188138182	1.3876881737042766	16928.017075927608
-0.16881110683652878	-1.2412213054947188	0.9733302542729803	0.410750789512889	16926.817170433358
0.034464845230068875	-0.6069980476042645	0.43787142329757955	2.069295207831061	16927.577374732173
0.056476817700556126	-0.5374035061618798	-0.548371497311706	1.416134476798618	16927.083744698626
0.012148495408879967	0.7777733428594757	-1.172743093704966	0.28724148074394407	16927.553476431833
0.13971453955890212	-0.2835078343389199	-0.3062488264075256	-2.2153925751254917	16928.038642641815
-0.32902219118665244	-0.2798804806197239	-0.4744332569853782	0.04344020298451312	16928.069155572313
0.6201932950127826	-1.0605895168649297	1.2791179878767878	-0.21191558804753186	16927.560530938194
-0.5856713616893643	0.5628130132030122	-1.7778535092855492	0.9192025145580942	16927.364812454965
0.41622640377560316	0.07611876766652159	-0.13602714426035334	-0.40170223524333437	16928.267764856475
-0.37011611383034193	-0.5924677609440252	-0.7933036683544401	-0.8015060324033101	16929.505986834167
0.321803976880922	-0.4349254519712673	0.04091012730984289	-0.33349986392484254	16927.977977929102
-0.06977838577044793	-2.364714933296888	-1.2960953004205464	-0.39625207660265005	16928.08780055294
-0.06252087944717033	0.8181904375825013	1.1426601785541521	0.44821157847890447	16928.253657692134
0.13074084501276673	0.8833743254965327	-1.0922403607283684	0.8039781220675337	16928.579303899372
-0.2598023761095192	0.6049171714919623	1.1486959178824634	0.18933988749208197	16927.60141452021
0.35403665673276663	0.5062604195472744	-1.7408097935118576	-1.0268900529106304	16928.8947385961
-0.18128613830635487	-0.18022801640786668	0.2031687573243488	0.27156617815090556	16926.405574830595
0.11817030255129168	-1.539938278066579	-1.6770671429795811	1.0479980877220783	16927.502247057142
0.10872616776739363	1.2615102814354628	-0.07494377531325824	-0.9530602989385386	16924.337791302198
-0.4394999170119007	0.21027460664036113	0.8904149452630605	0	0
0.6244067524267365	-0.7147651401718988	0.6278526425574	0	0
-0.8037110557790896	0.3996475139587403	-0.3179461121445257	0	0
0.5863009941199095	0.26141764358504815	-2.0589876437711467	0	0
-0.19733262440561816	-0.25924308411312325	-0.3919232892945246	0	0
-0.1164539684243806	-0.4031384878935782	1.0218691446748664	0	0
0.11594841054672855	-0.23835648514389618	0.794562803958712	0	0
-0.1200949729022085	0.2222567730101659	0.578710111660584	0	0
0.0500443197707412	-0.10771494954462213	0.1974713707626563	0	0
0.08310548076632784	0.7481279229918201	-0.7994314591952616	0	0
-0.28222508014790293	-0.5682556708507107	0.4187009012732972	0	0
0.503392197520931	1.571334596749935	-0.33096609275816036	0	0
-0.4211948127826233	2.096570850667632	0.349938761937409	0	0
0.2400548596989367	-0.564241880108888	-0.7108414667492013	0	0
0.04251523910169652	1.0943494680919912	-0.620864445856725	0	0
-0.2123482111254873	0.2864170965027739	0.4821207930454676	0	0
0.07289921360087703	-0.8115663778578224	-0.3775800735099466	0	0
0.009072441602498316	-0.03300927347762439	1.3395118836039615	0	0
-0.37393345234957565	0.09810036415113643	-1.0161348706465247	0	0
0.36624921458739124	0.5345428806610926	-0.0807708268256988	0	0
-0.550802393220728	-1.138359571662022	-0.022916540054310985	0	0
0.8643356520432448	0.6692096964078189	0.08808367773113446	0	0
-0.6921098999131274	-0.2175992431472764	1.6166059623742797	0	0
0.47510476459533635	-0.0178677370744893	0.3739066963582758	0	0
-0.15504272554696996	-0.7320451663855962	-0.44716180645512793	0	0
-0.06769554014829993	0.056491054687576536	-0.05331092477464949	0	0
-0.011538041741921745	0.006982503760923464	-0.4294236351223475	0	0
-0.1330081270050414	0.7669363487290326	0.5205588806384185	0	0
0.18811025239986634	-0.6923216531266192	-0.1534115482266003	0	0
-0.3267171526989827	-0.23718075993432564	0.0714611721299434	0	0
0.4945669741487748	-0.21761131279316714	-0.46011515898996436	0	0
-0.3089650756663431	0.07861672887856486	0.5990617200526458	0	0
-0.11448923950550949	1.4802414333037888	0	0	0
0.33634534837828767	0.8736364182231924	0	0	0
-0.2935051276480962	0.5441813693535877	0	0	0
-0.10542981113949423	-0.3164580068765943	0	0	0
0.2268884227759429	0.6549806919241021	0	0	0
-0.3418630313502007	1.1216993339086656	0	0	0
0.17806024721166835	-1.0854694861945262	0	0	0
0.007102565910230396	0.13454195740527553	0	0	0
-0.07947820581321707	0.4479565380568147	0	0	0
0.10848982721246614	1.0083117631743832	0	0	0
-0.06875166327061777	2.269561513789853	0	0	0
0.007097471189347004	-0.5793430561665716	0	0	0
0.12147861779622815	-0.91798292819783	0	0	0
-0.07930617264152318	-0.22091945934509027	0	0	0
-0.03237301735210707	-0.6702740464864831	0	0	0
0.09511133610173061	-1.2088759208647275	0	0	0
-0.20648024576085788	-0.2663763149181477	0	0	0
0.24238079625921927	0.9061382940316065	0	0	0
-0.3027515110706105	-0.4016235401655379	0	0	0
0.11504378419937922	0.9781107766525423	0	0	0
-0.04990028978001959	0.18752661601624965	0	0	0
-0.085081770666946	-0.08041530583198409	0	0	0
0.15951359701155354	-0.10915386734835408	0	0	0
-0.24578350412947714	1.3138754344982075	0	0	0
0.28888496043893497	0.07934252994630242	0	0	0
-0.3852949470761189	-0.009596905482943896	0	0	0
0.6302137557242204	-0.23971782780881057	0	0	0
-0.9522031491463494	1.7708973817518299	0	0	0
1.0448152901626315	-0.13514864111512281	0	0	0
-0.7411431331952798	0.6613868057834011	0	0	0
0.27590077829125903	0.6299991737790052	0	0	0
0.0260147244079576	0.21970791806169387	0	0	0
-0.0728730552551724	0.05400744781638167	0	0	0
-0.045573647932663164	-0.18697236608830536	0	0	0
0.11925332270521238	-1.4169071076531594	0	0	0
-0.04340541325604619	0.5312489299781404	0	0	0
0.11916029770152647	-0.17243509473622254	0	0	0
0.021568474691179063	-0.5796451442513373	0	0	0
0.03093333084085259	-0.8137215115042906	0	0	0
-0.0624475928817958	0.32856541477823953	0	0	0
0.18949731488880417	-0.413589023135728	0	0	0
-0.2882460678501886	-0.3099666239830725	0	0	0
0.5353911072873601	-0.09939325584528547	0	0	0
-0.7127991968941458	0.44334581533885853	0	0	0
0.9288179021935505	0.1829964061277991	0	0	0
-0.6479497384650017	0.8236704821388585	0	0	0
0.46001885523259034	1.2487347493227645	0	0	0
-0.23705492026279273	-1.079635370183773	0	0	0
-0.02287970706443332	-0.23951048543614206	0	0	0
0.14627304349878756	-1.050530732144658	0	0	0
0.14981180323982102	-0.24497638469659222	0	0	0
-0.5175359854651589	-0.5134324108740884	0	0	0
0.8287426536196563	-0.2717777677722495	0	0	0
-0.8171444586620495	-0.7897013330883027	0	0	0
0.6365591773167978	-0.2723151939787556	0	0	0
-0.46716038672168025	0.6417544069214927	0	0	0
0.2966484080290215	-1.2556978393279081	0	0	0
-0.33477407392776826	0.12831331909536914	0	0	0
0.5440461213501706	-0.2876474019690036	0	0	0
-0.6324155635331152	-1.0606290296423992	0	0	0
0.5952547480056865	1.5423447505970742	0	0	0
-0.23265074046238254	-0.2833840978811466	0	0	0
0.038285016625088986	0.34810771231310156	0	0	0
0.21325980579312898	0	0	0	0
-0.2664821607166843	0	0	0	0
0.47515994446637677	0	0	0	0
-0.7075093404817849	0	0	0	0
0.48050559354582134	0	0	0	0
-0.31104314638858455	0	0	0	0
0.04537745206369692	0	0	0	0
-0.1392640569138024	0	0	0	0
0.09917015907639382	0	0	0	0
0.10063787618233988	0	0	0	0
-0.3101156007306898	0	0	0	0
0.20751100160136815	0	0	0	0
-0.11225878938173395	0	0	0	0
-0.28591672554498615	0	0	0	0
0.3259825645039385	0	0	0	0
0.054969804365221364	0	0	0	0
-0.3350255184049473	0	0	0	0
0.4828779795991309	0	0	0	0
-0.24575433252115175	0	0	0	0
0.12112537171163495	0	0	0	0
0.14809863226079045	0	0	0	0
-0.11808397635913082	0	0	0	0
0.35988826558339326	0	0	0	0
-0.46997481060263624	0	0	0	0
0.518029377674921	0	0	0	0
-0.15780405852514434	0	0	0	0
-0.14102785748377045	0	0	0	0
0.2504234861191108	0	0	0	0
-0.14435118396735902	0	0	0	0
0.13782862988325206	0	0	0	0
0.19998077610863163	0	0	0	0
-0.2678573704819627	0	0	0	0
0.47921589173753176	0	0	0	0
-0.351144379650151	0	0	0	0
0.33202131038799365	0	0	0	0
-0.05372588061365491	0	0	0	0
0.291163711525364	0	0	0	0
-0.4348809008198913	0	0	0	0
0.5935366198986998	0	0	0	0
-0.4566314076339708	0	0	0	0
0.12765189102888286	0	0	0	0
-0.17238406856340305	0	0	0	0
0.080683974859177	0	0	0	0
0.025527774808601578	0	0	0	0
-0.10191211904961506	0	0	0	0
0.08930115056611498	0	0	0	0
-0.14234740773269294	0	0	0	0
0.10847768484644149	0	0	0	0
-0.08245973784190141	0	0	0	0
0.024976595570244342	0	0	0	0
0.15613749503170027	0	0	0	0
-0.10366196394900129	0	0	0	0
0.12622001521800286	0	0	0	0
-0.05793480056133404	0	0	0	0
0.243991692518172	0	0	0	0
-0.21271325251277773	0	0	0	0
0.36760793554414306	0	0	0	0
-0.30832527115758523	0	0	0	0
0.1242078280968073	0	0	0	0
0.07146773292089392	0	0	0	0
-0.33181354066179125	0	0	0	0
0.29942960599654356	0	0	0	0
-0.14589700406551742	0	0	0	0
0.09814225165314383	0	0	0	0
-0.293964434063021	0	0	0	0
0.262094798507178	0	0	0	0
-0.28135383213015075	0	0	0	0
0.14858894297511682	0	0	0	0
-0.24769906083101034	0	0	0	0
0.3007093501896705	0	0	0	0
-0.3785491292690537	0	0	0	0
0.4936422414652597	0	0	0	0
-0.4643094683900131	0	0	0	0
0.23295871669871104	0	0	0	0
0.0030162474177757304	0	0	0	0
-0.24595583126212972	0	0	0	0
0.2200295705626587	0	0	0	0
-0.1986806194514159	0	0	0	0
0.18892374939633783	0	0	0	0
-0.06127623229339463	0	0	0	0
0.2904165067262099	0	0	0	0
-0.375456831858358	0	0	0	0
0.3973862038244107	0	0	0	0
-0.32834449920286346	0	0	0	0
0.09342833107967863	0	0	0	0
-0.12964183406390362	0	0	0	0
0.1663201910986274	0	0	0	0
-0.20154835069070742	0	0	0	0
-0.026061208789478485	0	0	0	0
0.2224346322069053	0	0	0	0
-0.38847970969139567	0	0	0	0
0.3705428129923831	0	0	0	0
-0.30767725388432154	0	0	0	0
0.1283062035393172	0	0	0	0
0.19417351390895732	0	0	0	0
-0.413190945323727	0	0	0	0
0.4545433032195092	0	0	0	0
-0.3278093527506698	0	0	0	0
-0.08964006310264239	0	0	0	0
0.23534570982783976	0	0	0	0
-0.17660830250511594	0	0	0	0
0.0885650171691168	0	0	0	0
-0.14063805941400176	0	0	0	0
0.17851162142700616	0	0	0	0
-0.03585442177999454	0	0	0	0
-0.13807684530418385	0	0	0	0
0.20555688507181458	0	0	0	0
-0.29078846168948047	0	0	0	0
0.41661304692787127	0	0	0	0
-0.3446478915260869	0	0	0	0
0.17608003874570244	0	0	0	0
0.004540265508417463	0	0	0	0
-0.0332851233960767	0	0	0	0
0.06964370439694534	0	0	0	0
0.08216325325696516	0	0	0	0
-0.02229940134165531	0	0	0	0
-0.16342421359327375	0	0	0	0
0.1751641150512313	0	0	0	0
0.04175488203787836	0	0	0	0
-0.07273851893113203	0	0	0	0
-0.0539414739002666	0	0	0	0
0.1450033308956975	0	0	0	0
-0.06200676516161252	0	0	0	0
0.005679978768320382	0	0	0	0
0.07901246749929669	0	0	0	0
-0.22281431335166957	0	0	0	0
