0.1548551347600906	-4.445801317860685	4.796137156944141	0.12349157918276887	17127.108061419407
0.8388908260525554	-13.666505266983918	15.602145843612846	-0.2012416376033741	17127.7070604462
-1.8446458936260939	5.01016217356414	-2.3531404263147238	-7.791971238560592	17124.071217803503
0.314093157973538	-0.9437062800560625	-2.216192827640782	30.259373814911726	17129.480477565914
1.2466182143932087	-4.281686336174708	-12.153872538542018	-0.6993060911818532	17114.740950126798
-2.1194134142310688	-6.596204543669529	2.4176784730060774	-18.986169875112466	17167.12272805304
1.892165576084743	1.8159087183183402	-6.129811119955221	35.880752438992346	16943.497743661854
-0.17252018194952257	-2.7231326909562625	16.842776448684987	-11.985032005816734	16743.12062632609
-2.011813423479367	10.992716668213276	13.464142550920727	-27.410843544446706	16717.276648084793
2.50531407370881	3.1944234924014054	-9.457940075285094	56.750883250730425	16885.511827217935
-1.3884030419599966	0.2640149945042438	-5.561695345603383	-42.91932740309821	16932.894816736556
0.352465490438135	3.8652126364542454	8.288289583506938	24.388859283892003	17091.89912284776
-0.7640102376220383	-12.302880974492048	-2.933640544171425	-33.83710852392704	17051.058882005887
1.5519704151815077	7.0665049480582525	-17.07948003832776	15.971871471298513	16982.099086209742
-0.7558920059626146	4.025094301849819	12.182126483717525	-19.302247550873332	16881.103997744554
-0.8451572654323485	-4.1546918369472365	1.3046228904232038	18.60680900071077	16915.704709163365
1.91648833428129	17.230132607487207	6.478762901144179	7.168359621819903	16920.475028605088
-2.743955554076372	-3.8464847952684096	10.64182272766513	-5.98022433171046	16982.70404919508
2.5469680129643564	-9.030411733502618	4.2492373693334	-36.010450843306586	16876.734706638337
-1.9056327448979573	3.528778565115573	-9.277137809950204	-8.427558386385954	16935.798129569157
2.5401759317985153	-15.783820024990412	-5.797181369049497	19.590476048852665	16790.221718514596
-2.8258254015891993	6.0342519234484655	-11.020804055446206	-5.986414883428651	16740.044504815676
1.6749143855134179	8.631783437774402	29.715997879935998	38.64723686691197	16731.995158988793
-1.2732251838616406	-4.935799052208651	-5.463726212018457	-19.074898137608685	16801.4383190178
2.4841754647282457	-5.218136428877436	4.075583892736262	2.3398815545550775	16941.894422119418
-2.649723927733099	17.742216608360003	-23.051652441171854	-4.542374166732159	16857.55778377059
2.3276837897965166	-12.678259524272356	-3.2961318885156174	82.19700798719781	16843.79859583585
-2.5745305708542574	-0.6432611948997149	-2.4231744934956225	-51.334541711337636	16758.981103356185
1.7780325324652537	-1.8742607073156918	5.863648683048751	47.80860371719281	16972.47163063697
-1.1371656311045797	-7.223564826649749	-17.018776410680957	-34.61168714458465	16478.33770385349
2.541204500352741	-8.379749025267365	19.622000393263235	-4.817833818599851	16495.724777528507
-4.131455830875723	3.415510963084671	-8.912477665528002	48.47069056667766	16714.443448867867
3.90945977269935	-10.733008637824753	8.705362086854109	15.852722956445888	16660.675873695807
-2.3229663515657606	6.611540809013434	15.293084945388557	6.692310982600318	16589.08662246545
0.10559262338072983	-0.10653967845880885	0.7574939981728193	7.771391406040195	16703.769669357287
1.1197748943424273	-0.04380336679005126	2.3510104931770854	-4.378301347999482	16740.500532028997
0.1680705614249831	-5.043997754172132	3.9898405783238076	-7.779385091988942	16841.925929212237
-1.377809907160632	3.0530485220949117	3.257323095238675	-11.58931643104468	16910.853870556573
0.40673711922897127	-3.111323380851296	9.801743096625927	0	0
1.3637623107156713	-6.3167552288587245	-14.822862962210067	0	0
-1.3154609026229096	1.5602998563674362	8.69234217518526	0	0
0.039077703045656165	6.882374192973046	22.722803917142684	0	0
2.4351564711059623	-4.280124948553727	-27.855260396304402	0	0
-3.9067172988183216	-2.9413506207801987	15.481348058532959	0	0
3.13057033026935	-7.574467731050447	13.854687513404599	0	0
-2.0173946462596533	-7.454545560586773	23.615237331133443	0	0
0.3754089370304783	0.5486737077522434	-6.829071667868092	0	0
0.9410518895912077	-3.110063068366337	-1.905041796213851	0	0
0.9286189457968774	-2.0441228743302915	-9.8494165955357	0	0
-4.023013504392914	7.3732241547947766	22.43617633989382	0	0
4.243032122717338	-5.511331224773144	28.41729653531567	0	0
-2.960705973074667	4.717457204788857	-17.65518678304683	0	0
2.6206867175765893	3.5783360778021347	34.703512636884895	0	0
-3.0538254718102067	2.94274361961412	8.955316508716464	0	0
3.0574521960588683	-3.720518804663371	1.799394626097353	0	0
-2.4154057225558816	7.687134328069078	-6.758489914766201	0	0
0.8482558627373606	-6.739887911105207	-0.04964199102228406	0	0
1.1882154549155004	7.871536166414209	5.33464367645314	0	0
-3.544273029816175	-1.4188765664587635	-1.794044889028271	0	0
3.249212421900957	1.2771587831314903	1.3745167899564592	0	0
-0.7825865202225373	-4.8258070583184605	8.413191817234832	0	0
0.3258898451923642	13.126678699411755	-24.10895542282796	0	0
-2.1271865270599193	-11.72641782229455	18.960439227404308	0	0
2.3992863198416003	5.5631639726762	-15.863573133344374	0	0
-0.7391501646404919	6.252237232415986	-10.316042099879994	0	0
-0.696081601562156	-10.384492675384784	-6.139849625598032	0	0
1.5963407015760893	6.252718853495601	1.3244213279498211	0	0
-1.5343876780551824	-5.579766213452999	-0.4428010300667182	0	0
0.9320379903625664	1.3254518373526807	8.749904693260547	0	0
-0.5844291941515394	9.267893260089373	15.101124254143059	0	0
0.08726569307572163	4.124367463609097	0	0	0
1.1024093762145881	-0.34013327239271973	0	0	0
-1.3332506396375834	6.772937014060233	0	0	0
0.14171593733913568	-8.181729819945659	0	0	0
1.4031797172527405	-8.104887710629221	0	0	0
-0.9843477500450533	10.603409222928832	0	0	0
-0.2011816440854659	-8.765180275906772	0	0	0
0.09985250433913251	4.990150233672338	0	0	0
0.20154794973394274	-12.76774018950946	0	0	0
-0.26723695678249726	2.7628371816307506	0	0	0
1.3957612257990704	2.423667569449634	0	0	0
-0.9509574862629862	-8.590426834902857	0	0	0
-0.2160664460238877	-4.852130641102363	0	0	0
0.2023889763724327	2.130646014518902	0	0	0
0.36108020071459634	-7.242796972282996	0	0	0
0.5890738821804362	4.874891249900095	0	0	0
-1.9101968757328578	0.13926904543518503	0	0	0
2.318759167025881	-0.32578117251023286	0	0	0
-2.351017433122358	-4.9559986294745855	0	0	0
2.5243044166246875	-3.605596428736199	0	0	0
-2.2533052635513044	1.875814754838082	0	0	0
2.1130619785846747	-1.3507348973884206	0	0	0
-2.5923186121423782	-3.100786442444111	0	0	0
2.521609446588542	-1.8082177773457602	0	0	0
-2.0851676149074976	-12.365543931476878	0	0	0
2.178529559397596	6.044836387344418	0	0	0
-1.4301316127320263	-13.44903317024636	0	0	0
-1.0877842169425236	-2.7608684607169067	0	0	0
2.6334729447903413	15.464140187418451	0	0	0
-1.4135384163832398	-21.33691216550163	0	0	0
0.2104347537460356	-6.421064434907265	0	0	0
-0.9084047928603667	9.181258129749082	0	0	0
1.550945559037821	-5.870447027885831	0	0	0
-1.4695528115884144	0.41144877695723636	0	0	0
1.8366814594910466	3.7286326181854506	0	0	0
-1.3742248532360861	2.64132280773768	0	0	0
0.07717537992605372	6.176167418459613	0	0	0
0.4243461421472787	4.635876875308291	0	0	0
0.5891265244810668	0.9895813959312605	0	0	0
-2.1519215581819964	-0.19869000593417496	0	0	0
2.2969696495633585	-3.666510097130285	0	0	0
-0.286165943213021	-0.9317083395640893	0	0	0
-0.7100334435468412	4.568024799499078	0	0	0
0.6123176694257282	-2.74482269179277	0	0	0
-0.6389312068091257	-1.9334910281119164	0	0	0
-0.9720451461520412	2.5081590729082137	0	0	0
3.033109215203531	0.7998186102177272	0	0	0
-3.709150114195701	-3.061862431362023	0	0	0
2.2809202289895296	-9.018833625178729	0	0	0
-0.8069619577701488	8.809460556332205	0	0	0
1.6635489064462092	8.46870030159316	0	0	0
-2.565362351931398	2.0060324431422387	0	0	0
1.433511791200445	-7.518013190700614	0	0	0
0.24516930913517854	5.985355231938279	0	0	0
-0.42409574730454125	-4.670275185500955	0	0	0
0.6427282049103695	-5.73138217359331	0	0	0
0.11113482120843088	5.941364536484507	0	0	0
-1.6812417057511553	4.17996751966497	0	0	0
1.4185765658725913	-6.73862453516071	0	0	0
0.3791465401114067	5.600977879127619	0	0	0
-0.8197544270707269	-5.376484221174039	0	0	0
0.0643402313815784	6.618674878208736	0	0	0
-0.04543511169934078	-6.83444164381779	0	0	0
-0.10220808027605699	0	0	0	0
-0.46932492462913444	0	0	0	0
-0.11871078684634995	0	0	0	0
1.3745926349389066	0	0	0	0
-1.3746532121133441	0	0	0	0
0.7001780221855185	0	0	0	0
-0.3784878321385321	0	0	0	0
-0.39566060390570357	0	0	0	0
0.9712258312628279	0	0	0	0
-0.5496532382954697	0	0	0	0
-0.9541977915474504	0	0	0	0
1.4926388255441196	0	0	0	0
0.23604140639317706	0	0	0	0
-2.8773005640953073	0	0	0	0
3.0583039029366788	0	0	0	0
-0.20038473632849474	0	0	0	0
-3.265509391484443	0	0	0	0
4.85257616640326	0	0	0	0
-3.5674124638498057	0	0	0	0
2.541057770738881	0	0	0	0
-2.0139707346532987	0	0	0	0
0.07991643965321771	0	0	0	0
1.7802075888942284	0	0	0	0
-1.0798776164873871	0	0	0	0
0.6264638535533464	0	0	0	0
0.37888616478262094	0	0	0	0
-1.758957617912607	0	0	0	0
2.1267885285665926	0	0	0	0
-2.0441159219043854	0	0	0	0
2.1432667824013123	0	0	0	0
-1.8240422505286773	0	0	0	0
2.1145544674558536	0	0	0	0
-1.540562076313769	0	0	0	0
-0.10999908937439073	0	0	0	0
1.0889022327855713	0	0	0	0
-0.05015314992407838	0	0	0	0
-0.1448712943661974	0	0	0	0
-0.41629885579897064	0	0	0	0
-0.482868252699852	0	0	0	0
1.8682392652939512	0	0	0	0
-0.889720931707636	0	0	0	0
-0.7934802914316421	0	0	0	0
0.3684807763646063	0	0	0	0
0.6754032958438358	0	0	0	0
-0.5073387827967935	0	0	0	0
0.6671222124209066	0	0	0	0
-1.2050677764629185	0	0	0	0
1.212097695732524	0	0	0	0
-0.8558151784634305	0	0	0	0
0.768358723929083	0	0	0	0
0.045613470325839955	0	0	0	0
-0.1916557220676296	0	0	0	0
-0.06705701889686111	0	0	0	0
-0.9851307494639698	0	0	0	0
2.7912667745308397	0	0	0	0
-2.3976452378576383	0	0	0	0
1.792226288472925	0	0	0	0
-4.333498166773282	0	0	0	0
7.4849696243148	0	0	0	0
-9.610722301787106	0	0	0	0
11.432319821064596	0	0	0	0
-8.836119919766205	0	0	0	0
0.7586886458923274	0	0	0	0
4.234814851996518	0	0	0	0
-2.4884837763100904	0	0	0	0
-0.7990470114086392	0	0	0	0
1.6127136606837382	0	0	0	0
0.6382352040521937	0	0	0	0
-3.1430731647976344	0	0	0	0
4.094598457380634	0	0	0	0
-4.740013874373247	0	0	0	0
4.361035230110858	0	0	0	0
-1.5660480455894117	0	0	0	0
-1.2958038223899493	0	0	0	0
2.0769585391034155	0	0	0	0
-1.3418132622305095	0	0	0	0
0.9071844268170963	0	0	0	0
-0.8805839202089487	0	0	0	0
0.6834697508371974	0	0	0	0
-0.7687405039439952	0	0	0	0
0.8324375228533754	0	0	0	0
-0.6809260830426282	0	0	0	0
0.052204557629821124	0	0	0	0
0.2825092058985703	0	0	0	0
0.08607412748884968	0	0	0	0
-1.1611953456020672	0	0	0	0
2.9258732771396794	0	0	0	0
-3.8703859542267907	0	0	0	0
4.108201976779881	0	0	0	0
-3.469684516099136	0	0	0	0
1.843592551517908	0	0	0	0
-0.49045873245597704	0	0	0	0
0.6674573198904596	0	0	0	0
-1.3203511508882926	0	0	0	0
2.206169846239476	0	0	0	0
-2.8234400138046922	0	0	0	0
2.4173810902041026	0	0	0	0
-0.5949949800118546	0	0	0	0
-1.276046916722592	0	0	0	0
3.2708127905279127	0	0	0	0
-3.5316270822279847	0	0	0	0
1.9813123664398375	0	0	0	0
-0.18846580306196614	0	0	0	0
-0.867038809828955	0	0	0	0
0.9967224983655001	0	0	0	0
-0.07594841853301659	0	0	0	0
1.000347031906962	0	0	0	0
-0.7833278027140693	0	0	0	0
-0.20675858113214218	0	0	0	0
-0.35319677101599467	0	0	0	0
0.3787872648271673	0	0	0	0
0.4021989411125233	0	0	0	0
-0.7910204272953791	0	0	0	0
1.301488914517492	0	0	0	0
0.18091174103501828	0	0	0	0
-2.453656237445365	0	0	0	0
2.54940422852259	0	0	0	0
-1.3904119499433705	0	0	0	0
0.22472182453476108	0	0	0	0
1.0445279589772625	0	0	0	0
-2.29426925543666	0	0	0	0
2.068293656955113	0	0	0	0
-0.581527174192324	0	0	0	0
-0.16730181023589097	0	0	0	0
-0.053334632142927774	0	0	0	0
-0.7696342875483921	0	0	0	0
