0.012324987749700256	-0.4716917216049836	-0.8311323162559461	0.2598699592969922	16880.77139288253
0.1746246133523215	-1.7714956078028408	-2.738102612903319	0.31066755122913037	16879.67144421531
-1.477763343213958	-2.5169706586946887	-2.9101821514356345	-10.902450171496511	16880.05693298238
1.6320060125465474	4.640557712799968	20.444267448297992	15.963354026142795	16882.986551768423
-0.6288707720396332	-5.784294695418382	13.158698833135261	-8.259682981715557	16867.32861783284
0.5499786514559943	1.5847572184729088	-4.422496395750471	-3.0220128750726047	16922.96592241785
-1.2124605853204073	1.2540351560416312	-5.48537767308197	-4.567577387063508	16908.877430983834
0.706442852033156	1.527360059956905	0.4288040193707303	118.391671429898	16910.39040635678
-0.05794450247886829	8.123334082293027	-51.54171456585826	-21.73279274824091	16805.744718447644
1.1504043555170895	-9.783841582854464	14.38357432966184	53.540398859265935	17081.84283169994
-2.112790083106553	3.322068919775191	-3.5011157459588986	-24.38165628750616	16884.03040303929
1.8414871164447177	1.402022876156522	60.49234919655515	2.954916940440043	16818.846562567054
-1.6760326399962011	7.639868129050271	-2.6263744525991086	-14.403074112746495	16821.56890267123
1.4168366286494773	-3.4139032846667945	4.074917274863608	-10.017515283991571	16885.856620281942
-0.0862680070552031	18.18124201273745	-7.218467433209682	-14.121676737639845	17001.02864602281
-0.18695121879449772	-5.3990057982246995	4.151631637068093	18.26993693216353	17031.027005562155
-0.9064684523899516	3.498124689049753	6.272909440374136	-14.45442369071921	16976.745689030235
1.521477576638695	-8.07439399051323	10.562422107310624	16.84164410829608	16942.052371395155
-1.560648285269579	-5.5665900199483715	-3.159836475635757	-15.939131944506798	16982.411508280853
1.4488382625419547	7.243825719758	6.6999417725469925	1.0985675677511182	16963.135249805193
-1.2625813844809244	-0.2261962458088007	-3.9743341918289303	-17.08175438065591	16925.84370798009
0.9776300104989772	1.3607982464360404	0.8934723786613858	14.198235029325843	16978.975380859694
-0.5838163039408641	-3.4960949452178056	-7.3798383163223775	14.162549164024213	16901.9739506172
1.575957808645775	0.9954063003922471	-0.22562069204956003	-10.640387533782757	16895.948174940342
-4.262626400366692	8.69283826547074	-4.031827231097068	-3.6501712705920255	16886.66124846479
3.4470081307963625	-3.737997452665425	18.540028361556153	-17.662714852197993	16935.972031790378
1.1342130376826987	5.326639763921499	-20.917502149377626	83.70479810735215	16970.162950876806
-2.913723455341213	-4.307839809399184	-30.97720250122893	-27.77095905626686	16953.539044653975
1.9362275857316362	-2.8699446584925923	12.959542869342513	25.021498654376927	16914.140251141325
-1.5535486657501707	4.432210479799544	-7.458810235879355	-4.157570940710045	17052.475166844102
2.400211043704175	-5.948365859632119	17.203192263387436	19.085548012057245	16974.828818819013
-3.2864794543817624	-0.3569245079424874	0.8357915500470625	-17.118001967135925	16956.347476869225
2.6202938320621953	-4.862665571844971	15.236418174365255	-49.11419104329022	16905.281983867888
-0.9242198236936403	-3.8635002564834338	-3.410489171254099	22.862650050870812	16959.27999297852
-0.2887942670895356	4.940583541982463	-4.114680255240074	11.167008150360928	16814.09133049336
-0.8306516038976426	-0.5350148020329968	9.506350969667665	-5.730659970384892	16788.20033294719
3.6278131838850456	-0.09470304219902204	1.576424933238286	-19.11727589110899	16859.971771153567
-3.6210952579887703	-2.357692503247705	-5.540037858470811	5.912459718857562	16939.02860142401
2.70463446885023	-1.1683189288262597	-10.68784409683414	0	0
-4.589053610459985	3.7760737805415303	0.2241747473855895	0	0
6.528859275990037	-1.6323346878938025	4.264817370856548	0	0
-5.07785484071114	-3.8515719190080517	1.747220269456875	0	0
0.652046714644861	3.822790812657189	1.8853373581730324	0	0
1.072334248212698	-3.4282077217627176	-12.509163181961313	0	0
-0.4153298125771272	-0.5943846520335399	0.8151467269815384	0	0
0.9704070930378847	-0.1807143081089606	-0.1986177094388637	0	0
-0.28947378041392824	-3.416774837346601	7.361137778909551	0	0
-0.41251116065910054	6.022557465263148	-10.07267532587484	0	0
-0.16233193555887482	-4.250672596268451	-4.725091482647883	0	0
-0.023042787536596165	2.9881151320922186	34.48981741889813	0	0
0.4929849735759575	15.050266991053952	-18.189088295738202	0	0
-0.44102150539006146	-9.383212216368712	4.313659478951479	0	0
0.24849835133490217	-11.363706179261264	-3.5838389809991043	0	0
0.6146928134540701	1.745334604794877	15.926082737693648	0	0
-1.0836519369386153	2.379551194422149	-4.335575811908043	0	0
-0.14373003562277376	-1.9955600415097692	-11.159006861403483	0	0
2.249938432583832	-2.8266655751760936	2.67539647248816	0	0
-2.748122595662352	-5.8969705969123964	-5.517586996360393	0	0
2.070564903072679	10.686776833478561	7.526646097228905	0	0
-2.05677165850836	-6.921903536129356	4.2998396029545205	0	0
2.215093969208688	-2.311350781452404	31.26021312836869	0	0
-1.04403345735507	3.736749664119124	-34.77040335496194	0	0
-0.1582512360604582	-8.508455531583976	6.547435874506306	0	0
0.6770642889006595	2.2443788563311315	-5.062743656932696	0	0
-1.318159290810705	0.2517436701972997	-13.415007880263147	0	0
1.366177529841515	6.530285467683541	6.843909645024667	0	0
-0.16842800506188382	-2.2642787081848468	-4.935792576902557	0	0
-0.6544254683574664	-1.6507351961501584	3.561346977694029	0	0
0.6389720543177262	-0.5341995539535276	-3.206621149124416	0	0
-0.29375530991580945	4.43859151585599	14.766978147465252	0	0
-0.4176362608957902	-1.0518875329119055	0	0	0
1.137954163213685	0.2734507645482509	0	0	0
-1.1879221027817906	-2.3442639418406657	0	0	0
0.8613489396585479	5.769462815867541	0	0	0
-1.142863861942935	-4.366448001863155	0	0	0
0.8230808704628743	-7.078382760642313	0	0	0
0.795557254454323	-0.6806374870772913	0	0	0
-2.408969000299429	2.2618053283201576	0	0	0
2.9203669915550563	-1.8511275713116575	0	0	0
-2.5989423820038766	0.0023054414490317754	0	0	0
1.150938768448789	10.84338246039048	0	0	0
0.6131452575703022	-7.3266699149811245	0	0	0
-1.2131365338744686	2.1632614085785846	0	0	0
0.9262787949367919	1.5942246569809129	0	0	0
-1.2016643552376607	-3.439856785058417	0	0	0
1.2915273307199655	6.284240807789196	0	0	0
-0.6467992708969774	7.383268793416484	0	0	0
-0.12335157106377181	-3.2060938513587516	0	0	0
0.09809783189540866	-0.6888369933621448	0	0	0
0.48222711278246067	-6.985027369550245	0	0	0
-1.2576933575323679	-0.5146161552411783	0	0	0
2.8838994426235303	-3.6982707585187953	0	0	0
-3.1882067111466554	2.9790788442340954	0	0	0
2.8237330945293024	-0.7694309940416204	0	0	0
-2.452687109421568	-14.430878727888086	0	0	0
1.5826450954993518	16.914437283902018	0	0	0
-0.5720887055149007	-10.420745033763737	0	0	0
-1.3232961826278355	-1.0229584221189967	0	0	0
4.399594580978345	2.9736089617538894	0	0	0
-4.719329233299042	8.07624262123204	0	0	0
3.043646949164888	-1.1852648897234843	0	0	0
-2.6783027026877377	0.2634080870748434	0	0	0
1.439303328205888	-1.5702998921643285	0	0	0
2.5371810994794757	6.32948149125977	0	0	0
-4.659959758025998	-12.320736770741213	0	0	0
3.9953035020456014	10.99556032738029	0	0	0
-2.5372353723210708	-3.21499604892567	0	0	0
0.7295265164263753	3.2270565647272917	0	0	0
0.19566018876638225	-2.1996388478204665	0	0	0
0.082724957826521	5.197356671754811	0	0	0
-0.5097509084313359	2.0839745479964193	0	0	0
0.9840137057503213	-5.691198090385349	0	0	0
-2.5150090611800096	-0.7195645293987454	0	0	0
4.109807867174389	2.4063905343720293	0	0	0
-2.5173551357970254	3.899496225337735	0	0	0
-1.2583436117959508	-1.9459900034714224	0	0	0
2.9179927438362157	-0.3935828711397633	0	0	0
-1.5275623249445118	3.2345575006766722	0	0	0
-0.5422604156384736	1.0143470090969302	0	0	0
1.543092936903598	-10.92388101458964	0	0	0
-0.9478352772507179	3.564014826227613	0	0	0
0.5691145995261522	-2.8096096992942208	0	0	0
-1.378110330748477	-10.475511470570837	0	0	0
1.6497043619840923	5.238465791371226	0	0	0
-0.5487391390139322	-1.1790840815603403	0	0	0
-0.38266338463905214	-10.376997953469434	0	0	0
-0.07298273644483544	5.711140261083777	0	0	0
0.9245571637243586	-5.517820234012589	0	0	0
-0.6462577202987205	1.463008592888258	0	0	0
0.027555883006868953	-5.70491857627475	0	0	0
-0.22956435988209023	6.507142780582797	0	0	0
1.0263598231758309	-1.9301303019277398	0	0	0
-1.2635756561327867	5.284706627870513	0	0	0
1.9745986658717953	0	0	0	0
-3.086767794524519	0	0	0	0
2.4677047279170523	0	0	0	0
-0.9920362911037728	0	0	0	0
0.624079493844107	0	0	0	0
-0.28337705463551544	0	0	0	0
-0.8722849809651763	0	0	0	0
1.1231103990251299	0	0	0	0
-0.7226812727113554	0	0	0	0
0.04341535562360832	0	0	0	0
0.8160089255988368	0	0	0	0
-0.9459813762786027	0	0	0	0
-1.0726766692409342	0	0	0	0
2.9834696061559285	0	0	0	0
-1.5095877187180164	0	0	0	0
-1.3166749993963052	0	0	0	0
2.2620795150887574	0	0	0	0
-2.4311419166115797	0	0	0	0
2.821358184769963	0	0	0	0
-2.241075898063748	0	0	0	0
1.647427208094605	0	0	0	0
-1.9162962290452157	0	0	0	0
1.9034975013154565	0	0	0	0
-1.2552356288757451	0	0	0	0
0.2905299241855559	0	0	0	0
1.596776888609078	0	0	0	0
-4.09438589362761	0	0	0	0
4.689245764006991	0	0	0	0
-2.9222794165739856	0	0	0	0
1.1788662971217434	0	0	0	0
-0.9207070238745132	0	0	0	0
1.0368771121314708	0	0	0	0
-1.0839108290027042	0	0	0	0
1.0709437983576109	0	0	0	0
-0.11072106729523767	0	0	0	0
-0.8914917736586574	0	0	0	0
0.359873328160937	0	0	0	0
1.638818426794849	0	0	0	0
-2.517328283416795	0	0	0	0
1.7164284436907025	0	0	0	0
-0.9321577807986543	0	0	0	0
1.2975271317929682	0	0	0	0
-1.4898566429832414	0	0	0	0
1.4554995739159438	0	0	0	0
-1.1831087662661801	0	0	0	0
1.059849149774685	0	0	0	0
-0.7886151890094197	0	0	0	0
0.5276123715240431	0	0	0	0
-0.5505323271968052	0	0	0	0
0.3343545071415974	0	0	0	0
0.05380176855364027	0	0	0	0
0.35874931318318914	0	0	0	0
-0.01990244258971785	0	0	0	0
-2.854498465952446	0	0	0	0
3.7559789573360476	0	0	0	0
-0.0668213345746409	0	0	0	0
-2.164142751833978	0	0	0	0
1.8575416762445087	0	0	0	0
-1.415545376964701	0	0	0	0
0.24296473978902355	0	0	0	0
0.723661491179989	0	0	0	0
-0.8303801638011947	0	0	0	0
0.2810262900291818	0	0	0	0
0.7863374800581511	0	0	0	0
-1.618940433849204	0	0	0	0
2.300480633424158	0	0	0	0
-1.78307430893053	0	0	0	0
0.9848711576828038	0	0	0	0
-0.7840174899121095	0	0	0	0
0.37074634138173224	0	0	0	0
0.4189458690938892	0	0	0	0
0.6315787187488411	0	0	0	0
-0.98145729730048	0	0	0	0
-0.8664370509752786	0	0	0	0
2.3904898113924204	0	0	0	0
-0.9474384547180179	0	0	0	0
-0.7619764361413885	0	0	0	0
0.3562771520752719	0	0	0	0
1.1864185061062642	0	0	0	0
-1.3395584837810475	0	0	0	0
0.6826738403817956	0	0	0	0
-0.4769546820270776	0	0	0	0
0.9349677527225282	0	0	0	0
-1.1697363933115952	0	0	0	0
1.0797768693078496	0	0	0	0
-0.6471144976347745	0	0	0	0
-0.035510260267585636	0	0	0	0
-0.45645157910702494	0	0	0	0
0.984728268213459	0	0	0	0
-0.28672412854377427	0	0	0	0
-0.2369031552357228	0	0	0	0
0.003992405488155271	0	0	0	0
-0.2861555002637246	0	0	0	0
1.405064977955611	0	0	0	0
-2.4037071765587044	0	0	0	0
2.2967546153491796	0	0	0	0
-1.8543004600363773	0	0	0	0
0.5129574070825811	0	0	0	0
-0.17451377820243152	0	0	0	0
1.3745542696272963	0	0	0	0
-0.7450118549647797	0	0	0	0
-0.10772271612544415	0	0	0	0
-0.42541704248616696	0	0	0	0
0.28064880502071077	0	0	0	0
0.05709335310684338	0	0	0	0
-0.07088274048442145	0	0	0	0
0.40723287035822153	0	0	0	0
-0.3216651646155526	0	0	0	0
0.4435405252863802	0	0	0	0
-1.7532204258128488	0	0	0	0
3.164734419273543	0	0	0	0
-3.163313254669994	0	0	0	0
1.6312342240809912	0	0	0	0
0.43339904170824184	0	0	0	0
-0.7147827867694687	0	0	0	0
-1.7002584526748663	0	0	0	0
3.265291020105799	0	0	0	0
-1.7956751944280356	0	0	0	0
-0.05112460127557483	0	0	0	0
-0.2674723215450854	0	0	0	0
0.7918885875594199	0	0	0	0
-0.24906088956264938	0	0	0	0
-0.48597974918885	0	0	0	0
0.05164748325773161	0	0	0	0
0.754044260927607	0	0	0	0
-0.7330430316524854	0	0	0	0
