-0.012791721458121685	-0.1586474161667084	-0.32129991241212963	0.052723724865003874	16914.1897342454
0.1265401107205122	-0.5630959329199143	-1.0010169120634629	0.16687626721298443	16914.153391364827
0.23460312335368627	-0.1341018276015049	0.16518807342903585	-0.3735728833840568	16914.28823431824
0.03569063726207844	1.3928703474415443	1.5740170992446707	-1.153490180681544	16914.256519009494
-0.16540304177928533	-0.43100502256092454	0.40108555989463923	-0.07642677978623169	16914.111318420237
0.2331181542497447	1.0209689358674794	-3.6062950745966447	0.5308251906629664	16914.35213399779
-0.500049858747424	1.2543494644071558	-1.2630768397295782	1.0337238099388486	16914.494777681877
0.5495855446927109	-0.24405393627195338	-3.3377364403501986	-1.8174307746491962	16913.834141995914
-0.30993139677592296	0.4048950694635778	1.4128124416749728	-1.1615813502189525	16915.496740673025
0.5183037779522195	-0.7790708238227708	-3.685500097778288	-1.3535405603016528	16913.325839465055
-0.858563068470005	-0.4391680978653909	1.8856557203095292	1.3074317321924696	16911.055067329027
1.1750969765057846	-0.5982319004666508	0.9937928775674578	0.7902635365695687	16916.392861121818
-1.415709928581137	-0.5684266738342316	1.1767921843653824	0.6531779085970157	16910.809334405247
1.4123525837406845	-1.7569342589193013	1.6619640462923257	-0.2565472739500052	16916.223121463812
-0.9920282872193127	1.3662569188109686	2.3919995530084606	0.07538194990272018	16910.00089115373
0.803134940059266	-2.0065613426114126	-1.169422815906259	0.28945824921773067	16913.430850714867
-0.7820546920996776	-0.2055730024265472	-1.374406108594954	-1.3358056584106066	16914.0946256284
0.7218259522607084	-0.37596578917020196	-1.4966225918684444	0.21897566184941297	16913.351884971424
-0.5923316181441862	-0.651474596499817	2.5436809550766384	-2.8146990180785565	16912.352638821856
0.6677069107539992	0.6155354727161182	3.0967178676801126	3.070942059607333	16913.580733213937
-0.6727692418051348	-0.060363660076681924	-0.7941946182531865	1.2405031494707117	16911.864344737303
0.37020331456618294	2.1192172430385554	0.5476084237502761	0.5755937461282201	16913.515671458183
0.3211540607117058	0.41034303740752875	-3.141934952796987	0.4139525800516708	16912.906599608512
-0.30891414714845666	-0.3325799116543777	0.24665610779679525	-3.9403375428889404	16911.813491272565
-0.24023689472532794	0.19305256562952877	2.887830206843873	-1.6118387085220292	16910.803720527823
0.5210526843243599	1.809254880229048	1.8757254611784901	2.2732724373801574	16912.207004182947
-0.2526814938398587	-0.7144419387347583	2.7413155000494527	3.914459376172829	16913.799889980077
-0.07003987665674316	-1.823570796880709	0.9003935919206185	1.0814897047659997	16914.049738081503
0.040080158029418556	0.7581163899779	-1.0106813108322967	-2.066729488644242	16912.592017507326
-0.12298907491805267	1.2075606966142658	0.5546715161316058	2.6118034076991563	16913.046709925733
-0.017185006657058466	-1.4703798688418956	-0.29579036674248016	-1.5311406716851934	16911.659904787153
0.5890714637407015	0.14974384489513426	-2.5273304304727304	-0.13356641964257676	16913.15413492342
-0.9643498596773483	-1.2093013629220337	2.3945398299849927	-0.3393908281269091	16912.2464973366
0.9168311954895785	0.21713780306320274	-1.9556544424608404	-1.3141614091159397	16912.9350604371
-0.7032719706507393	-0.3197436206084774	3.027951702758344	0.31482480853334494	16914.776313502793
0.15904543436040797	-1.1574600760030336	-1.5919993457758892	-0.06765368222599477	16914.50624794151
0.42272841094956704	3.297965486632883	-0.2799972207916568	0.16761251496907903	16912.849938365227
-0.3902758748215689	-1.3732894307628385	-0.8129493018990956	1.3164881854904564	16911.96510476214
0.05558350701239334	0.599267258836953	0.09078270403468025	0	0
0.03939119782373268	3.3132160270160327	0.27237615153812555	0	0
0.4456819506102505	-1.7542384304288419	-0.5495696645809716	0	0
-0.5601169045632446	-0.5206894765373846	-0.029344903667904987	0	0
0.4153359921070958	0.7254729406801559	1.4108416093351508	0	0
-0.34319236770944883	-0.5761223361076233	-2.678556570944096	0	0
0.15054395554597733	-0.38903478330259134	-2.4911559136574226	0	0
0.31262506967914305	0.25256977780999534	1.9596900006406202	0	0
-0.5602960458504143	-0.5396568228069683	-2.0327776498122176	0	0
0.5798943823260032	0.4187005934975687	-0.22199320686924295	0	0
-0.6299776574586815	-1.7713236358365094	-1.5656247383087134	0	0
0.6348917384508113	-0.1300967559128523	-0.7986934354443349	0	0
-0.6263295528330062	-0.769954819523818	-2.002637267187083	0	0
0.45765391624752283	-1.1232011938470166	-0.15033555703196555	0	0
-0.3008310615417926	-0.3725436364619483	0.06101073779144883	0	0
0.18856311200305242	-0.7705630366862906	-2.073774784854862	0	0
-0.045580244444494156	-1.1137844520104494	-2.3898582030567894	0	0
-0.24119276041124493	-1.654060049356275	1.1506973688116346	0	0
0.4609503186909194	0.6904547200940527	-0.491919633659208	0	0
-0.9153520795022203	-1.2606329050127982	0.7528627497220839	0	0
0.7252963203515961	0.5405926846895497	-2.279621505009871	0	0
-0.2230574685784461	1.9974062329353757	0.15605232715925865	0	0
-0.1107124368527721	-0.6844141158085009	2.2227397012424888	0	0
-0.03205606476987555	-0.002475368280833834	0.8801003910147784	0	0
-0.06811180648572446	0.9472657012027312	-1.19652917073185	0	0
-0.032953762623449734	0.3097031230171652	1.0711809295970056	0	0
0.18724670095871687	1.246221100521943	1.7885201851962762	0	0
-0.36603153276264067	-1.2961640605768778	1.50170348787303	0	0
0.4337398292414747	-0.6574992766705634	-0.8452109469271676	0	0
-0.7179049848278183	-1.4277534494171675	0.597571303218615	0	0
0.4696229006488366	-1.0989964414925524	-2.2105814201308505	0	0
0.32266320550188254	-0.6596869156554988	-1.4643508711486675	0	0
-0.9083058962810426	0.032688629609921804	0	0	0
0.9348741567621062	-1.2551592184578197	0	0	0
-0.9153570512733822	-1.3372789624279662	0	0	0
1.0098177326558755	-1.0245438616109297	0	0	0
-0.8233862575615092	0.6953209802290488	0	0	0
0.12867426093239942	0.3703418953100268	0	0	0
0.5376130731369955	0.4012102256757828	0	0	0
-1.280878354378082	-1.159438094573531	0	0	0
1.3817224776789985	0.5145021617299861	0	0	0
-0.7644579173064585	0.19199831515478394	0	0	0
0.0029138071726322323	-0.7536779299783376	0	0	0
0.19123785330867804	0.10027266962265458	0	0	0
-0.02203873010768831	-0.6997826479289131	0	0	0
-0.03266739786796791	0.8946044285396937	0	0	0
0.1119066398436388	-0.4847547021291234	0	0	0
-0.3386648594052204	-0.632048586808331	0	0	0
0.45434178540655523	-2.3405375659745573	0	0	0
-0.4642414023672643	1.1111563440359546	0	0	0
0.6319219312345155	0.5035071387245154	0	0	0
-0.23647026976215102	0.34372410213982363	0	0	0
-0.38784491867769333	-0.4941441946269407	0	0	0
0.3370925109027425	-1.0280102031226193	0	0	0
0.15002709759637867	-0.36611952531953307	0	0	0
-0.3908679954424912	-1.2243084636518873	0	0	0
0.26071098530815817	-0.12040232431262865	0	0	0
-0.30121746011895567	-1.0958873106752378	0	0	0
0.37464147142517135	-0.8977168992277313	0	0	0
-0.08474426253052059	3.91263897864507	0	0	0
-0.2680521463285501	-0.2795005369798318	0	0	0
0.13327630693710546	1.232873094361949	0	0	0
-0.11869106554092212	1.2506442624871212	0	0	0
0.10338672691280237	-1.0020200910492107	0	0	0
0.26988336554374825	-0.3085575946499475	0	0	0
-0.56962268430145	0.3323756277191521	0	0	0
0.9600899637843199	-1.3837146702932017	0	0	0
-1.0218432524969643	-0.5225698882468066	0	0	0
0.8498722271814856	-0.4716458401987822	0	0	0
-0.25390020217804476	0.703050530761935	0	0	0
-0.5653235301095023	0.4314186792867929	0	0	0
0.56679357878172	-1.1924778752842755	0	0	0
-0.3689609722323155	2.446843323445286	0	0	0
-0.053345878807725455	1.0504430666477376	0	0	0
0.40823613135805914	0.33277907088070435	0	0	0
-0.3182241316454153	1.8246109904914078	0	0	0
0.1744898069229066	2.978953014182693	0	0	0
-0.23197342260418452	0.06721581263689558	0	0	0
0.46580554805957064	0.4353232787046153	0	0	0
-0.7230399571031185	3.3851491802710783	0	0	0
0.7452279928042458	-1.3233510752218862	0	0	0
-0.7253764682581618	0.38304896671404975	0	0	0
0.5416238723366789	-1.0175963450593741	0	0	0
-0.20946429736888206	-0.48945057256234037	0	0	0
-0.04448671083424216	-2.180977098533262	0	0	0
0.25481063096428613	0.5815712759721094	0	0	0
-0.28801304593772414	0.26520492864425194	0	0	0
0.08382255869940991	-0.5755937505582907	0	0	0
0.6579384228318546	-2.385033276234509	0	0	0
-0.9647294489192504	-1.2689193910260528	0	0	0
0.6704454284980201	2.8546291723820687	0	0	0
0.016220627398567444	-0.6672127876133302	0	0	0
-0.5256068037379933	-0.08057106819965298	0	0	0
0.582247465746164	-2.3169039716463615	0	0	0
-0.536537206552488	2.6294853321250216	0	0	0
0.1220933972700422	0	0	0	0
0.05886360412754499	0	0	0	0
-0.15267510665493234	0	0	0	0
0.37622004885849236	0	0	0	0
-0.7681528382844007	0	0	0	0
1.001876200975829	0	0	0	0
-1.0698882977805795	0	0	0	0
0.964727918588629	0	0	0	0
-0.557480708947601	0	0	0	0
0.06324451751400773	0	0	0	0
0.33635779226851525	0	0	0	0
-0.7455152225162394	0	0	0	0
1.1210428683204086	0	0	0	0
-1.2701352014135026	0	0	0	0
1.0861960110436542	0	0	0	0
-0.8743675414034371	0	0	0	0
0.7201261729824466	0	0	0	0
-0.407289284626259	0	0	0	0
0.27223005227719455	0	0	0	0
-0.7153672112605065	0	0	0	0
0.8567864378849279	0	0	0	0
-0.8205346442417749	0	0	0	0
0.5918045715110338	0	0	0	0
-0.3447619028628708	0	0	0	0
-0.1215015114037783	0	0	0	0
0.3654649971438104	0	0	0	0
-0.5562712745395899	0	0	0	0
0.7844790307129941	0	0	0	0
-0.9551303015588175	0	0	0	0
0.4965156103243302	0	0	0	0
-0.22345731706030136	0	0	0	0
-0.04999693686261253	0	0	0	0
-0.17772644378869984	0	0	0	0
0.015893093072563147	0	0	0	0
0.15472482463019332	0	0	0	0
-0.6110737256011234	0	0	0	0
0.8695666085163154	0	0	0	0
-1.3718884008764647	0	0	0	0
1.5400415528251514	0	0	0	0
-1.4028359093240894	0	0	0	0
0.8993221501694038	0	0	0	0
-0.44935466002905144	0	0	0	0
0.20438564298117967	0	0	0	0
-0.2395549083387678	0	0	0	0
0.40515458816626193	0	0	0	0
0.1011863301710818	0	0	0	0
-0.20650083839372968	0	0	0	0
0.39372778541959974	0	0	0	0
-0.6840656332304249	0	0	0	0
0.7698143476584463	0	0	0	0
-0.2938509665855733	0	0	0	0
-0.3504922913884201	0	0	0	0
0.6949306628661063	0	0	0	0
-0.5136183062416606	0	0	0	0
0.40723164781245913	0	0	0	0
-0.1801900685095319	0	0	0	0
0.6094023910908319	0	0	0	0
-1.6184288421885142	0	0	0	0
2.6326573547235768	0	0	0	0
-2.6331668033546336	0	0	0	0
1.7064392454400092	0	0	0	0
-0.7688239415176525	0	0	0	0
0.26050281679431464	0	0	0	0
0.11520854459511298	0	0	0	0
-0.1605227783333376	0	0	0	0
0.5786616526819515	0	0	0	0
-0.7548593564089003	0	0	0	0
0.5577256087594904	0	0	0	0
0.01052171799917545	0	0	0	0
-0.3960642583664722	0	0	0	0
0.7982694886806669	0	0	0	0
-0.7601110902922628	0	0	0	0
0.41165157387428053	0	0	0	0
-0.030894300931180396	0	0	0	0
0.055242365889050404	0	0	0	0
-0.20463376999548188	0	0	0	0
-0.10997936222057803	0	0	0	0
0.4106261654751009	0	0	0	0
-0.21220981682431983	0	0	0	0
-0.024975859042960735	0	0	0	0
-0.2550747634595609	0	0	0	0
0.27373284670835574	0	0	0	0
-0.3080446914056054	0	0	0	0
0.17766966043643606	0	0	0	0
-0.22209715586171797	0	0	0	0
0.12629438361603462	0	0	0	0
-0.49634301371735035	0	0	0	0
0.5950224976154246	0	0	0	0
-0.18353767449860925	0	0	0	0
-0.07401521931886634	0	0	0	0
0.04591231253006356	0	0	0	0
0.048696506458938416	0	0	0	0
-0.23701556202301077	0	0	0	0
1.0461641705619016	0	0	0	0
-1.6254209260869033	0	0	0	0
1.4293785891094188	0	0	0	0
-1.285454426373967	0	0	0	0
0.7312605487971098	0	0	0	0
-0.2417510387930193	0	0	0	0
0.31398500532822027	0	0	0	0
-0.4505430933211727	0	0	0	0
0.21722659075783213	0	0	0	0
-0.09938176407838029	0	0	0	0
0.4634304888785934	0	0	0	0
-0.8050974250735479	0	0	0	0
0.860073796306061	0	0	0	0
-0.4771249200640568	0	0	0	0
0.2971162502105642	0	0	0	0
0.2579449666011371	0	0	0	0
-0.8346670963806773	0	0	0	0
1.5502649071985033	0	0	0	0
-1.6082266248015458	0	0	0	0
1.2944176640943041	0	0	0	0
-0.7601079117936038	0	0	0	0
-0.049281368489275224	0	0	0	0
0.8325199334079798	0	0	0	0
-0.8608478881704542	0	0	0	0
0.4673979907184673	0	0	0	0
-0.17407179734178158	0	0	0	0
-0.5070502858541417	0	0	0	0
1.0357470965197209	0	0	0	0
-0.8297461008951572	0	0	0	0
0.22240478491619342	0	0	0	0
0.06452037575106573	0	0	0	0
-0.07890978518038594	0	0	0	0
0.4491987737653744	0	0	0	0
