-0.3761979835221325	0.5708100603845168	-1.7074590825967277	0.2658915460648501	16925.816997779588
0.3489084601510086	1.2246967249510377	-5.745630106687798	0.8756774455005427	16925.22059290319
1.084190965299591	-6.364515790439334	-1.9787561348167486	-0.8828938563507194	16926.43452698715
-0.0048353777476251025	-2.041226045953813	-0.3284601498221775	-2.6869574126821902	16925.78049542562
-0.5214815643017658	2.912824976373585	0.6012071680911646	3.619957314709268	16925.265282043598
-0.24438778131698768	-6.296127319557286	2.7385615774111614	7.317243832209769	16926.664245933218
0.20876985945970006	0.0839954107123333	11.471763683589757	7.774111013070268	16896.757790618623
-0.047081455004779116	5.910505442125135	-3.0230650503941376	1.2132179779682701	16891.868825380003
0.611906735361913	-0.7865902552330795	-5.312688742875537	-7.334316359068794	16907.755272050625
0.04324616258919889	-0.2979510830481473	5.618697425494034	6.889688450263463	16869.020264240495
-1.7643253100843808	-4.187254148499498	12.749797005881405	-7.774074384812238	16741.100950674638
0.9964504382338717	4.5317601956792615	-4.448549909706571	26.476924838892003	16595.69215603067
1.2291019254398847	0.272211604755654	3.155162414513967	-5.798021304958567	16544.795782066114
-2.011050152698239	-1.4446090990126095	-3.052542155508334	-22.981402577613324	16621.762446045825
2.0179651310892694	1.4053688257580248	12.91482819094189	-0.11651096283050322	16733.417909232383
-3.312925462387362	-11.497832935758275	17.78734612353915	-9.047816971116617	16751.339722458677
3.259214707527555	-1.8996057459916074	10.003636153770287	-4.025328801398246	16796.51117975286
-0.8956272890301946	10.002500652683771	-7.886583696176345	0.6293482925961769	16852.120268250987
-1.5152864552027268	7.474075546303858	3.265382759927604	9.754512169074175	16903.56294465515
2.0641488051238213	2.6631484131224425	5.372479788955445	13.450869871942274	16966.835065085383
-2.1412657814723133	-1.689578847214392	-1.7041693736268684	-5.466261204942668	16954.832605434574
1.399941987778078	-0.2770005848340773	5.549642262936558	2.8300047667753176	16907.592694524905
0.6165212685692012	-8.774777090275037	4.124781581623765	2.3669916819133476	16896.297181972423
-1.0478412659639815	0.09669573004968157	2.2257019023843867	6.703710839173013	16878.899607733107
-0.3872482748763204	1.2607919146702926	-8.000475583505576	5.263539869573407	16922.469916874074
-0.3553855383311273	2.8229049406754285	-1.438261742975996	-23.584534397871167	16949.009365848524
1.9817857950701736	-8.502997405243136	-7.793944525114711	11.0035548441992	16997.053183353524
-1.3851718339878047	6.9219377029442555	-2.9782038393351513	-21.30966494437625	16992.489481883844
0.6029366155091154	-6.210109179333706	-7.388195428069935	4.724992879342551	17008.147002851572
0.028931669223382528	-0.15907784107826473	3.5134309525062832	2.8534691651641424	17028.48733430309
-1.1425270462906454	3.2057961350238813	7.206749826455905	-11.506983037441671	17077.417864148538
1.8873528402775648	-1.655479554418278	0.6578861974011403	17.144035466971275	17151.258339147073
-0.16005650898902246	7.425244677495471	1.4041464471575011	-16.41574125605095	17099.04627956151
-1.6818929327180854	-8.69080309606531	-1.2146585027800256	-2.0600600930090565	16985.173123522658
2.2322726281565792	5.209722842724695	5.874792865744894	9.530710133612416	16892.998978253694
-4.198430976176951	-2.6901973971695625	-10.116103416096522	-5.522048299869482	16773.912294440124
6.435505538678086	3.121936229487936	3.174623463579991	-6.256629403055868	16800.560717670873
-5.218824353467312	8.479561255174424	6.541885157694935	10.988130132254767	16845.315686313243
2.45553522262	-3.7605464293379	-9.214725764929057	0	0
-1.5433288906887483	0.10171089430865976	3.1546433798807527	0	0
1.7495233826526189	2.142760867441794	-0.2577587263865553	0	0
-0.586134227424715	-2.5067899162112255	-11.753922280282893	0	0
-0.18549676677057647	-2.362285625353266	7.436246319221851	0	0
-0.10804230502706957	-4.420542439183514	4.933518071708917	0	0
-0.12785775676532296	6.944924685523816	-10.082504403894845	0	0
0.08543632056377248	-4.886837172678739	10.374024612103838	0	0
0.8047015652067131	-0.14446884811987104	13.135663251501683	0	0
-1.5557508037714243	-0.20587238985407907	-0.7529246548540129	0	0
1.707216882575608	-2.9681196602325386	2.2839079807134652	0	0
-1.4703245767065525	1.1103464142970765	6.470819944020647	0	0
0.33751248636014	-5.056138479229361	-1.9744670060351837	0	0
0.5675075143032231	-4.073954169757762	1.193874373074621	0	0
0.44305321440640455	5.224741335520903	-0.6092854571907509	0	0
-2.08763787112548	-7.18678795691234	-0.7348067330969883	0	0
2.0091104407269427	2.081842276155058	-1.9826624015353502	0	0
-1.3658298366048385	4.172829267924293	-4.749380817260061	0	0
1.5292658386317228	3.909666592198974	0.5392110345584626	0	0
-0.590421614647525	4.166811925185328	-4.224912872481326	0	0
-1.6909198749061716	-8.282398133363351	-13.713079242532629	0	0
2.386191898858314	-8.460722887845861	-11.76095574698671	0	0
-1.2514550836788771	-0.8553895108091609	-2.1026289058896594	0	0
-0.07142424628921873	0.19825907735523884	-7.89741617586607	0	0
1.4950614614891649	-5.187991059974969	-0.39192086537931914	0	0
-3.4181057477198067	-11.550922175779448	-8.900751145744678	0	0
3.7277922461123794	-6.61459809191895	-10.178343252973434	0	0
-1.6774741758504206	1.7103750848556345	6.0574577106840195	0	0
0.9435444626374192	0.42109628317452064	-4.07229073082928	0	0
-3.0164031730779755	1.4983509374311694	2.2425612836582616	0	0
3.8519733413803294	9.70257617297002	-3.120434814573244	0	0
-2.1122908818464907	-7.203868351044541	14.425285686115885	0	0
1.0964591676473674	3.3303749719809232	0	0	0
-1.0501951229414175	3.988280652067644	0	0	0
0.5171390782647691	-0.8648468591360015	0	0	0
-0.23228451629213254	0.2525304787576417	0	0	0
0.4712430688633802	4.290893872676342	0	0	0
0.137701183627712	3.863653258074258	0	0	0
-1.573725761383578	-0.1781376741177283	0	0	0
1.20601177820636	1.5588904323144206	0	0	0
0.23321286501575145	0.21327614716144438	0	0	0
-1.2047866851107685	1.6707927420096453	0	0	0
1.8957676506008667	-5.64720549515048	0	0	0
-3.168007205108843	-2.167058104451371	0	0	0
2.502170362461797	6.366939443340932	0	0	0
-0.8155574029844956	-0.7931045687240257	0	0	0
0.25468835170711657	-2.6899290876498227	0	0	0
0.02765225421239137	-0.5284367225541544	0	0	0
-0.7855956971863023	9.343197912962694	0	0	0
0.08577106720191097	-4.331776579588308	0	0	0
1.0062464115827865	-1.2212372989006681	0	0	0
0.14914736071291657	7.841614471105672	0	0	0
-2.0146857883405573	0.3835729567877024	0	0	0
2.445027953280899	-4.782805259478238	0	0	0
-2.5432722036106625	1.382746189824438	0	0	0
3.075233992837454	-1.3722182901658257	0	0	0
-1.6478836159443162	1.1816492449842144	0	0	0
-0.6141067420666388	-5.419792826741386	0	0	0
1.9689233383876825	-6.107333089912601	0	0	0
-2.5144884045991205	-3.9311506529830282	0	0	0
3.474432023440471	-4.770140997221198	0	0	0
-2.2386753041751106	3.230923982837055	0	0	0
-1.3854208679093531	1.3745038598884136	0	0	0
1.9225267559654284	0.9838042509820326	0	0	0
-0.05875398216135608	-1.064225687052975	0	0	0
0.8350341141590576	-4.082677111748062	0	0	0
-2.611132687096706	3.428781109184584	0	0	0
2.224014513335071	7.831357556077364	0	0	0
-0.8978485750977754	-4.282466002121893	0	0	0
0.5505355824637093	-5.11547962037281	0	0	0
0.40937716823140846	0.9723516996419903	0	0	0
-2.2269555082735053	-0.18602791107011285	0	0	0
1.5712738867543123	0.21753197679572622	0	0	0
-1.0376606386956695	-1.5516847095806554	0	0	0
2.6748035888092545	4.785795239861429	0	0	0
-2.9595381184624117	9.584416445405935	0	0	0
1.4805237760253576	19.51416806487218	0	0	0
-2.0884740148185443	-7.682898301912523	0	0	0
2.6685802243784877	-3.4210184387086002	0	0	0
-0.6048917214132459	1.6047491394467315	0	0	0
-1.4105937587265984	-8.856566828898288	0	0	0
0.3188365982060333	-3.870734253116268	0	0	0
0.7299348945847512	6.633367381231501	0	0	0
-1.3291389339088298	-4.518916757025714	0	0	0
3.1995849375021237	-1.9976441958450764	0	0	0
-4.424634455047503	-4.364118005334383	0	0	0
2.8424933258165126	3.683500679345123	0	0	0
-1.0306408851902589	1.7196983645435395	0	0	0
0.28095095441292983	-2.289057568979871	0	0	0
1.2497894930754967	-9.824353466694014	0	0	0
-2.7605302831159406	2.826535525641148	0	0	0
2.3163192541144326	3.0167753415058627	0	0	0
-1.9967178314916296	-4.945545314951055	0	0	0
3.204211218414031	1.44750954858349	0	0	0
-3.7468474418235047	10.627537444052741	0	0	0
2.0410037809216988	0	0	0	0
0.33714286680737615	0	0	0	0
-1.2060716066183161	0	0	0	0
1.1972742365598208	0	0	0	0
-0.11678280068952773	0	0	0	0
-1.7532959762393858	0	0	0	0
1.1459122136647295	0	0	0	0
1.1824663452929585	0	0	0	0
-1.3467629947522681	0	0	0	0
0.3767425255620367	0	0	0	0
-1.3141357415425503	0	0	0	0
1.8292978987056117	0	0	0	0
-1.001325026530509	0	0	0	0
0.7036118320648299	0	0	0	0
-0.27478881399468946	0	0	0	0
-1.4681773353941878	0	0	0	0
2.115368067987852	0	0	0	0
-0.7259649646153932	0	0	0	0
-0.13549803441265595	0	0	0	0
0.30214240302831286	0	0	0	0
-0.7331822286673813	0	0	0	0
1.6676031777482265	0	0	0	0
-1.0744101394818202	0	0	0	0
0.17923415061599712	0	0	0	0
-1.2173281804944338	0	0	0	0
0.8186725266517385	0	0	0	0
1.9131952299103716	0	0	0	0
-3.2953834928122845	0	0	0	0
2.684516029662497	0	0	0	0
-2.3987997332540374	0	0	0	0
1.3735483482016022	0	0	0	0
0.30700521497839617	0	0	0	0
0.46999252173770145	0	0	0	0
-2.3016686117898715	0	0	0	0
2.208476170238569	0	0	0	0
-1.4633581659333785	0	0	0	0
0.43498650331135025	0	0	0	0
1.8959059885626388	0	0	0	0
-4.582492387427024	0	0	0	0
4.875924394863432	0	0	0	0
-2.953155314598064	0	0	0	0
1.5350689640794712	0	0	0	0
-1.6335731253471835	0	0	0	0
1.43824660515822	0	0	0	0
-0.8164555467380907	0	0	0	0
1.254036284507599	0	0	0	0
-2.1196612548240594	0	0	0	0
1.6846823122186123	0	0	0	0
-1.0511313663685868	0	0	0	0
0.7324712094686063	0	0	0	0
-0.6083316986566842	0	0	0	0
1.684795464929131	0	0	0	0
-3.222721877394811	0	0	0	0
2.873467675898226	0	0	0	0
-1.2105718625021993	0	0	0	0
0.049385298184304816	0	0	0	0
1.2683108943684616	0	0	0	0
-2.9718327198093633	0	0	0	0
3.21281037596232	0	0	0	0
-1.9365560327958633	0	0	0	0
2.4488135546280034	0	0	0	0
-3.667963123746972	0	0	0	0
2.9579568605441864	0	0	0	0
-1.4439019709928473	0	0	0	0
1.0069133429072181	0	0	0	0
-0.27624251385692133	0	0	0	0
-0.588967318028466	0	0	0	0
-0.12317796841806228	0	0	0	0
1.408083789299333	0	0	0	0
-0.9529880992664204	0	0	0	0
0.7782379963951342	0	0	0	0
-1.7799643448567082	0	0	0	0
1.7501726682364733	0	0	0	0
-0.7570354860784292	0	0	0	0
0.7446713427780338	0	0	0	0
0.04432941852835626	0	0	0	0
-2.0362824410933342	0	0	0	0
2.473703292648487	0	0	0	0
-0.05660740983200441	0	0	0	0
-2.2871912732764272	0	0	0	0
3.3590953384755053	0	0	0	0
-4.24672642080575	0	0	0	0
4.6328654789927555	0	0	0	0
-3.6847176603243526	0	0	0	0
2.476721440989458	0	0	0	0
-2.3765885276031185	0	0	0	0
1.2191176193393147	0	0	0	0
-0.23033768322042647	0	0	0	0
0.7315872217927151	0	0	0	0
1.2148771183042797	0	0	0	0
-3.8226597647288543	0	0	0	0
1.3191133580614576	0	0	0	0
0.8383915914115221	0	0	0	0
0.38943511767677563	0	0	0	0
0.4599989024900353	0	0	0	0
-1.1134652409947137	0	0	0	0
-0.16594211146340143	0	0	0	0
-0.033010163448011554	0	0	0	0
1.4064890443397005	0	0	0	0
-1.5402565867751647	0	0	0	0
0.4587683766692763	0	0	0	0
0.26513567571065977	0	0	0	0
1.4974699439538242	0	0	0	0
-3.49705370415856	0	0	0	0
2.952171143799319	0	0	0	0
-0.4804086999042596	0	0	0	0
-1.182867373782294	0	0	0	0
1.924175724351251	0	0	0	0
-1.9527851625519972	0	0	0	0
1.784714678481258	0	0	0	0
-1.3257531363454618	0	0	0	0
1.0486742077872862	0	0	0	0
-0.4922010404712722	0	0	0	0
-0.18821567309242937	0	0	0	0
1.1673682848225937	0	0	0	0
-1.8749349812050085	0	0	0	0
0.9679872959129128	0	0	0	0
0.912104954555673	0	0	0	0
-1.5081238925153642	0	0	0	0
0.11624587301430722	0	0	0	0
1.7485735027127305	0	0	0	0
-2.1626460982245206	0	0	0	0
0.7276341851462504	0	0	0	0
-0.059450392776909666	0	0	0	0
-0.13866792157856622	0	0	0	0
1.441198869328261	0	0	0	0
