0.25430439680849304	-0.5239548866259511	10.335730749528963	-0.9473702454384068	16924.5401091995
-0.6847480968560902	0.1691126484158687	32.843197707751045	-3.9417271571624752	16926.16651189206
1.3909219079817774	10.64876416323721	-7.572597084587599	-0.8448949325035784	16921.150536301015
-1.8465668316157604	-13.03982076924526	-30.519954176291677	2.361356200508311	16923.865173650214
-1.092867669927145	7.741573774929478	4.628820366613127	-12.908136496242037	16926.89776873166
4.228003895576421	8.08645056212977	6.4151608943998895	-3.3316159509984686	16920.374772979092
-5.682685692115214	10.296603893413781	-25.98536009548242	-36.783668897590985	17031.96567083535
8.015620007224271	7.909600510275659	13.595712303531386	9.96696594239971	17011.66480126514
-8.491819164419674	-3.6422421448437987	-2.1080574415826305	9.802174627454463	16941.269414893806
4.857557207405783	0.6059584270647633	34.99040337189952	-38.51286780112406	16918.832096321225
-0.2700131541397113	2.1514931803249553	38.395847573398754	-8.79954873609509	16911.44005974526
-2.877730912387271	-6.602133976893057	-11.189112335075436	65.36510746579553	16934.84912917985
4.243228776680631	11.428343784207996	6.52175327846534	-34.27995226168636	16821.83952609015
-2.993894545511381	1.5181112739260172	15.127860351404621	-7.104648678025583	16906.862858068493
0.18879563822236634	-1.9989737380110881	13.817400808412486	35.95646233282551	16863.19522164319
2.7082216954630454	-3.6653896109792754	-24.294808523766505	-14.698137080818896	16829.580636965333
-4.511629329956563	-1.321439215655154	-20.720810232270523	-15.47482682756987	16800.02691361591
3.573464506776709	28.21798401471655	-13.65867994668362	31.555583432823596	16853.802390664034
-1.2641468272035894	6.129260886092446	5.556157588217047	28.462989118749235	16994.436455311068
1.1904545411334553	-18.280383508522355	19.268125209959905	-57.10104252250309	16910.828696975404
-2.8087908556367367	-0.8281010876965951	1.9164128131949951	9.451305488069039	16796.52987485829
4.112011860883769	-11.30684622820506	-46.03028651216687	-5.051256796146475	16789.29299569726
-3.9836528867325356	-16.436086656205795	3.085481753040952	-4.125065424013314	16808.77842961423
2.914298184340552	5.586258398182295	-5.383422556445382	-15.389909361940099	16860.11215315442
-2.481879340789426	8.832427746662468	-34.16891373571451	0.5218558344887612	16837.41520287531
2.6064583861210338	-6.188597165192959	23.357491829665335	-6.074352777737289	16797.064136708832
-2.306959529348717	12.556824212460121	-7.2745910867389085	10.078625236303452	16864.079023023463
0.5055510974043216	-4.49792438803869	2.811043072981562	-5.059906340290581	16819.184475774655
1.7958782099662045	9.32750702236789	-18.332468446778265	17.40710608953009	16841.48424195727
-0.5351964989463411	-22.726000360396185	0.5460916086796033	22.984309406876775	16760.901499576445
-3.391418650731694	-7.192368490470756	9.131843699839166	-4.269149171263294	16794.32008196416
2.601481960242502	10.032382729394286	1.161869299398873	16.933002670500287	16707.419954349352
2.0831794411363873	-5.028819091417752	-26.610712712381428	17.759550135827965	16845.496267405197
-2.484727021890542	7.506444017047677	19.276818797951492	-28.84697382864661	16845.948013828678
0.9171146117869284	-15.881552433644401	-6.3514678067858625	-20.11648090856781	16837.622470666305
-0.5427027191783651	8.243991387341318	0.46382456536922234	7.520728468975662	16886.749883913144
-1.5616981764106228	4.804658030893641	11.786038290885898	27.713389316966285	16877.455806345082
4.5931957046585055	-7.435659534624769	15.18068215083396	11.648504132305618	16792.59530001239
-4.789669565330435	-1.624728207719933	-12.733268794497206	0	0
2.2577025723965463	-32.074688059766665	5.939510932898372	0	0
0.30889905858983724	17.895286710572293	-19.85183523074818	0	0
-0.5005557277991599	-21.406588470424268	34.819404815200556	0	0
-1.6366863770679672	8.147186678889426	-21.626353018862886	0	0
3.3555315951794285	-9.066046489862089	11.974875215000395	0	0
-2.8051152863095936	3.868182210656258	-53.186094565840904	0	0
1.6245411000885213	-9.976636642256587	2.2434525363472915	0	0
-0.2568544373410262	5.807234716829711	-12.552696953982903	0	0
-1.160875419818062	5.763765525539327	-10.700899320830757	0	0
0.49220470823963325	9.954648474862758	16.692854838543	0	0
2.783048570773161	-2.7777075338608554	-30.34275315569836	0	0
-3.134616948595543	5.018783006008896	-7.447535016733852	0	0
0.5425493420288134	-1.0415827212480195	12.35655624101129	0	0
1.8966394455508677	-16.47798850587629	3.724620187613837	0	0
-4.607007326553621	1.1820686044909294	-26.6991175910146	0	0
8.184567642289444	6.9215783419654855	16.986080104882845	0	0
-8.236170299067325	-0.2014334593723177	-21.225314430516107	0	0
3.242371685853996	7.167483596216307	-4.381312440542274	0	0
1.920349560067244	5.643364934468551	-12.290659778479494	0	0
-4.9662304487648115	-5.481867740144509	-15.417158448358919	0	0
6.693117580261649	-7.372321033677004	12.589472174959681	0	0
-5.528429213056135	-12.629532230617087	-25.651722585892287	0	0
0.24907643996314022	11.91685406230804	-5.27815029054149	0	0
3.3916576693818783	-7.0872111641766224	6.107371392762943	0	0
-3.8095584637275337	35.31310622167104	-23.166897029500532	0	0
4.253023552827898	-4.551999639537996	26.867137321391	0	0
-4.785235239262377	0.5870404229758961	-4.347846844977028	0	0
2.5504174700421913	-29.892908427468676	1.7224408878043533	0	0
0.25890023496943826	-3.8897278853176473	-0.20254471966127596	0	0
-0.8912298129748137	-0.2535508522607728	-3.7827741423850085	0	0
0.7885218770006261	11.221848364127368	-19.7125836749629	0	0
-0.4333936819014994	-11.537061075303988	0	0	0
-0.6541483418547855	-2.1305450927242973	0	0	0
0.5869006234452883	7.307806451752832	0	0	0
-0.18207029910144001	7.985077068076997	0	0	0
0.8127948689715723	0.897767680139502	0	0	0
-0.71710698417629	-14.915805112817552	0	0	0
-3.181762317013302	-4.087036802183711	0	0	0
4.982665862566634	4.4054976791262135	0	0	0
-0.28788133686745	-4.076328328992247	0	0	0
-2.964285280361935	22.240853256510654	0	0	0
1.4813081458466826	-14.089961359323247	0	0	0
-0.591833695364457	-6.690073542745971	0	0	0
0.952903550253815	-13.317398298092343	0	0	0
0.04250577779770026	12.530331592154518	0	0	0
-3.281674666436629	29.245646530540114	0	0	0
5.663201696768809	-41.38796356820615	0	0	0
-5.281887684715137	36.690609935670814	0	0	0
4.7392847872487	-15.727692488750861	0	0	0
-6.448200915313912	13.959289384441213	0	0	0
6.441736807776394	-7.80154110589023	0	0	0
-4.619336725989939	17.127894696850475	0	0	0
3.652911360233297	-8.449196227755877	0	0	0
-2.3979166418024604	-21.155267061215405	0	0	0
1.1657878707477636	14.915561158527225	0	0	0
-0.212280597899003	10.054207634385733	0	0	0
0.5224181579380343	-13.715731049530994	0	0	0
-2.428792894654059	2.524616058379685	0	0	0
3.864879824834766	-2.2988016807305414	0	0	0
-3.662759518887377	2.316848428115918	0	0	0
2.0581763038760315	-8.242684177120566	0	0	0
-0.40725544670897307	-1.8052753493444484	0	0	0
1.2553950647533796	-12.98328865368331	0	0	0
-4.162802810625415	5.045872552026118	0	0	0
7.365490496552603	-2.8869760147860717	0	0	0
-8.497583988685761	-13.624795846474022	0	0	0
6.4651775652367505	1.3140685817710107	0	0	0
-2.4056968166010577	2.5016221008123196	0	0	0
0.3748143913053994	0.6349489483565236	0	0	0
-0.25060820545133566	19.517368362525623	0	0	0
-0.07450152861465398	-17.4833919678004	0	0	0
0.14408295457521803	-7.02988024215766	0	0	0
-0.08881198237985188	-17.05682563969873	0	0	0
0.9911778240762033	22.17880335453983	0	0	0
-1.4341981491080418	-3.983822620475202	0	0	0
1.760113444608777	9.176567252893555	0	0	0
-2.8903275397120396	-6.872572911637249	0	0	0
3.2875258207829887	-9.263534911507975	0	0	0
-1.4097583835362428	13.0213366684534	0	0	0
-2.350299220460677	1.5984137000877041	0	0	0
5.053638818423323	-22.759490243555028	0	0	0
-4.701682316949132	7.204838917228315	0	0	0
1.8880785579142767	-13.68934995887735	0	0	0
-1.9246782125571258	-3.375280410702999	0	0	0
4.022422829727439	20.915361311381012	0	0	0
-1.6676122546539531	-3.2287336641625117	0	0	0
-2.600603724553494	-12.853661217541614	0	0	0
4.279671059244066	8.177732371358935	0	0	0
-3.7108781451130923	2.0473601604301948	0	0	0
3.499396503668841	0.4223379549529156	0	0	0
-3.076637251759898	-13.47401119267257	0	0	0
0.09413081801266543	18.441678603370157	0	0	0
3.1384916962558904	-6.691890396033408	0	0	0
-3.821548039881378	-4.400805747134633	0	0	0
1.9389808863155409	0	0	0	0
0.21752347521554327	0	0	0	0
-3.4541643963800155	0	0	0	0
7.784195472529952	0	0	0	0
-9.498532225581457	0	0	0	0
7.041344635549287	0	0	0	0
-2.8162394822318078	0	0	0	0
-1.6733978177533757	0	0	0	0
5.712851890380463	0	0	0	0
-7.664392389186261	0	0	0	0
6.0981217516039194	0	0	0	0
-3.848551870847416	0	0	0	0
1.5461847716881323	0	0	0	0
0.9410035367716034	0	0	0	0
-2.762252376353487	0	0	0	0
3.458150863973678	0	0	0	0
-3.151154374766925	0	0	0	0
1.9832745375417247	0	0	0	0
-0.4996633370598218	0	0	0	0
-0.4391767907685349	0	0	0	0
0.2685789626422377	0	0	0	0
-0.5448858205488207	0	0	0	0
0.4176119923675259	0	0	0	0
3.4218799723984574	0	0	0	0
-6.757188018664905	0	0	0	0
5.920453441718408	0	0	0	0
-4.977070028620886	0	0	0	0
4.525053219699245	0	0	0	0
-3.5816598497996424	0	0	0	0
1.7020779606901328	0	0	0	0
1.8519251322085992	0	0	0	0
-4.420380266399242	0	0	0	0
3.0428399835958757	0	0	0	0
3.2035642421804837	0	0	0	0
-6.394937201788231	0	0	0	0
0.6935781069124758	0	0	0	0
3.466467420841994	0	0	0	0
1.054596909968403	0	0	0	0
-5.315588670367532	0	0	0	0
4.055201474705669	0	0	0	0
-2.6139363464016085	0	0	0	0
3.8056623020280043	0	0	0	0
-3.844165093774315	0	0	0	0
1.1855430357001993	0	0	0	0
1.1626461814655826	0	0	0	0
-0.6637852475666506	0	0	0	0
-0.9260260211552236	0	0	0	0
2.3364480366531666	0	0	0	0
-3.334952899982504	0	0	0	0
2.0809307951509197	0	0	0	0
-0.3050231519754334	0	0	0	0
0.7174443412907365	0	0	0	0
-3.3034253387695642	0	0	0	0
6.233999970194802	0	0	0	0
-7.376667810881813	0	0	0	0
5.081431452579629	0	0	0	0
-2.2820203705992554	0	0	0	0
1.2158369943566925	0	0	0	0
1.6203718926358377	0	0	0	0
-4.581110850672751	0	0	0	0
4.159996723406074	0	0	0	0
-1.2803201915773101	0	0	0	0
-1.3579611444588267	0	0	0	0
2.5520422608587054	0	0	0	0
-1.794368976980408	0	0	0	0
0.3381554202160686	0	0	0	0
0.783960149568621	0	0	0	0
-3.0427447282171585	0	0	0	0
4.974847854064102	0	0	0	0
-4.5193843369485265	0	0	0	0
2.305085163491661	0	0	0	0
-0.5771031933607915	0	0	0	0
-0.6283675338084223	0	0	0	0
0.09328814760181814	0	0	0	0
2.5330212213017163	0	0	0	0
-4.237414410150549	0	0	0	0
3.077879556426737	0	0	0	0
-1.9154519429982315	0	0	0	0
1.3276670167259397	0	0	0	0
-1.7885157497727349	0	0	0	0
1.5210471129093648	0	0	0	0
2.3512893585911456	0	0	0	0
-5.401483861564387	0	0	0	0
4.572163596708656	0	0	0	0
-3.504313656523209	0	0	0	0
2.6209305898058233	0	0	0	0
0.7195156417764537	0	0	0	0
-6.009267742406408	0	0	0	0
8.15510117306043	0	0	0	0
-3.848027287265353	0	0	0	0
-1.7229838657843928	0	0	0	0
3.606147147964691	0	0	0	0
-3.9029589085678325	0	0	0	0
4.4098200454962395	0	0	0	0
-4.555764601528786	0	0	0	0
4.698269228658404	0	0	0	0
-3.583421223491584	0	0	0	0
0.9238457525086972	0	0	0	0
2.066951666891427	0	0	0	0
-2.907861402304995	0	0	0	0
0.028019169042892145	0	0	0	0
4.3922136890809895	0	0	0	0
-4.389646707609231	0	0	0	0
0.27458002710930174	0	0	0	0
3.0753519851985303	0	0	0	0
-3.6808423254880935	0	0	0	0
3.7542985756838405	0	0	0	0
-4.509301709436514	0	0	0	0
6.121220021256832	0	0	0	0
-7.2344442909393365	0	0	0	0
6.927691241188342	0	0	0	0
-4.323272675003103	0	0	0	0
-0.32370479306010225	0	0	0	0
3.4207744140580587	0	0	0	0
-2.303821822222446	0	0	0	0
-1.876926703966319	0	0	0	0
7.218664800908456	0	0	0	0
-9.68798306534839	0	0	0	0
7.587434461694009	0	0	0	0
-3.330489708468562	0	0	0	0
-0.6325846802182795	0	0	0	0
3.9978408603688536	0	0	0	0
-1.0647775427373034	0	0	0	0
0.33653141851203827	0	0	0	0
0.28776045841186715	0	0	0	0
-4.600136334572063	0	0	0	0
