0.20648205811976084	6.091985905092628	13.983927520882816	-2.294050078433145	18506.929600955475
-1.9013503561691891	22.310963459541156	43.79997354068442	-9.601200887431247	18505.38095410145
7.916808171729038	15.280359785000911	-17.431886867862858	-27.103008931212713	18499.329652925695
-9.37580261402087	-10.975319128410149	8.419207817416577	60.39995501476224	18510.711178543144
5.614929450961036	7.472451071361945	0.7493114899530298	-177.6171586337087	18465.90301210329
-0.9203044048015556	2.0912922403335727	-21.553439122821956	51.05752557231736	18658.708318957426
-1.0402626660903067	-5.06196664785665	47.646187586034316	-4.634083207018136	18904.25627784015
0.17273051039301635	4.622301172192337	-6.148156915913233	9.794011459839709	18914.89875044029
1.590405539571492	-53.801392967668534	27.019044713739916	-4.204056245384066	19102.239363556095
-1.354893664637082	14.365971893045142	18.15799590687277	0.15131323552816411	19065.962794404597
-1.0890031853287496	-2.884531043009872	-1.3301267416275522	15.156655798237097	18882.910477427795
2.157305060649321	-12.410935967189928	8.990867661807272	11.446800070940014	18630.931098357494
0.3944120584657611	-6.569970225218256	1.2305375645486123	-1.6573573791646083	18390.0988548197
-4.623772476480973	-18.79928578549972	0.3585411351395038	4.7682350715738835	18120.098848916
3.369197337286728	-6.834846776629348	-16.260602561431355	-5.8958583741023745	17866.718972947736
0.8674627496022751	-1.5872450957288464	-11.486327324576294	-1.1048680740081238	17544.36024387579
-0.8463528743508206	4.984371010857487	-11.034896701418987	-4.580532836695653	17242.98201770541
0.4481890077661248	-14.361852721624516	-12.146207004651032	-0.8014691605806945	17063.691010305065
-1.1862635019320962	4.031993900910351	5.720685853168348	5.453543655306007	16878.57017218497
0.30407592480857204	-6.910073154959534	7.096269009165624	-10.134396237436604	16629.598778307016
0.9506576125890405	-1.8788258480738023	21.76727142921824	5.098902692487343	16413.612378939928
-2.637538321055395	-6.940629895067175	3.9757771863727385	8.589059470198208	16249.37177432542
4.475895302499808	-0.4619719959182902	-17.05116963067384	-11.938493450919893	16081.354317890178
-5.616520918614583	-11.718123555412333	8.147732605718403	-14.229375373532122	15911.74327489061
4.619063952538447	5.190637421253555	13.4322999030596	-47.41917893667403	15767.665752955038
0.49837153806517875	0.9338647568861376	5.908848751468355	6.601397856247274	15717.957030894795
-5.59787607454394	-2.281701019571699	12.4196394878239	4.977777008297409	15673.832438485255
5.861563496548946	-10.801691715313197	-6.029231125363182	-5.715492974584365	15749.436143719819
-3.450810165076284	-18.10829798262415	11.394148614212043	-13.49590541217077	15794.75583010761
2.2366924940268547	-0.6996921652256134	10.243931075648874	-8.317557178407185	15730.919627323925
-0.8911545470256925	-9.702439871146638	-0.4374947842047163	-0.5390321637714521	15714.075836082005
-2.3794209701928466	-15.082447480335304	7.774587295948763	-17.047713081761856	15680.693452589367
2.793658011109862	-0.47025928728531596	8.632067852217489	17.481956669204948	15699.086058650866
1.1462271650682112	-6.140723861458227	-8.021462857882923	-18.641678305022523	15741.969650805466
-3.600951785320497	-17.69919804588264	2.734717939314592	18.374802764891555	15667.623688901615
3.467786471333838	-0.46341378154698987	-1.133687458656368	-6.226312574756477	15726.722784428226
-3.049927706615037	-5.9519499903135795	10.295232021874227	-13.627945677693575	15774.107925869292
2.843385869487335	7.5205075744941325	-4.117580835302846	21.72348516398627	15840.617123538877
-1.8596453243860651	2.198849067008382	6.025848341610654	0	0
0.4199397331627779	9.5293638352789	-6.274707766133915	0	0
-0.3307910770026652	3.636080053074224	-11.347125462158516	0	0
2.107102718743633	12.98386874268796	-11.6676839541459	0	0
-4.031920951887443	-7.044174171150118	-16.195459938852693	0	0
6.726645372480959	1.4636020247702533	1.522259617826876	0	0
-9.446215996851471	3.0136665577850863	-13.969129918342915	0	0
11.45970295494812	-7.572859489854906	0.05949382165510997	0	0
-11.331886899980809	15.110923551386506	-19.05659781387702	0	0
9.849594262586812	-4.765277693061009	-14.297047490442253	0	0
-8.183600663812257	6.5326012531402995	-14.36447401818721	0	0
5.085975276840621	2.657545366722644	16.489582127980654	0	0
-1.4949542064785177	4.210269150044425	14.277041644941391	0	0
0.061026051759760946	3.441852005101879	2.1061374600528495	0	0
0.13846487097529803	3.676359487639729	-20.399666806083587	0	0
-0.6844723016567258	0.5366841611230768	2.65531195737033	0	0
0.037714358998414355	-15.915101146395692	22.965922202670725	0	0
2.2599930908119674	-15.175589731282535	-7.554256075213971	0	0
-3.939247281232781	-10.561814689815982	-3.834418934607953	0	0
3.7528177279774155	3.133708130382523	-8.111638913769497	0	0
-3.779553629530369	-5.409831863530982	0.7024849193258831	0	0
5.035558348113092	5.664883480764431	-13.975774661129819	0	0
-6.254533082819684	-4.405813727276801	-52.556006356305204	0	0
5.024444272391342	4.452843842427626	29.143840740278208	0	0
-1.9157559860826723	5.260401854056909	-11.097009703833436	0	0
0.7693334778827889	-1.7558963103513747	-31.127070337976292	0	0
-1.3080456991773985	-13.201546329005964	-7.872402010137137	0	0
2.2088444013161563	-6.205294064446484	10.040887695744331	0	0
-3.7312483350363763	7.845169062442849	-4.460721305728654	0	0
4.353391365732634	6.956136462195786	1.4209092530270766	0	0
-2.5540649889162808	-3.7095747061900255	-6.7814516834483385	0	0
0.4749376355527275	-10.830359237054907	20.689439047283372	0	0
1.6594583943273875	4.1426843084922	0	0	0
-5.051827654854087	11.195427924232874	0	0	0
8.194139130184361	-6.1638721876224665	0	0	0
-8.477123380317494	-6.427581492940156	0	0	0
4.998769937045111	-7.9256307625243	0	0	0
-1.3232411872864418	-3.4102947760378086	0	0	0
-0.4858398740240446	7.604473606805804	0	0	0
3.4129288216220033	3.0624591313572296	0	0	0
-6.87632977749395	-0.3155272217607248	0	0	0
7.4940684720789505	-10.95369111828559	0	0	0
-5.255865550959513	-9.781054863654745	0	0	0
0.9911050538036577	14.900841105599298	0	0	0
2.834892744183648	7.459403121602037	0	0	0
-4.588344617463683	12.087844432433428	0	0	0
6.04075858013767	-3.0104253091715094	0	0	0
-7.826708365072122	8.855376404724609	0	0	0
8.51683406102277	-4.085660237353885	0	0	0
-8.509730845619288	-0.979024002504481	0	0	0
5.393054196722481	-6.059291813043991	0	0	0
-1.0719552822467904	21.369889027622868	0	0	0
-1.8188700550412022	-11.060801594561305	0	0	0
2.4205671986554336	13.66253549802962	0	0	0
-4.105338801874019	-6.302266603849709	0	0	0
7.821606124614412	25.496419263658623	0	0	0
-10.125153700317348	4.414158071716635	0	0	0
9.387026539054546	1.3591097229036961	0	0	0
-9.00689663693796	-14.841233377725992	0	0	0
9.29070582947557	23.181466703146626	0	0	0
-9.198160629607024	-36.27992089404823	0	0	0
7.452514202736417	16.34686599321683	0	0	0
-3.5346353325013595	-3.708254189787347	0	0	0
-0.7930923476868799	2.3579108990882602	0	0	0
4.022515354063593	14.524462863180148	0	0	0
-5.524676923563568	9.483005349901504	0	0	0
5.076898698862806	-14.322090897202145	0	0	0
-2.3193016668781823	-3.966018670964793	0	0	0
-1.6496965862966206	8.214352541399208	0	0	0
4.15169664045802	-8.033872142166224	0	0	0
-5.006173545936704	-8.155246505835372	0	0	0
6.160628110922389	9.717526459704132	0	0	0
-6.869989573570855	-15.596941399974163	0	0	0
4.539575077794382	6.16793922135583	0	0	0
0.5222391195008456	-9.101663085214042	0	0	0
-5.237782124812917	3.167292625423748	0	0	0
7.904153334621611	-9.278282553708308	0	0	0
-10.087256225556544	22.142942641394825	0	0	0
11.530171428149906	-0.5190293160347821	0	0	0
-11.614626444381464	-7.870870554299515	0	0	0
10.97430404322057	-9.907337609044	0	0	0
-10.665127438260456	7.3133993113571165	0	0	0
10.60231816743402	-11.890164749419725	0	0	0
-9.63587549557733	15.071115856050497	0	0	0
8.079979600858287	27.98685559535948	0	0	0
-6.692976686493054	12.774277230087023	0	0	0
5.990055553369935	-6.137344705926338	0	0	0
-5.316743470526504	4.809351888843082	0	0	0
5.0766941082489225	-13.979552423284552	0	0	0
-4.727510255463521	-3.714256445192312	0	0	0
4.217977468167049	-11.806481206429908	0	0	0
-3.996091291865966	6.239115498181896	0	0	0
4.273601554715249	-4.731006841229345	0	0	0
-3.959123501194064	14.13494874776736	0	0	0
3.8705441911341936	4.777933236651307	0	0	0
-3.8916552644274773	0	0	0	0
3.170927046272496	0	0	0	0
-3.1348294655514977	0	0	0	0
4.0726795414175925	0	0	0	0
-3.823895367844976	0	0	0	0
2.5450343061156175	0	0	0	0
-1.8457044145014478	0	0	0	0
1.6768514943581039	0	0	0	0
-1.6775089909970902	0	0	0	0
2.23682122253048	0	0	0	0
-2.930770206337577	0	0	0	0
3.3682575592957775	0	0	0	0
-3.4635710764822036	0	0	0	0
3.634549185885014	0	0	0	0
-4.19830751197987	0	0	0	0
3.9658676383866336	0	0	0	0
-3.199143582625254	0	0	0	0
3.602323531411038	0	0	0	0
-3.806081037854476	0	0	0	0
3.634460656676829	0	0	0	0
-5.152002753755731	0	0	0	0
6.182198828815537	0	0	0	0
-5.5594002039216335	0	0	0	0
4.863424013241726	0	0	0	0
-4.982652124238186	0	0	0	0
3.7566043993048837	0	0	0	0
-0.4924204769825309	0	0	0	0
-2.2624527462623263	0	0	0	0
2.325043880263479	0	0	0	0
-2.0231721665670577	0	0	0	0
3.2779970078483984	0	0	0	0
-2.824337768194333	0	0	0	0
0.3611198870546559	0	0	0	0
1.597812056284205	0	0	0	0
-2.4048973220090915	0	0	0	0
3.5936543817402864	0	0	0	0
-4.278465920785536	0	0	0	0
3.526119072516124	0	0	0	0
-0.5507150959643639	0	0	0	0
-2.348083013606143	0	0	0	0
3.5989460476881376	0	0	0	0
-3.7454514788769586	0	0	0	0
2.2633338825131233	0	0	0	0
2.4183590297821453	0	0	0	0
-6.724482397410412	0	0	0	0
6.2243870848556	0	0	0	0
-0.4786451694961045	0	0	0	0
-4.148670004435559	0	0	0	0
4.641412535422319	0	0	0	0
-5.874211702681308	0	0	0	0
9.529451800835417	0	0	0	0
-10.094732651890695	0	0	0	0
5.587377236365882	0	0	0	0
-1.8009821720567416	0	0	0	0
1.170091417598485	0	0	0	0
-0.44706732989022413	0	0	0	0
1.569884167438019	0	0	0	0
-5.682256202038602	0	0	0	0
6.592858816540314	0	0	0	0
-1.4106601473708835	0	0	0	0
-2.2925239287216357	0	0	0	0
-0.5778538867421261	0	0	0	0
3.8279225859425523	0	0	0	0
-3.1854416096291445	0	0	0	0
1.507058895489429	0	0	0	0
-1.1271373200619124	0	0	0	0
1.7400028449816105	0	0	0	0
-2.1945622330772494	0	0	0	0
0.4155251101998516	0	0	0	0
3.283885285056101	0	0	0	0
-4.363413066162984	0	0	0	0
3.760856721681783	0	0	0	0
-3.693730798234995	0	0	0	0
1.0077692397462812	0	0	0	0
1.867832639928082	0	0	0	0
-3.233549734411014	0	0	0	0
3.197079493997684	0	0	0	0
-0.03511083534971249	0	0	0	0
-5.957183843155526	0	0	0	0
10.306561328057583	0	0	0	0
-10.568151949223228	0	0	0	0
7.3930481014024565	0	0	0	0
-3.507357046656196	0	0	0	0
0.8909447855335983	0	0	0	0
1.7580537264378293	0	0	0	0
-6.5479055474562955	0	0	0	0
9.940894195447513	0	0	0	0
-7.965805624785851	0	0	0	0
2.4259674314960122	0	0	0	0
1.0702214617750627	0	0	0	0
-1.0221679729659456	0	0	0	0
-0.06885314053126024	0	0	0	0
2.1584154183418534	0	0	0	0
-5.130909493423687	0	0	0	0
8.184627794375118	0	0	0	0
-8.983767147245395	0	0	0	0
6.731585270291973	0	0	0	0
-3.4918282255171036	0	0	0	0
2.6665515239202264	0	0	0	0
-2.447031283731583	0	0	0	0
-0.9344729282966853	0	0	0	0
2.9059896101076745	0	0	0	0
0.45621171944367944	0	0	0	0
-2.236517748240672	0	0	0	0
0.8042025905405978	0	0	0	0
-0.9464668340996951	0	0	0	0
3.151753589631589	0	0	0	0
-4.8011566921675595	0	0	0	0
5.0011257941276455	0	0	0	0
-4.023893717375394	0	0	0	0
2.7311884026898454	0	0	0	0
-2.420850292445813	0	0	0	0
0.0294039698195121	0	0	0	0
3.3186629654947666	0	0	0	0
-4.7346220184302865	0	0	0	0
6.520402480616482	0	0	0	0
-8.523894430374305	0	0	0	0
6.607322147602517	0	0	0	0
-2.208936413097689	0	0	0	0
-0.3678009762734433	0	0	0	0
1.4827129723567296	0	0	0	0
-1.6891376206732005	0	0	0	0
0.40724496347755235	0	0	0	0
-0.5037959048391443	0	0	0	0
0.8082008725245515	0	0	0	0
0.6786530154368435	0	0	0	0
