0.4705208665056446	-4.4809861611892075	-2.5618544699296137	0.4584036831515448	17023.275747502415
0.7327189165130221	-14.350810423007147	-7.145479774953429	2.4830061236068985	17025.406518728756
-2.4529278462868476	7.731599385983536	14.868252564602756	9.5021309035331	17023.964078299246
1.6485841248594824	10.957239400861646	13.281562416727596	31.966392704524978	17025.032152599015
-0.6595744334853109	7.659073036210621	-19.087846379708793	-3.676020152269288	17021.666515363188
1.235825922410278	-0.5838562204576121	-4.696383191071064	-18.470668722400177	17032.34719352056
-1.6108485194840796	-3.7767878074524646	5.765767418070595	34.4799191050993	17040.884256951573
1.0503443238510002	-14.490798757803162	6.512301590319481	-15.090599667459799	16985.05133631246
-0.5489670011281333	15.694440708523985	-13.822501522819124	-53.766961863381795	16780.682565340405
-0.6404595996063662	-11.273703088329562	10.587654887021415	14.441298226170105	16785.638460304115
2.211589166428631	21.387364136053577	-1.211848728826567	11.52590623471741	16618.974325743475
-1.2213766154315238	-7.3128717265769865	4.632732618245569	10.892400126598417	16381.769503607937
-1.87185305042658	-4.375484512425764	6.254952739590905	126.49839039498225	16341.697868024647
2.5857490010430695	-5.109727434257287	26.917392764875387	-72.87439880494173	16504.39192032342
0.13330114686493744	11.36995805371351	-8.504260218467138	1.414947440958855	16588.689698917613
-1.896708764315342	6.4264810043906735	6.567709967054753	1.9164568524761734	16872.91935064141
0.4644076057422879	3.373451662436274	20.547289977702448	-10.716461803372553	16768.674702936256
1.6037583641247792	2.5340417370781267	-11.09498501330117	-34.00398905043629	16754.749261882043
-0.8570400500703457	0.1402831832168019	0.9223080131909143	-5.6972966971085555	16806.585519714146
-1.8187811211127354	5.167652567499296	5.980258728020473	22.750034698739697	16852.106654658674
2.8172751031538468	2.7758420951312672	-3.8754175781208886	-34.83893270764261	16691.354070544992
-0.24149995052478346	7.116473574444903	-2.5846587284516005	20.105271186146553	16698.453074433928
-2.5377482990228017	12.303775741687922	18.85413614599088	28.085459591852995	16771.81198270651
4.0589581392140985	6.072100276089905	-6.989269286557402	-42.99443876953994	16797.503843963917
-5.477127594411215	-9.24561494817685	12.940846344330467	6.782009002340956	16794.654233205445
6.060338642298902	7.072728284398856	9.01213238353499	16.597500918902256	16866.255869251814
-4.759532278364887	-10.728597767815728	-2.8628537886512078	13.796056618788938	16853.9976904924
2.3321428419451493	13.768261519678333	-19.258882476348603	-11.683290106637472	16915.7177611649
0.15991176374189564	-3.519223125252651	10.06964919937461	30.41611223553471	17002.495775363128
-1.2184956158040379	5.053123666316054	9.771260729508427	-37.11907594311808	16980.31878017587
1.4621841032552254	-14.244258968809064	-13.384309326264884	26.143264555541464	17017.571885670215
-0.11838466609582099	3.4931209727780086	23.953109600238548	21.084479171901037	16969.775508189698
-2.6426971489596127	5.126157699980979	4.618574188016851	-52.68244037589828	16988.949605943813
5.522839145510233	-10.82882776778088	26.038278969217984	-3.9307501057634653	17040.21082572426
-7.83828168589892	-10.220836876643084	-11.54435914173905	-39.90605954356681	16947.448159586067
9.026059544413023	-3.19064192230703	-5.2672420244945215	14.386768257610754	16998.937360033247
-8.881917930616325	11.098569432622241	7.4362029483590675	37.125691367432495	16973.324389471083
7.725421766792628	8.540892920020674	-16.02919026587577	7.744344229157221	16822.97323909322
-6.1327632543215245	1.1570377052245462	56.27203487205031	0	0
3.6690570717389264	8.956694913360877	-5.855542043433218	0	0
-0.7161967261221207	10.621446011577582	-46.94772448148768	0	0
-1.4555421989338129	-2.6009236543492236	1.5618108229243717	0	0
2.571061652658088	4.897142557665028	16.8622236479477	0	0
-4.0109122953895024	-0.8506392554588018	-13.859415397105778	0	0
5.642965177796555	7.088009625565206	-1.7372014972604148	0	0
-3.9282269790529654	0.4981704548451944	-16.604430698117113	0	0
-0.3294201763588589	6.08538085279784	4.4724563129233985	0	0
0.5155537037991706	-7.166488774067112	-0.6464574241763188	0	0
2.8772843584499483	-6.974158957909303	5.5005632597014795	0	0
-4.21033317735391	-1.011446089892324	-9.212923655496695	0	0
2.8475697630086003	-6.321014437426285	-7.428287118946159	0	0
-0.8038334483540552	5.727892272633419	2.3819449290013353	0	0
1.2366710559975402	5.564545706828305	-25.28843085611628	0	0
-3.2541802985678245	4.235516215097235	19.087503923644263	0	0
4.137286599114958	10.192724823658857	-14.097815445349497	0	0
-5.26613114200746	3.05160148718641	-7.586127364543643	0	0
6.787106017869945	12.52010286870783	9.998024749316443	0	0
-5.7531904639235805	-0.3499031471415748	10.045532212726513	0	0
2.116330383512036	21.909308522413383	5.740415519654633	0	0
0.6071975069871698	1.3975176612526639	-15.89917779132989	0	0
-1.5464970122703008	4.459583666158579	11.370515243458499	0	0
1.0086168625182168	11.974095941412628	11.64082389840165	0	0
0.8238148110986998	3.754323922148828	-8.24793216435819	0	0
-1.5700754729009603	1.662104833604161	1.3387848748645297	0	0
0.43174499040461	13.882652834430125	3.032452224993037	0	0
0.6949312542152128	-3.239329450686668	2.938366897591848	0	0
-1.9719455413530724	16.610184146372063	3.0426418250944494	0	0
4.394148617258907	-7.2591180225074226	-2.960603180454285	0	0
-5.842483451954273	-1.0617975659315775	-2.092243084302666	0	0
5.426549413639087	5.48655782121304	-8.746091306244537	0	0
-2.9255729624722875	-12.19737077438937	0	0	0
-1.6991662288690534	12.375539415592804	0	0	0
5.333884029287681	-1.8021120022676982	0	0	0
-5.741100953846654	8.162685399931362	0	0	0
2.718445315089589	-14.530842052363717	0	0	0
0.4566693536978761	20.825814061291503	0	0	0
-1.570594782239489	17.409525303392705	0	0	0
1.232953936847963	-0.6383300862290611	0	0	0
1.6572604177039238	0.5200812742898364	0	0	0
-4.18225696092771	-0.36266963376035477	0	0	0
4.816753954410245	-5.091373285703391	0	0	0
-4.201947778983673	3.0782056789821794	0	0	0
2.8170904311512714	-11.547665051850828	0	0	0
-1.9050963228137547	0.5329204227204798	0	0	0
0.5515159565025911	0.9463644426429383	0	0	0
1.6832687666551465	0.023591022891402247	0	0	0
-1.9628531665920264	-4.535285460723088	0	0	0
0.49282663787276704	1.7388478137159211	0	0	0
0.28328460744558015	0.8577183775548036	0	0	0
0.3094795745647829	1.9847503876988384	0	0	0
-0.32135781348517156	-7.953015854869356	0	0	0
-1.2628401843278283	-12.50980272041928	0	0	0
1.8742364467214259	-6.288257240066841	0	0	0
-0.8120262054537903	-5.895394246982939	0	0	0
-1.480562804070999	-5.20814037041842	0	0	0
2.9190774918924234	4.6785656536668725	0	0	0
-3.4847860614674886	-1.014916827104173	0	0	0
4.76753363135218	4.454340549709016	0	0	0
-7.2365985712552074	-2.6981770714302016	0	0	0
10.006749142832192	3.722162319251389	0	0	0
-11.203832161541804	-3.16045000944559	0	0	0
9.444312691032351	1.6332122730098817	0	0	0
-6.984499071781471	6.565167194339111	0	0	0
6.412665425422958	-4.719683627362166	0	0	0
-6.345371843608028	13.942191104791192	0	0	0
5.789173363285592	-12.083392165429487	0	0	0
-4.588783822662506	13.73713133028324	0	0	0
2.288854951724126	0.8858751456271534	0	0	0
-0.8625184322638972	-2.3998468821264893	0	0	0
1.4298814479517716	19.661622213661452	0	0	0
-1.5508109406497184	18.025083955346076	0	0	0
1.8935484208368223	-1.7947615037999256	0	0	0
-4.5278373684710544	7.808202286614019	0	0	0
6.110413123744628	-0.8300509218996694	0	0	0
-4.118137268248191	1.5809601702587202	0	0	0
0.5954383394996796	4.626298232123631	0	0	0
1.6807231781038396	-6.346330890198622	0	0	0
-1.5971815947153232	14.544829170518327	0	0	0
0.4902675886762964	-8.971728122306942	0	0	0
-1.1221724469810255	-6.2399197910252795	0	0	0
2.369015301678452	1.0316104268398192	0	0	0
-1.8118938875352057	-23.165362323972985	0	0	0
0.5889658048360573	-0.6449101657109537	0	0	0
-0.6699058109890714	3.0387029452153484	0	0	0
1.7394232757649846	3.966089537558844	0	0	0
-1.9146111157412022	-2.2148391602552664	0	0	0
2.4924647704742213	-5.209602593124856	0	0	0
-4.426512954825881	-4.7129100089638385	0	0	0
3.7481811610227496	3.7483783701707907	0	0	0
0.07895638401789995	-0.1981307409533457	0	0	0
-2.114743459881325	0.4221733559186944	0	0	0
3.488664602755833	-2.7350685426610752	0	0	0
-4.803526897367263	5.552292460250783	0	0	0
5.631129025265828	0	0	0	0
-5.926764624569813	0	0	0	0
4.928220894116308	0	0	0	0
-3.3038774630088312	0	0	0	0
3.049843748175924	0	0	0	0
-4.398861267875837	0	0	0	0
4.519403861826632	0	0	0	0
-1.7981717462000262	0	0	0	0
-2.7998552485580888	0	0	0	0
4.308887507202435	0	0	0	0
-3.1888279348946895	0	0	0	0
2.7519763309964134	0	0	0	0
-0.23131568115807966	0	0	0	0
-4.117938109308675	0	0	0	0
4.0596184833839715	0	0	0	0
-1.2837240836114887	0	0	0	0
-0.30044971714074364	0	0	0	0
1.214553994516912	0	0	0	0
-1.1531673219241299	0	0	0	0
-0.15196338832681988	0	0	0	0
-1.1653997532759632	0	0	0	0
3.2736497289506516	0	0	0	0
-1.1997089463823798	0	0	0	0
-0.8885131064278582	0	0	0	0
0.11027456955338266	0	0	0	0
1.5093503316926373	0	0	0	0
-2.6495193310232565	0	0	0	0
4.933424187806459	0	0	0	0
-5.511067072967194	0	0	0	0
3.893380998215221	0	0	0	0
-2.576743769698261	0	0	0	0
1.8449828140678903	0	0	0	0
-0.8232612054687252	0	0	0	0
0.5322233089262127	0	0	0	0
0.2322914735592434	0	0	0	0
-0.6497709932267668	0	0	0	0
0.4764215841401054	0	0	0	0
0.33239053896151205	0	0	0	0
0.06420909818871934	0	0	0	0
-0.6472168029628236	0	0	0	0
-0.11376037116423987	0	0	0	0
-0.14135619406141586	0	0	0	0
3.0282986763071875	0	0	0	0
-5.725137003064674	0	0	0	0
6.284414186501536	0	0	0	0
-5.439091239826645	0	0	0	0
4.334457411630893	0	0	0	0
-2.6242121808914547	0	0	0	0
0.497176954770822	0	0	0	0
1.267088436282883	0	0	0	0
-2.6654903380123542	0	0	0	0
3.5552625061606733	0	0	0	0
-3.1974127866696804	0	0	0	0
2.6379281088428996	0	0	0	0
-4.002707997078133	0	0	0	0
7.486683237083987	0	0	0	0
-11.049831381663061	0	0	0	0
13.273741276820644	0	0	0	0
-13.555158080422714	0	0	0	0
12.415854821966725	0	0	0	0
-11.163733097314278	0	0	0	0
8.649605898706064	0	0	0	0
-4.8395672154601	0	0	0	0
1.868038678248773	0	0	0	0
-0.4913726035922181	0	0	0	0
0.44506218663768493	0	0	0	0
-0.2659622912195303	0	0	0	0
0.30382655013978876	0	0	0	0
-3.0024911974342317	0	0	0	0
6.3982300297523835	0	0	0	0
-6.039961037993912	0	0	0	0
2.726404466844052	0	0	0	0
-0.27403776840164795	0	0	0	0
1.0081644106951302	0	0	0	0
-1.7305991832299341	0	0	0	0
-0.08976249203271891	0	0	0	0
3.7463155151977645	0	0	0	0
-5.059359306280392	0	0	0	0
4.357774130655557	0	0	0	0
-3.0841134483506067	0	0	0	0
2.5359473475050933	0	0	0	0
-3.9599465594351244	0	0	0	0
5.249918271954137	0	0	0	0
-4.335954041708739	0	0	0	0
1.7726232606202856	0	0	0	0
1.1713155515627491	0	0	0	0
-3.2520023731515053	0	0	0	0
2.5937035915233295	0	0	0	0
-0.7192315752071607	0	0	0	0
0.6426314242892204	0	0	0	0
-3.188853444116681	0	0	0	0
5.1751474066277225	0	0	0	0
-4.87305780735506	0	0	0	0
3.5196980852156514	0	0	0	0
-2.89155766267789	0	0	0	0
2.769718748474304	0	0	0	0
-1.9587382866449374	0	0	0	0
0.5870913198425001	0	0	0	0
1.8918714902540827	0	0	0	0
-1.603059543663008	0	0	0	0
-0.523865194429149	0	0	0	0
0.08487078942713566	0	0	0	0
2.2604527473780536	0	0	0	0
-3.147235435423518	0	0	0	0
3.146499049046078	0	0	0	0
-1.094715301298855	0	0	0	0
-2.606841959815476	0	0	0	0
3.01295501930813	0	0	0	0
-0.08556994310916366	0	0	0	0
-2.1669428753529445	0	0	0	0
3.693452971178907	0	0	0	0
-3.611525640104496	0	0	0	0
0.8676445932721961	0	0	0	0
3.0711232161370603	0	0	0	0
-6.821098459737584	0	0	0	0
8.436337153663935	0	0	0	0
-6.565695479495446	0	0	0	0
4.4478055152999545	0	0	0	0
-2.756464436761334	0	0	0	0
1.4317079126577426	0	0	0	0
-0.38243539821858974	0	0	0	0
-0.42938897735104575	0	0	0	0
0.4915970812627748	0	0	0	0
0.26905063193713374	0	0	0	0
-0.42428745203907425	0	0	0	0
0.4701890090301504	0	0	0	0
