0.39161338272101887	1.94685200917138	-12.277164284755344	0.3130210471727537	16956.37632482432
-1.2268865203738315	5.270408151805761	-38.09600044903428	4.288906530006358	16959.733583593465
-1.704195824420573	2.618828048292606	28.151449633283164	46.80677502844755	16965.32663932015
1.9894524852206175	9.555483363034718	-15.81985819561838	-17.76610039395827	16951.548298364145
-1.7598602175714007	10.19088806089006	-4.311346019032641	31.4623840309943	16995.79986289848
3.0138748956720534	15.121441819990743	13.181009008670344	-44.21013889060431	16831.730285094047
-3.5641910908418595	-3.708349539272028	3.0694578898601037	2.0909480646112826	16737.740049213517
3.7450166630632538	7.103840042916332	-13.951895975701973	8.791496564624566	16718.039140896846
-3.041649612260862	-8.05148044573312	7.26671490653294	-30.214826172488813	16713.421409412545
0.826882019992695	3.5053539705980725	-16.377394204928592	-12.633310074171462	16781.689692039447
0.12708436682693502	-4.629556349048954	-14.449425350245832	172.7332685770736	16785.9988036968
-0.34806751594911844	-2.8533787194590374	-8.183729983551146	-78.81627796199145	16724.795239053274
1.9505928762360156	-5.4313340651908675	-1.4263791130666732	4.918220038103712	17109.841260761248
-3.1416354636239348	-7.933257174108256	2.89137332680383	-12.351898173229785	17239.983230032005
2.4020903822498525	8.113163848720617	-13.140051679072059	8.19728464929878	17033.882923852652
-0.676186712908418	4.37441355833564	11.274533111797538	22.326641119979328	16987.114129043664
-0.2650942401170582	-8.491531113308739	-28.806220156429873	21.52433184566533	16919.381995009942
0.9493487753298666	7.395967523969233	36.622706355998005	7.3405375846933225	16883.23137914131
-2.0002411406672707	-10.377405714583489	-10.724309866124742	24.154644121413085	16926.827933294713
2.5729900921465187	-16.301418279909534	-5.8029100144452315	-18.903045924826543	16904.01345124677
-2.676150359252823	4.144766783964968	7.358642921384245	-42.152549092831535	16900.03428394913
1.371490496954621	-8.068972216462193	9.169872933807198	23.80392419932629	16946.25899235245
-0.05498168391532943	-1.5363984252819947	-11.631051354679698	3.7044970258273366	16960.731967280604
-0.33748021241483883	3.9849078052025675	-3.0751461327160996	-19.18077413873661	16963.729952329435
0.07504275806626026	5.038095345093367	2.9794435104785464	21.24817952665586	17104.480477553207
0.10608946624294191	-2.3822596992220184	0.11030390443664828	37.61562895019611	17163.902196470397
0.45917084642773887	7.036827463434243	-17.156893632721065	-22.224290105768574	17064.583476984837
-2.212044271026471	16.0724852892805	-6.313391022325405	23.833131202699377	17053.2160415129
4.160003567072856	-7.689776414150579	3.1627292717999893	-15.605887131753292	16983.743323901857
-6.124295309625452	15.492674183713262	-2.9608344339944637	-7.771063066569923	16881.246717675538
6.381927587410594	-19.94227765612866	13.23309447146572	13.560166508958417	16946.79205317463
-4.601258078922022	8.974140067133149	-9.454208594843323	-33.47335314376596	16848.57423355366
3.132576565225982	7.947189491444718	3.2304566211126797	30.865112866858098	16856.773474620368
-3.886612561922796	6.721952681538852	-7.28454186245871	-1.6601567593193636	16851.839827458043
4.519728874243491	-6.023178584355534	-9.977179851832403	4.975696687536072	16948.700445086783
-1.2708325661774467	7.94220346697854	13.890206436765894	-2.7904321200751525	16718.321583469613
-3.4066812710310614	-9.024315087672164	16.037598391716998	2.3100469535389294	16621.801191516897
5.267054952704832	-5.4719180577854445	12.088291293021442	-12.188976871641756	16605.099492391502
-3.6070437788660996	-3.158512516089374	-13.946270033714569	0	0
1.9672219280241876	-0.9060222945922334	22.44148287656232	0	0
-1.5822179649834212	0.7521810438404231	10.402685566111245	0	0
1.196841451945616	-5.736899942875098	21.0424624224472	0	0
-0.8052680336610791	17.56729338910251	-6.57046857510538	0	0
0.5931897556275914	-1.2276891784156945	6.889246919522307	0	0
-0.5407722170046014	5.045053528588298	20.447907310525153	0	0
0.3141069930580258	16.54237037041193	-1.5512980325895143	0	0
-0.23645323463603773	-14.846258633611583	1.6395403253069105	0	0
0.9345166144992021	4.519190638767661	-19.678987998761713	0	0
-2.158014559636527	-3.1474876347193046	6.515575143103803	0	0
3.090223953132792	9.424681373152787	-3.0901470682784407	0	0
-3.034312476998913	-0.6086542873820235	13.188483668488615	0	0
1.567603924046118	11.700455781148392	8.57690645091219	0	0
1.6646852864684973	3.6295873894654562	5.699265438424121	0	0
-3.765355139367614	3.5967652924322664	-2.7082301456907345	0	0
1.8366590754291892	1.381452649138346	6.310940681183013	0	0
0.4431749967522549	-4.426806620189666	1.355296034429827	0	0
0.32217790546005176	3.6028380271762614	-13.511940562617553	0	0
-2.995601754346225	3.730400546600187	4.0301701812267225	0	0
2.9483423862901006	-6.561397229465506	-10.833332111974244	0	0
0.06537148216986566	-3.166107597682071	-3.442146119069193	0	0
-1.1053552122487673	-0.35706424650044966	-22.81307670333743	0	0
0.32262495272365044	0.1417130971696281	-11.72352266403854	0	0
1.1390769637277671	-2.805539178801105	-2.5057140347942948	0	0
-2.595184900280749	-0.5798619181688665	-4.246905211284883	0	0
2.5407379158958534	7.384179624738614	3.1321185804286813	0	0
-1.0105849300423628	-3.635835760510126	4.962353969329783	0	0
-1.9470315753584586	-6.3281120691890465	-2.2533462362655428	0	0
2.7607284718573126	10.297509134922201	0.8001740956667476	0	0
-0.5883689757466186	5.593296961411177	-7.356716949214487	0	0
-1.7981606742747118	0.8065909880484483	4.02252059170479	0	0
2.7331434434592197	2.7323692767337704	0	0	0
-1.9989893160043835	-4.117164411967778	0	0	0
1.3977607113852955	-4.796027493436917	0	0	0
-0.9855583736676721	10.481295669430423	0	0	0
-0.29587629985550024	-2.4843248913095195	0	0	0
2.3828627217626135	7.2906036607202935	0	0	0
-3.6762446502250725	-7.9124797029418374	0	0	0
3.8407835480574875	0.1996555923024843	0	0	0
-2.6747335989039698	9.195531434131603	0	0	0
0.9315816300342092	-8.952474251717796	0	0	0
-0.9909621380503424	19.796892444734326	0	0	0
1.500175705264482	-8.214767887927138	0	0	0
0.650467568825583	-1.2951182484103896	0	0	0
-3.22068870784301	0.441312795767999	0	0	0
3.584783000962112	-4.703745661682078	0	0	0
-2.266627655790586	-13.562885164111151	0	0	0
0.36894300652010514	6.92268073308756	0	0	0
-0.036330133870727366	-11.876235298589023	0	0	0
2.682898392532323	-2.7882961511243067	0	0	0
-5.615468977657514	6.05861671858365	0	0	0
5.604875905850193	-6.011087588131112	0	0	0
-3.9139064699777677	4.43113821685845	0	0	0
3.038980762992317	-5.572762586488778	0	0	0
-3.2904084413377106	-0.4850457953358358	0	0	0
3.250257248766296	4.569250870960005	0	0	0
-2.6513490558004946	3.681924456317553	0	0	0
2.544279820998895	0.6595818140736469	0	0	0
-3.4509326673061196	-17.19535329023632	0	0	0
2.954692693513138	-8.637970213161886	0	0	0
-0.60841239702129	11.35087355411683	0	0	0
-0.15683581605804164	-3.2091824909016538	0	0	0
-1.863297355984841	2.838316485513822	0	0	0
3.3677501392230766	1.7197956835107746	0	0	0
-2.1627297225517026	-0.2079434650425256	0	0	0
0.1914525642030398	8.519180993596514	0	0	0
0.4849948867413403	-4.076915809409236	0	0	0
-0.596517084203299	1.1047949638644	0	0	0
0.6735029661778071	-4.878850594483936	0	0	0
-1.35261859958392	-0.08321276041872494	0	0	0
3.2399518165281833	0.6316467490667677	0	0	0
-4.354231079490546	3.0781296758519474	0	0	0
3.1448157737218168	0.3259067755459881	0	0	0
-0.7496758781055348	-4.155446233047172	0	0	0
-1.67563374237767	-1.325192328400874	0	0	0
3.090710169802364	6.236963700652602	0	0	0
-4.34771463478495	7.068029134694974	0	0	0
4.76106166965814	-10.285249620389884	0	0	0
-3.5667500366966465	3.1012555179861323	0	0	0
2.416634400660371	6.680744422303434	0	0	0
-0.8474133307546481	10.650520589678564	0	0	0
-0.45421041893080627	-17.38941641934641	0	0	0
0.11706858013437937	14.346049365165378	0	0	0
-0.16030463031265896	-0.6450325917166921	0	0	0
1.0400156655563038	-1.3432650076840957	0	0	0
-1.910816587615507	-0.2884273023825301	0	0	0
2.01838437542996	1.4507788637551045	0	0	0
0.03030570472137839	-6.323350302091811	0	0	0
-1.6578036786647488	0.5378262828270479	0	0	0
2.5784720282647697	5.37724705311544	0	0	0
-3.060963436625741	1.3454629985397162	0	0	0
2.1427292850373405	-3.4994969561836555	0	0	0
-0.22468757608739764	-4.364421458541877	0	0	0
0.13376002365692585	2.7944248830635487	0	0	0
-0.8022536922089074	0	0	0	0
1.1221025975050338	0	0	0	0
-2.2959638311302797	0	0	0	0
3.1694143807044313	0	0	0	0
-1.7966428135374244	0	0	0	0
0.9866930488791041	0	0	0	0
-2.791654042128762	0	0	0	0
4.573996872354499	0	0	0	0
-3.3913789382635358	0	0	0	0
0.5341309785761865	0	0	0	0
0.2629427595075313	0	0	0	0
1.021266997392317	0	0	0	0
-2.7159773807953442	0	0	0	0
3.275564278855313	0	0	0	0
-2.6980211699595955	0	0	0	0
2.7844740757156288	0	0	0	0
-3.0954704969100177	0	0	0	0
2.1776636034852643	0	0	0	0
-1.5972757830177642	0	0	0	0
1.170528403816455	0	0	0	0
-0.07552557867033016	0	0	0	0
-0.4221296190147328	0	0	0	0
-0.8115867643076768	0	0	0	0
1.2222886848354904	0	0	0	0
0.9758163474005244	0	0	0	0
-1.1164077027088055	0	0	0	0
-1.7404279087275185	0	0	0	0
2.9597729325076756	0	0	0	0
-1.0824270054135567	0	0	0	0
-0.6294139056766994	0	0	0	0
0.8156704275567321	0	0	0	0
-0.04440539434372681	0	0	0	0
-0.8023186017074408	0	0	0	0
2.037646919937714	0	0	0	0
-2.993014490739192	0	0	0	0
2.149864033763947	0	0	0	0
0.5671856550034846	0	0	0	0
-1.5562738903930295	0	0	0	0
-0.5591422634583623	0	0	0	0
1.5129487498449663	0	0	0	0
0.4310553605371723	0	0	0	0
-2.042270115577459	0	0	0	0
1.5836501200223978	0	0	0	0
0.6963477025676426	0	0	0	0
-2.9595185946442157	0	0	0	0
3.159139877993127	0	0	0	0
-2.0972763378051553	0	0	0	0
1.7349938479045548	0	0	0	0
-2.962421664621445	0	0	0	0
3.7687020299269918	0	0	0	0
-1.5854341664930232	0	0	0	0
-0.8825399002813299	0	0	0	0
1.4152442558467868	0	0	0	0
-1.3891352539817348	0	0	0	0
0.5775223611804776	0	0	0	0
1.212572380702177	0	0	0	0
-2.865059205790189	0	0	0	0
4.736758903599238	0	0	0	0
-6.163362939064832	0	0	0	0
5.542314554662283	0	0	0	0
-2.499408879601397	0	0	0	0
0.01564265050238589	0	0	0	0
-0.20041755387852334	0	0	0	0
1.9721390227724385	0	0	0	0
-2.144341213776414	0	0	0	0
0.27451218211179906	0	0	0	0
1.2605096842950587	0	0	0	0
-1.399877184810876	0	0	0	0
1.5895346027250454	0	0	0	0
-1.9012106799315376	0	0	0	0
2.113978260097767	0	0	0	0
-2.4374042283628725	0	0	0	0
2.079914439829949	0	0	0	0
-1.0106236346575415	0	0	0	0
0.5359707133913716	0	0	0	0
-1.2120332217714989	0	0	0	0
2.83715505560437	0	0	0	0
-3.4780273487653943	0	0	0	0
1.967115153973225	0	0	0	0
0.06121277265772562	0	0	0	0
-1.2053915676840177	0	0	0	0
2.29606510830083	0	0	0	0
-3.4554896562034116	0	0	0	0
3.560151106719374	0	0	0	0
-3.3812830343924887	0	0	0	0
2.7226518756204854	0	0	0	0
-1.1557029520032032	0	0	0	0
0.03410629583920155	0	0	0	0
-0.039675354970384547	0	0	0	0
0.4198751841622723	0	0	0	0
0.023538731087164422	0	0	0	0
-1.6815678928217892	0	0	0	0
2.412403199409276	0	0	0	0
-2.0553037531454095	0	0	0	0
1.5768349904867094	0	0	0	0
-0.4107746111624593	0	0	0	0
-1.288756719187532	0	0	0	0
1.1069667915504908	0	0	0	0
1.0072683180777062	0	0	0	0
-2.7439686081852486	0	0	0	0
1.9483056939354668	0	0	0	0
-0.048827520274763	0	0	0	0
-0.06209217319190685	0	0	0	0
0.8530349843140286	0	0	0	0
-2.9246546761742067	0	0	0	0
1.7734646982101623	0	0	0	0
2.1703400109259405	0	0	0	0
-3.707478391682038	0	0	0	0
2.0962997577058857	0	0	0	0
-1.4634268911043264	0	0	0	0
1.9331755705461902	0	0	0	0
-1.7809164704873766	0	0	0	0
1.1228316419764397	0	0	0	0
0.3562556135410162	0	0	0	0
-1.5609452093777136	0	0	0	0
1.9180111207938708	0	0	0	0
-2.1868143158834954	0	0	0	0
1.7087381262423875	0	0	0	0
-0.46036951480478905	0	0	0	0
-0.6238526612289874	0	0	0	0
1.038673582806787	0	0	0	0
-0.7024958237584187	0	0	0	0
0.6018855638258103	0	0	0	0
0.1866800475749102	0	0	0	0
-0.7822580048425962	0	0	0	0
0.6984299364767068	0	0	0	0
