-0.29257212418125533	-1.461366299777751	0.2617766144029332	-0.007697946226812746	17074.4911890171
1.5349775074622656	-4.867117388828049	1.2586895543322782	0.7095974579963809	17078.31796134942
4.060539178468105	2.9678007703952147	7.787275595615668	23.247077943598057	17077.67159850749
-9.142870099796234	-4.073757879603079	-26.040081372372356	-3.191355437810657	17072.678046128178
11.479622100734886	7.412613182993134	37.8800464692159	48.97504243155119	17098.333054738447
-12.232699696813704	-5.882194038782558	2.2027412622447144	-18.514244901171736	16998.332831733704
12.236791549454537	-7.3778163438597275	5.3680367921642045	26.08044947384093	16996.4618067831
-9.988651072852328	1.2550173073340218	2.963960305971767	2.5197946835306055	16977.615872389513
6.745292506716588	-7.664781399486408	-14.090901116318406	41.03444389909127	16984.281079263044
-2.4889393173250838	-15.354388836202638	4.911395929945485	-23.701063351495748	16966.755576117364
-1.95665488820093	2.091561022233819	23.297683108794416	19.538301697633813	16949.359773439443
2.113881871403727	5.073631230392394	8.689042514353815	-34.756498593818435	17030.522263749343
-0.2148592538867149	-1.407681902645578	39.19080003530834	-21.498705783094735	17071.49089845088
-0.6577864171200432	-1.4227043099594994	18.08079350869785	-60.99246869339123	17111.629216571106
1.1164483588465401	-1.711019007638896	-13.711583702331865	-29.29096855976826	17112.626670795693
-1.5872865083812755	0.8343602460941923	-1.798212625567146	7.035976816872335	17065.748903941705
0.4490203093943492	2.510420732265878	16.09305187190408	12.682619801645927	17017.261834845885
1.4145643949475755	15.722525685993169	9.051562792282553	37.01434008332453	16932.188207652598
-3.034715910570803	-5.784570655630347	-18.9034625002447	-66.02268113768918	16890.09998208165
2.1069305402182152	9.164321115436572	36.70460629401559	-39.511487161289935	16858.189887789318
0.0026797029590639454	0.2208784411126956	-26.85075740156887	-5.701572929697733	16827.255218040336
-0.43113890521685505	-18.852687985395846	8.743079271235786	-5.080265327032961	16784.089657495737
-0.2644281960334567	11.293084158602085	10.2597137608565	-15.843879591794803	16624.389580883377
1.3142075681089125	-16.521130908878014	-8.220032770338491	-31.492620272281414	16628.010515486647
-2.730059888232624	8.389322674681218	6.973042956069733	-26.355101227861212	16623.80399993458
3.3021701907411583	-14.210764437672502	10.423856094297733	16.796446174346713	16635.94902568795
-3.2550154419675437	6.029345899161164	13.887445530334617	1.238307480883293	16699.844342656812
3.1516813364770258	2.8951660635318106	-23.99040466621797	-18.758825949569115	16710.0709274684
-2.2646620558415194	14.607783058613975	27.5969491213892	-31.78739428206903	16792.503847154636
0.0851570015213241	-16.468694148872707	10.069655857438434	-17.77448293218312	16904.96036820332
1.195167245130051	9.860786286175454	-6.373180986412379	-21.76221006359212	16849.19523093599
-2.5047652342369915	-2.8029655750918323	4.435062738465703	42.769084303741124	16884.99218068955
5.055274307509258	3.0003785491069834	15.910123004594155	-23.64191782790708	16991.790280073772
-5.373100870890902	2.616558849532211	-2.5711469568690717	15.49373968448144	17052.822578826148
2.7822394576049945	-6.574687552206271	35.20467828376731	11.633106504025989	17283.24113624661
-2.10294384171641	-15.106104538471328	14.76061853865204	-3.483379440512408	17149.824855316627
3.476866677963109	5.929418689090284	-32.234040885816896	-10.449062493055578	17051.948137459724
-4.57557096837823	-11.867130392296914	51.10130019923855	-8.731617407292163	17051.76764314623
5.612122024913361	4.425543519858898	1.0805295348528858	0	0
-6.484931583420604	-16.231468462452057	45.18322498137108	0	0
4.289845886984175	8.541215680893394	23.222669968277756	0	0
0.4058178389780309	-9.32927795814227	-34.975791351120634	0	0
-2.6494011902148316	10.185280520284351	11.070750265407327	0	0
-1.185304247498415	-18.67291206420225	-14.632551723417023	0	0
4.295186353466143	1.4795830096514635	55.20341439547441	0	0
-2.2550959387684273	-16.43917324922299	-49.8837028819016	0	0
2.4157134198313486	-6.871626748088147	-14.458824675406689	0	0
-6.157576997012114	-12.754669978969844	40.029099277716654	0	0
7.6870653337641315	33.669408840451574	4.758460614742148	0	0
-6.480596099619419	-51.54080489226868	22.045985304766248	0	0
5.523424004021479	13.437187629608275	9.42747449477686	0	0
-4.090488401327221	12.534722663171635	10.539383577066047	0	0
2.3612383065226936	9.793533518000942	5.645088838399616	0	0
-2.073487078146819	3.907497575341381	22.404955142747866	0	0
3.5512144661715865	2.2645493164759145	-18.5043630012061	0	0
-4.05139154992569	9.637018496261717	-29.38564118044762	0	0
1.4940519494493714	18.041617703822624	24.38059484219474	0	0
2.954394499495727	-10.373820784964252	0.9837422435649898	0	0
-4.150289250627921	4.135623408952689	37.045423893022544	0	0
0.9693078381883566	-12.890946022293726	-27.7460533297036	0	0
1.7592541521584693	-3.9553440699574693	5.0233581549139075	0	0
-1.2937666994181924	12.33536109899783	-16.255325984679445	0	0
-0.06303356453253173	-0.5780107636678906	-9.907262210135428	0	0
0.45492970753185347	2.8709083046174726	40.253247201259285	0	0
-0.03982570184054168	8.190751402393566	-29.436315568738735	0	0
-2.1055815142301313	-9.481436706951122	8.002118949890146	0	0
4.873208620935856	-0.6391249743590635	-3.098534741488777	0	0
-2.886540572553365	18.187675914851923	1.2245627587637387	0	0
2.972906114681251	1.0924545896237063	0.7243595956140325	0	0
0.9057206941371163	14.742101956641449	17.92368523450851	0	0
-0.7290071275055396	-15.764647370302264	0	0	0
-2.8092914435420724	18.09502401215199	0	0	0
4.14969599449153	-4.087417566427881	0	0	0
-4.058887895969498	9.02210585634986	0	0	0
5.2297280321163555	-12.084202110077563	0	0	0
-4.606981190265472	10.840766450146319	0	0	0
0.9481793482869634	-21.418847909734673	0	0	0
0.7341470304377609	43.20407117664286	0	0	0
1.439923398911688	-30.638314314737507	0	0	0
-4.951264698353334	-4.92751157548296	0	0	0
6.154355877304575	-2.6009165471880493	0	0	0
-4.1552691137133095	9.402343888000189	0	0	0
3.6174754211393108	10.995413626921426	0	0	0
-4.747834610397362	-2.925128136527512	0	0	0
4.2498553647226345	2.900888652936679	0	0	0
-2.9646040442410566	11.172856249419638	0	0	0
2.9929435512522886	-0.09066667871508116	0	0	0
-4.093154454880306	-16.301735371539166	0	0	0
4.260592215340246	-6.906122172610004	0	0	0
-2.8274700169195484	0.08740770692276811	0	0	0
2.3683946363061636	11.016407926319602	0	0	0
-1.0629760129666082	13.147734852267078	0	0	0
-1.9256664048678829	7.060125198749532	0	0	0
1.1265591412684302	-15.752404290666028	0	0	0
7.12159312270996	-0.11198767579350033	0	0	0
-16.972424125351857	-4.471165857400358	0	0	0
16.806173093472744	6.698848725765544	0	0	0
-7.211980470503619	15.420906913769912	0	0	0
0.12583531050619	-10.356459113611265	0	0	0
0.6029701046395672	10.504354660815174	0	0	0
0.5299272839467406	6.974953629501613	0	0	0
-1.7757377267403456	6.991563496729313	0	0	0
1.5832646211973653	-1.052344766065353	0	0	0
1.2150366474861656	2.766292040524071	0	0	0
-4.411982398597964	8.574772350720764	0	0	0
7.355109367110387	-36.37676543533648	0	0	0
-9.12975113464524	25.22673532183189	0	0	0
8.247639164476801	-12.378327860379805	0	0	0
-6.055983492346357	2.703696708245353	0	0	0
4.744175708235119	13.822998794225626	0	0	0
-1.9043136634495497	-6.1250425302848726	0	0	0
-1.6204611346429942	13.075636522189122	0	0	0
2.32890860553438	-22.78299749871745	0	0	0
-0.8760540222843503	8.323673447667701	0	0	0
0.05543952125962903	10.347787609105566	0	0	0
-0.24444718715497515	-8.901874541835745	0	0	0
-0.16175123361804822	27.19097779252003	0	0	0
2.1573814295916023	-12.224584120281477	0	0	0
-3.9352516666970914	2.877819244662149	0	0	0
3.6990627692763667	1.1835241365806723	0	0	0
-1.627722732779354	14.019149123585393	0	0	0
-0.06406900764042689	-20.902080535123034	0	0	0
0.09371434177278815	-5.290813222838921	0	0	0
-0.043478406306022066	9.873203729654023	0	0	0
0.08860755665565279	7.797150354959129	0	0	0
0.24400811695461044	-20.692290933358223	0	0	0
0.10507545877532465	18.99002936469242	0	0	0
-1.0773926954299071	-19.353384207353415	0	0	0
0.7893904359677961	-5.926500252359631	0	0	0
4.043710570766187	-6.166159551099177	0	0	0
-8.807529884886897	10.192538754218624	0	0	0
8.329200574585698	8.146901283899233	0	0	0
-4.179075087766812	11.150345782123509	0	0	0
1.0642768953052837	0	0	0	0
-0.7252799647101469	0	0	0	0
-0.8455500376923553	0	0	0	0
4.158545552670802	0	0	0	0
-5.145424698326835	0	0	0	0
2.1066272294723944	0	0	0	0
3.313969048638924	0	0	0	0
-5.1702879894933815	0	0	0	0
5.055689630207432	0	0	0	0
-6.083483704551263	0	0	0	0
3.6502371108249463	0	0	0	0
1.7502018517741362	0	0	0	0
-3.452026315203703	0	0	0	0
1.3924925300294504	0	0	0	0
-0.9361566875609029	0	0	0	0
3.6472513788377796	0	0	0	0
-2.094040891172135	0	0	0	0
-4.759000924650728	0	0	0	0
5.277336429310324	0	0	0	0
3.017234173792083	0	0	0	0
-8.452515065194696	0	0	0	0
6.819213513485259	0	0	0	0
-3.4955644897601346	0	0	0	0
1.7320862436448579	0	0	0	0
-3.222134177302401	0	0	0	0
3.384151279154956	0	0	0	0
-3.283477366208942	0	0	0	0
1.2803345670639672	0	0	0	0
-3.426040231989603	0	0	0	0
6.845041768593383	0	0	0	0
-8.073630783884312	0	0	0	0
7.02358330086215	0	0	0	0
-4.984328200537426	0	0	0	0
2.4018692887948205	0	0	0	0
-2.1319550075893545	0	0	0	0
4.357515742278025	0	0	0	0
-4.442290382807776	0	0	0	0
3.623701995921884	0	0	0	0
-3.573486606646327	0	0	0	0
1.98704329768902	0	0	0	0
0.3735455974296187	0	0	0	0
-1.9645656345821294	0	0	0	0
5.3281422647059244	0	0	0	0
-8.54800626180785	0	0	0	0
6.587136970554134	0	0	0	0
-2.7280539418548955	0	0	0	0
0.3803390109919249	0	0	0	0
1.7313189752548226	0	0	0	0
-2.245951104719417	0	0	0	0
2.158359578068101	0	0	0	0
-3.3803479475047666	0	0	0	0
2.535470408428317	0	0	0	0
2.3060991876869608	0	0	0	0
-6.459453500363942	0	0	0	0
6.372971282402666	0	0	0	0
-6.319008683500002	0	0	0	0
8.962850020412027	0	0	0	0
-11.360642705020574	0	0	0	0
9.639094336313363	0	0	0	0
-3.6777804600620883	0	0	0	0
-0.07629985019480046	0	0	0	0
0.4478061855738602	0	0	0	0
0.25131009324177	0	0	0	0
-0.35661687749473714	0	0	0	0
0.8081720984858265	0	0	0	0
-1.1133017251224189	0	0	0	0
-0.4000194564758104	0	0	0	0
2.5108702308085142	0	0	0	0
-2.4458274386252654	0	0	0	0
1.3044705047687515	0	0	0	0
-0.3577958883180443	0	0	0	0
0.06937185250983191	0	0	0	0
0.5345731407472485	0	0	0	0
-0.019422205329149733	0	0	0	0
-0.46533757843931767	0	0	0	0
-3.2047922296306623	0	0	0	0
7.915094085154017	0	0	0	0
-5.077175356135022	0	0	0	0
0.6663049149705671	0	0	0	0
-0.7001019258182168	0	0	0	0
1.2064836422753586	0	0	0	0
-2.5953437986601386	0	0	0	0
4.637141509845655	0	0	0	0
-4.108685598073819	0	0	0	0
3.5652785541749665	0	0	0	0
-4.1618717384029225	0	0	0	0
3.2708743630184856	0	0	0	0
0.27444069239413693	0	0	0	0
-3.6445878231909745	0	0	0	0
2.297244201426359	0	0	0	0
-0.21237739783614273	0	0	0	0
-0.05185011817252416	0	0	0	0
0.09613156979529691	0	0	0	0
0.9763779797441146	0	0	0	0
-3.9292456361357395	0	0	0	0
4.129907888117188	0	0	0	0
-2.7800830984654468	0	0	0	0
3.923237666223123	0	0	0	0
-4.119348684249303	0	0	0	0
0.3919690427745266	0	0	0	0
2.990905146968828	0	0	0	0
-3.7078523262982657	0	0	0	0
2.604301109867613	0	0	0	0
-1.8320611062091032	0	0	0	0
-0.3431910663611504	0	0	0	0
3.7863264854552696	0	0	0	0
-5.453893683133806	0	0	0	0
3.39054885612434	0	0	0	0
-0.0788222570102306	0	0	0	0
-3.810255092839135	0	0	0	0
6.529454294752298	0	0	0	0
-7.502607736023187	0	0	0	0
7.573863613228234	0	0	0	0
-5.283245228481206	0	0	0	0
1.8080971988205405	0	0	0	0
-2.146674561576276	0	0	0	0
3.3210527303830375	0	0	0	0
-0.22267670901044312	0	0	0	0
-3.7069997319384527	0	0	0	0
5.001333900202745	0	0	0	0
-4.174842639348434	0	0	0	0
2.8388502669982287	0	0	0	0
-0.8765518167230866	0	0	0	0
-0.13412659148409034	0	0	0	0
0.9531570900995163	0	0	0	0
-2.9510545392836676	0	0	0	0
