-0.004324616590281494	0.34694627845393455	-0.08465215500623913	-0.0562962677415868	16926.88583811275
-0.06873915642806594	1.1330666174298187	-0.27344188318002693	-0.14551827619759194	16926.909710483564
0.3728605805425005	0.27893217881850063	0.23414135937962044	0.7791613072325276	16927.03012587297
-0.4353957790886369	0.041978575220170455	-0.35257932733921393	1.36644257947232	16926.82504980291
0.31713889530620776	0.03604372362475772	1.5416644733370646	-3.442785220125998	16926.9785528682
-0.16843326169326645	0.34313144515874683	1.388775535712341	2.7018885341547474	16927.24734640053
0.10042485961147918	1.104171160365901	2.170743670835307	-0.39605293090981775	16924.449350548566
-0.29627114332820526	-0.24765964688267417	0.0379336805203252	-0.4234893605322725	16923.109356324254
0.46554161776971625	0.7324792961193793	-0.7654268714660759	-0.3864847920634702	16925.880504907327
-0.6150622536800299	-7.163206415694887	-1.4782071083829607	-0.846323246253192	16924.92584543707
0.7977135997392892	1.184646493901802	0.374814221520964	-0.20409984177757678	16926.034090661742
-0.7780610684662435	-2.158689995535177	2.531714632741455	0.3648929899312492	16923.018692813268
0.6745919864168144	-0.6318481871723876	0.3391586948254144	-0.7716525831814494	16924.17398106084
-0.2194473647372135	-0.6768427814408824	0.17614348709132344	-4.838753132135864	16923.33847040072
0.5086804743655193	0.25848628928373074	-0.40778892680984313	0.4168557105694646	16924.361954444517
-0.972710041601843	0.16975702175058416	-0.6652433928571213	1.7046272792300527	16921.47717290061
1.1443011324605123	0.25645687170759857	-1.5001976624526208	0.9618440384215319	16922.59916470964
-0.9130398037215173	0.9038568680701289	-0.9291607949111835	0.6209980782559086	16920.636351014262
0.9931365047461682	-1.0266280444685236	-1.0427696909217161	-1.834754565376187	16925.18198373315
-1.5505787707303114	-1.4882637968143797	-0.33596389154538997	-0.3404869679359166	16924.168846412857
1.8412694913519942	0.30700473507090464	1.3273603794330597	0.6994170640360124	16923.873214723346
-1.4094083141344953	-0.061362925333291685	0.6538324367196964	-0.21109948716140536	16925.073980610512
0.8761568774000352	1.3455379446170994	-1.616807551720271	-1.6787956351886066	16923.45494275108
-0.4586599421605584	0.12508189042851825	1.1003255799836325	-0.5878904258192819	16923.45645408119
0.07329179209895642	0.740083905178345	-4.514805959622478	0.9777657787951171	16925.218725183775
0.12996713789686964	-1.1759164041051022	-2.877700737154342	1.146577699768656	16924.60148496257
0.12027481029166864	0.20756383499836062	0.08728868889249952	0.21490760207491633	16925.297559097417
-0.22520111067753135	-1.178887405720559	-0.5658092787074054	1.3787558920913625	16922.94644223759
0.4118674768864423	2.7623829589346727	-1.6436093302594657	-0.05210803112120743	16923.125012452943
-0.4043366340180654	-0.2587724527254025	1.320796128311116	-1.7439074824286251	16922.04006122706
0.47205172450567545	-0.4849048866869552	0.44044986060441715	0.10018432719347459	16922.305121763875
-0.326861988241518	-0.33436291370931315	-1.0518849603952276	4.846734057268833	16925.859315984384
0.24147113803765308	-0.40750295637376865	0.7462620585703519	0.7191121594706118	16922.107611043404
-0.37380017651344133	1.1928697469481477	1.4311222106413766	-0.12551388644305916	16926.39056879441
0.54283324852112	-0.424308431335632	1.2406010906638585	1.646769807515497	16926.858314760226
-0.4928762301268321	0.016840056317491303	0.3335040220960934	-0.5389845404010174	16925.036271412166
0.5448250014808664	0.4701188267587	-3.630861477893177	-1.5411884882555853	16923.983570131975
-0.1769997515749182	-0.8481369043833027	0.8321173101817436	0.6352346173378578	16930.011260654464
0.013240761589166539	-2.397274508928028	-0.4689886517983268	0	0
0.014530034016502213	0.026077297896975438	-0.5544226714604008	0	0
-0.08832112829620087	-0.5411224149059848	0.39422745344707266	0	0
0.11674010704360427	-0.2012160453310159	0.33029886767856453	0	0
-0.2046829130623422	-0.8004623878353954	0.5420381350208743	0	0
-0.02546720442843764	-0.22978819130097605	1.0057134044710665	0	0
0.07324260290827311	-0.7148683965040519	-0.23195281477327967	0	0
-0.025368033819198388	3.6809453333288076	0.9518435971507557	0	0
-0.2231176241612971	-1.6700189588248406	-1.6302239690167966	0	0
0.2489366303739331	1.538064381000865	-2.305576530452825	0	0
-0.6033910426429827	-0.07773522904049912	0.43886033682976233	0	0
0.6208915370464752	-0.9468366905274763	-1.5420920470790378	0	0
-0.43595769374855564	0.6495404169555741	0.9482761474432095	0	0
0.11176007464973736	-0.44964041686364453	4.082085227818169	0	0
-0.33003418342644864	1.366364874223052	-0.4574768463969008	0	0
0.5251643770138159	0.18815805281946751	0.9560232483293305	0	0
-0.5424329398855292	-1.1682487381911884	3.0538090780152487	0	0
0.24619215751209111	0.7231956338358358	-1.6399686563487705	0	0
-0.014590780747212762	-0.926239920045802	0.08433583021978563	0	0
-0.019821723055727603	0.717373910078571	-1.378591087146546	0	0
0.15608665646222164	-0.5854076412099474	-0.6246591184745824	0	0
0.36571547290735396	-0.5188399199129137	-2.341502701383078	0	0
-0.6266741458244596	0.7463223598626172	-1.0293155701747736	0	0
0.7564834232264772	0.16041293118612288	-0.9459134556521889	0	0
-0.48235442478624435	0.3565120253345242	1.3128291577319686	0	0
0.3859953316891449	1.4727747673578548	-3.3576827898261996	0	0
-0.20186656565050498	-1.906436950917751	1.9132376429120939	0	0
-0.19353740221303184	1.6314226356822843	-1.1424152775116596	0	0
0.4245703169935382	1.4238560435326306	0.09535689646165224	0	0
-0.5393865298423535	-1.258767230292591	0.16322083353850303	0	0
0.5715981266540595	-0.3188210464880328	0.4814533148280873	0	0
-0.5055262064038928	0.7582924147315282	-0.7908045759295277	0	0
0.5275805729481675	0.010004315965488786	0	0	0
-0.4016810707162932	-0.08138895305800276	0	0	0
0.4050874814607326	-0.3354256171130956	0	0	0
-0.10434239462860262	-1.0479367446606318	0	0	0
-0.22978416753006314	-0.7826286347563283	0	0	0
0.40904150502156256	-0.10853490660363718	0	0	0
-0.141923517363594	-2.623541167156759	0	0	0
-0.14026873539251739	-0.25147703199112215	0	0	0
0.0929843419724321	0.32634530215892	0	0	0
0.2134589274807439	-1.9625367125983857	0	0	0
-0.5614960765395836	-1.221355707783566	0	0	0
0.808222781336724	0.39348396353614845	0	0	0
-0.7051784427594328	1.0964755512364377	0	0	0
0.5198671984208474	-0.054995822996652066	0	0	0
-0.2577114064537369	2.0214455289669715	0	0	0
0.12659089935004175	-1.5067268800726978	0	0	0
-0.4560279936853462	-0.17714931890745333	0	0	0
0.39647476632944745	0.2920466822937584	0	0	0
0.30217131798962527	0.5351163721101528	0	0	0
-1.5994960770797135	1.1220490465737711	0	0	0
2.598600982648506	2.0777436371621434	0	0	0
-2.5587231400114376	-0.04224520839137824	0	0	0
2.0205035987666236	1.0042094315391523	0	0	0
-2.1305256695540606	0.45052969459047887	0	0	0
1.911795539873765	0.7368898618876258	0	0	0
-1.2681587642356007	0.3140873500604613	0	0	0
0.5821008093683773	-0.7747905432418634	0	0	0
-0.27602633786746367	0.8722007003396541	0	0	0
0.39070028745113916	-0.8484670786743322	0	0	0
-0.6189496839162345	-0.16986764712640934	0	0	0
0.6143629368902452	-0.7027965566450689	0	0	0
-0.4691818321736605	-1.47221024011953	0	0	0
0.27439112102202046	0.30578607765899335	0	0	0
-0.09863350411218619	-0.0736573816244217	0	0	0
-0.06788135890738545	-0.883243362223979	0	0	0
-0.03985823132094879	1.6219006009972503	0	0	0
0.22008632413248108	-0.5320575483599228	0	0	0
-0.14048221690430296	-0.196224978809731	0	0	0
0.3274392001602351	0.7945787969400442	0	0	0
-0.15262256867178792	0.5982534612476442	0	0	0
0.003585405984466661	-1.0849484773001734	0	0	0
0.15898035698125312	2.7093677488702568	0	0	0
-0.03349100225531032	0.34941603474790384	0	0	0
-0.2959965436945069	0.39186827602475915	0	0	0
0.30331774733303263	1.2532462406910696	0	0	0
-0.17768358797316353	2.1779277511524953	0	0	0
-0.19456164239871754	0.2285057840074245	0	0	0
0.4750059301458407	-0.08691183820292991	0	0	0
-0.4973046806176953	-0.6246108567694932	0	0	0
0.2803106934131989	-0.5557987128068547	0	0	0
-0.1330732456921453	1.5677783570415897	0	0	0
-0.10408774467570225	-0.03213772190637343	0	0	0
0.20822535050831448	1.872783290186014	0	0	0
-0.24620113045399705	-0.006541329434789134	0	0	0
0.41972680200666446	1.1582179778275545	0	0	0
-0.28463589390997157	-1.5285593902422292	0	0	0
-0.44997873168945546	-0.3412800379944798	0	0	0
0.9071764965542641	-0.8925559984890086	0	0	0
-0.9316084013864767	0.22007614091566552	0	0	0
0.5991789750511813	-0.6600869619789336	0	0	0
-0.12011517755565393	0.7193038398991405	0	0	0
-0.5116733536124372	-0.07824782978020295	0	0	0
0.7395037251293175	1.0858621206174064	0	0	0
-0.39765834658390986	0	0	0	0
0.1172150988536842	0	0	0	0
0.1163862602143837	0	0	0	0
0.23553048383112696	0	0	0	0
-0.9191300734093417	0	0	0	0
1.5696489480362743	0	0	0	0
-1.5926792797209615	0	0	0	0
1.0231712438553089	0	0	0	0
-0.7380080233989261	0	0	0	0
0.33502526982499603	0	0	0	0
-0.21536713559466847	0	0	0	0
-0.044732726725236205	0	0	0	0
0.13409766790400113	0	0	0	0
-0.19992839011602115	0	0	0	0
0.08588182191724059	0	0	0	0
0.10580289935528242	0	0	0	0
-0.5310132875047344	0	0	0	0
0.4101057499396745	0	0	0	0
-0.19429764983450326	0	0	0	0
0.008193933329458503	0	0	0	0
-0.03946778213818192	0	0	0	0
0.11996365255897956	0	0	0	0
-0.35575848662790577	0	0	0	0
0.21052120867263113	0	0	0	0
0.056385605893751745	0	0	0	0
-0.20424589622523825	0	0	0	0
0.3146992141297744	0	0	0	0
-0.2209182076719287	0	0	0	0
0.22376518975779192	0	0	0	0
-0.19689060409622527	0	0	0	0
0.048381358189502066	0	0	0	0
-0.206906575772976	0	0	0	0
0.22894379950712818	0	0	0	0
-0.25031862965595053	0	0	0	0
0.007737092313867322	0	0	0	0
0.0037056422727346217	0	0	0	0
0.2117473683140858	0	0	0	0
-0.3072126938337476	0	0	0	0
0.2700861148076399	0	0	0	0
-0.12344419471335755	0	0	0	0
-0.0867992000054727	0	0	0	0
0.4973148276662869	0	0	0	0
-0.8989597691741551	0	0	0	0
1.2187748531054154	0	0	0	0
-1.2184159997691353	0	0	0	0
1.225090904225155	0	0	0	0
-0.7705076732797664	0	0	0	0
0.08070382407341015	0	0	0	0
0.3596987849949116	0	0	0	0
-0.5853782232453923	0	0	0	0
0.6324502666394025	0	0	0	0
-0.532775734994452	0	0	0	0
0.06529396071550764	0	0	0	0
0.34459571669590616	0	0	0	0
-0.5996904693118026	0	0	0	0
0.6001830178752812	0	0	0	0
-0.5265756528466312	0	0	0	0
0.3083520532438584	0	0	0	0
-0.1279054257807104	0	0	0	0
0.2187121454724803	0	0	0	0
-0.41242735463402624	0	0	0	0
0.526825387755629	0	0	0	0
-0.3431980445391076	0	0	0	0
0.34554375769956636	0	0	0	0
0.019823702468258375	0	0	0	0
-0.1847079369227842	0	0	0	0
-0.017642369008314063	0	0	0	0
0.18256538401601574	0	0	0	0
-0.19681758189302911	0	0	0	0
0.09416388539803933	0	0	0	0
-0.320743944765411	0	0	0	0
0.6637496217231842	0	0	0	0
-0.720222410875337	0	0	0	0
0.5136128339899386	0	0	0	0
-0.37536522118151083	0	0	0	0
0.2752351678050644	0	0	0	0
-0.25046120535173344	0	0	0	0
-0.045579174691255275	0	0	0	0
0.0069480948011104715	0	0	0	0
0.026819532826053205	0	0	0	0
0.1456893267451349	0	0	0	0
-0.16075635356990858	0	0	0	0
0.06426349428078026	0	0	0	0
0.3041141265799254	0	0	0	0
-0.47111196133169386	0	0	0	0
0.3231261367173772	0	0	0	0
0.2899282641833878	0	0	0	0
-0.5216159181981439	0	0	0	0
0.41190276078126686	0	0	0	0
-0.02488360979413784	0	0	0	0
-0.2962227201185357	0	0	0	0
0.47430722610357634	0	0	0	0
-0.8115053768688725	0	0	0	0
0.672651159652915	0	0	0	0
-0.5362631166022211	0	0	0	0
0.36230229155254534	0	0	0	0
-0.6742192338318063	0	0	0	0
0.8383337267082211	0	0	0	0
-0.7172845633410248	0	0	0	0
0.41580545236749344	0	0	0	0
-0.48567659522952766	0	0	0	0
0.7925537805974585	0	0	0	0
-0.692138115975979	0	0	0	0
0.5503648361612292	0	0	0	0
-0.13534494505841366	0	0	0	0
0.1582135295521212	0	0	0	0
0.00574325677925458	0	0	0	0
-0.2329563708750655	0	0	0	0
0.42434873256251393	0	0	0	0
-0.3613389341149329	0	0	0	0
0.2645520568616604	0	0	0	0
-0.05053528528591045	0	0	0	0
-0.17690332231726558	0	0	0	0
0.7271441664376823	0	0	0	0
-1.0974424616396021	0	0	0	0
1.04084812175644	0	0	0	0
-0.8210585088623006	0	0	0	0
0.7254996092680059	0	0	0	0
-0.522688874054154	0	0	0	0
0.3836260370914175	0	0	0	0
-0.2198360958649488	0	0	0	0
0.32547357988497794	0	0	0	0
-0.09677771419024594	0	0	0	0
0.003984817037199662	0	0	0	0
0.01475573652140838	0	0	0	0
-0.32111631986096256	0	0	0	0
