0.15767594883107705	-1.4975938534352977	4.148234281847692	-0.2315777804272301	16852.328205593498
0.11586656334398526	-4.138496673565939	13.235382206111794	-1.512804002115331	16852.545305554337
-0.42710135271058647	4.860195495157079	-5.795332551064817	-6.529674614117951	16850.454307316104
-0.8956710722197698	4.7779993019528035	-5.872851167523692	1.7510455548118387	16852.93781489296
2.0541524009011027	-4.096286651674973	9.606282112382644	6.039190744400031	16848.969132265473
-3.146069719537202	-5.807341693922702	-5.941353057520885	2.685858779343718	16862.374999792988
4.0679878172024	-5.552010472967382	6.172723633442843	-18.287877999337667	16832.46576603153
-4.137815847385724	7.315523309121623	3.690657284811138	15.17624900226619	16850.348485965573
3.5493240019959558	-0.5599662113831201	-13.84107136818551	-10.28891839754516	16835.57010104681
-2.362482230927874	1.7366735281744923	-6.9143069971102165	-26.83783282750771	16827.239546647463
0.48457580903716746	1.3026189011424663	-8.45579174931082	-15.167374559763388	16803.760497410636
0.7612933771657069	0.49053098504418813	-15.893660485290567	1.667389405898561	16773.510388465787
-1.0451367285510287	-0.8927195594799642	14.19055862286855	29.837399577254075	16787.61912233146
0.5307443657254538	-3.6603684563880705	-12.085969249039707	-49.224278004325356	16651.0802053233
-0.26964646242176826	-4.224872846675531	-10.905321826315344	55.486528251983984	16714.105804296792
1.6711278378635797	-0.9628643606662877	7.027618557977547	-24.577741423035036	16712.629302000394
-3.0413136782558894	0.875766486286544	7.041156196988311	31.529733670265017	16719.38181489644
3.2897879656490616	7.7877066435972395	36.1981314838948	18.618378401226494	16814.941969158263
-3.13047726401863	5.5797386608900865	-28.2539098380135	-4.6569533109975225	16884.730430662923
2.0495285297403782	-15.179279025346652	-68.94807245136361	-7.455516840852766	16859.658564277524
-0.38501731433234454	-6.949809378229062	-16.164292047263444	-11.858512810550081	16945.033754331067
0.17791443378092708	8.298109086844995	-7.456473529112245	3.6068316489520527	16987.729225545852
-1.3141551912672824	-5.38344977308622	6.128173251787956	-48.800166001697704	17048.253281039695
2.9336605772870072	14.903615293872043	-16.207846402172876	27.32562663838391	17074.569367843047
-3.4778044288293017	-9.744517508440111	-3.103340058853476	25.6736516818996	16994.980607910948
3.1927637802582467	2.2240057965451356	-3.1758644704528933	-4.893661574775109	17076.275864087642
-2.368454751965089	2.6774677675091425	-20.083883507084067	-5.870124644990028	16673.100046510022
1.9374438987030729	-6.933043556716264	-6.82260755957094	-5.649736353319426	16610.970435411513
-1.7960407284382924	0.2563027461362566	7.670024059667057	3.934363257236953	16654.792396384295
1.3937561467951767	4.328106576769521	-31.039961483267717	-8.394798233632784	16660.293811313673
-0.6643099510804618	-1.537374864305697	-46.047082367892585	-0.05010279251521865	16625.593102951643
0.48161281607253414	9.7756003111569	26.56469011226524	-28.068993057339156	16638.509686839123
-0.19874652934893788	23.042832201863455	-1.6245134617178394	-51.97755933378083	16662.28899380653
-1.4729353380835946	-42.441305728923304	1.6758214736670851	-39.523395533281075	16674.25068659347
4.461049284062739	9.31781125832827	-3.787488116465255	-3.9777574317218694	16932.947099585697
-5.091677743719025	-5.073434561217674	-0.38641715835298385	3.451120729770807	17121.826134104333
2.9547088562515214	34.15116593988027	10.326286687563126	16.566602530238157	17150.6040177803
-1.6125557363133538	-19.76621023012222	1.5038896261258117	44.12026821721116	17112.49890272417
1.3113562704516681	0.14964783133723358	-5.367042297581861	0	0
-0.4758600071176957	-6.492519896649021	-1.7486264522577244	0	0
0.9238520339593137	1.2024030391204903	-13.378273209463686	0	0
-1.781855226914665	-0.5709926146636803	-6.684565441276376	0	0
0.38052802844165257	-6.5729173732520465	-11.09117808006583	0	0
0.9760663103922127	-2.841408689852912	2.5313997436206535	0	0
0.6843601873686893	12.363074023407272	-31.535918220742616	0	0
-3.4408717808033416	-13.177367190559906	29.050475100480327	0	0
4.390238467150901	9.437319733261987	-0.9687908642219156	0	0
-2.3633063384867725	-3.496677647401306	-5.3824468142802715	0	0
0.9425131613435482	32.83063405907095	6.465850312088136	0	0
-2.2575668548613805	1.3635447954823263	-3.297157412729277	0	0
3.5799559228177387	4.7378500404088015	2.8859233899089247	0	0
-2.810977314045793	-14.855066972947107	-0.8442501446308199	0	0
0.7067374006749176	4.509213146968904	-5.118468414856935	0	0
1.6307861987549117	2.1699319347033423	6.7517031059940535	0	0
-3.3351105527496046	-4.746577694532348	7.43805280657638	0	0
2.5411122347022683	-0.5516349631448207	-1.7547008650091556	0	0
-0.649093037766086	-9.120623443979383	1.7407647915341613	0	0
0.6568396416310307	18.018599156538826	7.44146297038148	0	0
-1.3159092386486861	10.732878759988708	-7.213817772696217	0	0
0.5300965155503903	16.705872777421263	-9.476677471753561	0	0
1.2687250126575194	4.394890919999526	23.990878536031957	0	0
-3.14548209554124	-14.74978980242605	-28.032896773305524	0	0
7.47910925698131	-5.7766940112773995	47.34866133126991	0	0
-12.515753283754371	1.1130906697058691	-16.973736698648636	0	0
9.783905354864366	5.053730506769831	6.929386456202039	0	0
-3.033275791986661	1.0384639678126817	-1.507201332976564	0	0
1.4457603279837485	1.4246830242989503	0.8141956587939063	0	0
-0.21223477100667054	-0.9714061929332729	-0.8098927058767202	0	0
-3.7297607809034616	-4.749731538741294	2.0435250428068628	0	0
-0.014915302969953359	15.838393604756966	-5.8224027576454915	0	0
8.429314608255496	-7.009949026785833	0	0	0
-7.853696385790123	2.0110740660741513	0	0	0
-0.1280160390536409	2.4568352317828825	0	0	0
3.934934312625032	0.2863098933236259	0	0	0
-3.5872610674319745	4.577049745066631	0	0	0
3.5098720404483643	-2.634211558297828	0	0	0
-3.3904129504780443	13.179971517121253	0	0	0
1.8377646249823059	-4.068675493268408	0	0	0
-0.08449601669131823	-2.321749132273851	0	0	0
-1.0095586436001796	12.03026237968848	0	0	0
2.109090237786347	-6.292672088430052	0	0	0
-1.8886046524086808	1.7727807081729452	0	0	0
-0.009474160808764509	-6.457099553326522	0	0	0
2.038283539727246	11.498780673971645	0	0	0
-3.604772511916636	-20.633935512008406	0	0	0
2.648621967971586	9.909211828085134	0	0	0
1.2811207705123024	3.250635392422055	0	0	0
-3.2314805256353125	12.259594044388535	0	0	0
0.9899006691235783	-2.35870192705643	0	0	0
0.946559679103629	-0.2458137940774634	0	0	0
-0.0631185917052548	2.545202759865333	0	0	0
0.4376057976969534	0.8869006363440519	0	0	0
-5.118276374590806	-3.5883742760613586	0	0	0
9.65404636596562	-1.8076525324093566	0	0	0
-8.465679484804582	7.048416847929865	0	0	0
4.886139581598037	-0.21163064223690498	0	0	0
-2.38969493600014	11.31235065329237	0	0	0
-1.7097323493076786	2.566369635600992	0	0	0
6.387281668736392	4.127488110122059	0	0	0
-7.1491448708886765	-1.5005985247478009	0	0	0
4.864826591835765	-5.205572608405589	0	0	0
-2.249251462224173	-2.7920874563026743	0	0	0
0.8223154581403946	-1.608638749651611	0	0	0
-0.5072540398568819	-8.822565698784494	0	0	0
2.2312117057782146	-3.5436355986891	0	0	0
-3.505856797076241	-3.0865492460889286	0	0	0
2.9673991300657576	1.310107034045501	0	0	0
-2.1272136425413564	-0.7185056917763291	0	0	0
1.3647607834331552	3.563391386046085	0	0	0
-0.1845195308236569	-8.369592136340714	0	0	0
-2.4539733846035148	16.100479324439995	0	0	0
8.51473277233167	3.8494870071746092	0	0	0
-13.03955674863083	10.936880646726749	0	0	0
10.07158508078755	6.880386884511978	0	0	0
-4.650321518108598	13.341440842027673	0	0	0
2.440654812334479	6.400187079268605	0	0	0
-0.7358273322765783	30.976210029487596	0	0	0
-2.7623641070669436	-40.63576558492239	0	0	0
5.757997411181165	45.998866143902426	0	0	0
-6.011321930056575	-6.348984324024563	0	0	0
3.180699093662227	-8.547022807345527	0	0	0
1.072091990044541	10.060085176263833	0	0	0
-3.9332148696557923	-6.70480044045113	0	0	0
4.279547202811891	-9.946846028423167	0	0	0
-2.6298679517179693	-11.504170799279166	0	0	0
-0.12110273911820713	-6.207980921673396	0	0	0
2.0841016457554105	7.92765902278893	0	0	0
-2.2085805802735337	10.52244425830122	0	0	0
1.0375023721272711	-7.573659959257924	0	0	0
0.5253569498639052	-9.839288853226762	0	0	0
-2.198695862927323	16.30138946581161	0	0	0
2.661059270606465	-1.7568431147309411	0	0	0
-2.0360139625436773	-13.538873128360208	0	0	0
1.4353478683040422	0	0	0	0
-2.8017042348316465	0	0	0	0
2.822363727647655	0	0	0	0
-0.24558784261461852	0	0	0	0
-1.9380962191856028	0	0	0	0
2.4409423307201195	0	0	0	0
-2.206985794014024	0	0	0	0
1.7699435739063318	0	0	0	0
-0.6420077566518501	0	0	0	0
-0.048871275787064405	0	0	0	0
-0.16573962619887794	0	0	0	0
0.061119935462869535	0	0	0	0
-0.5242158658306835	0	0	0	0
2.1859107548271624	0	0	0	0
-2.0471221345727315	0	0	0	0
-0.4147170792940287	0	0	0	0
1.7291495916618231	0	0	0	0
-0.3895235090540723	0	0	0	0
-1.1296072772394794	0	0	0	0
1.3995227711537694	0	0	0	0
-0.3222125606703443	0	0	0	0
-2.208501793908262	0	0	0	0
5.736778653794211	0	0	0	0
-6.143448836829066	0	0	0	0
3.454810319450729	0	0	0	0
-1.8890598709071114	0	0	0	0
2.031321542787502	0	0	0	0
-1.4965341813982889	0	0	0	0
0.7758835922778289	0	0	0	0
-1.302334280731813	0	0	0	0
2.0683792829058874	0	0	0	0
-0.767404259766117	0	0	0	0
-1.2080230395498788	0	0	0	0
-0.8144979690335887	0	0	0	0
5.68722056578747	0	0	0	0
-9.953009862882574	0	0	0	0
9.983319622810697	0	0	0	0
-8.405786119635813	0	0	0	0
6.282254011928771	0	0	0	0
-3.1402466142102767	0	0	0	0
0.6606162908147795	0	0	0	0
0.06845984135116367	0	0	0	0
0.18987680178283028	0	0	0	0
-0.960970162215844	0	0	0	0
0.5298759560575803	0	0	0	0
0.6048161108995203	0	0	0	0
-1.7680578882970224	0	0	0	0
2.7367828649213948	0	0	0	0
-3.428070493771415	0	0	0	0
2.411291725591525	0	0	0	0
-0.16332967840562418	0	0	0	0
-1.6136705216926899	0	0	0	0
2.7369525319319408	0	0	0	0
-3.2604638165164914	0	0	0	0
2.497585327227803	0	0	0	0
-2.268600270430639	0	0	0	0
2.6697551749503745	0	0	0	0
-1.9928210625221254	0	0	0	0
0.6024329909620292	0	0	0	0
0.19201087554843355	0	0	0	0
-0.036704066709681626	0	0	0	0
0.5672595614948008	0	0	0	0
-2.4196029683090146	0	0	0	0
3.356328208701946	0	0	0	0
-3.0028122413778817	0	0	0	0
2.2202655832542746	0	0	0	0
-1.1016661246119668	0	0	0	0
-0.5621397412184095	0	0	0	0
0.6891037190505571	0	0	0	0
-0.07006971887479096	0	0	0	0
0.13792313387703814	0	0	0	0
-1.1335311701556705	0	0	0	0
1.9769111246120588	0	0	0	0
-2.7143378181679623	0	0	0	0
3.2058426908711013	0	0	0	0
-3.565977853249848	0	0	0	0
4.303100225966965	0	0	0	0
-5.468529633552578	0	0	0	0
5.585027408767694	0	0	0	0
-4.4589158198747185	0	0	0	0
3.245159841929926	0	0	0	0
-1.4395639571401588	0	0	0	0
0.36950673137839374	0	0	0	0
-0.9591950510788223	0	0	0	0
3.0509178783137756	0	0	0	0
-2.945766414343616	0	0	0	0
0.6879336622872216	0	0	0	0
0.7451127492943925	0	0	0	0
-0.8719681149185092	0	0	0	0
1.5039081160703915	0	0	0	0
-3.4682266901000816	0	0	0	0
4.454779628992661	0	0	0	0
-4.316116967870194	0	0	0	0
5.4295312805355	0	0	0	0
-5.817215506507381	0	0	0	0
3.907925788109374	0	0	0	0
-5.640688098517614	0	0	0	0
11.757392932463603	0	0	0	0
-13.81613021659583	0	0	0	0
7.877025121354805	0	0	0	0
-0.6238278660149632	0	0	0	0
0.7199369362826076	0	0	0	0
-5.0835314399266665	0	0	0	0
4.208816510150584	0	0	0	0
1.5135949538278624	0	0	0	0
-8.371522675528745	0	0	0	0
11.456600336874551	0	0	0	0
-8.699878404676134	0	0	0	0
5.571634348713928	0	0	0	0
-3.659258671892104	0	0	0	0
-0.23245989221652508	0	0	0	0
3.497165301223326	0	0	0	0
-3.7851568881662416	0	0	0	0
2.152495678732919	0	0	0	0
-0.8898213511317934	0	0	0	0
0.24071349756166427	0	0	0	0
0.8882225336171672	0	0	0	0
-0.5984348731302873	0	0	0	0
-0.8258490746182261	0	0	0	0
1.4348014322848925	0	0	0	0
-1.9393128932470276	0	0	0	0
2.279855953603807	0	0	0	0
-1.6310766802597456	0	0	0	0
0.18471259477227164	0	0	0	0
1.543980058001857	0	0	0	0
-2.324403664755472	0	0	0	0
