-0.006305396066018432	0.7688930224400465	-3.345012273014291	-0.00218431969030064	16901.559716026448
-0.23683753350473324	2.181782830020687	-10.29110615972705	0.9058703304535527	16902.471016796706
0.8568916504385484	1.541426482770838	9.20903147585841	11.725917502222245	16903.80789553831
-1.9055726903035506	1.1664839934676152	2.9183321675510285	-3.4249544674293873	16900.520605068486
3.165680624333426	1.9425801868337302	-1.4475876896858608	-26.601055559030684	16909.413627901155
-2.8774156569133993	9.73105833795156	-0.7462347451312326	43.65248051648399	16883.274278654204
1.1356399682563563	-2.6803977122123754	-11.331550071938025	-18.24551292816321	16855.134032233473
0.1296486655343685	-2.41258767509013	22.720093602350275	15.914372802457606	17033.8098911168
0.8159753198138304	5.163993883811486	-19.62198730729257	-12.664375719414892	17113.463363066658
-2.1824331179144636	-5.243844027665105	3.405133203388303	-1.6867866605098243	17144.157573955184
2.696484479737542	-0.8412103168458387	2.3632389102893967	-21.923492111892983	17139.708320613838
-2.0705351284138445	7.520894915735134	6.298627550585124	16.404066744160417	17086.314540187406
1.0814861485745553	0.9356215320963983	-8.782133740670844	-28.104421174000564	16986.293322372152
-0.7784291845310705	-5.627979406352971	-1.3657344623780006	18.467710410048625	16906.08752316267
1.764580483820282	2.6157100378769798	1.4305306831323321	-15.670110219474509	16924.274546232573
-3.0647052870937372	2.9471835320019864	-0.699252172996168	0.17310176694982715	16883.79699807579
3.418363575672842	0.16839143897300346	-8.209803366622012	-12.533871776680641	16868.820754379973
-3.1123395242569885	-2.1375653798949656	1.2969302360618258	-10.106836717879787	16773.9987871691
2.941466588533636	-1.7874017306842092	-0.9655628229740216	3.1289465341843083	16795.618362865658
-2.645218855581284	-0.05598318356177856	-0.26161615233539237	-1.1176285168865974	16816.07064058137
2.4890114195093958	-1.106913023564715	-7.839554811860253	-3.311575979368712	16845.978793316834
-2.146770524365934	4.143310233405117	-7.3695301841429455	19.393783533050723	16910.546583005376
1.9244998568578282	-10.47070282849441	-13.716618958206254	-22.721381258839116	16880.656481158054
-1.9730810518723914	5.063008054041404	4.764245271454243	13.260392079307223	16895.806188506056
1.3587882328443115	-0.9169469728219042	-5.055000819777661	-10.712104328931119	16841.663452159173
-0.677514221660779	2.8208468602447994	4.249489859553208	3.387397317326304	16961.879664142114
0.7036574810648091	-2.0892910320717135	-3.958043307481688	4.206106819041608	16943.46967772397
-0.5653596910094976	-2.205918911332418	3.459011324783532	-10.86378145734568	16897.047847334637
0.4538128211617547	2.215311887900242	5.807863637951584	-11.074367594144576	16885.107843208167
-0.841992730280559	2.387981202468694	1.7460075972835085	-12.949758855592478	16900.88463837648
0.7475542023981916	5.6894327531278535	0.295711181443977	-9.046788906602245	16893.658007701462
0.24064113741502524	-1.9565352034808896	7.584767132874589	2.0672348553439406	16876.114992781746
-1.2826027729292164	-3.7346241775617983	-8.577115529054524	18.499248244640214	16865.352410781205
1.598392866317802	-3.4391171722597917	6.880063108822782	-42.25371435500317	16858.25031537507
-1.7961622152409333	12.607743212093311	-4.157347212492795	14.678189754659357	16840.190096279533
0.8751702476967722	-3.525093880564512	0.13965439025339776	-3.5307903806696714	16843.79448651424
0.4102631687863436	-3.3349325922836215	1.0269353554118226	-0.8556907673409029	16793.030205786352
-0.5036088231091966	4.047719012765008	-0.29562267149422894	37.0631516200922	16793.930321609234
-0.8434238625862918	-5.922256739696195	12.409794941291509	0	0
1.5735235554814295	3.606201085121299	-11.67415223619237	0	0
-1.069038710251455	-0.2911787275178668	-2.1381731031870714	0	0
1.0569755850596323	5.185460970458891	0.49700099886568694	0	0
-2.1626076593520693	0.5853105985574132	1.450296875450178	0	0
3.712430159291223	1.6367601263633489	10.890243927980265	0	0
-3.6978844508430555	1.9408124388952501	-14.348168202264176	0	0
1.8625856482873857	-0.6509626246472067	3.0783131476158303	0	0
0.12416159981823682	-4.74860731471793	8.829803615774637	0	0
-1.1050258736875236	-0.7540063242699162	1.528337570472715	0	0
1.277543897790565	3.4796458497331244	5.29702641422675	0	0
-1.7032265481432418	6.413478792053326	-1.2669667765821373	0	0
1.7867716199841794	3.9841312488538847	12.609645282645204	0	0
-1.7376114526088884	-10.27283769081312	2.714715605124283	0	0
1.6181930115641094	7.93173687243366	-8.938280770521729	0	0
-2.0433101032433285	2.7472161970974724	-5.290449878756959	0	0
2.6290118723239786	-9.433437008246479	-9.103242507629446	0	0
-2.355900178162173	-4.518973740986979	-23.288144757521707	0	0
1.5140462715167828	3.306103748424512	19.05583664518926	0	0
-1.64942841647364	-6.872617461295675	-4.191827087772467	0	0
2.2136064773773896	-9.772019583526905	-5.818855029237483	0	0
-2.192839148229602	1.3960178903632396	-1.9653687202212637	0	0
1.7866336703238872	-1.6586542155764263	-2.586826661259579	0	0
-1.878707209690461	0.07889012247030536	-11.352313421169498	0	0
1.6132584958478091	4.431288313019046	6.340322758485897	0	0
-1.0056791429395417	4.056351339967051	-12.4889742631225	0	0
-0.4739129121366261	-7.814943584524187	2.3686336615290884	0	0
2.0895708929791112	2.3985734418099653	11.02176684713882	0	0
-1.76779522028869	-4.528022172673239	-6.568112829396469	0	0
-0.4491420952721086	9.81612190280147	3.983386048958721	0	0
1.9844009301976513	-1.268474972082089	-11.14836657663544	0	0
-2.09401378614767	-0.13404017288434034	5.264343264866923	0	0
1.4504115601935794	-5.127584141263085	0	0	0
-0.7227139944123948	6.143644257459648	0	0	0
0.46865712415196015	-2.2027069661491794	0	0	0
-0.7856234444982704	12.557305150339872	0	0	0
0.5647375470366072	2.2847550356093365	0	0	0
1.328789999999799	-3.2591991228537864	0	0	0
-2.594572693778055	0.3204380357553944	0	0	0
1.6947662008668871	1.677514913390219	0	0	0
-0.2688013170606709	0.2088621395086605	0	0	0
0.32187675119394754	3.49781188349813	0	0	0
-0.45525904627697145	-1.6364140709195354	0	0	0
-0.4139967736367822	-6.237809281897221	0	0	0
0.9018197522272757	-1.5716393529362165	0	0	0
0.2807556918211276	-8.071090892059821	0	0	0
-1.0478979544097697	-4.716574543654694	0	0	0
0.19793422713372166	-6.276733044978947	0	0	0
0.6475725724591967	-2.5094803838829094	0	0	0
-1.1048078450056735	-1.8749374104834615	0	0	0
1.3019677603382434	1.7568039411054883	0	0	0
-1.731623220649901	0.6793866441714727	0	0	0
1.5903664021166506	3.4036664776711447	0	0	0
-1.1942722067032605	-6.122868646679002	0	0	0
0.6642178417589903	1.1701700387989291	0	0	0
0.6313292120073299	5.1777166711748634	0	0	0
-1.4657578258171782	-0.06257521589089521	0	0	0
1.3908517601133141	-7.617618761636102	0	0	0
-0.8498267784680493	1.0530759561085645	0	0	0
-0.04585680488795418	8.76594130203872	0	0	0
1.4123736806052278	-7.424975927605026	0	0	0
-1.8358660264220248	3.850428246022176	0	0	0
0.05803815754027397	-3.065219876284111	0	0	0
1.681163473611008	1.0680509513073204	0	0	0
-1.3334111190452518	0.0626678621076735	0	0	0
-0.8648296792070482	7.885368332260718	0	0	0
3.450465247291035	-5.21886095995341	0	0	0
-4.534453599402397	10.183253289425586	0	0	0
3.603761035774234	-1.0059542786140057	0	0	0
-1.3596367388643742	0.061002237297032025	0	0	0
-0.8149832875396612	4.523576899034296	0	0	0
2.091050932243128	2.643013150065535	0	0	0
-2.2530718414917246	-1.7520362117521344	0	0	0
1.0593672938233851	2.3251481229463593	0	0	0
0.26352014530854717	6.177096104303516	0	0	0
0.05766098670237341	0.09335170129752157	0	0	0
-1.9389219412226453	5.600112591281842	0	0	0
3.2978936736300852	-4.837594979817354	0	0	0
-3.145976640562722	-0.5198570300629086	0	0	0
2.395592407819251	2.9177541285171102	0	0	0
-1.4293295296592206	-2.664446163113965	0	0	0
0.1726347814054776	5.810642190916198	0	0	0
0.4402561701868706	-4.167127399572131	0	0	0
-0.59315762119612	2.7849973744113896	0	0	0
1.6427160771287106	-3.4765317078216285	0	0	0
-3.470346672580007	-4.660060298738294	0	0	0
5.3315141843706115	-1.6600586059194953	0	0	0
-5.980947763375028	8.86810590283951	0	0	0
4.355785296673915	7.128699191545927	0	0	0
-1.9160675152501128	-16.741663410398814	0	0	0
-0.043313636186738336	7.499588061017398	0	0	0
1.227563925487857	-7.892455400404032	0	0	0
-2.5998400935346524	8.09879360048884	0	0	0
4.157684215290978	-4.8698401821888595	0	0	0
-3.404994576934854	15.402359507975923	0	0	0
1.0541146749837296	0	0	0	0
0.2621226478076366	0	0	0	0
-0.4272125000067746	0	0	0	0
0.6142028895250604	0	0	0	0
-0.4316143414042273	0	0	0	0
-0.702661848223677	0	0	0	0
1.4700324518764987	0	0	0	0
-0.970807504670411	0	0	0	0
0.4992620073570677	0	0	0	0
-1.4380681289496096	0	0	0	0
1.9203787156449224	0	0	0	0
-1.1525096138866573	0	0	0	0
0.4508763043917057	0	0	0	0
-0.5298063646818676	0	0	0	0
0.38730220437906127	0	0	0	0
-0.8634204687887603	0	0	0	0
1.3101563650660921	0	0	0	0
-0.5782942153149264	0	0	0	0
0.25333160814956557	0	0	0	0
-0.4970264902780457	0	0	0	0
0.6220053160467316	0	0	0	0
-0.8988916075305511	0	0	0	0
1.6837797864206152	0	0	0	0
-1.572051436345987	0	0	0	0
0.47741379691645136	0	0	0	0
0.5030267051065991	0	0	0	0
-0.44210280709729943	0	0	0	0
-0.16295073806579552	0	0	0	0
0.9151916142222234	0	0	0	0
-1.5074221571405957	0	0	0	0
1.8751211453634795	0	0	0	0
-2.2033313447041323	0	0	0	0
2.6552511075114467	0	0	0	0
-2.569577161287377	0	0	0	0
1.1154666191575302	0	0	0	0
-0.19870274319169567	0	0	0	0
0.39940564299487846	0	0	0	0
-1.1874050190577634	0	0	0	0
2.1690506998323897	0	0	0	0
-3.4290550052073314	0	0	0	0
3.61404364622431	0	0	0	0
-2.812760715388862	0	0	0	0
1.3239031334687823	0	0	0	0
-0.5566414305548264	0	0	0	0
0.07322388538817393	0	0	0	0
0.5635155995125913	0	0	0	0
-1.843893244490907	0	0	0	0
1.7778753292887899	0	0	0	0
-0.8925751193233395	0	0	0	0
-0.3003622146737257	0	0	0	0
0.8019596399367828	0	0	0	0
-0.33958700532384967	0	0	0	0
-0.2766064026322681	0	0	0	0
0.8129818765326036	0	0	0	0
-1.2367638702630614	0	0	0	0
0.8902283560964932	0	0	0	0
0.7624554241882322	0	0	0	0
-2.517938594747058	0	0	0	0
2.962781240265663	0	0	0	0
-1.44821059302204	0	0	0	0
1.1150477520572935	0	0	0	0
-2.429847923302617	0	0	0	0
2.6029553411173225	0	0	0	0
-1.0343249666799323	0	0	0	0
0.4729279256450951	0	0	0	0
-0.8656245157136837	0	0	0	0
1.5707133395073356	0	0	0	0
-2.19686743753018	0	0	0	0
2.1352782771774415	0	0	0	0
-1.7316559028585985	0	0	0	0
1.468056051794541	0	0	0	0
-0.9693670672876564	0	0	0	0
-0.7146455690756	0	0	0	0
1.0445223597037767	0	0	0	0
0.2813836812335353	0	0	0	0
-0.26184571584141025	0	0	0	0
-1.2817578284606697	0	0	0	0
2.6075882771694125	0	0	0	0
-1.1245324426678494	0	0	0	0
-1.1025580136395234	0	0	0	0
0.11201495110668702	0	0	0	0
1.5223000738538417	0	0	0	0
-0.9001489691927063	0	0	0	0
0.4775381997776762	0	0	0	0
0.19856460354492356	0	0	0	0
-1.4871597031173778	0	0	0	0
1.683001309786512	0	0	0	0
-1.2350631402720396	0	0	0	0
1.2660677387093955	0	0	0	0
-0.009063579649762232	0	0	0	0
-1.6442797130462594	0	0	0	0
2.1464585803268577	0	0	0	0
-2.1044596531662734	0	0	0	0
2.4469154566418467	0	0	0	0
-1.8479576733026377	0	0	0	0
-0.2899563166016179	0	0	0	0
1.968918077900497	0	0	0	0
-2.789825953162868	0	0	0	0
2.8751387010808998	0	0	0	0
-1.7490006360883044	0	0	0	0
-0.031012836807043698	0	0	0	0
0.9872713675250111	0	0	0	0
-0.5071408040239405	0	0	0	0
0.01870314781864124	0	0	0	0
-0.08607619994660354	0	0	0	0
-0.6498081435572658	0	0	0	0
2.5140833706334575	0	0	0	0
-2.962509097798815	0	0	0	0
1.1983110116332725	0	0	0	0
0.38935916524290093	0	0	0	0
-1.3945997021020915	0	0	0	0
2.1407732990721584	0	0	0	0
-1.5132172251567155	0	0	0	0
0.03194436908760423	0	0	0	0
1.7738098138745002	0	0	0	0
-2.502335675284236	0	0	0	0
1.500340421167536	0	0	0	0
1.4084826391094936	0	0	0	0
-2.311286476414928	0	0	0	0
-0.18101206353670563	0	0	0	0
3.5704532667215645	0	0	0	0
-3.8150449830952624	0	0	0	0
0.7730700001315114	0	0	0	0
0.07293037692958393	0	0	0	0
0.7129781122758558	0	0	0	0
1.3262936470013287	0	0	0	0
