0.8158690156088042	5.031368522523998	-17.72152166568486	0.5034370646759783	14493.607291546361
-3.725781115095181	14.95299093437552	-55.685130557221925	4.692662637792722	14498.262036067943
-6.623006119509654	0.3988690176288969	32.09076643935937	46.99736276444128	14506.023888562508
12.321320223399432	19.7765636846772	27.86576217673972	115.3671668270393	14496.947319877967
-13.235646716385396	20.934892858488347	87.46334388241739	-40.43149656038311	14496.361352285074
15.645030366956192	-15.207139804055892	-23.55863251321537	-100.00748313093355	14498.541793382203
-14.807385650823562	-24.124963250080718	7.713504256079673	103.502253778866	16503.20032917816
8.316659150783146	-10.884068519290402	6.747442779705921	-9.752495578029624	17304.164204917608
-1.994779160550749	3.5399667175945737	-19.28335306006248	16.710337122565022	17396.00214959853
1.929029202604923	19.867468016212698	66.52583257363962	-139.2651066655674	17428.141815835617
-5.2446075088952355	10.768732196655158	-20.628132163743345	70.24510698737333	17462.61831089601
2.3897639604915213	64.21787595552186	-1.186052836682947	-3.624749003455264	17481.261513314326
2.389321658277332	-27.823621077396183	12.692423348295591	8.279341030744774	17851.287300538454
-2.968709423099533	17.14104730357019	-19.003417247370805	-40.341208967341174	17875.81278554954
2.802503257816788	-8.73268932011841	14.718655802577075	26.729761854667856	17502.85583610551
-6.3001841598496	34.788204723027675	-18.170120275949657	-8.915908890463925	17543.273433216433
10.594707113087999	-21.804840855987365	-53.33854478998924	4.081003607356308	17604.97103649271
-10.686452616172957	1.9303849710399419	31.43862006615302	9.549338621490591	17550.14296413984
4.799336164756234	-5.3312556963466164	-29.447953546488606	42.984105588988655	17452.51192451733
-0.912650622421431	7.925399562615425	33.16804588273156	-54.58834946204874	17368.70713897877
3.822212861236622	-3.676275033224954	4.12413009162897	-1.1416672050918635	17311.067586836984
-7.89332494901705	11.062861220408763	17.732165996899127	40.11411223692866	17360.68689131032
5.100435556746049	3.0472317972120777	16.838867464802277	-10.956611082071703	17187.01137420825
0.15124631770718366	-1.9620810792696517	-27.315228139457275	1.5231816285013338	17168.201334903424
-0.5064167156979877	4.470062388662299	14.766139976506011	13.087500791917023	17074.540838372803
-1.9242416422070008	-11.50532952978459	7.5281038425682425	-49.72415906184864	16827.729807825028
1.3046439607539924	-6.123948403921958	-12.909191368031259	13.1661838128894	16913.95667024365
-0.2622162121800784	-7.962460630589092	7.948623838680334	4.3624498899562525	16872.733451949367
4.157888717480077	-9.472474894121248	-9.053368724422981	4.478920820101848	16919.60860459346
-6.461381894306356	-0.4461400316265838	5.315586940150382	-12.60221090615049	16824.339126807998
3.425733455765652	-22.225043850033387	-2.478374838101047	-0.47061557303838697	16780.448743087734
-1.1723035980236887	20.63359200432822	15.631507102288339	-8.221843604489749	16700.420015715208
1.8393867006363536	-8.865688352899483	-14.666436696789077	-4.218644879882774	16705.807687859353
-1.976365962935354	8.045225980735182	14.73369994711588	-44.68680444757369	16602.047435580393
0.8550480612789286	-1.7737628232096654	-17.53141194156221	-22.025185870836808	16757.018547664848
0.1871043568323998	5.630153400213047	-10.955455791850639	10.92521165039821	16830.678320781328
-0.6717245756267474	-7.340664315911823	26.19748317639646	35.62765236790739	16719.118690968022
0.9978099485704206	1.570077029956181	17.47429531034564	25.072177933332412	16565.84651554754
-2.628936557074624	3.9104829990238983	-34.151247478423315	0	0
4.529580181942073	11.84925470116498	-3.0536868013541323	0	0
-4.8965783744839015	-9.860498440569813	29.307920145174123	0	0
3.9856953711513796	-13.37557106646436	-11.709310730815659	0	0
-2.3810539773061308	15.177154831511501	5.635493728047734	0	0
0.6861328045088015	-6.669042839402451	-10.74859562317711	0	0
0.31180967129662207	0.3573986457984546	-19.90797675008126	0	0
-1.4039535576399444	7.26011562794325	12.893320656100101	0	0
2.938838294059586	0.3895708249203267	13.323988369771968	0	0
-2.6718490758435465	3.8931550179967047	-14.988100084042983	0	0
0.563502251778857	1.0094157935113515	-4.119646752050315	0	0
1.635682313306802	2.7937452530176756	11.328703042142152	0	0
-2.351536158455744	3.665539939623926	7.4217690277273505	0	0
1.9258233715689101	4.041872281828063	-3.394944555048042	0	0
-0.8560247375442245	-3.2594690700697697	28.7152611735725	0	0
0.470090961589932	7.173189487094433	17.365585119048106	0	0
-1.3107761131883393	-4.389728049598773	12.547828030174855	0	0
3.300861625903046	6.204666689719858	-43.90528036612227	0	0
-5.201861369989473	-16.22407762383152	22.718592945910615	0	0
5.3518233047701145	3.8556099419062804	-5.354234577649578	0	0
-6.791450479311344	5.597830909903237	2.5817268550812855	0	0
12.383079696622367	-1.295679316122488	-2.1403408313745587	0	0
-12.278172820230182	0.16090418206499635	32.931082749059016	0	0
4.962479960364028	-2.3179186701603243	4.692373104482769	0	0
-0.3318967992603419	-6.246136834835497	12.574114822084752	0	0
-0.7348129540902804	-8.103093465184983	-15.116273189898891	0	0
0.5254392817832709	7.128672205232945	0.5762491947776738	0	0
0.008138291452119972	1.0128522189070281	2.2503909892039644	0	0
-1.267993907636793	-3.62327933048779	2.760900226894563	0	0
1.9236465309537252	-3.5389361974725233	-3.258509779114533	0	0
-0.9577764591384934	-1.88446334348518	0.21302189252266146	0	0
0.5293268220577261	-6.8655822125205646	1.30001435795333	0	0
-1.3708622494140954	5.0092478585826825	0	0	0
1.6770850013188792	-4.3954953888376025	0	0	0
-1.4793849314659653	17.644003058949806	0	0	0
3.038610873827281	-14.338960150192378	0	0	0
-4.93838793629596	11.223648940157489	0	0	0
4.23434360735407	-6.426249327617498	0	0	0
-1.005747782477826	0.012187038135337502	0	0	0
-0.5328768474497068	-1.4138648745809235	0	0	0
-0.47137435225297963	-4.337440083586273	0	0	0
2.1782425211338676	-0.09957127311636782	0	0	0
-5.340250994057321	7.7895404252519995	0	0	0
9.238928306208116	3.1850179897457025	0	0	0
-8.764871431183593	8.435747143333884	0	0	0
5.020530609989088	1.419992744298483	0	0	0
-2.2470931566775647	6.463711141570727	0	0	0
0.03963174110955947	6.588670331829498	0	0	0
0.9933582746667682	-7.6531078651386935	0	0	0
-1.2930115285092612	-2.7820079449677237	0	0	0
1.8513462934995957	-7.714925530936462	0	0	0
-1.8162708678301058	-6.235299948006627	0	0	0
1.1250037262759918	4.169788797239619	0	0	0
-0.9193077903740559	-2.1813640239924936	0	0	0
1.132682853479146	12.385748857013773	0	0	0
-0.528407707490679	-2.432918019360322	0	0	0
-0.7081614250109851	0.9975121119010666	0	0	0
1.4492448847748918	4.815572911696449	0	0	0
-1.5718524628241468	4.812606868685826	0	0	0
0.856146867721236	-4.33194597596929	0	0	0
0.7223907884084824	14.14585458423069	0	0	0
-2.0783053530002533	-14.535850020189692	0	0	0
3.2966322340061183	8.377235024221328	0	0	0
-3.787591180598369	0.2846888876653253	0	0	0
3.1732009594106856	4.782190752396659	0	0	0
-2.446716511901606	-11.484714152849541	0	0	0
2.752689364844663	-0.39869391322297787	0	0	0
-3.1777175502821393	-4.2121487756692275	0	0	0
2.289556958402798	29.22853141387973	0	0	0
-0.6845294459316591	-13.943918071267028	0	0	0
1.0152614972369278	-3.7133987558738326	0	0	0
-1.5627807778699037	14.023002795771127	0	0	0
-0.2853080204880598	-12.737091061150586	0	0	0
3.1817137087474947	1.0804454139015505	0	0	0
-4.567456178051501	-13.331341934738653	0	0	0
3.584328786871893	7.538929579917401	0	0	0
-1.5870324137789567	-5.883202854559002	0	0	0
-0.6562408576579344	5.1289677506892275	0	0	0
2.1550567928975184	13.987384105084423	0	0	0
-1.5730534751767564	10.986856177988642	0	0	0
0.3435506651519873	0.31192832584071795	0	0	0
-0.00868700837401093	22.03502677959218	0	0	0
-0.6365653978880701	-17.49401954572427	0	0	0
0.9799081224500128	-4.72884465561966	0	0	0
-1.6901075997023938	2.3428296725130693	0	0	0
2.755837944841609	3.5336360490883365	0	0	0
-3.9742925785716707	-2.427488164282856	0	0	0
4.963502607734789	1.4227085896999867	0	0	0
-3.722516771067042	-9.126891728074483	0	0	0
1.4373940461263075	7.535176393353325	0	0	0
-0.09726133693672523	-5.379728880733708	0	0	0
-1.047264129532934	-12.500317339117863	0	0	0
1.686976394673536	19.90862063773185	0	0	0
-0.33945779225299333	-4.492592514485956	0	0	0
-1.1322884357257124	-4.393876454258383	0	0	0
0.8930189952460239	0	0	0	0
-0.36056199509322795	0	0	0	0
0.7976061085798989	0	0	0	0
-1.6885521698618575	0	0	0	0
2.8163327936576437	0	0	0	0
-2.5737826515779076	0	0	0	0
-0.023815556064768373	0	0	0	0
1.5242789619277417	0	0	0	0
-0.31841947194665465	0	0	0	0
1.0150629943296465	0	0	0	0
-3.510035810739055	0	0	0	0
2.624188004851966	0	0	0	0
-0.5666897418587595	0	0	0	0
1.002756458140695	0	0	0	0
-0.786725478352011	0	0	0	0
-0.37341197966870254	0	0	0	0
-0.4966399647687041	0	0	0	0
1.9094368991356347	0	0	0	0
-2.141141412650157	0	0	0	0
1.5022697394106643	0	0	0	0
0.5823340335703193	0	0	0	0
-2.543620003067325	0	0	0	0
1.7291730910772714	0	0	0	0
0.04645755304360932	0	0	0	0
0.2907670771188151	0	0	0	0
-0.893364885424468	0	0	0	0
1.2107070455386761	0	0	0	0
-1.6543175688000318	0	0	0	0
0.5989046301715888	0	0	0	0
1.2528931378432162	0	0	0	0
-2.889940829772989	0	0	0	0
3.1061729649954515	0	0	0	0
-2.0490032761579045	0	0	0	0
0.9290489602981111	0	0	0	0
0.53786393237597	0	0	0	0
-1.2450595912653526	0	0	0	0
-0.5546313307777524	0	0	0	0
1.9609306091334773	0	0	0	0
-0.5032123850572034	0	0	0	0
-1.2395007824598494	0	0	0	0
1.5729036485001586	0	0	0	0
-2.0388213284971	0	0	0	0
2.3811231893812916	0	0	0	0
-2.123393156659155	0	0	0	0
3.3328415021951443	0	0	0	0
-3.601981670282143	0	0	0	0
2.5338333398266997	0	0	0	0
-2.699049818358283	0	0	0	0
3.442924070132655	0	0	0	0
-2.3146357537877122	0	0	0	0
1.4234066456166659	0	0	0	0
-1.8722376444601139	0	0	0	0
2.6601078505128655	0	0	0	0
-2.6484772623890933	0	0	0	0
2.5644982089914024	0	0	0	0
-1.7295086652520553	0	0	0	0
-0.32303698637107914	0	0	0	0
1.344416290013747	0	0	0	0
-1.7449691053676943	0	0	0	0
1.0569024437034003	0	0	0	0
0.3574807397691515	0	0	0	0
1.3088738922820866	0	0	0	0
-4.3367835977533815	0	0	0	0
3.9418080633411705	0	0	0	0
-1.3698325573760997	0	0	0	0
-0.09145479741570028	0	0	0	0
-1.4836446238397585	0	0	0	0
3.0392159124273093	0	0	0	0
-3.6348018198306704	0	0	0	0
5.024177218660135	0	0	0	0
-9.038636864657683	0	0	0	0
12.151309054680937	0	0	0	0
-11.013597272629418	0	0	0	0
7.772795488723361	0	0	0	0
-4.4843770988587295	0	0	0	0
-1.268809698149667	0	0	0	0
8.869399033244449	0	0	0	0
-9.802449042715423	0	0	0	0
5.17133555685313	0	0	0	0
-3.0540073922723536	0	0	0	0
2.5817199215337894	0	0	0	0
-3.2878049434092134	0	0	0	0
5.664961066818371	0	0	0	0
-4.59645679600176	0	0	0	0
1.717800102963011	0	0	0	0
-1.5075118076929002	0	0	0	0
2.2175425356670004	0	0	0	0
-1.6797666402460862	0	0	0	0
0.5666026015185608	0	0	0	0
-1.4341731889910179	0	0	0	0
2.869817996166603	0	0	0	0
-2.2371403713438553	0	0	0	0
1.5101090919119358	0	0	0	0
-1.958106827216973	0	0	0	0
3.6525733026581975	0	0	0	0
-5.111483062510487	0	0	0	0
5.343603104542254	0	0	0	0
-4.000094831672577	0	0	0	0
1.0139612598659298	0	0	0	0
2.361895408485964	0	0	0	0
-1.6684193484349237	0	0	0	0
-2.3195567135682325	0	0	0	0
3.5035083369573954	0	0	0	0
-0.9391889474759765	0	0	0	0
-0.936655612849222	0	0	0	0
-0.3938041728680233	0	0	0	0
1.7776232635678184	0	0	0	0
-2.4548084525020073	0	0	0	0
3.5456875468888143	0	0	0	0
-3.6171190678716556	0	0	0	0
1.74701560859301	0	0	0	0
0.5421195650225741	0	0	0	0
-2.3149080104372928	0	0	0	0
2.6572578952209085	0	0	0	0
-2.4698709052575794	0	0	0	0
4.320681802356596	0	0	0	0
-6.4166749231660845	0	0	0	0
7.271549852374413	0	0	0	0
-6.189021861614471	0	0	0	0
4.990264628721327	0	0	0	0
-6.052080850134693	0	0	0	0
6.696695931300091	0	0	0	0
-1.7622499685220205	0	0	0	0
0.45040590974628714	0	0	0	0
0.26484016239449204	0	0	0	0
-5.30121670947095	0	0	0	0
