-0.18198945089513074	-0.5892180866185868	-0.6543382572362475	0.4164643412522224	16296.620678077836
0.33664530933167214	-2.3569064365996297	-2.342440345489763	0.8153232035124631	16295.11276183622
-1.403754363679809	-6.186479178146165	-8.218128037833267	-5.222323854158205	16297.215102434968
2.919799163493792	2.932943942277511	-10.868519061288993	-10.790491539321636	16296.231273294807
-2.3598331446633907	-20.634336079314274	11.98270190163791	-20.371230148505617	16294.05318625287
0.21929197890761998	10.776398936491965	2.5041502793455095	-33.70677148948087	16303.149783028824
-0.7535064200671897	5.513784838542271	-1.6868330132698333	44.34240021902207	16286.450306518893
3.896702052802354	-1.249991303148029	5.930875989644505	-26.254292430989608	16344.150775388473
-4.9039712996299585	-1.8299904560412514	9.572625427420164	18.48912003851285	16569.554041782314
3.233498542159502	2.042989457035638	-14.422566164879527	4.068718236273398	16655.351896809363
-1.1850425297835372	9.619679272425223	-3.2348029524141566	-6.471230225782463	16625.037971319554
-0.6618901236732952	-5.212160464854811	-3.0263593136585456	-7.249051252766023	16602.012388782256
2.3100821792017143	-9.174435531044082	15.728608869541375	3.346738015331894	16544.333635714742
-2.6150989941220217	6.478422912628673	6.3620252832894835	1.1804760892166257	16490.6836475562
2.0579568038683718	15.50835204241639	-5.812469202556002	25.723687218907926	16450.38102470807
-2.787100506083071	0.4248053244428931	-17.618500273397743	-8.055395973638014	16430.552497489694
4.210088712408769	4.125809810400767	39.928619168479926	26.55509204528809	16381.9012144185
-5.625761454485293	-3.444644885093126	-4.652570643795443	10.443729042495619	16397.0598480542
7.637254205825826	-1.3824223907948365	3.3179726514668317	17.62265967543037	16405.533018980008
-9.604104432286285	10.84204853371552	-13.00789960671483	19.040721413017494	16393.820124896072
9.70816148249832	6.5107030570847115	17.33750803517772	-7.327737805792012	16423.988151528414
-7.7199057146891406	2.946318712078835	-9.183758944663325	13.380381175325837	16401.990613447
3.8395892037403243	2.1564984973876804	5.042302582391656	-16.73675616680771	16425.70387693883
-0.9253682377038217	-1.7406939800737788	-15.609972496434594	19.130464989196398	16449.300120121625
-1.4589823081768998	4.437000629324153	-10.646051484914608	32.25340820827367	16413.997495157582
3.924037666610019	9.29328458697028	2.0228314532296707	37.73369940630313	16497.25311860322
-4.084292440636446	-9.190323482744319	8.021855480210405	-16.457887458808457	16533.22591998371
2.6093745898403142	2.254213466998195	-12.998321320634986	-15.473782412048408	16470.395805668904
-1.9804939986815526	-60.13645182437096	-8.757367287651263	-12.342656037280165	16590.008380082996
0.3285315210005564	26.91301536309151	-0.807519320497363	8.304594129349212	16611.892501204053
1.9753417400135689	-12.97835372855058	6.219943216516853	-8.648658853871808	16649.417533223568
-2.091587550241762	12.62236500953616	-1.8478337243466427	-23.175453638311183	16637.759622995094
0.37001936603428476	-4.883427271992673	8.50679946483406	-13.8479179402825	16804.276814723766
0.933871232168876	4.454624645099962	-5.723334413630241	29.072645390108974	16848.89733134001
-2.438736264669153	0.7638362737497744	-7.843193241827919	-16.753487300451496	16692.025157800075
3.971715837632459	-0.9025218899704299	2.148105881184165	5.38608370728295	16807.276599592085
-3.921831647707009	1.7815825878997487	-12.920671578040015	1.6629615241875655	16883.50411389292
2.790577959860798	-4.973324031186273	6.341812608528841	-20.8273777212751	16879.34016799583
-1.9893744946795238	9.412876439541904	31.833329634566994	0	0
1.6183454155640362	-8.949416995135067	5.910203054679272	0	0
-0.7904264016925495	-1.2808607373484477	-13.681643015692714	0	0
1.0618810634635238	0.09551825400697567	12.67808011402326	0	0
-1.9768318653415307	0.772985417345069	-23.933609653086577	0	0
1.571433979748548	1.9467563596234285	11.02725779326326	0	0
-0.7843025006724673	8.669155312286165	6.632100879418758	0	0
1.745736348662568	-11.882232089403466	-2.109962624522012	0	0
-2.9516510442793376	-4.589696360359312	26.239195919990806	0	0
1.8953755826854248	8.573809704171936	-23.46722972749086	0	0
0.016274348150162155	-7.367640704958127	-1.6288730967425664	0	0
-0.5456622576910277	12.325444971848164	-3.312517569544454	0	0
-0.8315799108422581	4.880394668076981	14.268131818615643	0	0
3.3177176190991204	-10.285729447112068	2.943008946850071	0	0
-5.655532066682788	14.214236251343486	18.606622680161223	0	0
8.940862573185271	5.860433516164825	10.509013207054466	0	0
-17.723018655890186	-3.881489181656086	24.09928212533626	0	0
23.759524615576936	2.802862839178161	1.1519501725920804	0	0
-17.744277520273563	8.81755474286335	-7.817461961191384	0	0
7.3690704932829405	-7.072609234752498	6.3197564689316295	0	0
-2.3035432553420705	-6.039605233245389	-7.757447994933699	0	0
0.9287287441246619	8.311757688854023	4.777320989872038	0	0
0.06419728906077182	-1.459556262104961	1.1517257008603394	0	0
-0.6366628837518107	16.67334247677195	0.8271239504756096	0	0
-0.3760400694835653	9.729021427341245	-22.31494233001989	0	0
1.7401218565001173	-5.926069089879348	7.76516063684393	0	0
-2.011443444837802	-0.3118642170977992	8.053437691304225	0	0
1.852022097134686	0.9594395785390546	-11.218223566606468	0	0
-2.4112758655135096	-4.492971120995762	7.113016484696701	0	0
3.238153330156699	-3.9503532143484748	-4.421867631057367	0	0
-3.5671571180132986	-2.6199589689854292	9.214613596822971	0	0
2.375387614119269	2.3692042793472154	-15.720320743741183	0	0
-0.06631153782974764	-1.7159207612140008	0	0	0
-1.97093242852187	-7.594696076104128	0	0	0
2.487651632993959	11.214518506230611	0	0	0
-1.2971639164888416	-10.334398326531343	0	0	0
0.5608567392428867	-5.837091001198893	0	0	0
-1.1806672383772039	-10.646918025118133	0	0	0
0.19310221618783174	8.268718547436222	0	0	0
1.8070146041390842	2.7718101960510353	0	0	0
-2.220730432879023	3.2407751137334273	0	0	0
1.393705233529019	4.873726315152467	0	0	0
-1.1809129481325016	1.7151363176331174	0	0	0
1.567892681318078	-7.330762822036803	0	0	0
-2.1583385822935455	1.2875501959647195	0	0	0
3.3546238726031703	-0.11647607503076074	0	0	0
-3.7186481923065884	4.789894214318252	0	0	0
0.7559803161471663	2.8218866023961837	0	0	0
4.352932428300399	9.23957318019172	0	0	0
-6.605056142872975	2.3491772740638766	0	0	0
6.0534675048443845	7.919917893858901	0	0	0
-5.4733533548828674	8.15650657584883	0	0	0
4.21643403709173	-17.421448923244768	0	0	0
-2.8953568037798263	-70.13137215362303	0	0	0
3.1407913818922637	49.810355099417684	0	0	0
-3.45832750165863	-23.967658216545658	0	0	0
1.7048499191884048	14.50198862991423	0	0	0
0.2942826335977671	8.22261917970377	0	0	0
0.10702330405828775	-4.487616403267047	0	0	0
-1.8151293854534174	5.537259505266952	0	0	0
3.277818689766981	-10.323340954461706	0	0	0
-4.488967091687407	3.0534731605880836	0	0	0
2.813855791384519	9.526799179623929	0	0	0
-0.30773063955142277	-2.183394352828124	0	0	0
0.27209762730388576	-0.2653437576837092	0	0	0
-1.1148430231637718	6.446642198839875	0	0	0
0.9674368080287863	-1.0340866059250757	0	0	0
-1.3171641441918922	-5.710531651052925	0	0	0
0.9116204091529596	-13.694645161297686	0	0	0
1.3037856256616465	10.941151910092678	0	0	0
-3.7255260321103663	9.428326265135347	0	0	0
3.088207009156484	-8.309560629798327	0	0	0
-0.48951618485003934	6.65980944205112	0	0	0
-1.7922413188396504	1.1732827499679885	0	0	0
2.294293312284019	1.8344423521625686	0	0	0
-1.9947711390551248	8.363720656264121	0	0	0
0.42200070980373994	-10.55318481191864	0	0	0
0.0721747794961729	12.614410669824665	0	0	0
1.4470260553428886	-5.416475611883726	0	0	0
-1.9362256464291931	-2.6317297226661793	0	0	0
0.07201139138316393	2.478971721191506	0	0	0
1.5236515378591378	-1.8012248641199093	0	0	0
-0.5891541453485729	-10.183624860759906	0	0	0
-2.1575945980122384	1.2257922009832853	0	0	0
4.499575315169068	-8.70950229854288	0	0	0
-6.588396927863002	10.112224420582415	0	0	0
6.73858274565837	-11.110513843220104	0	0	0
-5.136863386372781	2.137258707065719	0	0	0
4.192407295230581	-13.708513972488433	0	0	0
-3.8720270783406576	5.537068831379962	0	0	0
3.0297302993525435	-10.588504981654182	0	0	0
-2.7609914923313568	15.033958853620241	0	0	0
2.246664069125849	-16.663148760851875	0	0	0
-0.9813687306973122	14.801554017225897	0	0	0
-1.1574061634082469	-5.812165857569468	0	0	0
3.091628369003871	0	0	0	0
-4.1725698064371315	0	0	0	0
5.901156503778381	0	0	0	0
-6.8313555840882	0	0	0	0
4.673665249073991	0	0	0	0
-1.64552460003096	0	0	0	0
0.8094926952420565	0	0	0	0
-1.134391438810347	0	0	0	0
0.6689484183410244	0	0	0	0
0.9022732119111296	0	0	0	0
-3.2611376187310483	0	0	0	0
4.8320210368268945	0	0	0	0
-2.679449299126368	0	0	0	0
0.4393409409094815	0	0	0	0
-2.486782955896871	0	0	0	0
4.304785256801004	0	0	0	0
-1.7370996291168694	0	0	0	0
-0.28921226190866633	0	0	0	0
-0.23371818065458427	0	0	0	0
1.1565120806222495	0	0	0	0
-2.535651306684869	0	0	0	0
4.196289654606979	0	0	0	0
-5.417639583857671	0	0	0	0
6.02455276504314	0	0	0	0
-5.811915453925231	0	0	0	0
5.353159237904677	0	0	0	0
-3.8782120345389615	0	0	0	0
0.5773791353300268	0	0	0	0
1.5004411813217402	0	0	0	0
-1.4906721450175482	0	0	0	0
3.1880610830611644	0	0	0	0
-4.741390901453791	0	0	0	0
4.408331142881451	0	0	0	0
-3.662859328639037	0	0	0	0
2.2743910773892537	0	0	0	0
-0.3817270654096703	0	0	0	0
-0.5574163598085136	0	0	0	0
1.0639298259482572	0	0	0	0
-2.234382406609072	0	0	0	0
2.6540978100589925	0	0	0	0
-1.0773972206855973	0	0	0	0
-1.1513848754903933	0	0	0	0
1.6023884254843281	0	0	0	0
-0.8224767772417465	0	0	0	0
2.184401056682148	0	0	0	0
-4.715738927422059	0	0	0	0
9.637386267564473	0	0	0	0
-21.479734023415816	0	0	0	0
28.814963336526205	0	0	0	0
-19.726666594990903	0	0	0	0
6.599552616349158	0	0	0	0
-0.5895291329691119	0	0	0	0
-0.31838920971722473	0	0	0	0
1.4867275564562448	0	0	0	0
-4.007643898787123	0	0	0	0
5.4436785585926515	0	0	0	0
-5.7205194423493495	0	0	0	0
3.757915039786937	0	0	0	0
-1.2241842966198107	0	0	0	0
1.232158087730184	0	0	0	0
-2.0089946132403043	0	0	0	0
0.8883131388436354	0	0	0	0
0.1850616014559776	0	0	0	0
-0.4704534156930862	0	0	0	0
0.7840344155587431	0	0	0	0
-0.6122345247283647	0	0	0	0
-2.113635733690373	0	0	0	0
4.015319657004618	0	0	0	0
-1.7324230037619586	0	0	0	0
-1.2471595640022954	0	0	0	0
1.0313454613032107	0	0	0	0
1.2200818528534825	0	0	0	0
-2.6876153138402827	0	0	0	0
3.2725403812263707	0	0	0	0
-4.776696981310984	0	0	0	0
5.086296521864071	0	0	0	0
-1.180082823615102	0	0	0	0
-3.350925949732371	0	0	0	0
4.565386171176648	0	0	0	0
-3.030270205828714	0	0	0	0
0.16638410349214894	0	0	0	0
2.538000513787054	0	0	0	0
-2.626622877343557	0	0	0	0
0.9256380318874164	0	0	0	0
0.5813860492422194	0	0	0	0
-1.4888653252452784	0	0	0	0
1.1853217202784307	0	0	0	0
0.17363108208216715	0	0	0	0
-0.9346272786856957	0	0	0	0
1.2290156960120342	0	0	0	0
-3.0760535463594394	0	0	0	0
5.534455734652248	0	0	0	0
-5.657436870763846	0	0	0	0
3.157722469003531	0	0	0	0
-0.43431203354029435	0	0	0	0
-0.2089827867875087	0	0	0	0
-0.46112777397663507	0	0	0	0
-0.0011888909629078626	0	0	0	0
1.231797421360561	0	0	0	0
-2.4981278258052484	0	0	0	0
2.577528035810026	0	0	0	0
-1.1440608289146965	0	0	0	0
-0.7166131744928066	0	0	0	0
1.9379551576618468	0	0	0	0
-2.920465227779246	0	0	0	0
2.833593750117423	0	0	0	0
-2.1559950460042216	0	0	0	0
1.9166844437122634	0	0	0	0
-3.262283907101761	0	0	0	0
2.253606221260007	0	0	0	0
1.131052118336413	0	0	0	0
-1.508802439264933	0	0	0	0
-0.13907655700153754	0	0	0	0
-0.060678340551000076	0	0	0	0
0.6910766392458072	0	0	0	0
0.28268587533386835	0	0	0	0
-0.08549484484728964	0	0	0	0
-1.797527433643431	0	0	0	0
2.6236360124385953	0	0	0	0
-1.949397286074884	0	0	0	0
2.1180808988832425	0	0	0	0
-3.8959683693569644	0	0	0	0
0.7476013348782189	0	0	0	0
-0.6116031309870635	0	0	0	0
0.5907853665145737	0	0	0	0
3.7921315834980973	0	0	0	0
