-0.11642536125157221	0.19248496816667426	-1.0674465910987578	0.11482537275406912	16905.271756636717
0.13618072315201601	0.35813304512153366	-3.4767627648388384	0.39650805560245317	16905.01493399063
0.3878135539334906	-2.0623756265912476	-0.47187127510987636	-0.013699294387663485	16905.76377169084
0.10469459449984697	1.9296968826141025	0.6793608393906538	-1.268944957287971	16905.24874854179
0.4442935446048324	0.8415977906341396	2.5174312755346904	-0.05875145604113641	16905.235067008103
-0.7473066743461345	2.2456988035526493	-1.0867202473109785	1.1691712004984396	16905.11285698616
-0.013125865827667837	-0.8809250601810845	-0.7618943602018362	1.0980473542593643	16902.334249821604
0.11993874113782965	1.9007484125192917	0.816659691111056	1.3885316734583597	16899.711474613294
0.5929943929850978	-3.14446336006673	0.34087300151755073	0.4532590154297651	16899.499232965998
-0.4552246533215367	0.19254568646381642	-2.244655164197468	-2.122191888211347	16902.960404087178
0.04172647160451248	-4.007900427224854	-1.3947980600667336	2.500897501119823	16897.821493361444
-0.3395223775071088	2.67178537467084	1.0750061902742516	2.5338580257735543	16903.335997311628
0.7832286520061587	0.12250901187676533	3.5092310814341516	-0.5918571908941743	16901.889035601664
-0.3498580505280344	-0.37175572625783104	-1.1803101062316443	-0.6737970749861262	16901.11548024001
-0.1279745908123644	1.5847320341068212	2.0152582341564766	-0.8334849026253721	16902.716429843356
0.3537484584372095	1.4724482562806855	1.0614355564016904	4.2451134628268505	16909.214866367336
-0.7252331816849136	-2.2655309805833994	1.804848989755996	0.592938733990195	16906.516721997374
1.031017779697983	-1.665135686997715	-0.7928706947653694	-1.1085111172647686	16909.073584610098
-0.6782328974927054	-2.0329722254865032	0.11835602033586667	1.771457515939403	16909.91842406559
0.765755972728158	-3.0214332338825827	-0.5294763624794143	2.41907342289052	16909.543216040125
-0.648375343598552	-2.417497272568042	3.298601599335697	3.3885987363597394	16909.252113843137
-0.4398558001301254	-0.24508428749533806	1.9483087034806346	-4.693386522905499	16907.91784480018
1.5048883758321168	-2.606455738761092	-0.43065258725769695	3.259094769323653	16905.9189076115
-1.223244536807762	1.3570098660702286	3.6487231135975833	2.989155062941137	16908.659206082495
0.654691249451119	-2.0675312086112143	0.6490865793716694	4.5318672512991895	16903.941554204717
-0.8023957669614248	0.15193050939494412	-0.1502732344796982	-0.20343194113156926	16904.851375327067
0.7696402596575354	1.333966545161445	-2.8103914506428964	2.340602116711608	16902.756105016404
-0.45724369382717356	0.004706934349179903	0.05925339715636824	2.1371642030607347	16902.446264683094
0.7176069324514458	-0.08324354388389565	-0.7052038327693992	-3.7074755129881396	16900.83428659116
-1.1324675125155892	2.2790307004193764	-2.052418430228599	-2.0749070366830438	16905.88951431227
0.6087064604098771	-0.42417944071542024	1.329869588975896	-0.595293844114849	16905.304777699304
0.2054584487321378	0.8873934776337364	-0.4925534215515768	2.3892080522165458	16907.259258585975
-0.1603358594160582	0.08177261834828187	-3.395842755005333	2.6312382619489654	16904.056851872818
-0.13308386212787582	-0.9524591818666366	-3.8605772457063807	0.761222678874006	16906.554892076743
0.11702613244802507	0.2278870063626499	-0.13664487058935038	1.164848014036778	16904.6577453337
-0.6738432260542737	1.0641213154200742	-0.7902890722496778	-0.29651924315396627	16908.778479735054
0.9352236110134271	2.1697530753795604	-0.7169042073090282	-1.56516038831262	16907.86716990169
0.030376354478569567	2.4142975794651917	-1.2938534361412621	-0.8785714913961868	16912.258108424896
-0.978240423236528	1.0131994761160357	0.8369467481998072	0	0
0.9169394356135498	1.213887735258382	0.22070271181138423	0	0
-0.8166985778219455	2.0393426994612085	0.5597115777713242	0	0
1.337681761452096	1.911894074788627	1.9390372254590318	0	0
-1.470917566800189	-1.6479803859116302	1.101447261228401	0	0
1.224470269242623	-1.5951860878578117	-4.9553635664800595	0	0
-1.2437654557696902	-1.1183236228306583	-2.3747866211725324	0	0
0.8005946245786788	-1.0492725809521062	-3.575812577577153	0	0
-0.1571897222279759	-1.6659568494023986	-1.469884985159922	0	0
0.11150702977403881	-0.005175948301200606	-3.101350681815859	0	0
-0.457675035940845	-0.6335443576877751	-0.07810814208167471	0	0
0.04468621271903572	-0.35185282583076827	-1.234836788228506	0	0
0.477546683746354	-1.6630410968340499	-1.6035729778344034	0	0
-0.45752754170013077	-1.418250428746262	-0.6726323668844145	0	0
0.6278785309260329	-1.0603788846039919	1.3867467576562689	0	0
-1.0880343859627146	-2.437649064915277	1.2609916447807734	0	0
0.4371513148861439	-0.1221931401023042	-2.4484017944611196	0	0
0.1785973817935087	0.19822242870525741	1.883319803918269	0	0
0.22358867142257566	0.7610930961852276	-0.46664911663793873	0	0
-0.4717243528585513	0.22914756145424775	0.7903132145202676	0	0
-0.2850495131862729	0.15395827704997345	2.9704977520882636	0	0
0.4920197443961172	3.3336765042995324	-1.8643598141075017	0	0
0.03094402725294998	0.9451418703756573	-0.3154443883910574	0	0
-0.016333261684529532	-0.4023098090422792	2.1491184787455637	0	0
-0.05199594543498165	4.422801318884055	-1.694278277671188	0	0
-0.4286269485938661	-0.6779512180611391	0.700843981940551	0	0
0.6003482748466382	-0.49534144924002277	0.8935633545413424	0	0
0.07928860548884842	0.07433765510008783	-0.8918664160569989	0	0
-0.21175605445565537	1.0632996266582353	0.016074283614173623	0	0
-0.15171346115321427	-1.4735129855303697	0.26185589805334075	0	0
-0.28953980360369513	-1.5990185983755438	0.4700978534399809	0	0
0.916444616277154	0.7767533693926723	-1.0873994361578667	0	0
-0.9806708397231745	-0.6162860104421028	0	0	0
0.9301474246250478	0.6204625808176729	0	0	0
-1.3694135058422958	-0.18017295815931078	0	0	0
0.8888101058113591	-1.0857102505193694	0	0	0
-0.14295567363851092	1.175682430030399	0	0	0
-0.028699404559858976	3.1105245318048915	0	0	0
-0.11300390153775908	1.502013734694465	0	0	0
-0.004035101295897903	-2.9491013791026006	0	0	0
-0.28621076202261975	2.2732824590256087	0	0	0
0.37734505808495555	-0.87114104554297	0	0	0
0.24772249759179488	-1.4308408485201198	0	0	0
-0.9726182884802768	-0.4262056724028227	0	0	0
0.4992054629291687	-3.0741945908283768	0	0	0
0.40949803773638394	0.8605289797520044	0	0	0
0.06479556857270552	0.2708377219346829	0	0	0
0.018215420293152818	-1.1901755225104935	0	0	0
-0.26639892104608975	1.059204486455819	0	0	0
-0.48778856419367855	1.471155583505542	0	0	0
1.3301551327032755	1.329037320066078	0	0	0
-0.9668044756869634	1.67419139441121	0	0	0
0.19021140238426426	0.4898209887682583	0	0	0
-0.2788819326283942	0.05200099993323448	0	0	0
0.12449799078514445	1.3900737025192385	0	0	0
0.16922126691078176	2.081206661958042	0	0	0
0.4288650146128532	3.193500032894981	0	0	0
-0.98663358163423	0.7965816109854771	0	0	0
0.7234277312376136	0.581447749882031	0	0	0
-0.33576006078811105	1.103846153841026	0	0	0
0.7657315380082892	-1.0259810004693293	0	0	0
-0.24627865369691904	-0.4377954226185139	0	0	0
-0.4655090960659791	-1.8496770195580226	0	0	0
0.25747739980238293	1.1195678704759686	0	0	0
0.1827539037400001	1.2445341078226733	0	0	0
0.3135986138790159	0.20837351085793188	0	0	0
-0.6767213373333973	0.6546295089873269	0	0	0
0.24502953294886964	0.4326296514205765	0	0	0
-0.22444847687697234	1.533781129400289	0	0	0
0.7624576984072959	0.7381688384374101	0	0	0
-0.7937287033722953	1.2891443850945734	0	0	0
0.8277853798979891	-1.4464674401926274	0	0	0
-1.5008538274587337	-0.4829846277285412	0	0	0
1.326156098491019	0.7257620853228914	0	0	0
-0.2693958302481505	0.08146083546242266	0	0	0
-0.2590149815048761	2.6717570632934837	0	0	0
0.12712712310638352	-1.3811163879934867	0	0	0
-0.34658096218069545	0.6361383873926272	0	0	0
0.2694529807829156	-3.01471287159805	0	0	0
0.2974274787086273	-0.6196297633539061	0	0	0
-0.28074025131160596	-2.6071360118955695	0	0	0
-0.2728518213202946	2.0646493589914954	0	0	0
0.12371094379246728	0.7290512378884912	0	0	0
-0.03590304150659307	0.5447663009000223	0	0	0
1.359172212672327	0.3003178241195812	0	0	0
-1.7961521169568115	-1.0462636865032735	0	0	0
0.8148667391301103	2.650721107287424	0	0	0
-0.28302505278572454	2.303398123979406	0	0	0
0.12165490183109284	-3.3447977237093696	0	0	0
1.122289064310948	2.8114972515597856	0	0	0
-2.228513250717235	0.5425736846566451	0	0	0
2.0291458829334204	-3.683568215064625	0	0	0
-1.3415557714086361	4.628103699303821	0	0	0
1.1153158168078292	-2.8879546095013495	0	0	0
-0.40843805706484204	-0.7448363497129051	0	0	0
-0.3463930365962824	0	0	0	0
0.0014713248322308914	0	0	0	0
0.5432815595290066	0	0	0	0
-0.007952718554697924	0	0	0	0
-0.6496956677054655	0	0	0	0
0.3297711418183553	0	0	0	0
-0.4650683440922023	0	0	0	0
0.35595629273151985	0	0	0	0
0.37430640554602945	0	0	0	0
-0.8414021046222402	0	0	0	0
0.6205520212768505	0	0	0	0
-0.7643459995097714	0	0	0	0
1.3972690003972517	0	0	0	0
-1.320391479596303	0	0	0	0
0.8666214725645958	0	0	0	0
-0.748026466405328	0	0	0	0
0.39150230823211274	0	0	0	0
0.6754248423506866	0	0	0	0
-0.624975964856965	0	0	0	0
-0.41226506503608107	0	0	0	0
0.8067836114344047	0	0	0	0
-0.43142288162957243	0	0	0	0
0.2638800446659175	0	0	0	0
-0.1197851042645226	0	0	0	0
-0.34175671570142185	0	0	0	0
0.08478431711269252	0	0	0	0
0.21466387697132205	0	0	0	0
0.41540992689417067	0	0	0	0
-0.5696579321914044	0	0	0	0
-0.0913490998501274	0	0	0	0
0.39384235102479437	0	0	0	0
0.38063801514895346	0	0	0	0
-0.8830059608618868	0	0	0	0
0.6952105394279542	0	0	0	0
-0.5609774765217139	0	0	0	0
-0.1493706374061503	0	0	0	0
0.7718874831768048	0	0	0	0
-0.4599182644017574	0	0	0	0
-0.12644213841181084	0	0	0	0
0.06993077655534563	0	0	0	0
0.23138912636667897	0	0	0	0
0.1374952030331542	0	0	0	0
-0.04266400865675024	0	0	0	0
-0.843503114468696	0	0	0	0
0.7581878103296589	0	0	0	0
0.03734098094132321	0	0	0	0
0.4619771487831983	0	0	0	0
-0.9336644424595875	0	0	0	0
0.44996317368459415	0	0	0	0
-0.15695504947304073	0	0	0	0
0.9707753445136618	0	0	0	0
-1.5439704693006462	0	0	0	0
1.1282946490043813	0	0	0	0
-1.2460512847533565	0	0	0	0
1.3990175415578605	0	0	0	0
-0.7826979058964127	0	0	0	0
0.5405571302214653	0	0	0	0
-0.5802953002701656	0	0	0	0
0.08317688724154948	0	0	0	0
0.7567906167084999	0	0	0	0
-0.9010654798546582	0	0	0	0
0.7164968579736168	0	0	0	0
-0.9055681514341529	0	0	0	0
0.6610558337208872	0	0	0	0
-0.026103545968545916	0	0	0	0
-0.10963130833101786	0	0	0	0
-0.1403286460006683	0	0	0	0
-0.12810011975806646	0	0	0	0
-0.00012833730636430118	0	0	0	0
0.6792722447738768	0	0	0	0
-0.6425648960516739	0	0	0	0
-0.1432944881407039	0	0	0	0
0.24292803495059445	0	0	0	0
0.18970308830974858	0	0	0	0
-0.3473395151543528	0	0	0	0
0.5494182251633006	0	0	0	0
-1.042185083043755	0	0	0	0
0.8477891147308085	0	0	0	0
0.03934334742444179	0	0	0	0
-0.21281915724023293	0	0	0	0
-0.09464645474343314	0	0	0	0
-0.13039928255089706	0	0	0	0
0.11293068824720365	0	0	0	0
0.4851430292539973	0	0	0	0
-0.08076337065509875	0	0	0	0
-0.7047255954852503	0	0	0	0
0.3692544890827705	0	0	0	0
0.11090474918634641	0	0	0	0
0.12110865536199356	0	0	0	0
-0.11735004529191428	0	0	0	0
-0.33197712403432433	0	0	0	0
0.5932268688293334	0	0	0	0
-0.16264783474956346	0	0	0	0
0.2500677695303821	0	0	0	0
-0.5112587416612158	0	0	0	0
0.36025934368881707	0	0	0	0
-0.6990274096579299	0	0	0	0
1.0520863297649328	0	0	0	0
-0.5070803717593151	0	0	0	0
-0.16527382770575372	0	0	0	0
-0.23409818992487175	0	0	0	0
0.10066849682679901	0	0	0	0
0.7890006534661111	0	0	0	0
-0.9248879405999091	0	0	0	0
0.5298018377169669	0	0	0	0
-0.7889711579614982	0	0	0	0
1.0347144773588326	0	0	0	0
-0.24972812130085487	0	0	0	0
-0.3842213495941422	0	0	0	0
0.3929682362030178	0	0	0	0
-0.5305601998403375	0	0	0	0
0.7297447738863383	0	0	0	0
-0.028030810347154045	0	0	0	0
-0.5069968005953172	0	0	0	0
-0.14760012453096039	0	0	0	0
0.7049584190728524	0	0	0	0
-0.18893785117654005	0	0	0	0
-0.12457214208178158	0	0	0	0
0.0542165267769974	0	0	0	0
-0.3309638363768599	0	0	0	0
-0.011428686257517029	0	0	0	0
0.9828715196271745	0	0	0	0
-0.5855256463797645	0	0	0	0
0.14252537881299077	0	0	0	0
0.2821644092943103	0	0	0	0
-1.132363689568983	0	0	0	0
