0.2546173787847792	-8.869878245301642	2.101032810046476	1.1181643986996477	16759.98602902676
1.5348097330513113	-28.50696547639364	7.396391120080779	3.230127626654294	16762.097578297075
-7.162851616318164	1.5533992674986052	0.24806629110484835	1.4805887974237635	16759.85826530732
6.5038726520238725	5.818312057851671	-14.02334196762304	-19.770404557340214	16760.130790177314
-2.9893574754121417	-10.164580452420871	17.89798601672767	-2.02771752777862	16768.472268418416
-0.12843094670280664	15.037413067219475	-7.372576543860873	27.31628317337166	16736.384350985223
-0.5371168182235664	-8.722343636328851	-0.05434685649811399	42.011065388733456	16874.567441916064
2.739650045133523	23.126717510408454	8.566664085802643	31.971967679760937	16846.496845070265
-2.0860049638822034	13.791089776887553	34.463835174013255	-22.5908149107792	16854.152322785303
0.7259189415976834	9.088912301056624	-17.303228071138633	35.29958756594816	16826.911626255747
-1.9867148417309721	-7.173344849691418	10.663190613507822	-20.389113978468842	17001.449409497578
3.7912504572152343	-4.008604923823491	-26.86316444324605	-15.287279499015298	16943.602131491945
-4.010881593739057	21.91970442038666	-11.366853503153067	-2.115807369717288	16927.732057819307
2.2341515149554496	6.274159323645115	-23.169131988558348	13.639617032690225	16892.19206406784
-0.6302676211714058	3.868717933719779	-8.10164516328625	-11.63837523787447	16894.542749432385
-0.4153785128560017	0.13672128061585198	8.240523657809959	-15.00592278806154	16886.451154621973
1.2391109971810366	12.692058547313842	9.294196361493348	29.972006192251968	16952.257003971084
-1.5091304661736658	3.179376854442758	3.0746576894698734	17.991286552588633	17013.553365678286
0.8308720050564915	-1.672879836419483	2.8545177844722076	25.961353158051097	17022.402448655495
0.9067050982880929	-9.827120908895921	16.152277823637064	-28.88231917883698	17053.836056160348
-3.036110501202586	8.082892962750535	-18.17422891074392	52.85600816935576	17154.631026973573
3.8459362914004203	12.517439795018383	10.28827358790528	-1.9189012357959996	17196.57771947851
-2.173692738922014	-3.9184186606163394	-0.9580462523021396	-10.494503504775565	16960.455939243784
-1.8765911348764277	3.308683124949141	7.552798286025066	-12.590211690899082	16851.863945631914
4.632412914623295	2.0623851732629177	-8.026166356777324	16.634778996351287	16846.036426988434
-2.611352791206606	12.509237847840673	11.96493879607442	0.2678142445151366	16831.35083939933
-1.0035470803650952	-8.518695524391035	-3.099323925364118	-4.811738011982484	16877.033868976683
1.7724628534948152	-10.583348981528829	20.39427631981303	-0.6762702795246724	16982.742017004395
-2.033464842542905	-5.420982904011275	-8.456602765492093	-6.719388619757069	17124.451345233156
3.3420509281034825	10.220925660428485	26.291087721024255	-46.66197367205908	17021.900652622437
-2.971776868526213	-4.165118454228654	-0.2085405539484526	-7.711346111642968	16995.490800071522
2.0369956469611807	-13.033943318261827	20.80194818256105	7.3419658186791565	16930.66301423699
-1.5573634510794747	11.75183738821756	-18.81733026408807	1.1119274549430287	17056.28710249538
1.0908224006034857	-15.626799983232821	2.038986617730032	-19.647952831724112	16873.918146643016
-0.9209516716440334	4.964643490425949	18.327489941760064	-3.3481040710114627	16774.272986707067
0.6533090435428051	5.425952339450724	-33.36718128636359	3.8094301111585196	16835.17935553391
-0.6795480391169448	-9.772572904991065	-27.58087454563325	5.614878951294514	16758.829642371937
-0.11876095849468271	-17.9755515210884	24.74725695720761	16.113949482111806	16708.606323952692
2.6811352446388668	3.5832844223286244	-10.206718242955972	0	0
-3.9637377306598296	6.786085498976014	-2.8953299978599603	0	0
4.370727420187322	-9.088546620977858	8.64620121320202	0	0
-6.778290909744818	6.697319376501177	-3.142211086237623	0	0
7.759808790172286	-3.9023869461926566	17.08152419037728	0	0
-4.696360657771201	-20.52305357175719	3.2943619313332704	0	0
1.6253199687880269	-2.745241853758003	10.409477103825623	0	0
-1.2817906889561712	6.828569336682989	2.052467554532086	0	0
1.1256108857850435	-20.461993363905762	3.568863746961412	0	0
0.02656604782729488	15.133325719244397	-0.6514128715028562	0	0
0.1498893520715825	-8.77373166306738	3.203917713034855	0	0
-3.090183115713671	-6.477754320636471	-10.912132800576629	0	0
5.547214664595671	1.3082554237468926	-11.771544769103613	0	0
-4.874260461286369	-13.377072224851688	40.26303965994762	0	0
3.7255157666831806	-8.692762327267673	-9.532539564453373	0	0
-2.71202618181713	2.768740550192213	-2.6376799667621924	0	0
1.51280299400279	2.3670978465307897	-6.2702302306177415	0	0
-1.382874421599837	-5.12830811871391	-4.1711970481567135	0	0
2.9277888225932642	8.956639637776178	-4.579270550737675	0	0
-4.624950546218095	7.7218158505363945	32.94815593283451	0	0
5.931104911899027	1.5170061902717578	-42.57966792818833	0	0
-6.4003650994811	-6.145497237384916	-3.019188209621376	0	0
4.8459794845944515	2.323421094470966	7.044492191555179	0	0
-2.777009063614031	-16.76244077535201	9.724056140977297	0	0
2.1385585425459652	13.880866606546185	14.747584268786767	0	0
-3.2945032167710693	-3.804738214957311	10.302531753894897	0	0
2.249358094763089	6.4611353895456745	14.413893623930576	0	0
0.4552378867705187	-0.40334395955242996	-3.4330845311467755	0	0
-1.0398683538001734	-4.816419091674646	2.535078303940253	0	0
-1.0064067547698912	15.650062994512112	-1.6868235971860912	0	0
3.7316687534964146	1.5232944104190125	0.40764716633532316	0	0
-4.32788207604731	18.174421223585355	-19.670267662261594	0	0
3.3253024581550505	-24.73282085760478	0	0	0
-2.400231917175013	12.3970106478599	0	0	0
0.16677202366845734	-6.068774022013557	0	0	0
2.1576624155373096	4.295944990898057	0	0	0
-3.3067430560464075	3.456741481271486	0	0	0
4.30332234200749	-11.640165043528775	0	0	0
-4.380663238695526	-8.480294364286117	0	0	0
4.418715613888281	6.435736623372641	0	0	0
-6.009115053928646	-5.814069765798884	0	0	0
6.848068501424947	20.96727200099896	0	0	0
-5.568526032145655	-6.264422855774285	0	0	0
3.1643492727399476	-10.958073644655556	0	0	0
-1.0219954644683469	2.7900471247438077	0	0	0
0.28435827169275285	-14.017617144176612	0	0	0
-1.8617935516332764	10.858659624483906	0	0	0
4.617162976104723	-26.117384034775668	0	0	0
-5.667419651569894	5.957674268914182	0	0	0
3.1081716346170225	8.650047769358615	0	0	0
2.3568259482630154	-7.275335421972379	0	0	0
-6.108252272865755	5.920558553475473	0	0	0
4.308428451386362	-7.263853704266182	0	0	0
-0.16717777699975045	-1.8563211450641504	0	0	0
-1.7193653173986903	-4.267547186638296	0	0	0
0.9585112820107966	-10.012898366260025	0	0	0
-0.6786893659285838	0.22493799790517244	0	0	0
0.9858090158917321	-15.550050738117427	0	0	0
-1.397011291799977	8.76674032880782	0	0	0
1.2349142101953348	5.4085998723612505	0	0	0
0.616966617622694	-4.270766533969578	0	0	0
-4.019625788933901	2.3995136507787436	0	0	0
6.365281922085067	16.766589332967072	0	0	0
-5.998179596798927	-2.103434123303849	0	0	0
3.653509571349076	13.447671953515673	0	0	0
-1.794932670146217	-9.61895703677827	0	0	0
0.6451128852864798	10.451009101190976	0	0	0
0.4901178241063633	-15.573710589613846	0	0	0
-0.5171719480454229	0.15142063891241264	0	0	0
-0.1845597250791542	-0.6162518718530166	0	0	0
0.1342267210241559	-10.270412752767093	0	0	0
1.778241188535958	0.681296417272435	0	0	0
-3.180446423000866	-1.3671335980768191	0	0	0
1.9086272134779563	-15.18172425916891	0	0	0
0.6376458909486402	-2.4513623038186623	0	0	0
-2.278096750341142	-14.416758800250982	0	0	0
4.122239382503686	0.034549482514727003	0	0	0
-6.659302560880228	2.4237125988852597	0	0	0
8.093375099429977	-6.435631681172666	0	0	0
-6.3379264140090115	-2.093492733498188	0	0	0
3.906231624618215	-0.10713141717885577	0	0	0
-2.39661141932973	-10.34460803896961	0	0	0
-1.442412772225687	7.933453260087461	0	0	0
4.9422794166761435	8.509823059743916	0	0	0
-4.792991132283667	2.8373461173466197	0	0	0
4.002025425085009	-0.4666564271079494	0	0	0
-4.508622699913602	3.945917090563597	0	0	0
5.036950907307606	-0.9058202534826876	0	0	0
-5.157973968260649	4.063611952372945	0	0	0
4.102237772461471	-14.841062034232891	0	0	0
-2.413615994479798	5.634801312229072	0	0	0
2.1824206227870917	11.282090441296695	0	0	0
-3.038768023538246	-16.743025333465674	0	0	0
3.104622208874133	5.207869959930306	0	0	0
-2.100811553610697	10.712686126913013	0	0	0
0.17602580512551924	0	0	0	0
1.3226557564189676	0	0	0	0
-1.5242025510020056	0	0	0	0
4.119035320973154	0	0	0	0
-9.18094213072316	0	0	0	0
9.051044173146913	0	0	0	0
-3.6082363364322134	0	0	0	0
0.9617096506384826	0	0	0	0
-1.3338480553489234	0	0	0	0
1.2544232217048616	0	0	0	0
-0.14089269517544523	0	0	0	0
-0.6332470818418798	0	0	0	0
0.25450081725057316	0	0	0	0
1.0372168250367224	0	0	0	0
-2.4153547338897567	0	0	0	0
2.965670478959531	0	0	0	0
-2.1527613787812214	0	0	0	0
0.762604743986266	0	0	0	0
0.759101866174845	0	0	0	0
-1.0728151648723312	0	0	0	0
1.570900564593309	0	0	0	0
-3.8563659903067773	0	0	0	0
4.647519074260337	0	0	0	0
-2.470082912862459	0	0	0	0
-0.5724293479484359	0	0	0	0
1.4181654852656465	0	0	0	0
0.35264848329875775	0	0	0	0
-2.425936915929732	0	0	0	0
3.2990968011450548	0	0	0	0
-2.2349433761110618	0	0	0	0
0.10302457876016291	0	0	0	0
-0.9016094181731376	0	0	0	0
3.6194524244160817	0	0	0	0
-2.6017850020945588	0	0	0	0
-0.5520862262553337	0	0	0	0
0.4094160515671561	0	0	0	0
3.5271327824950944	0	0	0	0
-6.605866290625727	0	0	0	0
5.650018763466633	0	0	0	0
-1.414271202777556	0	0	0	0
-1.8908415674977732	0	0	0	0
3.1755610548053355	0	0	0	0
-3.6166149443468782	0	0	0	0
4.158564831282568	0	0	0	0
-3.9792144811126136	0	0	0	0
2.8345619648300158	0	0	0	0
-2.165028556074944	0	0	0	0
2.4451136450129525	0	0	0	0
-3.2386682118578918	0	0	0	0
3.537371345863697	0	0	0	0
-2.1990835013246937	0	0	0	0
-0.6728821357454464	0	0	0	0
3.0559151846630996	0	0	0	0
-3.2286125077639554	0	0	0	0
2.177692941297238	0	0	0	0
-2.480333544594842	0	0	0	0
2.8336504156679823	0	0	0	0
-1.8013618367570885	0	0	0	0
1.3231767218046002	0	0	0	0
-1.3547942320656858	0	0	0	0
0.7612605920784574	0	0	0	0
-0.5781105749007551	0	0	0	0
1.4918369223663106	0	0	0	0
-1.7306309624680694	0	0	0	0
2.8415242192710934	0	0	0	0
-2.698742129055468	0	0	0	0
-0.12602909213001823	0	0	0	0
0.4980298126761369	0	0	0	0
2.1534276396007	0	0	0	0
-2.7183052199207935	0	0	0	0
1.6720200743936857	0	0	0	0
-1.468588728096016	0	0	0	0
0.6051681464468714	0	0	0	0
2.00669484007134	0	0	0	0
-3.3823047520449094	0	0	0	0
1.955263141263977	0	0	0	0
1.202712864027994	0	0	0	0
-2.5977602445119388	0	0	0	0
2.4322772561667634	0	0	0	0
-1.6414139545452358	0	0	0	0
0.5191011611978951	0	0	0	0
-0.924721727327956	0	0	0	0
3.589165420236718	0	0	0	0
-5.7100025388777595	0	0	0	0
6.099320137405044	0	0	0	0
-4.932032989454029	0	0	0	0
3.1815921186380436	0	0	0	0
-1.7691041803240708	0	0	0	0
1.5447743400031726	0	0	0	0
-0.3621634381970722	0	0	0	0
-2.24359466358689	0	0	0	0
2.6639103655206284	0	0	0	0
-2.075464649539235	0	0	0	0
2.415583561050539	0	0	0	0
-2.1203516094248513	0	0	0	0
2.646529980760569	0	0	0	0
-4.602722352278079	0	0	0	0
5.409659081606179	0	0	0	0
-2.7402828393983967	0	0	0	0
-0.8064005317853358	0	0	0	0
2.322438589091142	0	0	0	0
-2.34568560371212	0	0	0	0
1.5033121774890645	0	0	0	0
-1.7720713053057509	0	0	0	0
4.133038245123842	0	0	0	0
-6.052933664904998	0	0	0	0
4.510246054852473	0	0	0	0
-1.723285998962936	0	0	0	0
-0.6061073325613933	0	0	0	0
2.3464613844749067	0	0	0	0
-4.896420055544837	0	0	0	0
7.070514283629471	0	0	0	0
-7.380941671352005	0	0	0	0
7.121037970263977	0	0	0	0
-8.288570508048423	0	0	0	0
8.451701214641766	0	0	0	0
-6.795262823503592	0	0	0	0
5.998106419359672	0	0	0	0
-7.192736822356899	0	0	0	0
6.303793943965083	0	0	0	0
-2.4646186826086094	0	0	0	0
-1.8261311547196897	0	0	0	0
1.2312393938988322	0	0	0	0
-0.017379925350198278	0	0	0	0
-1.127024531732964	0	0	0	0
3.0594293460210906	0	0	0	0
