-0.20205297438596403	1.7919828117714118	-4.189565710532676	0.21081206898423943	16996.750746925965
-0.010716602693690902	5.016825709141322	-13.497834494195416	1.1470581064019285	16996.27491910667
0.7632996580707427	-5.352479241557631	2.699669699471457	3.68772728132528	16998.691132805874
-0.30696340554244017	1.1339959262360324	6.613390477437747	-23.609543920019632	16995.465530536727
-0.3226557684450455	1.124996640284344	1.307185473712991	6.719353475731438	17004.518465663397
1.0135278828231336	-5.941012191342416	-4.042243722780327	14.520474165461707	16970.60109542639
-0.9899554217088422	-0.26339373637369334	3.7922829712295965	11.589806567486363	16940.379175806273
-0.39861479489534446	1.1654904207527679	5.224849684930035	-23.866844737765746	16973.161780939594
1.5299986739082456	-1.5819529808678112	-6.373486695207745	26.18545239432534	17008.41691008492
-1.5612898314017158	0.2869426773062145	-11.418850727243054	58.23787632275612	16931.385678242066
0.8834782021663727	0.8433175084842688	0.1648129474603479	11.63477067588974	16853.909759068978
-0.09631273222453274	-6.663195464816823	-2.853385005414978	-9.661424135027715	16917.81798496988
-0.13512756641294033	3.186425223555119	8.33068116216208	-0.9160100119967609	16902.212229114648
-0.5151551349565722	-7.003434334348746	-0.37166699511733725	-3.3248451742500436	17000.10271659425
0.8787227874824168	4.418297804148246	-11.045789413795873	-1.3037768080564973	16904.896549401994
-0.6807470214123228	-0.2990119343444704	-14.691763519217716	16.402876131078983	16900.301435849986
0.5407066388198132	6.637467976196994	10.829276838635806	-15.611599801431865	16787.723476511095
-0.9444081580080876	0.4723041535491106	-33.96329907657052	9.033585915116987	16663.693526633753
1.2562602044029916	-1.7404450132424287	19.942567146352687	-21.56993205865753	16530.154310999977
-1.5908201657023966	-8.280024051454724	1.6462356442867332	-6.1928756178241	16500.14647961221
0.7621636602978938	5.044956339976245	-6.417483122236149	-1.1288812728357414	16718.72488607487
1.1757804671613528	3.0572689465259018	5.698207501396837	9.894383147639175	16849.07423914738
-0.8332812805858936	6.241177075470752	-3.101944361651917	8.897124405362376	16841.10138620731
-0.988394760558478	-2.3229483711588017	1.8884547846901825	-5.357973428055303	16877.870336984823
1.5669038020992403	1.1382772696881744	1.0417116710973175	-5.057160569738997	16810.017211624414
-1.2126508441705752	4.209463860540751	-1.493951195728215	-5.631534839356675	16841.81403165417
0.2820785635029637	-0.36185612365900255	1.1256351895800094	2.9566205158743912	16909.87772230232
1.1793675264923849	5.662422814634645	2.2009546023157327	19.020834870758847	17054.07997951636
-3.050423626920818	-2.188675979172743	11.351203618588983	0.027529928418488225	17209.287292681878
3.475815696319522	2.3457352592502545	5.875259424165108	4.530878990555891	17133.666154883245
-1.9436649957618783	-7.55875530602048	12.42227710687962	-7.808129609659034	17028.05800116881
0.9311872278558511	-36.947512681463145	-0.04466630290723117	28.350710057795965	17010.127828791803
-0.820898375412888	69.99887509626107	16.2962708608854	-10.871848082869377	16954.507303287133
-0.4664780651983662	-12.363257409422644	-19.3881022657191	34.248639076160444	17066.263841930326
2.0569807569206304	1.6578812944020669	9.824143961457196	34.34174818071327	17026.278399222218
-2.5570335416279377	-2.944125236850617	-5.197113541974204	-10.230268964219405	17116.999547825955
1.6180691719938523	6.305409404307824	0.6614887824516558	-47.8323794687179	17133.071609720133
-0.30865576666198535	0.28205055709715765	-1.158835712051598	-8.203261577037097	17261.705351800116
-1.0881631382760162	-1.9784535847739875	7.202134812808723	0	0
1.9954345785534287	5.758841576891861	-4.084725603009218	0	0
-2.9025929253339697	-1.3216025884086662	-0.8490914022615641	0	0
3.7474133216207264	-2.58649099897859	53.9665557462243	0	0
-3.822629164160155	0.9434626196847802	-12.70413655514028	0	0
2.5245375917067676	-10.513812146959985	0.9772805189733162	0	0
-0.9105040599865077	0.6947674045855834	1.117495656121548	0	0
0.0433930190062739	-3.1012702746398446	-2.3632974185690188	0	0
1.1832849917460067	8.31347661347047	-4.298986853125044	0	0
-2.6079758303457083	-1.5781155101723314	3.3344280804424926	0	0
3.751645278981634	3.4854497503699875	-3.646112958378353	0	0
-4.749565773800654	5.549707434394392	3.4900989298672584	0	0
4.653755963662057	-8.578258922515808	7.113206331553059	0	0
-3.489554568194869	5.330345763843113	-5.499049692237847	0	0
2.7187480179292294	6.437111674543473	20.249340672218878	0	0
-3.6347008843189172	5.879610363546213	-3.186709454422896	0	0
4.717400047820092	9.91658365247897	0.28076349473141704	0	0
-3.470596532222629	-3.7114675873602962	12.43663869105896	0	0
1.6423602181665444	-2.7019358928095443	-5.044462243555799	0	0
-0.8729596037211138	-1.7577904542286618	-5.95732055153195	0	0
-2.8137005078180124	-2.413130424963967	-10.266064570355567	0	0
12.742496241139698	5.6345118298425305	11.924186904063475	0	0
-28.803377938121187	-12.490673710915217	-10.675862841854752	0	0
37.141170931455555	9.205576697175914	-5.314555424227365	0	0
-26.619869218469674	0.5222693489060006	6.9664741174473335	0	0
9.795815774165675	-10.325982696331408	-4.712019578758998	0	0
0.17044650066087996	11.398302022929904	40.3061578139159	0	0
-3.222345370622513	-9.58193852567036	47.16709630110829	0	0
1.6886797966502982	2.395345057099526	-20.469342895660418	0	0
-0.7090942380645444	9.514316573956748	11.072381970115245	0	0
-0.10030242100982889	2.997157613766902	-63.99597375690517	0	0
2.456559705057245	-3.6885446827341255	-16.090304959042314	0	0
-3.5738662283885603	6.1830261002474245	0	0	0
2.676641055175409	-1.1970977504496148	0	0	0
-1.2960376326079697	0.6455883575109951	0	0	0
0.533194721910391	-5.3142751191916915	0	0	0
-0.2974773993402735	5.861372911304606	0	0	0
-0.1370971843615365	13.226094728934207	0	0	0
1.0033439562283988	6.41310393010599	0	0	0
-1.356595201923156	0.7990551111517163	0	0	0
1.2417420260017522	-28.29827641515878	0	0	0
-0.2759394573495584	66.22335959554562	0	0	0
-1.4240627634035334	-23.06047101545557	0	0	0
2.62126327118915	-4.97013665833807	0	0	0
-2.650961666510092	-10.810988001165967	0	0	0
2.740738030684888	-7.641863200950517	0	0	0
-3.9722602285114164	-1.688468599638668	0	0	0
4.932146802336973	-5.989498002515852	0	0	0
-5.25158521013838	-3.344362945711758	0	0	0
5.7585823340504945	-7.656213588101643	0	0	0
-6.239558883497047	-4.592097418620703	0	0	0
6.695236241574534	-5.335750336899764	0	0	0
-5.79453290208334	-6.728979772429028	0	0	0
4.011831243529201	3.312080537347242	0	0	0
-2.805250588403247	0.38999681183631907	0	0	0
2.5592995592421417	-4.111359613402492	0	0	0
-2.065497820914061	2.5590739205452167	0	0	0
0.5507377536604992	-0.7151066466047382	0	0	0
1.7299581809187288	1.9839279965433008	0	0	0
-3.17661944130478	-2.29854424426658	0	0	0
2.862154039598302	-6.927830260839059	0	0	0
-2.2314505949472405	-2.9355212001331097	0	0	0
2.1610157259475216	2.758694505646048	0	0	0
-2.324115873713872	0.017603540374011573	0	0	0
2.0509472194240246	1.3172940010805547	0	0	0
-1.6572523686151897	6.238666618053067	0	0	0
0.7670607108988605	-2.4371982452673535	0	0	0
-0.09631014634307888	-3.030693686921637	0	0	0
0.5012261441318699	3.170644283673738	0	0	0
-1.7079014071378111	-1.9121025163224772	0	0	0
1.9313405010653497	-3.1535343527507607	0	0	0
-0.24366814566643313	-2.6404434366697274	0	0	0
-1.642773746500339	-1.1389253493750147	0	0	0
0.947576454638849	-2.734545061957583	0	0	0
0.6953311912143363	0.463682819467337	0	0	0
-0.8658028965310294	4.141396897765546	0	0	0
-0.2626244390781096	3.8562639266655907	0	0	0
0.04514448503884694	2.047442262266337	0	0	0
2.4090192051894235	6.978205692174299	0	0	0
-4.520363806376302	2.3324036519151434	0	0	0
4.11854927344541	-1.9199148390900262	0	0	0
-3.423391255887566	-0.028559449239295986	0	0	0
3.6094777642645255	-3.317134564893152	0	0	0
-3.0381526810716224	0.6895507381172266	0	0	0
2.3828959619654526	-4.7299584037451154	0	0	0
-1.4626552120358625	-1.2458850863210316	0	0	0
-0.39783431077226794	-0.8269342599449772	0	0	0
1.1876390702382764	17.13840794823568	0	0	0
0.5096146734580387	19.81358970550717	0	0	0
-2.2973080887691424	-23.91185723361407	0	0	0
2.255259580564733	-12.329295085848486	0	0	0
-0.6190707431270752	7.424472921025526	0	0	0
0.3862049544423698	-8.779466235780468	0	0	0
-1.4170781223758695	26.61108452666616	0	0	0
3.1867289093800792	7.461110186813514	0	0	0
-4.815125136289275	0	0	0	0
5.817340345199447	0	0	0	0
-5.256213274433705	0	0	0	0
4.055228421943802	0	0	0	0
-3.356866497763903	0	0	0	0
3.718531691266371	0	0	0	0
-3.242750341616123	0	0	0	0
2.101249959765532	0	0	0	0
-0.4177846723897929	0	0	0	0
-0.7859242240734474	0	0	0	0
1.6343296958488622	0	0	0	0
-2.620862822170679	0	0	0	0
4.678427270436025	0	0	0	0
-5.879511858997667	0	0	0	0
5.2122867975786065	0	0	0	0
-2.9396955805004765	0	0	0	0
0.9562598743303852	0	0	0	0
0.4707811046383128	0	0	0	0
-1.472653110207652	0	0	0	0
-0.4241629044541213	0	0	0	0
7.997580478978875	0	0	0	0
-22.085054556269206	0	0	0	0
30.430487954913822	0	0	0	0
-21.486130964502486	0	0	0	0
7.791051020135967	0	0	0	0
-1.6026070237312524	0	0	0	0
-0.986289197093356	0	0	0	0
1.1152751219722035	0	0	0	0
0.7635306637227188	0	0	0	0
-2.620490650488236	0	0	0	0
4.643129594469563	0	0	0	0
-5.72691281560072	0	0	0	0
4.545990399671318	0	0	0	0
-2.3034145627865357	0	0	0	0
-0.04851693206011731	0	0	0	0
1.1380510729049789	0	0	0	0
-0.818473050417694	0	0	0	0
0.5585812613490191	0	0	0	0
-1.1498853676954752	0	0	0	0
1.9554641338553083	0	0	0	0
-2.330435866742853	0	0	0	0
2.249632687372973	0	0	0	0
-1.9358062306012442	0	0	0	0
1.3046758487950498	0	0	0	0
-0.6187323658644459	0	0	0	0
-0.4714081104389578	0	0	0	0
2.0396089827956985	0	0	0	0
-3.4505933523045726	0	0	0	0
3.70207364320526	0	0	0	0
-3.194290356364924	0	0	0	0
3.0943370177085114	0	0	0	0
-3.3175282116856906	0	0	0	0
3.6881295785319423	0	0	0	0
-3.4271825247270797	0	0	0	0
3.0676677984567675	0	0	0	0
-2.716824018390966	0	0	0	0
1.523970167850706	0	0	0	0
-0.43262407775030454	0	0	0	0
-0.5717206281245311	0	0	0	0
1.3016396715281644	0	0	0	0
-0.8358344010823373	0	0	0	0
-0.18094876437264418	0	0	0	0
-0.16335836027606376	0	0	0	0
0.5741517046814124	0	0	0	0
-0.4477937714136502	0	0	0	0
0.21737461844317352	0	0	0	0
-0.8340037192840413	0	0	0	0
1.6894446479247733	0	0	0	0
-1.4913913936617007	0	0	0	0
0.5623708730527852	0	0	0	0
-1.1815015483587175	0	0	0	0
2.252776885690892	0	0	0	0
-2.3832699784693006	0	0	0	0
1.8622428541886507	0	0	0	0
-1.0079738806672083	0	0	0	0
-0.5894168675700726	0	0	0	0
1.691708479010579	0	0	0	0
-1.5929917292116116	0	0	0	0
1.2788891147268941	0	0	0	0
-1.41395225824904	0	0	0	0
2.8688051127327796	0	0	0	0
-4.815366167526697	0	0	0	0
5.04280717281717	0	0	0	0
-3.5187830834434948	0	0	0	0
1.660819588238276	0	0	0	0
-0.024304180991244095	0	0	0	0
-0.8642576192146834	0	0	0	0
0.7333525473185247	0	0	0	0
-0.1186551653144079	0	0	0	0
-1.0665376641272886	0	0	0	0
2.362973012221687	0	0	0	0
-2.796393305142665	0	0	0	0
1.300479322999216	0	0	0	0
1.463124507136314	0	0	0	0
-2.6075876330758305	0	0	0	0
2.055633770971845	0	0	0	0
-0.9921013286486087	0	0	0	0
0.2294466592037523	0	0	0	0
0.3846765467019395	0	0	0	0
-1.0374476532716415	0	0	0	0
1.8431010954935019	0	0	0	0
-2.19169610891349	0	0	0	0
2.353176710050441	0	0	0	0
-1.9094139326744823	0	0	0	0
1.1089758700865602	0	0	0	0
-0.47638222189871726	0	0	0	0
0.34150916173318535	0	0	0	0
0.4005749498377327	0	0	0	0
-1.084389506698649	0	0	0	0
0.045008792902507366	0	0	0	0
1.9954336388380511	0	0	0	0
-3.61812272892049	0	0	0	0
3.8180732284682506	0	0	0	0
-3.982164808245031	0	0	0	0
3.591486335957633	0	0	0	0
-0.7761450966954655	0	0	0	0
-4.8831476963993055	0	0	0	0
13.231046849234858	0	0	0	0
-26.12715305575803	0	0	0	0
32.72525700617991	0	0	0	0
-22.405160154902703	0	0	0	0
7.130832964425608	0	0	0	0
-0.4115008336077963	0	0	0	0
0.1262786525875228	0	0	0	0
-0.7980896023278987	0	0	0	0
-1.6735790607062242	0	0	0	0
