-0.006035464238344446	-0.5340132350053182	2.2165773594870473	-0.05853245873754531	17154.536821142487
0.011787192739646457	-1.4798742519782166	7.15952433963929	0.0926603927978249	17156.46782758672
-0.8881637258037571	0.4369873968735476	2.414335134441316	11.328906572378799	17155.40133680431
-1.7572340688174535	-16.73606289504791	-20.866627645644613	-29.299499536765182	17152.095752973688
-1.1395382364728661	0.6270885834236992	8.719894949173081	0.4233110876973001	17172.636610021844
0.4915032132056112	4.7266278475233605	1.2353392251388158	-3.4110757357082946	17098.61062706788
-0.9556431591415375	-2.066048798819544	3.480040933074818	-57.88331932962234	16998.110239428686
1.0800449881185585	0.5050828702880708	-19.445461647631447	94.91112892156657	17196.205722799827
-0.7962092369411593	-1.3633159195678317	-0.6717889609121102	-35.38358276976669	17399.910717033268
0.31750939759911034	4.442086094059746	-9.843094584570608	60.800943897845116	17905.691312113893
-0.14057349872517477	1.9333800756898682	11.456684750535928	27.970435420841397	18300.059545059492
0.38518024337302137	-1.3026786241199133	30.965477592298413	-3.9274952657896733	18206.261478034794
0.06938702773431515	15.1591424548458	-38.464324378824344	-5.898842745642469	18052.8322453696
-0.5177643277142394	-7.151409170442776	13.314222984784166	-9.319880859581303	17900.92337574328
0.33794396200189425	2.350913301906701	-8.493925431554771	7.408008022847554	17616.588327021647
-0.2480239629968537	-0.15463641384928906	10.866648174222036	2.218783976517585	17575.89575395882
0.27870405619900396	-4.5954090132579495	-18.680329676651525	-10.860385126648197	17621.86975654037
-0.27870964598002956	-6.258730714428779	-28.623474103045822	12.646526651685576	17466.55283437005
0.523255658683631	6.976646863873071	-14.00042271539074	42.57268360535255	17168.45134657801
0.21667772377738714	9.087333465432437	-1.9606463280823334	-2.5410687659548046	16881.903352006502
-1.7472834339039238	-16.61379186080248	17.616817991008105	-31.690945999664038	16676.023054714176
1.033267342073465	-6.0411283972459415	16.502215401496613	-22.331138998383153	16678.65893653352
2.121397298251111	2.906972504401651	2.312636627812566	-21.485889907617747	16535.00197181219
-4.049619263076806	-7.253324180562984	-9.183953185993843	-55.21719688650269	16252.11091053667
3.362317242328359	5.884414363645192	4.733561219154225	47.3089895010545	16014.397823565272
-1.537970320852864	-1.0942314008779022	17.360985722106435	-53.4334142427105	15786.072609137387
0.03414903238700617	0.9167234605453416	-17.6228847170144	29.2335999506481	15932.817750240652
1.301413264730222	-0.6481343407899516	10.05886793375899	-133.05842146597834	16064.153226243667
-1.6213484750531961	27.728756946081248	-5.638119053457402	168.01852257040542	16010.614188014879
0.30972289745089654	-7.973722073077525	11.814166519831005	-145.77770754497843	15629.506982487661
1.2279722239118627	8.429689792697857	-9.47964524387723	39.218670995234135	14330.92820914847
-1.9221439777581821	-4.553215041764233	3.361777616856884	-35.006857310027115	14009.934861989317
1.3436308923315678	-9.63883769643877	0.9660510666305839	34.95798178399596	13825.069068335284
0.07262079169019842	-8.887821174837754	6.567893543818599	-0.3915578753013733	14071.514697791701
-1.0374547841355195	-10.537487536164406	-9.575248459999727	11.888067441484779	14526.438847434096
-0.6505864822556333	2.798727507183017	3.843471970352539	-10.095881208538799	15084.437602892922
3.9775749378589467	3.5632584578936104	-13.419106529233687	-11.487278835660817	15701.633402926711
-4.267968849155814	-1.2179393391555209	8.929624071897933	-9.02328717294344	15956.87370352746
2.454870267279148	5.761722255278201	8.861789080054606	0	0
-0.6437583323838041	3.8963318588558167	-3.7156358439655435	0	0
-1.522750501480914	3.544836745121529	-1.596289953485936	0	0
1.2120807020411632	-5.181702876238731	-13.882448294568675	0	0
-0.04271059485653694	11.083618540974868	9.385404002133484	0	0
0.6191085200218751	0.22337556029397376	12.769864498486754	0	0
-2.2641036597358095	-5.60244862095368	1.7893520905540896	0	0
3.1284313722464745	7.454762898645569	-0.5511984357431743	0	0
-2.198536762191736	-6.514834223579697	-11.359115506705507	0	0
0.1888676468662851	5.66317657645547	2.3961649282624506	0	0
1.4605088470785859	-12.574712684843348	-8.580479994215167	0	0
-2.665292158788347	1.4512960145493423	5.2220148597325675	0	0
2.899005527881826	0.3567006069287544	2.750197644927894	0	0
-2.0620126187009404	4.852901106298887	25.304348951489956	0	0
-0.401061432684223	-3.2632831918478473	-83.3028255970465	0	0
2.7136686007857023	4.433007258625878	69.12926358089666	0	0
-1.3247293059117666	-13.167753063856708	-9.29445662765906	0	0
-1.2398129417691308	14.384595143657407	-3.904071732546754	0	0
1.0441880076792245	-8.24558905710441	-5.228986986479313	0	0
-0.9063578289454242	-2.305070128367092	16.798816060366107	0	0
2.528262141598667	0.2282804512643537	-5.057007634776284	0	0
-3.5758867197576123	-8.36709044016255	5.953834761806348	0	0
3.3832165409578394	8.996554419513174	4.420069049587028	0	0
-3.309577899846232	-9.809122923912412	1.3414399671868864	0	0
3.474147308325932	-0.4011225557056548	-12.077537101038374	0	0
-0.30399359299028106	1.5265194166220013	-6.1613550156665156	0	0
-3.483359718759786	4.220943194517787	2.202444081174491	0	0
2.7182497686048848	-5.472515496672791	-3.1874799376695364	0	0
-1.261217842320221	-6.622030950028076	-7.387341252771876	0	0
2.768904525417611	-1.4263549578108083	8.68037923538013	0	0
-2.0933111450438986	-3.393034386447539	-1.4664417304353776	0	0
1.1785574855593879	-1.930370534950086	2.711646372811714	0	0
1.68061792009307	14.745017532126852	0	0	0
-2.7624835992728123	8.511107754259385	0	0	0
2.8644092413878823	-2.3530503557139824	0	0	0
-1.8690651146579	-6.084489937153435	0	0	0
0.9077510613793365	-3.856003555430611	0	0	0
-1.9503544015011727	3.948281356336196	0	0	0
2.6250202473174937	5.218444247097317	0	0	0
-0.6843285171870974	-0.5528524766832135	0	0	0
-1.5286196115197228	2.4589436935815527	0	0	0
1.3547778495978307	-4.58942339972841	0	0	0
-1.5874335784878326	-10.250896449066872	0	0	0
2.923653689860771	5.853692008420701	0	0	0
-3.1131529675851084	2.041284802718998	0	0	0
2.5851401404248904	-4.302294118000226	0	0	0
-2.0374707293966665	4.5574417716734885	0	0	0
1.4656424802719243	-7.589936465078566	0	0	0
-1.6672314841273845	3.4800158916844666	0	0	0
1.7998889821966841	7.90210439734836	0	0	0
-0.4321977740498113	9.380594495534972	0	0	0
-0.6486678834438138	-7.746468846066527	0	0	0
0.206752058206213	-0.488194508040273	0	0	0
-0.47733361016597087	-13.283675303877011	0	0	0
2.5992010474343985	1.9636209492974999	0	0	0
-3.855857691921635	9.536170196399503	0	0	0
2.550001320435001	-8.519590811909133	0	0	0
-1.0344504439226938	-6.185406208994934	0	0	0
0.20249557626665649	-4.631155699129465	0	0	0
0.2342305865685077	-1.6720220720026049	0	0	0
-0.6068355985327258	-3.9997118662094167	0	0	0
1.0067855633009515	-3.571990903692978	0	0	0
-0.9293197126185717	11.946460671913698	0	0	0
0.6085046592323309	-9.523842204128243	0	0	0
-0.7909660321595453	8.814641849048932	0	0	0
0.9654168875809717	-6.85554953005083	0	0	0
0.0005882305492761475	-5.552037411394231	0	0	0
-0.2358772222576917	-2.693066782300555	0	0	0
-1.8039951913882177	-0.9839892507253509	0	0	0
3.729409282058512	-5.058176565485994	0	0	0
-2.199061033712887	3.333252750950905	0	0	0
-0.8920273300103432	-3.3015741636423357	0	0	0
1.9940231597047102	5.863500362403812	0	0	0
-1.0877857763824466	-5.659362821466964	0	0	0
-0.026267344436845974	5.118211311029519	0	0	0
0.27959010370810233	-5.7441869031823884	0	0	0
0.12346422596600348	2.2657986978978215	0	0	0
-0.4149828484057707	5.692257932441855	0	0	0
-1.102374482460533	-8.098450183792217	0	0	0
2.5444337364385348	7.075611213126216	0	0	0
-2.2499449807521543	-0.2512008854846357	0	0	0
1.623338458191661	-5.640973088889702	0	0	0
-2.011491547453957	-1.300783249002329	0	0	0
2.9349735447862457	-4.5919438194919735	0	0	0
-2.901330020563904	6.567043718091497	0	0	0
0.7341004079635383	3.3929954321711193	0	0	0
1.6101395676528654	-2.9371095448404887	0	0	0
-2.3867809296277045	5.853494724451863	0	0	0
3.257822416178662	-1.5960006734551015	0	0	0
-4.1678705769077595	5.675262368836734	0	0	0
4.012203805377176	0.5089524395880076	0	0	0
-4.348619280975058	-9.122418449881039	0	0	0
4.113947759249285	11.168429907923702	0	0	0
-2.8147929010015815	-5.985495561435513	0	0	0
2.1789665699462333	-2.5419596818824033	0	0	0
-2.619518906461643	0	0	0	0
3.597419746734296	0	0	0	0
-3.3712591396821097	0	0	0	0
1.5283728851393832	0	0	0	0
0.09467741846282962	0	0	0	0
-0.17598130335464646	0	0	0	0
-0.5507760080154327	0	0	0	0
1.5624079056133482	0	0	0	0
-2.1505650802290717	0	0	0	0
1.320684306050282	0	0	0	0
-0.5703696314364421	0	0	0	0
0.46796082060173205	0	0	0	0
0.7705761671449238	0	0	0	0
-2.1188259554404283	0	0	0	0
2.196848472022509	0	0	0	0
-1.8805628469998439	0	0	0	0
0.9732090923437795	0	0	0	0
0.04771375934087985	0	0	0	0
-1.251529299832292	0	0	0	0
1.4307231602879682	0	0	0	0
-0.5484943735648713	0	0	0	0
0.38967104266857433	0	0	0	0
0.7053477023924302	0	0	0	0
-2.0239596929148433	0	0	0	0
2.257640111934954	0	0	0	0
-3.149374459368296	0	0	0	0
4.641706311782272	0	0	0	0
-4.803455366459147	0	0	0	0
3.8146110976575898	0	0	0	0
-2.4410111096923615	0	0	0	0
1.66032698090698	0	0	0	0
-1.340126023933287	0	0	0	0
0.6072246683067348	0	0	0	0
0.6754674430903194	0	0	0	0
-4.15824631670759	0	0	0	0
6.8355610221330565	0	0	0	0
-5.377799373874282	0	0	0	0
3.622151823401566	0	0	0	0
-2.487783369019084	0	0	0	0
1.2050497693299462	0	0	0	0
-1.1300760789376483	0	0	0	0
1.5795057951909541	0	0	0	0
-0.9408415846708067	0	0	0	0
-1.198919550905778	0	0	0	0
2.544046402465618	0	0	0	0
-1.8487333324947812	0	0	0	0
1.3865203679264013	0	0	0	0
-2.3598122377267714	0	0	0	0
4.2300638299916	0	0	0	0
-4.903313348158385	0	0	0	0
3.8679436811918535	0	0	0	0
-1.6158509832423817	0	0	0	0
-0.7056750920111625	0	0	0	0
1.5549233759165872	0	0	0	0
-0.45575921990989343	0	0	0	0
-0.3108730571214551	0	0	0	0
-0.23957959885068192	0	0	0	0
0.5485143404219954	0	0	0	0
-0.03820316851647476	0	0	0	0
-1.021840007077877	0	0	0	0
2.536191064216382	0	0	0	0
-3.503711624390448	0	0	0	0
3.2561377624182626	0	0	0	0
-2.090721787504414	0	0	0	0
1.299628360155225	0	0	0	0
-0.17436772989579197	0	0	0	0
-1.3723092936719254	0	0	0	0
-0.29733514515657333	0	0	0	0
0.9298059864021724	0	0	0	0
1.530464286153986	0	0	0	0
-2.2370716616937614	0	0	0	0
1.5149971610462956	0	0	0	0
-0.0464651497916293	0	0	0	0
-1.5213558671643952	0	0	0	0
1.4250748217209406	0	0	0	0
-0.8828537249404107	0	0	0	0
0.6807602681997622	0	0	0	0
-0.39844727576279126	0	0	0	0
-0.12139086740244664	0	0	0	0
-0.02877763693997082	0	0	0	0
0.17491287535637667	0	0	0	0
0.022016366031259338	0	0	0	0
-0.8537867835681183	0	0	0	0
0.9879988438329761	0	0	0	0
-0.08775659354155607	0	0	0	0
0.5378108709964451	0	0	0	0
-0.6535740745504199	0	0	0	0
-0.2710552810002156	0	0	0	0
0.8943214190147231	0	0	0	0
-1.050300439963081	0	0	0	0
0.08061024907404857	0	0	0	0
0.5761382882733557	0	0	0	0
0.7225961476590257	0	0	0	0
-1.582646012264398	0	0	0	0
1.1492755297289037	0	0	0	0
-0.22327796739644867	0	0	0	0
0.4194404246945851	0	0	0	0
-2.449478417052326	0	0	0	0
3.9980546694228565	0	0	0	0
-3.4050565347802006	0	0	0	0
2.391996746786532	0	0	0	0
-1.1090141033268637	0	0	0	0
-0.07072309613287331	0	0	0	0
0.6218600491364086	0	0	0	0
-0.7688121673431283	0	0	0	0
1.3752396391217516	0	0	0	0
-1.0747630887955353	0	0	0	0
-0.2436063815019267	0	0	0	0
0.5105543741685921	0	0	0	0
0.26884073060429614	0	0	0	0
-0.8243804417279321	0	0	0	0
0.9834802064983919	0	0	0	0
-1.0311590685821272	0	0	0	0
0.31983785005020593	0	0	0	0
1.0966894073333222	0	0	0	0
-1.1976062358052104	0	0	0	0
0.5322894061719055	0	0	0	0
-0.597016766385245	0	0	0	0
1.4414710278062017	0	0	0	0
-1.4164574732920556	0	0	0	0
0.11606117479249889	0	0	0	0
1.726004302524295	0	0	0	0
-1.046277434635698	0	0	0	0
0.07848215954407323	0	0	0	0
0.6022372101833966	0	0	0	0
-2.0978892934318623	0	0	0	0
