-0.15981026425681932	0.150161846668027	0.08577236098548724	0.0012201139790590787	16758.073065164543
0.23917331193879932	0.3676135128513778	0.3157101035895238	0.15679692028768955	16758.144091296803
1.0574591980268835	-1.0605730644415488	1.405857532657663	1.5235680337876119	16758.137169350524
-1.8408029663255547	-7.424295604237784	-1.2041788899298353	8.294903173498483	16758.25325374204
1.800137586482201	-4.004615358250739	-7.761876276304264	-0.34107557799499943	16756.862260266313
-1.7724327938812579	3.08902811348068	-2.706404993938193	-0.024839319941378335	16762.500560278168
1.5571733166354065	-4.057265637738375	-1.2968578152407844	-3.8787935409701078	16743.937572436684
-0.8356108816866623	2.6355573765133684	-3.4550934118073684	1.6771284994699158	16734.12600362447
0.9688287559959221	-1.5536526476802024	1.2873901039524611	-8.303161007159304	16712.510437175155
-2.73148074296013	0.779775808052193	7.543336189627709	-10.047958523586544	16697.76391515915
3.5281951747121667	-4.4223362289501935	1.2285673377598414	-3.2989575450565525	16689.124606971465
-2.5852065892213787	-1.5358878642410545	3.2330746897261946	5.450594451427634	16672.31245202054
2.3313387986610934	2.549841483527935	-5.902583938146577	-6.943815241619163	16622.602762575254
-3.1698938918757307	-1.1733326723225517	-0.5572352149223718	6.749049473592606	16638.7714017588
2.606770427693384	7.099915655189598	-14.267618666332012	-10.735153872950491	16670.695483394586
-1.7383041357383249	-1.356844196284726	-3.1232941695504053	5.403903836268626	16709.40774589609
2.1194306536422545	-0.0783693878879248	3.791367945269897	-17.540247944705698	16720.947428670086
-2.5675805284753963	-4.4133855263745545	8.955015404003376	1.383670821871192	16741.18856342715
2.263863219067005	-0.36005475132770925	6.384227958082235	-5.496447025876577	16730.94306328165
-2.130657134066581	2.0656772098765472	12.948318472945914	4.868329005619941	16728.92200050298
1.5690892281890143	1.1128664601997826	1.5913436210242224	2.827427654641724	16745.277613815775
-0.8287057837334828	4.032696442068584	-2.7009092363640548	-5.043742932109694	16760.265376492916
1.0741366366788583	-3.2859518600686	-1.0876429208072267	-4.188867777441317	16782.24109338494
-1.5092383718517937	5.74339311589295	-3.0566187727619223	-1.2115821985469069	16800.04970161622
0.7614744967046789	-3.4934556531416376	-0.7681073609735165	-13.074125464002591	16832.283391024474
-0.19591448560120028	9.680229877988921	-2.587602816025907	10.490426382411073	16834.275179749617
1.0721144872450452	-5.094948040835668	-3.2775344139785005	-13.282847999024312	16835.310679326572
-2.4513775797647526	2.8903558705068875	2.566525008392958	-2.5636269470972337	16836.18157292716
2.6434182619050404	0.11482634571419936	-2.015211293426617	-0.8570037434561328	16856.984994148275
-2.101161155180307	0.9232552539840668	-6.565865466716247	-9.824532852843689	16856.24783737007
2.576610862287602	-0.7618753599052184	-9.540048392757129	-5.6831630738878545	16855.327472266792
-3.052714464536251	1.580888427062817	4.968556725928096	2.9433805179502315	16898.114811037853
2.642158153137423	3.1614084495612005	6.140442092084498	-9.882873116512144	16881.664684311625
-1.7914070483599573	1.592003915768558	-3.8021918629920037	-8.57044769389654	16885.782694298523
0.937020890518987	3.3314682082699463	5.150615641175932	-6.353086464178901	16877.735436389346
0.06020834517168794	8.039407668129861	-1.9816678514081758	1.8905886564481875	16878.656268825507
0.10539334096814201	0.10145663524352244	-2.5259280023460633	9.083887611494603	16886.951989663034
-0.5034590454824937	6.7598155198728875	-5.134414166768636	8.34528748604086	16864.17621620067
0.2151887682335456	4.904787762287363	-2.5612208136303707	0	0
0.1318551901488405	4.305773484480348	4.970988052609627	0	0
0.46419401903003177	3.6305663876006236	3.0342445566602834	0	0
-0.7557599684731997	2.6961115252031504	-1.790930003412825	0	0
-1.0617406362999091	1.1294168983438269	-6.463868302512395	0	0
2.5417293942899803	-0.23649094635064927	-4.267158227127652	0	0
-2.0132534538641735	1.670482254829409	-6.350073272941216	0	0
1.4552642145013905	-1.7298821899920185	-2.916607135712084	0	0
-1.7132521929874827	3.0928400192604286	-2.2887912871882037	0	0
1.4543332385465177	-5.784690094781006	-7.833207859862512	0	0
-0.1766746601015896	-2.8542649091684353	-10.102187293226763	0	0
-1.1498614464342296	-4.49440633945342	10.078039652762286	0	0
1.6969652155430808	1.0658953518663026	0.4923513102070274	0	0
0.1977529167423029	-0.12550728338255368	-3.787859445302132	0	0
-2.670352881067444	-10.106537824750475	-0.18974679065303235	0	0
2.4408879202733047	1.1498460306863834	7.2571889356902375	0	0
-0.6765591442245622	-7.140282074373218	-2.2822541776339307	0	0
-0.6349215440329914	2.1321200471552544	-2.2742137674350857	0	0
1.3292091996354571	-4.264212893124139	5.130459686265837	0	0
-1.9274059314950165	0.1027133752820717	0.38838214531421045	0	0
2.0872934420021565	-8.27334161772113	3.713456501400188	0	0
-0.9441527354500892	-4.1470292109576405	3.3366561805254094	0	0
-0.81187388823394	-0.5291547291793677	3.4059494687296876	0	0
1.9613655311809097	-4.263481471952716	1.5489829221514526	0	0
-2.7251451486017473	3.866281340838981	-1.6861625034244554	0	0
1.9452659826793806	-6.121479258819541	-3.637239166870472	0	0
-0.05780541516055138	1.3643124995664806	-5.773338389589696	0	0
-0.6203535473865287	-3.47949143144519	-3.8353162049699137	0	0
-1.0455917828748227	-2.822373341062523	1.8432884089680925	0	0
2.0176110017867472	-3.925253036187705	-1.145266090993502	0	0
-1.1878621563472436	-4.392558323260168	6.532879997459588	0	0
1.413215114993541	1.2876604443507276	3.686710480415414	0	0
-2.5483929701934755	-9.244726303514213	0	0	0
1.6980962174203782	2.675583256600497	0	0	0
0.5396962321516767	-2.758635330124889	0	0	0
-0.5165255250635994	0.12631351905314858	0	0	0
-0.07700053309606147	-2.2199315546583307	0	0	0
-0.05223516910089643	-4.675114515942852	0	0	0
-0.3881570418106861	5.56231793814149	0	0	0
1.5291586066389868	-12.307724234536614	0	0	0
-1.8880654004009187	7.095307488002085	0	0	0
1.7243837915256464	-8.973659091152129	0	0	0
-2.070855502430099	1.3793140567698359	0	0	0
1.8795745546320504	-7.843933145838854	0	0	0
-0.9707924331444246	3.3933766508659104	0	0	0
1.091526772572557	1.4011313044387137	0	0	0
-2.376744075191482	-1.80267784831522	0	0	0
2.559824715947535	7.3804272643420035	0	0	0
-1.8316205771936396	-1.1254494065120113	0	0	0
2.206889265314139	6.426206112588041	0	0	0
-2.4774585380220557	0.21427111416069522	0	0	0
1.4048937472271206	0.9556084628746362	0	0	0
-0.23287448949486844	0.5788761787699528	0	0	0
-0.01409422585859943	1.512414292339841	0	0	0
-0.044668298870234935	2.5809988438330507	0	0	0
0.5151741397274847	-1.300379985788119	0	0	0
-1.458248661576583	6.058837119501952	0	0	0
2.403886668933822	-1.9958982863342314	0	0	0
-2.921432203203352	7.015983755099285	0	0	0
3.112425744309405	-2.943055006338362	0	0	0
-3.0495171302950723	9.65718381953699	0	0	0
1.6119080927050646	6.391966278080837	0	0	0
-0.13613256130406626	-2.2209752926023256	0	0	0
0.4031757410312622	1.3294613990214401	0	0	0
-1.911592850053431	-0.39070430551919344	0	0	0
2.693619400575642	3.9826671330197314	0	0	0
-2.685404955692107	-0.5530878324417259	0	0	0
2.2196372461688867	2.0284998008032247	0	0	0
-1.9386138198529892	1.81970461263694	0	0	0
2.0411139929950224	0.3921271776081383	0	0	0
-2.4803829716738903	1.7933842649751455	0	0	0
2.0935143322760297	3.8423089562852795	0	0	0
-1.4780841800394384	1.9227153790060285	0	0	0
2.556881056154701	3.558019044123199	0	0	0
-3.244874079586438	4.534201312488314	0	0	0
1.6822261331870791	-5.324734354110909	0	0	0
-0.422313902567268	2.778962403313855	0	0	0
1.586417803827942	7.092724764020659	0	0	0
-2.5278222213995463	2.6819966121323873	0	0	0
1.7817927456338154	0.5064821327286708	0	0	0
-1.1464544357920516	-0.4118300692577108	0	0	0
0.9317847468677485	-0.6034917236721	0	0	0
-0.6052569430141688	1.0554719500678118	0	0	0
0.8242545241291737	5.782894206535069	0	0	0
-0.901940279607615	-4.233192265838646	0	0	0
-0.2234060076215556	2.1509067366809447	0	0	0
0.9943542152756919	-2.307443102689568	0	0	0
-0.30897611174880524	-1.4826653994161632	0	0	0
-0.30801045217710765	8.129515864675867	0	0	0
-0.3531527918938693	-3.4653457784645596	0	0	0
0.5974455703853394	-0.6011792741008719	0	0	0
0.30893660274467294	0.3762217324481085	0	0	0
-0.5922261293102764	0.22647647597558063	0	0	0
-0.27465436956912015	1.057154667374114	0	0	0
0.3304495574464852	0.4566835895437862	0	0	0
0.40886159805555167	0	0	0	0
-0.5486968527064988	0	0	0	0
-0.1006280000748987	0	0	0	0
0.7140482683110463	0	0	0	0
-1.8672976119740952	0	0	0	0
1.7763596211077655	0	0	0	0
0.4402537699553548	0	0	0	0
-1.5655011561263805	0	0	0	0
0.17816754113221833	0	0	0	0
1.2208533397878085	0	0	0	0
-1.3767087744487299	0	0	0	0
1.7757951750400025	0	0	0	0
-2.820574340977977	0	0	0	0
2.760378936694167	0	0	0	0
-1.24707347408512	0	0	0	0
0.34704419308605594	0	0	0	0
0.046822443098434974	0	0	0	0
0.7101611488180097	0	0	0	0
-2.0618878150667044	0	0	0	0
1.8423870002861662	0	0	0	0
0.3982664303250658	0	0	0	0
-0.5741184039830856	0	0	0	0
-1.0590619511490686	0	0	0	0
1.3784488349258908	0	0	0	0
-0.06965487702293416	0	0	0	0
0.7237748305645724	0	0	0	0
-1.8957030882370276	0	0	0	0
1.0635517439469524	0	0	0	0
0.14466523419187638	0	0	0	0
0.07615098171155665	0	0	0	0
-0.3702798174399504	0	0	0	0
0.394652492041736	0	0	0	0
-1.534644410188072	0	0	0	0
2.459618936241185	0	0	0	0
-1.5140044715757455	0	0	0	0
1.0204749355741356	0	0	0	0
-2.109725691932404	0	0	0	0
2.1620677692860966	0	0	0	0
-0.6020024957693408	0	0	0	0
0.21304366607400738	0	0	0	0
-1.0648027835421559	0	0	0	0
0.9178426731510427	0	0	0	0
-0.4125301341148102	0	0	0	0
0.9319036538533823	0	0	0	0
-1.6454618504006433	0	0	0	0
1.8159954953907231	0	0	0	0
-1.893567292323091	0	0	0	0
1.8924406387961952	0	0	0	0
-2.218880885996228	0	0	0	0
3.1844313473180677	0	0	0	0
-3.5598538804049156	0	0	0	0
2.3596656774668645	0	0	0	0
-2.0175243351394485	0	0	0	0
3.6160553647768126	0	0	0	0
-4.333425867475967	0	0	0	0
3.034693718437879	0	0	0	0
-1.7767272537394732	0	0	0	0
1.8819265878431608	0	0	0	0
-2.352907737730739	0	0	0	0
1.290993744386924	0	0	0	0
0.17657161369987762	0	0	0	0
-0.4841688191070972	0	0	0	0
0.16903556049201995	0	0	0	0
0.8578859015578146	0	0	0	0
-1.9269413097220536	0	0	0	0
1.2899798389701758	0	0	0	0
0.7721301478035372	0	0	0	0
-1.5101537677330725	0	0	0	0
1.6333694795267917	0	0	0	0
-2.3662979261474817	0	0	0	0
2.417142445845812	0	0	0	0
-1.2476792168815436	0	0	0	0
0.820972671989658	0	0	0	0
-1.3800153973533185	0	0	0	0
0.8322862194633487	0	0	0	0
-0.3737832112926469	0	0	0	0
0.8918016882372868	0	0	0	0
-0.8740346000905674	0	0	0	0
0.455024055549643	0	0	0	0
-0.8995245617424814	0	0	0	0
1.2266475303273552	0	0	0	0
-0.726010034000673	0	0	0	0
0.11095256934532927	0	0	0	0
0.07303768828015933	0	0	0	0
-0.005199669901053028	0	0	0	0
0.30427537124096204	0	0	0	0
0.1118750684938945	0	0	0	0
-0.5810267804877611	0	0	0	0
-0.04269332765733225	0	0	0	0
0.8524111132056689	0	0	0	0
-0.845367001558941	0	0	0	0
0.44762064705989957	0	0	0	0
0.9221497171321005	0	0	0	0
-2.677612215601499	0	0	0	0
3.8200530765979934	0	0	0	0
-3.186092084133371	0	0	0	0
2.6493746909149394	0	0	0	0
-2.948163264047764	0	0	0	0
2.582676266403496	0	0	0	0
-1.5872396416293384	0	0	0	0
2.286996646748861	0	0	0	0
-3.0851469736295556	0	0	0	0
2.629124120713513	0	0	0	0
-2.5624839495702005	0	0	0	0
3.537764332226459	0	0	0	0
-3.9860481116812565	0	0	0	0
3.1436867232874164	0	0	0	0
-1.8226944727575116	0	0	0	0
0.8425173157991566	0	0	0	0
-0.07523156127327013	0	0	0	0
0.8735632700640252	0	0	0	0
-2.151107881562858	0	0	0	0
2.288348629974088	0	0	0	0
-2.3212384647498894	0	0	0	0
3.7500829796102195	0	0	0	0
-5.443401875367634	0	0	0	0
4.844926597689998	0	0	0	0
-2.7742273167777896	0	0	0	0
1.9874846644275834	0	0	0	0
-1.6165122240997292	0	0	0	0
0.8755150713222406	0	0	0	0
-0.8909272856360388	0	0	0	0
0.24973133793532298	0	0	0	0
-0.12426791283746041	0	0	0	0
0.1528072804006939	0	0	0	0
0.5728706661313154	0	0	0	0
