-0.0864359253127489	-0.03713064583015324	-0.7976020003983706	0.137915551620992	16905.735877090174
0.055535296372973164	-0.3166512420165617	-2.560646955211766	0.5979417203070767	16905.855547905267
-0.06410579369568836	-1.9283703869475275	1.1739361443422638	1.6931089999982305	16906.188694663568
0.760304104906325	-3.008836655500687	0.18558535598974402	1.3994255215796443	16905.76043120327
-1.3519739030480267	1.488552302518464	-1.2657589991667209	-0.8852050617580574	16906.382028767843
1.3001432011592655	0.5837991318214009	-1.1933332240261336	-0.88991875553603	16904.062787962586
-0.8783926281623806	3.3309963605172968	-2.385785922642256	0.2838399259033082	16904.097556817916
0.8088499451560693	-0.5119208815651035	0.2997646952715911	-3.4864221564152587	16905.821499543665
-0.40702840109166516	-0.6387713144898299	1.2548545598882725	0.37173500292867345	16906.686406083736
0.009976857709098397	-0.7365559624100086	0.47900167953135053	-0.25153977124166715	16906.069791148147
0.05604633054645802	-0.5041488754884114	-2.9581553259204583	-0.9233365771004998	16903.979692189685
-0.592398016237027	-0.20505761917176812	1.629798069079115	-2.7370736348063787	16902.8635295586
1.1084258285651032	-1.0904660706834335	0.025288993038373064	-0.632354852056281	16899.275917389517
-1.2047960972573506	-2.6495138168719308	-0.7237981318146467	-3.0954398318150282	16905.335797240234
0.6419480084864162	-0.2895367075440731	-1.440812216801973	2.183819185537317	16904.42370763277
-0.5096223826696047	-2.1101490778241043	-0.9877991453834909	1.4439934248654254	16906.96459587763
0.41025004734708403	2.367849673735094	-1.5293878643764032	-1.2724912761444784	16909.43848674694
0.23369712650777075	2.443284975793844	-1.0536397004382536	0.4562734117330791	16906.11623173059
-0.6832917680928787	0.7636182480678784	-2.0306496455439884	3.3007803742926995	16905.42090253833
0.7368775938178871	0.21212511996028383	-4.879059900890155	0.7863438062736776	16902.91411876657
-1.1801526629817545	4.090617363451493	2.2975689682346	-2.2647764578587726	16902.827046386432
1.03030703590332	-0.7964213345861566	-1.618161135096699	-0.6264088191737613	16904.938472534515
0.15097567892389208	-1.0743347333161566	-0.458748152944608	1.8599645739372335	16906.29749436462
-1.0150560622074138	-0.6056518071982495	2.5648946246171533	0.099272324455697	16905.895162209752
0.9973282248460293	0.8572861885784562	-2.5185035257865565	2.7589186912312726	16901.941451550494
-0.8036974195833864	0.03381184707870233	-3.188288874895804	-3.726968561939742	16900.983343009597
1.4165140036660162	-1.2418598914550572	-1.6103443570167997	-1.0156642497971973	16904.018377773762
-1.7186894712286431	1.7916746816976996	-1.0828542990777095	0.9435896274641067	16905.00844866221
1.6192583936065503	-0.863154883356728	-0.463286145195994	0.1179295500125761	16903.54814166547
-1.7057923925952423	-0.6578197732046149	3.02100783100488	-1.7529721265589302	16903.47862636757
1.9517377021386721	-1.850886737119069	-0.8529399943211189	0.9104156936904673	16899.62559630006
-1.677108658171754	2.99818031072175	2.554966276291708	2.277720482138676	16904.799124881167
1.5976383853979854	1.7319738865950498	0.8171696175584913	-1.0662262502490023	16902.86409356355
-1.7872273867774027	0.49545582564008583	3.1002705634858643	0.6016834536439575	16904.606383660117
1.1316062124238542	-0.6453716858583576	-4.093158312666986	2.994176330152925	16901.955448849672
-0.26347023343260645	3.90296025252092	1.9492987984007328	-1.0015668009754535	16902.481377395405
0.05061343926782769	1.1772648524114473	-0.376076183184594	-3.1648046318763363	16903.878702379137
-0.46267705617512433	-2.264032801178139	-0.7611953878984536	1.217391582254237	16915.08967161987
0.5692050612717665	0.7757322965869164	-0.9312003828078161	0	0
-1.2250310334834396	-0.9919843836412738	1.9745177664147349	0	0
1.745779554069216	-2.5802022250268593	-0.26385857206153673	0	0
-0.9507590019406535	-2.9917685568207872	-2.2160877085069757	0	0
0.0805695496436698	2.129921453089878	2.829694606687724	0	0
0.13011324699841964	-0.1615163488744642	-1.9990218518278198	0	0
-0.7340857126880991	-2.4205767456300293	-0.49861119191736236	0	0
1.303278078497506	-1.1873519644167772	0.07879660548208278	0	0
-0.9948850660267041	-0.16503051534098745	1.9489547747142524	0	0
0.34306690596479683	2.6997927767379792	2.552682333849873	0	0
-0.112068060680933	-2.79466189772765	-1.6548034776737666	0	0
0.17115119307938897	-2.3266516645175273	-0.9731081520107807	0	0
-0.19608321426264297	0.38543733751333065	2.639481575062476	0	0
0.30926293183133424	3.928573413390083	0.7849164450304755	0	0
-0.7211294042409833	-1.7221258105540258	-0.48756420701334946	0	0
0.08361073828506704	0.358876434026115	0.5064676054340964	0	0
0.534286957119086	-0.3642180277843394	1.0601273023203248	0	0
-0.14932272261947332	0.3099728738473715	-3.4677459560261923	0	0
-0.15175658159174787	-1.1783284055587089	0.05156365488980441	0	0
-0.21346905284414674	0.3204117628662644	2.5653071224873543	0	0
0.04773220424537783	2.265962224715892	-0.8793056408953959	0	0
0.873112620230323	1.2008516976440973	-0.5608752476245513	0	0
-1.114210900468521	-1.6942909265742614	-2.6377897426931156	0	0
0.5700990825354424	0.08304034926036508	-2.7880256159904775	0	0
-0.2645550605547342	-2.1132616674269755	0.039568443258247044	0	0
0.01148065210620075	-1.1297111713054804	1.3501730406805308	0	0
0.7361886666431872	0.8550998891364614	-1.8820623881800742	0	0
-0.5662753610953999	3.492763077176022	-1.0574087506321916	0	0
-0.3875024543699581	-0.295339802012883	0.022216178503271067	0	0
1.2815418727908963	3.5189861090543104	0.17859668195862355	0	0
-1.532572003983752	-1.2547435561442768	1.678189255623181	0	0
1.2317244874624862	-0.2991073662879842	1.0414788298703996	0	0
-0.4635966113731982	0.15304239064592196	0	0	0
-0.12744742983615254	0.39658950201204135	0	0	0
-0.03236831064143075	-0.46971532595156873	0	0	0
0.39671737164907483	0.9146784407774078	0	0	0
-0.059683953058844	-2.7230757351889068	0	0	0
-0.22515444946095897	-0.6578172360246839	0	0	0
-0.16235522843634698	0.017135776271587133	0	0	0
0.49114553422105445	2.1389804512440733	0	0	0
-0.2407465095547039	0.6865711628255227	0	0	0
0.37247903353616607	-0.4106505769179307	0	0	0
-1.2346559861897362	3.19672544323727	0	0	0
1.365782528792927	-2.7134729575972685	0	0	0
-0.9828712331927179	1.3602584451200812	0	0	0
0.8555921184197999	2.4580019886529385	0	0	0
-0.37040527949518776	2.937431579073298	0	0	0
-0.33030536900477614	3.3274800998029193	0	0	0
0.45689338639586907	0.5831877579623637	0	0	0
-0.3901980873211812	-1.242781445021997	0	0	0
1.0963130988931837	-0.7780122943841619	0	0	0
-1.1163048274220557	1.248536633635105	0	0	0
0.3346893242514781	-2.1331577846372554	0	0	0
0.23442238966040918	1.144860647731356	0	0	0
0.11385537907550258	1.507900149891384	0	0	0
-1.0585067555910825	0.042541084138733254	0	0	0
1.1981093067065132	0.9829341518665373	0	0	0
-0.739846625662814	-3.9150280716046097	0	0	0
-0.21269426183327056	2.074584930224546	0	0	0
1.2807649479168361	0.06441825714089333	0	0	0
-1.2557638489773524	0.5480495298596679	0	0	0
0.4689316589477954	0.3634616746534931	0	0	0
0.06089042360725472	-0.6541031627455283	0	0	0
-0.3907501175870607	-2.0927669393055197	0	0	0
0.5191849051228203	-2.146348747192441	0	0	0
-0.30054407569642194	1.5973151443673714	0	0	0
-0.32736993300785855	-1.0216824450222646	0	0	0
0.1632504451131922	0.7345010017676117	0	0	0
0.2447372011474016	-0.3561581963358975	0	0	0
0.008739817244865833	1.373577250863427	0	0	0
-0.09094201344544217	-2.7606690980416175	0	0	0
-0.2418437548514305	-0.3176370801733839	0	0	0
0.25378474992580635	2.890440007308108	0	0	0
0.37044212076465755	-0.859276420162999	0	0	0
-0.5290513227922844	0.05647246927683369	0	0	0
0.4396556278289765	1.9679332621038554	0	0	0
-0.6297265058833545	-0.4758382750374395	0	0	0
0.6181898926336515	-0.6967114022972254	0	0	0
-0.06389092437377997	2.2976095841142197	0	0	0
-0.011847787112877484	-2.013716056839691	0	0	0
-0.6278087915616695	-1.8237583114750464	0	0	0
0.5819035555589736	2.000882244800273	0	0	0
-0.08745129910420246	-0.9108738178503231	0	0	0
0.24142680218862722	2.7304276356103543	0	0	0
-0.6821657861768955	0.6988855200509505	0	0	0
0.18467198206479907	-0.1240783433070547	0	0	0
-0.02053940627024531	1.391438069878518	0	0	0
0.6195259689000139	0.7864065301096517	0	0	0
-1.0127022078528327	0.6276445203488805	0	0	0
0.5365732547602278	1.513990904799222	0	0	0
-0.22240633967588508	-0.6498803254174206	0	0	0
-0.4563680415790685	-2.380689880314037	0	0	0
0.976021688885389	3.291299132948801	0	0	0
-0.5349100465798529	-0.9620193113874009	0	0	0
0.19343983886056293	-1.2224368928054261	0	0	0
-0.6695322763222791	0	0	0	0
1.3748710960588326	0	0	0	0
-1.1601773387538188	0	0	0	0
0.834193072648759	0	0	0	0
-1.0429335103954642	0	0	0	0
0.7179762825231037	0	0	0	0
-0.2996028367988828	0	0	0	0
0.33248285060697214	0	0	0	0
-0.38909480167109933	0	0	0	0
-0.3754765683044283	0	0	0	0
1.114198321078895	0	0	0	0
-0.8662393945745279	0	0	0	0
0.6933391872461456	0	0	0	0
-0.7926606685234532	0	0	0	0
0.6266763104995476	0	0	0	0
-0.6811036914404909	0	0	0	0
1.3092908252045987	0	0	0	0
-1.5913939154062717	0	0	0	0
0.9830555523648528	0	0	0	0
-0.15450141330916267	0	0	0	0
-0.23754229042274488	0	0	0	0
0.7507868173903915	0	0	0	0
-0.7260680022382147	0	0	0	0
-0.6473606763039754	0	0	0	0
1.324133484857981	0	0	0	0
-1.0035058026244599	0	0	0	0
1.01837174756934	0	0	0	0
-1.4589617097418426	0	0	0	0
1.5451815191422043	0	0	0	0
-1.2482511112940458	0	0	0	0
0.900479639410257	0	0	0	0
-0.0018592972933291207	0	0	0	0
-1.0182885148114522	0	0	0	0
1.1025280647479505	0	0	0	0
-0.9024330247416188	0	0	0	0
1.2893341714181048	0	0	0	0
-1.913158026379584	0	0	0	0
1.8387526416888633	0	0	0	0
-1.7638187090057684	0	0	0	0
1.462917504156465	0	0	0	0
-0.7263538757018821	0	0	0	0
0.012944171974787366	0	0	0	0
-0.15774291776686766	0	0	0	0
0.5805858460769713	0	0	0	0
-0.3983333021051152	0	0	0	0
0.08811742166911785	0	0	0	0
-0.3736993603879597	0	0	0	0
0.09370892026205269	0	0	0	0
0.1859020638533906	0	0	0	0
0.06301868785295994	0	0	0	0
-0.36386047040817715	0	0	0	0
0.2554882952544304	0	0	0	0
-0.31594329473007576	0	0	0	0
0.8377039395642427	0	0	0	0
-0.2913422387538134	0	0	0	0
-0.8136222084310987	0	0	0	0
0.780789584143541	0	0	0	0
-0.4229290696662602	0	0	0	0
0.15821696214228353	0	0	0	0
0.23359774238624453	0	0	0	0
-0.0744175570091059	0	0	0	0
-0.5075992296735592	0	0	0	0
0.6342420748471085	0	0	0	0
0.0341642218497995	0	0	0	0
-0.4389765212209582	0	0	0	0
0.09488108181737687	0	0	0	0
-0.322585836760247	0	0	0	0
0.5740655398646126	0	0	0	0
0.03926042736623003	0	0	0	0
-0.7430386219486564	0	0	0	0
0.7200256268003145	0	0	0	0
-0.6007438381766548	0	0	0	0
0.813623473617298	0	0	0	0
-0.7311550644489344	0	0	0	0
0.4571099255653621	0	0	0	0
-0.49387364146765833	0	0	0	0
0.46493766708747586	0	0	0	0
-0.026808665347154204	0	0	0	0
0.14595960117078732	0	0	0	0
-0.6375615343136545	0	0	0	0
0.2957650442331783	0	0	0	0
-0.15678086889796106	0	0	0	0
0.9047382166836044	0	0	0	0
-1.3055278482120372	0	0	0	0
0.44291054613982084	0	0	0	0
-0.08481204548821353	0	0	0	0
0.19836588517077303	0	0	0	0
-0.18961149798670363	0	0	0	0
0.561140423436008	0	0	0	0
-1.456754496935936	0	0	0	0
1.3972294136722851	0	0	0	0
-0.6165556409226554	0	0	0	0
0.46090054122760193	0	0	0	0
-0.9272734443031752	0	0	0	0
1.1178024616795028	0	0	0	0
-1.676857899446695	0	0	0	0
2.193214833494004	0	0	0	0
-1.4558252896580157	0	0	0	0
0.03374487147011962	0	0	0	0
0.37262008335034835	0	0	0	0
-0.2657296626511467	0	0	0	0
0.2730871184827848	0	0	0	0
-0.04357577743459018	0	0	0	0
-0.25040028352081123	0	0	0	0
-0.222645543367328	0	0	0	0
0.7946943537275075	0	0	0	0
0.00776771800285303	0	0	0	0
-0.7776915410095526	0	0	0	0
0.25651815297479885	0	0	0	0
-0.03832813262508239	0	0	0	0
0.4394409025615147	0	0	0	0
-0.5319333697039923	0	0	0	0
0.25319016907820924	0	0	0	0
-0.21424150343302983	0	0	0	0
0.11227354856227834	0	0	0	0
0.5669600602937592	0	0	0	0
-0.6164973550627906	0	0	0	0
0.10999213173271016	0	0	0	0
-0.07638626074184884	0	0	0	0
0.5507942241073494	0	0	0	0
-0.49177844812972893	0	0	0	0
0.4956771785675258	0	0	0	0
-0.33057257917202065	0	0	0	0
0.005002610378362249	0	0	0	0
0.2588980221631232	0	0	0	0
-0.4532485870942011	0	0	0	0
