0.12361253133489924	-7.193767494808817	1.9641624347462567	0.8925404290604604	16830.10782679827
1.7952271889208546	-23.172901866189534	6.840299408597474	2.7941531082945374	16831.228531918594
-4.263510487953326	0.4450800923079328	2.9405409135043357	-3.0993634440869897	16828.262668752606
3.784345780458672	-4.0455879338114045	-0.25805629104446837	12.30573408370293	16831.835209444358
-2.8753333214175	-4.020083350558913	-18.853246784767705	9.625657293800984	16825.54547013957
3.040815350127069	0.3016924256443261	9.737866228874339	41.43481053081675	16847.074697735523
-2.9197834165901	-24.330721052653864	-22.130676301582895	-39.28549771674059	16861.451739093514
2.1299038109959483	5.3952098338496555	13.674098337233488	33.22501197237271	17166.25234114367
0.11991654691670561	0.10994720546186443	-7.4576932510581315	-17.809651044945497	17234.169246198056
-2.3657719047931494	17.379915022188804	9.777300027853912	5.205289505512184	17136.895760615007
0.8105588097030534	8.583464442913794	-0.6943444631696281	12.112735621377624	17110.330787773753
3.632609399429228	1.631748895700916	-16.63383827353978	29.460296396809454	17059.396686334658
-5.310722494157609	2.6741404162212987	-8.250788182953684	27.9599339112697	17007.643022607408
4.505766298457289	-10.049040982256571	9.407533031843982	-16.997797404054154	16925.63149523341
-3.2562866669257104	16.914976414988033	0.067800802556917	-6.772028889318207	16993.932471839664
1.2115414527993167	-10.461779773966867	-2.0319140615082603	7.0592920041821685	16941.263135830995
2.306691924549348	-4.064616762172022	-14.279517667029083	-23.369008907675806	16839.793779195836
-8.234308303964156	18.618746676369724	5.741139648987556	-6.661383508639304	16758.995546136965
14.099728641239935	12.56492783703574	-6.0055563265991765	16.029639582008997	16797.686857595287
-14.660221856593921	15.749249475452999	0.6001413278702472	15.513368995848253	17063.715527491462
11.064330615590478	17.559681467743673	-2.432641547953466	-16.685791560596357	17053.767040431914
-6.331988231265868	1.4289719513930805	-10.968660071509035	0.9109743517631159	16932.020797405807
1.7553856485190877	-5.071317461061497	25.593588384144937	-7.988088415065619	16835.506853613417
1.0840613366421508	6.9038400751336155	6.592297010776946	19.0168643805209	16997.83025295163
-2.791425372583433	8.649613957157541	2.1159750471871064	15.576364701630894	17143.34460225693
1.9610683397142026	4.383000660997865	13.25352859461809	7.983552567030216	17135.59605451479
2.278588675870985	0.8919393086882366	-18.60800971295251	22.21976043387076	17083.139146068115
-6.124131359242625	8.311712445438218	18.94784152836509	-19.85368356217046	16940.932897726092
5.347429747963197	9.155460721790249	-6.266477206317958	17.434703601192453	17003.71777651071
-0.09259567954394754	1.1920785010397452	-5.690285452681053	-36.288785393238456	17010.369908183704
-5.580214538991072	-6.912516658243646	18.837359932759455	15.388596512613375	16965.571905306042
7.572295782798669	-1.7502232465550236	-2.2394411936706575	-10.399930106528615	16839.263084323014
-5.32719228491262	9.708702113477216	-8.059706476266783	-10.12362877080497	16738.05932399404
2.1968289640773904	-2.2572875239834644	14.869829423580981	-2.4617746394211792	16636.307902569068
-1.4245075226381232	-12.656534728336013	-8.862740947872268	-6.826716732667919	16616.730767257588
3.0281993079990457	8.975379380430319	1.2062622255277802	1.093266052503438	16616.294270903927
-5.7443675719417016	-11.539475793066742	-0.4543500631834263	7.861281585497451	16663.992843721633
6.60676621476987	4.565328596522988	-10.902147911687408	1.722249618489144	16658.905686925962
-3.6485827985351165	1.0564274278111156	7.351439430859571	0	0
0.012329944438832285	6.413421113044819	5.421405832290688	0	0
2.8880951060180493	0.8556251834606385	-4.043680947918617	0	0
-5.4610434736744295	5.412544158589782	-4.051369975456311	0	0
3.999940040910822	0.8674908128185166	-16.761005131259623	0	0
0.33427226190120507	7.156070419802688	-0.6338528207653411	0	0
-3.871531386621591	-0.5794819430998785	1.8643564612238634	0	0
5.424641687471592	-0.2300291835489645	7.422598822121046	0	0
-4.611519928644697	-7.228641841893179	-2.5334773708225953	0	0
2.20848229766667	4.458249657695816	11.522806604187224	0	0
0.2049271569642812	5.380050739016966	14.501443720446161	0	0
-1.831385943705783	18.606028660843386	5.035492650752047	0	0
3.0286048454985135	-8.152491451470652	-7.342978624538532	0	0
-3.8300847288168924	9.057933327118043	-10.148194265372837	0	0
4.641828837242244	-10.37063647152005	-2.266342210462767	0	0
-5.076916402973829	4.99689202354805	16.90836595516322	0	0
6.3283979253804645	-12.861118267677021	-19.44733681366283	0	0
-5.86561837116021	-14.123966049500112	9.545679153106846	0	0
4.926130456141479	-15.082756582626445	-3.1753166362738767	0	0
-3.400640794303243	38.22559730655801	14.507092703782789	0	0
-0.19406905374472672	0.7862173934271937	-25.232312683391044	0	0
4.187144693350319	-0.7619498261480118	11.804103990829148	0	0
-4.9258892042523215	-4.626786466861525	-3.455498722469841	0	0
1.5478079670946556	-8.202381906273622	-4.092882700978265	0	0
5.503234386785664	-2.2832043969009135	13.292769340104641	0	0
-10.361568767369384	1.1270009939574948	-6.262465670874732	0	0
10.968201917726326	8.960574991401103	-7.597217989821985	0	0
-7.7719058989900915	9.89723584389202	-4.857122435125788	0	0
2.0099644205683305	11.832655777973308	-0.013099628000915686	0	0
2.294726274016284	1.5841006393628732	1.5606104607039981	0	0
-3.26936047060277	2.2454461012680014	6.834729815128	0	0
4.288862566022843	0.9573425801696089	6.602418278978064	0	0
-5.853836796266187	-9.507331294624215	0	0	0
7.965064416472231	-5.27908072954677	0	0	0
-7.455064357160545	3.839106910075003	0	0	0
4.358442859820464	-10.010088397476714	0	0	0
-1.8786724989128345	-15.849761134845245	0	0	0
0.669394855866102	-2.541449161208263	0	0	0
-0.016809377877805787	-1.541397150850898	0	0	0
-1.5568353451781576	-6.125769141682177	0	0	0
2.5809356217020394	-1.2101819120752069	0	0	0
-2.2418332306733717	11.904667693082573	0	0	0
1.7356643968080974	-5.998711284754023	0	0	0
-0.29892937411050013	5.4299224809698075	0	0	0
-1.3604809309196568	8.907174707756852	0	0	0
0.204160781011808	-12.027142163054009	0	0	0
2.425373383915847	2.798628491266186	0	0	0
-3.2280254155268153	-4.4308011073434415	0	0	0
2.388794024108975	12.518990159738323	0	0	0
-2.9459583113284893	-2.902891279464555	0	0	0
4.510058292966477	3.9762194218074143	0	0	0
-4.643369718429284	2.232682995764108	0	0	0
2.618404033243209	1.1927597543297566	0	0	0
-0.23704332413782225	-7.139744041735234	0	0	0
-1.172780956456478	-6.633490912596237	0	0	0
2.529910085469318	0.892701409092318	0	0	0
-3.587197813089361	2.8149619282005176	0	0	0
2.224058471246437	-2.157589488891098	0	0	0
1.178382829712902	7.750501076472801	0	0	0
-3.9121261905519233	6.814625405311126	0	0	0
3.8396269437227133	14.216485084320162	0	0	0
-1.4590945312996197	7.174232331358361	0	0	0
0.3809167373689064	-4.45008427525881	0	0	0
0.6361409842726857	-17.90097212188418	0	0	0
-3.7847830025204843	7.888196810082597	0	0	0
6.656932788686831	-7.17651257619805	0	0	0
-7.388435920925033	-7.7783996540425235	0	0	0
6.577601271651901	3.517790585710422	0	0	0
-4.8972314760661675	-2.62761753375856	0	0	0
2.6941586860827087	4.007362362286528	0	0	0
-1.4477676111037354	-6.0951573914557	0	0	0
2.3225543856731434	10.858967757917604	0	0	0
-6.0405225734560375	4.068648682817155	0	0	0
8.662140565214713	-2.166894306817106	0	0	0
-4.774087157854403	12.480652567680771	0	0	0
-1.9223817616439334	-7.656931923932042	0	0	0
3.476315272190547	12.034850045216494	0	0	0
-2.709695050385136	5.13783860198015	0	0	0
1.7077494065122423	-7.712809131215501	0	0	0
-0.48748979225808853	-12.875097718537269	0	0	0
-0.022412186657660982	1.6879495187630127	0	0	0
0.9659878779885602	-8.77423403973544	0	0	0
-2.84506365080167	-5.3282095231675015	0	0	0
4.008356023044243	10.96959458502274	0	0	0
-4.021905028690561	2.7908595272633363	0	0	0
3.465916247820523	-11.364961644959891	0	0	0
-2.7723071282887375	-3.088497780964623	0	0	0
2.507342423533423	-3.1483656810264833	0	0	0
-2.245882974991737	-11.286503251815866	0	0	0
0.8039730123220465	5.74792978561841	0	0	0
-0.21180855219325423	10.416885051474829	0	0	0
1.5359596143655452	-19.640503934346604	0	0	0
-2.8634874233886336	23.083295026381663	0	0	0
4.48486348978949	-20.396412958409584	0	0	0
-5.815902951525125	4.762876431107912	0	0	0
4.6391739233227725	0	0	0	0
-2.353415139049325	0	0	0	0
0.23005157621390993	0	0	0	0
1.2915769559090933	0	0	0	0
-2.219661166138067	0	0	0	0
2.2898371288525396	0	0	0	0
-1.090417450282736	0	0	0	0
-0.7876690299626645	0	0	0	0
1.2258656383487505	0	0	0	0
-0.25246046017306867	0	0	0	0
-2.63235793826928	0	0	0	0
5.908846512263359	0	0	0	0
-7.693420747569554	0	0	0	0
6.856044473108291	0	0	0	0
-4.452333582138891	0	0	0	0
1.2554365433338859	0	0	0	0
0.9460002245502963	0	0	0	0
-2.703606849159776	0	0	0	0
3.1966419386070157	0	0	0	0
-3.901241188416442	0	0	0	0
6.074507683223494	0	0	0	0
-7.707607272817363	0	0	0	0
7.43897972685096	0	0	0	0
-4.710023016920104	0	0	0	0
1.319811634183985	0	0	0	0
-0.19481370922125762	0	0	0	0
2.4174314537228554	0	0	0	0
-5.294027286807832	0	0	0	0
5.007633202561337	0	0	0	0
-2.903853105194166	0	0	0	0
3.1236107154656167	0	0	0	0
-4.5128587946982535	0	0	0	0
4.725364010973109	0	0	0	0
-2.4792760164343974	0	0	0	0
0.26716777034729233	0	0	0	0
-0.3567005459676764	0	0	0	0
0.2303096645558682	0	0	0	0
0.8018034523381274	0	0	0	0
-2.6013984260587932	0	0	0	0
3.4251295463998375	0	0	0	0
-1.1162300618223853	0	0	0	0
-1.1022855699405696	0	0	0	0
1.752385754442038	0	0	0	0
-2.1848257260898194	0	0	0	0
0.7161889533761325	0	0	0	0
1.545802994471046	0	0	0	0
-4.2759016074045775	0	0	0	0
6.0777293870722815	0	0	0	0
-3.870475294460853	0	0	0	0
1.22486400690795	0	0	0	0
-0.14728315388347113	0	0	0	0
0.3747353344551243	0	0	0	0
-1.190105327228224	0	0	0	0
0.42465178832423334	0	0	0	0
0.6805737221501289	0	0	0	0
-2.1830773400861716	0	0	0	0
5.286673914061559	0	0	0	0
-5.678633735964361	0	0	0	0
3.1399512268042997	0	0	0	0
-0.5844574521650827	0	0	0	0
-1.3530165749619272	0	0	0	0
2.4851246279979335	0	0	0	0
-1.6848392104333172	0	0	0	0
-0.331176584864167	0	0	0	0
1.9390082045869832	0	0	0	0
-2.5635017789499415	0	0	0	0
4.183300698251443	0	0	0	0
-5.600276181750225	0	0	0	0
4.40727524178196	0	0	0	0
-1.5812012261508457	0	0	0	0
-0.9818312012223132	0	0	0	0
0.2870941078844851	0	0	0	0
3.9093916544129925	0	0	0	0
-7.872217304233033	0	0	0	0
8.59738391418611	0	0	0	0
-5.956505539058213	0	0	0	0
2.512292495560871	0	0	0	0
0.6262421912267016	0	0	0	0
-1.986073765164491	0	0	0	0
3.2342444605176794	0	0	0	0
-4.629618048042666	0	0	0	0
4.449384216768095	0	0	0	0
-4.022720169806874	0	0	0	0
4.465303443441805	0	0	0	0
-4.104800653043064	0	0	0	0
2.7295899924953204	0	0	0	0
-0.21711925893512785	0	0	0	0
-2.642564688032664	0	0	0	0
3.477152186854447	0	0	0	0
-1.7378081263924443	0	0	0	0
-1.1103005834148334	0	0	0	0
1.9434181687151124	0	0	0	0
-1.3912481947605784	0	0	0	0
1.3974249063514534	0	0	0	0
-1.212433400589937	0	0	0	0
1.132749965099677	0	0	0	0
-2.1002169282915872	0	0	0	0
3.331339604344663	0	0	0	0
-3.3377755727943708	0	0	0	0
1.1811758362901799	0	0	0	0
2.1906505931499822	0	0	0	0
-4.036485968432778	0	0	0	0
3.267415996400004	0	0	0	0
-2.2485554219037667	0	0	0	0
1.272252613137283	0	0	0	0
-0.9441715665255828	0	0	0	0
1.2444317100893443	0	0	0	0
-0.286849871958168	0	0	0	0
-1.2068762511362294	0	0	0	0
1.8981096325148599	0	0	0	0
-2.0094978289126146	0	0	0	0
0.9234944558655656	0	0	0	0
1.0677121733056012	0	0	0	0
-1.1324247673051175	0	0	0	0
0.48965515762103706	0	0	0	0
0.295584406432404	0	0	0	0
-0.21785614964694844	0	0	0	0
-1.8263411162044392	0	0	0	0
5.966297988579527	0	0	0	0
-8.535075070054646	0	0	0	0
6.88399629730629	0	0	0	0
-2.43527132333287	0	0	0	0
-0.6853237103829315	0	0	0	0
0.3385833526073867	0	0	0	0
1.4382839207881872	0	0	0	0
-0.680462208118108	0	0	0	0
