-0.07495983164256614	-1.3524912330962664	1.0257789086450089	0.21027450981621598	16792.34461058851
0.16052310433097006	-4.371579902745353	3.05227742087952	-0.13956870945658295	16790.97213552609
-1.1222963850968384	-1.6703838133272484	-7.408416739466816	-13.319016866915021	16790.581561914907
2.4660487200405825	9.17816354396534	8.500542260706538	13.603626454027832	16794.249793845232
-1.4421732176892235	-2.8896665343381684	7.4179997117747405	-6.002326849488057	16778.230724923204
-0.5452216609523006	-4.838450398832322	10.941385963749141	24.213443384452887	16837.13641277411
0.5492531688635509	-1.4407777836761042	-5.325681845782043	-7.412494222105067	16902.629326425824
0.025470646470687086	-6.856236890213218	4.692973460788366	5.123022698845048	16846.437843489624
0.7555883391714175	3.60747706596036	-3.326246163046818	-5.848495366169473	16908.788794256085
-0.10664777879943443	-0.5479978937678212	-12.522544029588119	18.348815966055554	16932.72348251999
-1.3032920392274647	-2.1779628852306416	-8.064006719588463	-14.24542856006984	16902.522472983685
0.3989293355526584	6.10833311509645	-10.663050980373313	8.573488083942863	16864.217580967554
-0.36347060514410146	-4.7582774617104135	11.20020190185545	-7.00972904915244	16909.57999261131
3.175625135237375	-4.004221264963682	10.189066036150237	-0.7043674148634409	16917.23461249428
-5.056134230638783	-0.7510957087666696	-11.2015653582434	-6.934186031813127	16877.869225598784
3.5863566637350672	-6.243467927716871	15.116612704561703	-0.40378178290589517	16858.80111093948
-2.027500222577345	20.070010170163755	-1.200192690683025	8.480656080107863	16895.000369941205
1.9517157806869676	-4.48610147982518	-7.241303460214851	-7.465116903644542	16878.208105872058
-1.6201180115343803	-3.139823986619234	8.436687126753256	10.010268900681794	16871.205847952748
0.7494649664983157	3.9716980716308115	-2.2577259965677996	-0.8390636033815184	16903.2010571014
-0.240635547508937	-4.08679592780593	-2.811074731023311	8.166085539378699	16934.009520218377
-0.7573961908156974	-0.44393476025044265	2.5696984605858546	-5.9797311249321865	16942.669310434096
1.9441882995883688	-3.6243036190702966	-15.749640635686248	-11.19301526375655	16911.57676789906
-1.5843863904021376	5.707340325975316	2.0044998225966992	-14.018039698209606	16883.57170467642
0.1768327603857145	-1.5061362802888993	-0.0704178646642788	12.813435730765619	16828.42655943016
-0.8321010966280866	0.11960796988417144	4.583343957867882	16.95628156587422	16825.070123848716
1.8429141886084324	-3.0278486054050973	-2.8335860718644597	-15.455968648895691	16780.50579582047
0.1386750257740914	1.5229973560965107	7.114624763937769	-0.08197571632773304	16754.631963861477
-3.3864351979726877	-3.851904515186405	2.945525239978892	13.369081529364891	16817.633034759576
4.561601602485048	1.6958305965443685	-13.10402071222029	-28.25750458033214	16819.253281868925
-3.0589740470182676	-6.482146516881954	4.8573788605331885	-1.438360732652015	16803.878968761997
1.446970628007115	-0.29687193646865495	-3.088781630923691	-6.450600850125511	16839.62502236203
-0.1598044615788723	-2.5285063604210265	-11.275676867822483	0.4289434856160881	16893.865039451663
-0.44443909037904916	-2.6012337392250657	-1.0647438428357816	-6.009116144994792	16942.80954089798
-0.5537942781625702	3.629053405983065	-0.21522712941262512	14.811927611985851	17020.209967470906
1.7518677171232113	-2.378514468692387	-14.105259891594656	-6.161989785088437	16998.67026473883
-1.704271166110793	-5.22024335398465	-4.1128040793832525	-9.941685174377568	17041.42155837055
1.1395501320520296	-2.129272946255284	10.044224504787394	9.541024317310047	17101.613820905215
-1.0580456982395177	-3.3085995852442664	-4.330120829954041	0	0
1.0907501114982807	3.1286333529424937	4.735189625187047	0	0
-1.4342264459974672	3.788028606781701	6.3017851717394535	0	0
2.7098660304141546	2.1808287084840785	-10.011664543191003	0	0
-3.284763307303038	0.3333672589171641	1.8260187863467223	0	0
2.0827149765056774	2.5958224512369483	11.116494483684264	0	0
-0.1357765619445246	2.368453219159697	-6.417923319026329	0	0
-0.7004829474439518	-4.1497994089905035	-4.384366401389315	0	0
1.3382739777753017	-4.894021543338653	-10.054001967441067	0	0
-1.4023414636465859	-0.45808784784708934	14.175076498061316	0	0
0.27545414207498453	-0.14350834739622798	-2.0103853942096634	0	0
0.13769813363929018	5.358657560694986	-10.11047614511908	0	0
0.0921389040015157	-2.3678822854726818	-4.199989787027036	0	0
0.8951100176091629	0.5139550760443399	-5.8719635892330615	0	0
-0.8370932371813922	-2.873898390873528	15.771966241681397	0	0
-0.08361494418747384	1.312933987342511	-6.789216639815862	0	0
-0.6099536087321766	1.728950454326231	-3.1907133699158976	0	0
1.1502058742423529	5.718754551772214	-8.20141182783891	0	0
0.35824051910825716	1.8208121937226593	6.432439006418932	0	0
-1.9200158962645446	2.970214927959134	-2.1231912610754335	0	0
1.5747214023545624	-7.496907768267185	-4.564548498648392	0	0
-0.7926663936418095	1.1480996027143675	3.8979301607854353	0	0
1.0798738609488368	-0.5389923327067052	5.540862164469644	0	0
-1.0559020971681505	-1.5517278944326094	0.5067991764702953	0	0
0.0019656173272224464	4.337961441925643	-7.9189057571798855	0	0
-0.041732544365984836	-5.378357650988953	0.4782622692645049	0	0
0.18784364613073734	6.1416836102824846	-2.1369976280064122	0	0
0.5459345084230165	-3.655886403343466	5.662990607659921	0	0
-0.2628249085129539	0.15041597954694197	-4.35406341702398	0	0
-1.3402775918185341	1.6662489744555415	2.71988539905459	0	0
1.31724516999153	3.8845743694441737	-5.574248989289529	0	0
0.34079088634436516	-0.047428951356756954	5.085047707848048	0	0
-1.0896042558926027	-3.1421159735640103	0	0	0
1.657277377861604	0.16581381733681866	0	0	0
-2.429856149972018	-4.467630929012699	0	0	0
1.8964837081093648	-0.3937801636281435	0	0	0
-0.5091812579878479	0.9327701096402521	0	0	0
0.6402590457044894	1.956586505517457	0	0	0
-0.7437618756020541	-1.3214002303821104	0	0	0
-0.5238252348890171	3.0506664462435253	0	0	0
1.924009096507497	5.948210176636479	0	0	0
-1.9840311470077623	-2.3570114044538144	0	0	0
1.8397462791872599	4.670460330616507	0	0	0
-2.6259070541708738	-3.757710134651859	0	0	0
1.8224035920409065	-2.0163338397907964	0	0	0
0.4336039987001499	4.594267752022283	0	0	0
-0.8584949284805106	-2.0007235275960014	0	0	0
-0.1043621291783623	3.728627775297106	0	0	0
0.7407776031425186	-3.7512071650407464	0	0	0
-1.5281275681383804	-3.2656469859031816	0	0	0
1.820819119376857	7.546999366283387	0	0	0
-0.26385995865605594	-7.641986423169122	0	0	0
-1.7421090756941666	1.6492744990156467	0	0	0
2.028337364415279	-0.5943439568893467	0	0	0
-2.1102685337095366	-1.691899097946127	0	0	0
3.0630805242059296	2.211975465899876	0	0	0
-2.9088269014735246	-2.906921061778526	0	0	0
1.6336145249850418	-1.4052486949100143	0	0	0
-0.9370072909483227	3.7577255222219605	0	0	0
0.1864394248772001	2.790583144533379	0	0	0
0.9450071165353933	-4.047170671466176	0	0	0
-1.391340913450243	-0.18054818256796779	0	0	0
1.6415024238696603	5.33470988152196	0	0	0
-2.660317214105568	10.91647022880096	0	0	0
3.125871934757903	-6.9886717938072636	0	0	0
-1.858442035033498	-0.9470921363256863	0	0	0
1.0238874275127472	-1.6920240840361203	0	0	0
-0.5295316612968008	-7.181311382904376	0	0	0
-0.7951708515500187	-0.03800251068290095	0	0	0
2.13194832995476	-0.9433675643562083	0	0	0
-1.6139053649866142	-8.588603891901393	0	0	0
0.39766233942771834	4.47456364957317	0	0	0
-0.18769390075337355	-0.9894431594575721	0	0	0
0.5479886531222391	2.174270644491024	0	0	0
0.3569323597308198	-4.916887183489301	0	0	0
-0.6314370770146667	-1.5959312085363777	0	0	0
-0.8003533508432454	-1.7001648125868911	0	0	0
1.5743113332302485	4.992895779827762	0	0	0
-1.481998922223923	-5.672724135968444	0	0	0
1.8850080689568074	5.789339092121459	0	0	0
-1.323182639519466	2.3417141686769796	0	0	0
0.7188179206710501	4.918547516328026	0	0	0
-1.9725875313682053	3.019333074199352	0	0	0
2.09031197135554	-3.6794264763052738	0	0	0
0.2332055353642133	-0.03052107656223768	0	0	0
-1.0909075078372936	-0.5095601778304513	0	0	0
-0.5268384961928732	3.8554094915732904	0	0	0
1.2116294447820266	-3.223561530995106	0	0	0
0.33002613748632825	4.475250415821996	0	0	0
-0.5449077812491723	-2.682508930611	0	0	0
-0.40146897591239394	5.0172841988983805	0	0	0
0.3136550912555194	3.7752844466786257	0	0	0
-0.7636392996126915	-6.977532652188948	0	0	0
1.7145396896382152	-1.937853799520937	0	0	0
-1.3840663699690055	2.0422564601362296	0	0	0
-0.3188695152446783	0	0	0	0
1.3582104874024168	0	0	0	0
-0.6742997843463101	0	0	0	0
0.3443602523627405	0	0	0	0
-0.5219366219635475	0	0	0	0
-0.4492328465425075	0	0	0	0
0.9480409401333674	0	0	0	0
-0.1065124341656869	0	0	0	0
0.5208698896815278	0	0	0	0
-0.43729609849668805	0	0	0	0
-1.3476648975454495	0	0	0	0
2.0196182021479387	0	0	0	0
-1.607072742876717	0	0	0	0
1.8977808564591356	0	0	0	0
-2.264488276545876	0	0	0	0
1.9735200402973945	0	0	0	0
-1.2782539777599666	0	0	0	0
0.8728519831380837	0	0	0	0
0.33146186881557327	0	0	0	0
-1.5595699259239382	0	0	0	0
1.1737435157346	0	0	0	0
0.2597819338670604	0	0	0	0
-0.8447087623083931	0	0	0	0
0.73717928954418	0	0	0	0
-1.490322844451896	0	0	0	0
1.9026945625157694	0	0	0	0
-1.6260011403968377	0	0	0	0
2.0129382126379056	0	0	0	0
-1.6542739004263538	0	0	0	0
-0.25997512045684346	0	0	0	0
1.2787546533542198	0	0	0	0
-0.7152859864976833	0	0	0	0
1.0995410384792166	0	0	0	0
-2.371089625582222	0	0	0	0
0.9006503407382667	0	0	0	0
1.105458230292136	0	0	0	0
-0.8452254733331159	0	0	0	0
0.49719174549156975	0	0	0	0
0.18806712961092842	0	0	0	0
-2.4890520288964524	0	0	0	0
2.299039993379708	0	0	0	0
1.0393071259650668	0	0	0	0
-3.0956928732495825	0	0	0	0
1.895267355039742	0	0	0	0
-1.5511788137379199	0	0	0	0
1.5878438430154418	0	0	0	0
-0.24400491436013283	0	0	0	0
-1.5010854914438028	0	0	0	0
2.792347430445929	0	0	0	0
-4.345166339059546	0	0	0	0
4.869358846844783	0	0	0	0
-2.817943950905338	0	0	0	0
0.04619440615861947	0	0	0	0
0.6635384470616756	0	0	0	0
-0.5945049819738202	0	0	0	0
0.9274381992423102	0	0	0	0
-0.6806253279947114	0	0	0	0
-0.19554739817823474	0	0	0	0
0.053634929903296324	0	0	0	0
0.23963293421044796	0	0	0	0
0.06439025666287534	0	0	0	0
-0.1437167185129553	0	0	0	0
0.7025045291262089	0	0	0	0
-2.5387167065877776	0	0	0	0
3.09312414214714	0	0	0	0
-1.6384569662648687	0	0	0	0
-0.7312092818967386	0	0	0	0
2.9481641690464286	0	0	0	0
-4.198951693086656	0	0	0	0
3.755182524683626	0	0	0	0
-2.0342739989208596	0	0	0	0
0.15476450692673893	0	0	0	0
0.22963849620621346	0	0	0	0
0.10697235810668815	0	0	0	0
0.8665089972859548	0	0	0	0
-1.1522513088580908	0	0	0	0
0.1037641920844834	0	0	0	0
0.14287822501734837	0	0	0	0
0.47041424002147636	0	0	0	0
0.06630370581806488	0	0	0	0
-0.4280886214393149	0	0	0	0
-1.1050298467203277	0	0	0	0
2.142833937502232	0	0	0	0
-1.7267508664596676	0	0	0	0
2.0297579906750016	0	0	0	0
-2.772447905079737	0	0	0	0
2.2901463269345683	0	0	0	0
-1.48901729037199	0	0	0	0
0.9452129232001028	0	0	0	0
0.4890533026576591	0	0	0	0
-2.1208944761231905	0	0	0	0
2.23620097627839	0	0	0	0
-2.4024979421915944	0	0	0	0
2.863188314490415	0	0	0	0
-2.4316584712988742	0	0	0	0
1.7826242771240572	0	0	0	0
-2.5687930624449535	0	0	0	0
2.5443392190794043	0	0	0	0
-1.0222437778405364	0	0	0	0
0.8251296141231137	0	0	0	0
-1.2616785032958546	0	0	0	0
0.008307260334014188	0	0	0	0
1.5649577955911198	0	0	0	0
-1.5807628648899623	0	0	0	0
0.5426539844649483	0	0	0	0
0.22954114359790623	0	0	0	0
-1.3634098592819157	0	0	0	0
2.652099873064202	0	0	0	0
-2.2268750154968373	0	0	0	0
0.7463250990868389	0	0	0	0
-0.09154412590834937	0	0	0	0
-0.627791649425518	0	0	0	0
1.441861246614117	0	0	0	0
-0.41120114478547976	0	0	0	0
-0.9681119827581881	0	0	0	0
0.16443726360991917	0	0	0	0
1.2329524691221607	0	0	0	0
-0.6613701513622487	0	0	0	0
0.03331382777103187	0	0	0	0
-1.2854770624444498	0	0	0	0
2.131129022186869	0	0	0	0
-1.6464204929566222	0	0	0	0
0.5952842851925197	0	0	0	0
0.09828972570989691	0	0	0	0
-0.5232625177188623	0	0	0	0
1.292709948260665	0	0	0	0
