0.6066736389294931	-17.281456648103898	15.419278935850372	0.9520267573587091	17387.795297123037
4.081247863002979	-53.77528752914189	50.733489640733126	0.7849477369953206	17390.31689499364
-7.6957338348036615	15.536855587719955	3.958649189029657	-43.181964299394934	17375.12863342975
0.06244029120553307	-24.88749878545002	71.57612161027889	58.92424692835013	17397.86252149404
6.045140741279148	-7.416777166031949	-19.662480518479384	-50.70950586889279	17341.415760967757
-2.305386772534767	6.311404438803095	-1.7495213819844508	5.662904994568407	17543.452562902647
-2.4322582655994864	-2.9573695372099706	2.1582698791078485	9.90783383103576	17910.51911480489
0.050740054209605034	-1.761837049759066	2.636665551590596	-16.077524349967035	17889.874639067348
1.9930897271872468	0.27967077653616457	-2.1780983717404183	-6.033178986562973	17866.44481556856
-0.6717301922743175	-3.4014187445619086	10.323705392210343	17.19114777282971	17750.06080748305
0.1051073480178033	-7.513532901049416	-7.631567830253005	2.967836317717456	17613.63367713139
0.9293157062666921	3.0971189656832223	6.424408007176069	6.582205186467149	17504.80269530245
-2.913346211546475	1.9643228923597036	4.033848054444462	38.970730392528424	17388.037631431303
2.132712459271815	-1.9697872303510309	4.185948119253311	-19.08060537447284	17291.535987995045
0.26017865897100734	-2.015285308894363	-4.500237480535887	17.47652353710086	17162.63444055658
-0.9688167822984042	-5.320816791299791	5.43430242442885	-70.00625176945954	17218.767933976305
1.4386956510308835	-3.088921706935551	-0.31337535962764207	61.1760505449933	17305.313330070647
-2.490944212778544	-7.017222566279699	0.6884655881005415	-38.563932154361396	17033.40877945092
1.2756700075016454	1.444287105890453	1.59844935453701	-17.17565369707694	17148.44251760746
1.6452460264717388	2.4066713622800933	7.297316931336411	1.451954136072004	17097.383649650263
-1.3842713583439945	3.096704365768545	-21.73775216249429	3.583217013024111	16914.039619614112
-0.1913945657746865	-3.9727613436433415	45.94212432654716	22.850848980926813	16775.925706108086
-0.42455719393653624	7.632767540814129	-2.417700755804603	23.354505669607505	16888.8146641217
0.5497450531536288	2.930086838467858	-6.770896351121095	-28.94232326616678	16866.660396596068
0.7253661955278901	-0.2226563611014285	-12.688209054147293	-12.105046195256293	16760.78427155313
-0.9342712990299731	-1.8326773777892384	20.007998813962388	24.74684029921933	16767.25000007355
-0.04798200314578338	-8.954786808303425	-16.087232848198	12.28364000315915	16654.232933570318
-0.9161988278514102	6.8745961702881	-0.4039704653527849	9.689664328464886	16517.562248398586
1.8380975074124777	6.099363796370355	-7.002726360745399	-64.17568350698181	16442.30248581544
-0.4221729766655997	-4.449152087453925	9.367345158888853	-46.60645263552409	16495.481309884803
-0.11680271066009595	-6.38270926349287	-26.01643071798101	151.57710592938759	16505.154250762345
-1.4030406601628655	-3.475912408291137	11.464387169107454	151.31461813725127	16671.12396488325
0.736876153588419	0.9554011635790829	3.120124416491336	-20.17341193654073	15436.750759577613
1.6518966297493094	-4.720482624362518	0.10305671386126392	-152.82165222254105	13909.284275513692
-1.4579348668320904	-3.8818575554894323	-15.368614027677367	81.56371789726273	14246.513754666816
0.3004887102767029	-3.519497521907084	13.630546167857574	-23.43770309486763	14720.29662768793
-0.7271095808372579	7.831130259039369	-5.903413508779607	-33.025104905301575	14887.69867086062
0.03982673024322736	-13.316027262945994	1.352478212204403	146.0452905422745	15117.701250322983
2.4279987705350834	12.277570652884421	-2.012017642768214	0	0
-3.27833073723032	9.400306988491707	6.716194681374915	0	0
1.6848213324237094	-5.058226129366432	-4.797560870563487	0	0
-0.9081511933410766	-2.0598923881123454	-54.04725440842246	0	0
0.4883971198969306	7.479216140241121	58.44205358847947	0	0
1.1026035558975664	0.18216546023398905	-53.47663065889677	0	0
-1.0525312308513506	-2.883049013014002	22.905337466209247	0	0
-0.14478117069369034	-6.989187389262682	-2.645948280188307	0	0
-0.5135751363133636	-2.487465858125219	-63.055044947066975	0	0
0.7685909009190297	8.955116809239769	8.741312813823413	0	0
1.105982542096477	-0.9839680580302144	-4.546068049191348	0	0
-1.2209962536870265	1.4758968402721848	13.374710874713614	0	0
-1.6185948001860737	-1.008445347742125	-14.037747932888081	0	0
3.2938296373326708	3.2668085500552166	2.661002348299121	0	0
-2.606383467515009	-1.8256373888122113	7.799220403102424	0	0
2.0109414778725494	-0.6650628234531695	-9.341835466759889	0	0
-1.094209833037425	0.9185395823953684	9.848944955548617	0	0
-1.8850730535742812	-9.682124346699545	42.31429931612665	0	0
3.390042094419101	7.108205915358994	-136.61104193500302	0	0
-2.222839961455975	-5.109546052251325	103.25584473145003	0	0
1.7532351288943886	2.623920055864744	-79.0629977285479	0	0
-2.122364599550849	-4.183432735462603	46.2718177155778	0	0
0.5260757588002107	3.417664898775044	9.41337166190182	0	0
1.1745572926011718	-1.4527095810077952	-1.6327926754813262	0	0
-1.0936006182792894	4.068935201188964	-1.1362013440063379	0	0
1.2391111600090952	-2.8506457581745366	-3.5966717526882803	0	0
-2.655021440871515	1.391909281167365	43.77627196867901	0	0
2.1631357168982674	-5.617702436917639	10.715050918044511	0	0
-0.6380153013304124	-1.531289584740108	-13.770296329794562	0	0
0.5380138767655822	0.0694947509865429	8.844528292786151	0	0
-1.1643084044025471	0.28191649399231977	-20.505815945768205	0	0
0.47616194498137787	-1.0883147000900166	-35.20188340388552	0	0
0.8668512296818633	-1.2625445809956801	0	0	0
0.36801255911699116	-3.1987417502896633	0	0	0
-3.44380783816824	1.5521957827263293	0	0	0
5.085417694780595	5.1917508294539445	0	0	0
-5.774983966232178	-0.5893776498218699	0	0	0
3.7517426435313084	-1.80112192742493	0	0	0
1.5065989305794716	1.1565807666144252	0	0	0
-2.333984957586985	5.544102718088581	0	0	0
-0.6698417470409694	-7.421975284721341	0	0	0
0.21960005046702236	-3.3635108104129117	0	0	0
1.0188378809328213	-74.45881413145445	0	0	0
0.5887703913017432	17.10735275895611	0	0	0
-1.712311730657781	-22.032668849974662	0	0	0
-0.5405319254256611	7.561429419279499	0	0	0
1.7418921728382557	-2.923311706500229	0	0	0
-0.9944055507872989	4.277030438746152	0	0	0
1.719750375632394	-2.2259538529530047	0	0	0
-2.30138343252257	-1.0704825547049666	0	0	0
0.37823339650813637	-6.13175446990153	0	0	0
0.17898567500449758	-1.6796715291281998	0	0	0
1.136830716670005	8.961171155412494	0	0	0
-0.36970644313932866	-11.601569869155313	0	0	0
-0.9379574773203245	4.4187329906676425	0	0	0
0.6512319001150217	1.476881986142267	0	0	0
-0.5928629316715543	-6.277343430891776	0	0	0
1.6925970196499804	-7.814126183246266	0	0	0
-1.2299712403054741	2.510240124442795	0	0	0
-0.4666032210210602	0.8645147281273253	0	0	0
0.35415306399849555	1.0769279087315127	0	0	0
1.6634819803027838	9.045474220536349	0	0	0
-1.5711861052778104	-4.685249493998327	0	0	0
0.45442681367654814	-3.2143804637710502	0	0	0
-1.490426138567777	-9.095759728744419	0	0	0
2.216702219432527	-4.477979683524332	0	0	0
-1.2143255624234826	2.7541450962436684	0	0	0
0.7113443671349273	8.25154942592063	0	0	0
0.36680992646002863	-2.582003926121672	0	0	0
-1.0221970807072935	10.319665555585246	0	0	0
-0.5911521981607208	-11.945347232041549	0	0	0
3.0114312760559017	11.68708492564842	0	0	0
-2.818398138259944	11.216538816709502	0	0	0
0.5482059775894612	-3.840452366125703	0	0	0
-0.8417383739600552	-10.901950133040195	0	0	0
1.571632968828574	-23.367725769384535	0	0	0
0.15622835451137007	-8.50270016310558	0	0	0
-0.5989625224584643	24.38984054111019	0	0	0
-1.9075578172278327	-16.354165926699096	0	0	0
3.3206497254449516	-8.623019703851817	0	0	0
-2.3849829565945555	-15.718594272895167	0	0	0
2.054677134444347	0.3365568973219979	0	0	0
-1.92851239387916	24.19660262988038	0	0	0
0.5884534597695321	-30.72616421085562	0	0	0
0.7402255600410967	20.847024245418737	0	0	0
-0.6691369919854182	-1.7077354289653712	0	0	0
0.7821680999364986	-0.4320450341414954	0	0	0
-1.0903084334467508	2.3122874267502027	0	0	0
0.45929422851978785	3.012320017091149	0	0	0
0.5182110566656988	4.840889391932052	0	0	0
0.15603054811469974	-9.04410640949002	0	0	0
-0.38767263115291684	0.8334279758828558	0	0	0
-0.9958788380929207	0.5576961540014409	0	0	0
1.9795416821380414	7.928400049477936	0	0	0
-1.8351087214262733	-10.648620869982636	0	0	0
2.500322086434032	0	0	0	0
-2.7469661628230995	0	0	0	0
0.5306482646925303	0	0	0	0
0.6985443431596678	0	0	0	0
0.15384808723610632	0	0	0	0
0.5287329825781342	0	0	0	0
-1.496602595117217	0	0	0	0
0.3756839454380625	0	0	0	0
0.2589274018187453	0	0	0	0
0.9180953693672578	0	0	0	0
-1.5609824152432594	0	0	0	0
0.9565087776840073	0	0	0	0
-1.9604125779311161	0	0	0	0
3.1054438060489815	0	0	0	0
-2.5400910720808128	0	0	0	0
2.650005442017843	0	0	0	0
-3.6117984458401224	0	0	0	0
3.257415862660764	0	0	0	0
-2.30470095328824	0	0	0	0
3.30397895636019	0	0	0	0
-4.32203041640274	0	0	0	0
2.3101255809849945	0	0	0	0
-0.5136265936471318	0	0	0	0
3.638690036004327	0	0	0	0
-6.647478927332479	0	0	0	0
2.5276747607580887	0	0	0	0
4.300328464995744	0	0	0	0
-4.427170714173727	0	0	0	0
2.3319974026111154	0	0	0	0
-4.180094122324633	0	0	0	0
6.933462378618614	0	0	0	0
-8.019535092488695	0	0	0	0
6.648857815557548	0	0	0	0
-2.997743940139074	0	0	0	0
1.5705212986644455	0	0	0	0
-1.786935562733234	0	0	0	0
0.2997840458097798	0	0	0	0
1.5051221651066484	0	0	0	0
-2.2139072631312473	0	0	0	0
2.1434041241075334	0	0	0	0
-1.9226468632750127	0	0	0	0
0.6030007152073225	0	0	0	0
4.223524892124161	0	0	0	0
-8.642823169148826	0	0	0	0
4.929890355491942	0	0	0	0
1.9051719288344344	0	0	0	0
-2.2597528983533337	0	0	0	0
0.754999272046355	0	0	0	0
-0.9561246993494166	0	0	0	0
0.5817502590505725	0	0	0	0
-0.9763764833868791	0	0	0	0
2.246564128452789	0	0	0	0
-1.567565924525681	0	0	0	0
-0.09242970075251122	0	0	0	0
0.4568160070218923	0	0	0	0
-0.7045123798362312	0	0	0	0
3.0982683103421422	0	0	0	0
-3.465057243838899	0	0	0	0
1.3776622174677797	0	0	0	0
-1.254587563868789	0	0	0	0
1.823653065708534	0	0	0	0
-0.9089100615737848	0	0	0	0
0.9046450156173265	0	0	0	0
-1.353741683815862	0	0	0	0
-0.39683083195184565	0	0	0	0
2.1418669360758216	0	0	0	0
-1.0829329187869945	0	0	0	0
0.19586417447816729	0	0	0	0
-0.4911064593566792	0	0	0	0
-0.04272437346447333	0	0	0	0
1.1913681292696907	0	0	0	0
-0.10605102288835155	0	0	0	0
-2.0319597646361203	0	0	0	0
2.4118092705629266	0	0	0	0
-2.5260922852070635	0	0	0	0
4.49509940844235	0	0	0	0
-4.495852812683481	0	0	0	0
0.9899320164331655	0	0	0	0
1.044162356179072	0	0	0	0
-0.5480852909387792	0	0	0	0
2.3355221327886255	0	0	0	0
-4.757260064433474	0	0	0	0
3.3427510310288895	0	0	0	0
-2.4640929069822874	0	0	0	0
-1.8524279919966276	0	0	0	0
7.747306282046566	0	0	0	0
-6.057302397261914	0	0	0	0
1.5756379611663576	0	0	0	0
1.5187875179318198	0	0	0	0
-1.8331894716004697	0	0	0	0
1.6705153406559745	0	0	0	0
-4.444479759492971	0	0	0	0
4.254554538177111	0	0	0	0
-2.8454730583297376	0	0	0	0
1.8092215617370968	0	0	0	0
4.3268833303285135	0	0	0	0
-9.909959025286014	0	0	0	0
8.884917023513992	0	0	0	0
-3.657481177488819	0	0	0	0
1.4768262881298497	0	0	0	0
-1.6153808765607778	0	0	0	0
-0.3704515160447883	0	0	0	0
1.8923951720964283	0	0	0	0
-1.9871194571793964	0	0	0	0
3.671123470877248	0	0	0	0
-2.834345538016997	0	0	0	0
-0.4003471442198858	0	0	0	0
-2.7765465036548918	0	0	0	0
9.827641094422894	0	0	0	0
-10.22266162578741	0	0	0	0
6.486190560314547	0	0	0	0
-5.558117227831545	0	0	0	0
5.436879736463126	0	0	0	0
-4.279026836903981	0	0	0	0
1.0596426288707121	0	0	0	0
1.6981838882338067	0	0	0	0
-0.6898530371074401	0	0	0	0
-0.838877367487278	0	0	0	0
0.28343162466327954	0	0	0	0
1.6577545315962041	0	0	0	0
-2.7322022900135465	0	0	0	0
1.2960749111115675	0	0	0	0
-0.33767801476660253	0	0	0	0
-0.18546159766260217	0	0	0	0
0.3883795398720764	0	0	0	0
-0.7624182738410141	0	0	0	0
