-0.11856509122234371	-0.30087694368256024	0.23008892521265523	0.06153667602201551	16896.920068131883
0.19040754146271155	-1.021991437866511	0.6985957197557155	0.16005408037801772	16896.874580727217
0.6228871388675898	-0.8430356079244632	-0.39520187677226204	-1.1063565076353257	16896.628919836123
-0.4071801961036883	-1.5537741969891883	0.20910974883395284	0.6995276674579429	16897.095484877857
-0.6883238644452376	1.5553943018608578	-4.036383821710288	1.735925057848803	16895.930367571375
0.18150322661294638	-1.1611215140092597	-1.1629764555047473	-0.7820497182617743	16899.731051828618
0.8525814178281337	1.307321022183828	0.48134305817535505	0.36308754464415927	16903.40744948323
0.11056856622226974	-0.9680975619651875	1.2262852773396986	0.7821023007976606	16905.90795874231
-0.6555133830588815	-3.226368718683453	-0.9176530965335132	0.8957534988008007	16907.453479078078
-0.3252641470716071	-0.07876876283199863	0.4264047750260431	2.5998153644649165	16902.94216728587
0.2962768523343726	1.1690755042039669	-0.1668520324096221	-0.32534655602439955	16904.79529573649
0.4539846399650216	0.33246827196662565	-1.930435639045328	-1.2886757047223654	16903.196053151565
0.5882876456629091	0.037725517242158446	-3.401474404781041	-1.1883662118975025	16901.878454501333
-1.0232572573050973	3.81526220766132	2.4178589996023305	1.658147816523254	16909.917548527483
-0.33474899056084695	-2.135638732310923	-1.6273345092930924	-2.2347256563204496	16903.620291870717
1.311547073365709	0.10654889186725569	0.5560142389553278	-0.4084116960378168	16902.585917608016
-0.786022974700586	-1.9995912817809014	1.7877647230861555	-0.19938221458473038	16903.317925766325
1.052147185331492	-2.9554385591686057	-0.8996411880278856	0.42062699746037424	16902.323017575603
-1.41969278298059	-1.7769811171402665	0.431615390887103	-0.1603454971401561	16901.490667058737
-0.021914747294708548	3.1945572012502623	-1.3192710630422937	-0.5907232977847343	16899.38546778934
1.0524501458868727	1.1285599088195326	0.7671319295842096	3.4469393114666786	16900.284993685797
0.10992377595585623	-0.4899575347334917	2.223483372510472	2.121783549174495	16898.65953330523
-0.35440089335151015	1.433190739309076	0.2212060169620429	4.36995481380157	16898.03853635103
-0.6558693029814151	-2.6104697188841186	2.492881273218103	-2.633644919060842	16895.761957868166
0.7315230225816904	-0.9323904715412397	-2.1977834350871603	-0.30948167586177533	16895.50624331075
-0.6173248772895406	-1.1380167860336954	2.131193847862818	-2.2094081770017624	16893.925407999446
1.8770672138476954	-2.5068949307606303	0.29248120172211145	0.6271764047161525	16889.392522227834
-1.889318412842151	-1.530341530681497	-1.594937682170496	-0.12013038075971849	16893.286401149773
0.5025239611989747	2.101333017846187	1.4743933626798764	0.7338420093051496	16892.007868779347
-0.4290136710309511	0.2727421409151276	0.33007318610114567	-2.2807559100595114	16892.346735894538
1.1354600833738715	-4.339529328046993	1.6878780938082514	-2.440955560003772	16895.977127877206
0.14912508220855614	-1.5069517818378202	1.400241242501835	-0.37047671161509754	16897.495550625958
-1.2498770143453157	-0.6591263691708278	1.500040873391427	-1.3408386792451097	16900.24468219097
0.7062984315871503	-0.6505203112500695	1.2911304545094566	-2.5206052263335152	16899.228109606345
-0.985732287670352	-0.3013895100693631	0.023178809156206626	0.32913088080780994	16901.758796616563
2.0494365847352256	3.501500422333926	0.8609927891279625	-0.04593430327405201	16904.524154313393
-1.1938806976852945	0.5392333034794916	0.6980104523543957	0.4808067196463526	16903.699221679693
-0.5181302689407516	-0.8843266305835584	-0.09398662736990104	2.723507791549011	16903.3133632671
0.31969997999826916	2.9500239910939428	0.2713657019058502	0	0
0.4828236247788169	-2.143464585072323	-0.8983039076219512	0	0
0.003863075445622144	-1.7519510668771332	-0.8796838356189483	0	0
-0.08134464191081747	-1.752224186111448	0.9905234325917434	0	0
-0.4288797458747595	-0.6762669136454065	1.2315810774061902	0	0
-0.4171916215547782	-2.8865599511974764	0.3612300658882077	0	0
1.1650999986945791	3.1416109189698034	-0.18408456900655779	0	0
0.2298681495671815	-0.25130909547354463	3.6090420210710477	0	0
-0.6275767644711081	-1.236374348807388	2.233497432179689	0	0
-0.7277667383098745	0.25433970158140795	-1.3124605066151958	0	0
0.8118618027151214	-1.3257816689187152	-0.10516345151442863	0	0
0.2996180455317301	-0.35245429203965273	2.985205632539717	0	0
-0.3047522844725137	-0.9245445141018749	2.0921081459922135	0	0
0.40500308653133743	0.9959125709875707	0.6750205860222422	0	0
-2.1629341959485444	1.3700063683651251	-0.6320400887476154	0	0
2.663749683901905	-2.378339139172162	-0.8937945754595944	0	0
-1.0367101382417658	2.5106680079928623	1.6436015835325577	0	0
0.691025222770719	1.0609110442991252	-3.6562586133919694	0	0
-0.873619810735633	-0.33755041343820835	-1.7172403042930569	0	0
-0.19531913775720966	1.451321326793547	-0.4963718104808521	0	0
0.46796641820778717	1.4585986453899622	-0.579829097015164	0	0
0.5846563647538972	-0.7462881300790087	0.9025753883307175	0	0
-0.3402309272329376	-1.9428090214804001	1.6706403094561466	0	0
-1.2980340689520133	2.2817828077320996	0.7629466680683095	0	0
1.1384942992386087	-1.8813783933713069	-1.989180194402934	0	0
-0.34400595115149457	-1.345526556050629	-1.7629901720804924	0	0
0.7615553699167137	-0.9101623362958122	1.9586694948214642	0	0
-0.7000538137780907	-1.4893885255469073	-0.24963411283192727	0	0
-1.2298089695700867	-2.171489554626504	0.18281219120986236	0	0
1.6384757695663552	0.15644194517217613	-0.2184227451686951	0	0
-0.7038556907588358	0.32320137240675706	-0.17957942097183377	0	0
0.6659026363462957	0.20004937763798125	-1.4422608242424104	0	0
-0.9108159404350147	-0.6453621107682395	0	0	0
-0.19756683977221456	1.4456007330688365	0	0	0
0.060303664242397303	-1.8572735418209234	0	0	0
1.3761079639422746	2.1312295840085795	0	0	0
-0.9141994447973545	-2.3078847179841446	0	0	0
-0.8060475728412797	1.2320823229888873	0	0	0
0.808632967054244	-2.2539229657757716	0	0	0
-0.03506207907347658	-0.31021837666774843	0	0	0
0.7553430587168322	0.06429577742424186	0	0	0
-0.6703163614862717	-4.375562370442353	0	0	0
-0.4942335917711773	0.8274171546848734	0	0	0
0.083288957600125	3.894987335145217	0	0	0
1.0892254460489852	-1.9280351920130414	0	0	0
-0.5183435392423306	2.85115594435392	0	0	0
-0.31772151729162346	0.526968222055956	0	0	0
-0.394581310455969	0.24947002306678456	0	0	0
0.31544305284550234	-0.5179502579454862	0	0	0
0.22078559926620756	2.421139207224563	0	0	0
0.6181401014691303	-0.10347269029823991	0	0	0
-1.2828285496617227	0.6810681452442466	0	0	0
0.0648752793635694	-0.3631179563172182	0	0	0
0.506642489508252	1.1485984048897748	0	0	0
0.5927241275970445	2.0597469264926644	0	0	0
-0.7085620753552391	4.3152116108151475	0	0	0
-0.46281882763381077	-0.45503399142589274	0	0	0
-0.08441518802397496	-4.3144819174129765	0	0	0
0.6319774531817544	0.3445026702645606	0	0	0
0.9684353282469047	-0.14230856609418652	0	0	0
-1.8221924731722297	-0.7323413155612286	0	0	0
1.1094778724437901	-2.7798673572643153	0	0	0
-1.5276158633037227	0.49428316700782204	0	0	0
1.9017322884221457	-4.173036478637691	0	0	0
-0.33160102762082744	-0.6917254704821687	0	0	0
-0.5550990292056994	3.593718565470894	0	0	0
-1.060830222114916	-3.793967321422187	0	0	0
1.6540806195040787	-1.9713487552736026	0	0	0
-0.6457867952485685	-1.0321128200463292	0	0	0
0.5314139224267009	0.973802804222899	0	0	0
-0.7577295419173566	-2.0865353656826784	0	0	0
-0.3599879850002736	-1.5520316710170334	0	0	0
0.6731162534749586	0.32648811304255076	0	0	0
0.5915434768011423	-4.39502866600381	0	0	0
-0.22092223268899858	-0.41796980449106513	0	0	0
-0.8160008864799764	1.4080072816589535	0	0	0
0.39462708631877774	-0.04713280620602944	0	0	0
0.1185900398822497	-1.9758384814568473	0	0	0
1.1194835470755038	-0.6491682563809462	0	0	0
-1.3704532056975651	-1.0459246796514634	0	0	0
0.00846399657578445	-2.7656206059337833	0	0	0
-0.1391684591243063	-2.101872773350948	0	0	0
1.4033001856952083	1.9409119459829682	0	0	0
-0.85308263884518	-0.7383062913018037	0	0	0
-0.02835753450056444	2.4697604316686324	0	0	0
-0.8045929599043475	2.3842655634398184	0	0	0
0.796701260723637	-2.1433951289772537	0	0	0
0.731720595953476	2.3999596380410395	0	0	0
-0.489331915098127	-2.144712087120624	0	0	0
-0.646510383744328	-1.7179300821962542	0	0	0
0.44753707360651873	-3.413965815827879	0	0	0
-0.34433760833894667	0.44178401131810574	0	0	0
1.4763212043851794	0.5410883063969365	0	0	0
-1.0497560016442264	3.8247852353195384	0	0	0
-0.3703565603030654	1.0885300717403013	0	0	0
-0.03579157321966164	0	0	0	0
1.0084456569091174	0	0	0	0
-0.4142467666293115	0	0	0	0
0.4515204687393819	0	0	0	0
-1.5626970487525398	0	0	0	0
1.1387345715368582	0	0	0	0
-0.11289034529914233	0	0	0	0
0.8856626599979549	0	0	0	0
-1.71172847877029	0	0	0	0
0.05624742794206128	0	0	0	0
0.7625439996872672	0	0	0	0
0.35433850355014584	0	0	0	0
-0.0836779708319284	0	0	0	0
-0.8588188856453058	0	0	0	0
-0.10920700118465732	0	0	0	0
1.3360911637486623	0	0	0	0
-0.9555287543309703	0	0	0	0
1.1089112380622623	0	0	0	0
-1.3350933185675942	0	0	0	0
0.06552936558742317	0	0	0	0
1.5123033120816416	0	0	0	0
-0.7519238283306606	0	0	0	0
0.3543718445141124	0	0	0	0
-2.016106314442304	0	0	0	0
2.3103449622128878	0	0	0	0
-1.3392825479128447	0	0	0	0
1.7459534134775012	0	0	0	0
-1.6066339542597277	0	0	0	0
-0.2951062926728554	0	0	0	0
0.5907060992052777	0	0	0	0
0.29167897865242054	0	0	0	0
0.22681087573505465	0	0	0	0
-1.401056724323098	0	0	0	0
0.6690409772954311	0	0	0	0
0.051458483093718144	0	0	0	0
0.8558951811103981	0	0	0	0
-0.7600706862181426	0	0	0	0
-0.7570746852343291	0	0	0	0
0.5484236302612686	0	0	0	0
0.8633977080685042	0	0	0	0
-0.2757867454717484	0	0	0	0
-0.07923602656311601	0	0	0	0
-1.097983411203991	0	0	0	0
1.0297965008614938	0	0	0	0
0.5921647362105631	0	0	0	0
-0.7371922552998669	0	0	0	0
0.32355150714854375	0	0	0	0
-1.1225447342656167	0	0	0	0
1.1987152733945905	0	0	0	0
0.6098941414150261	0	0	0	0
-0.9632826462165767	0	0	0	0
0.7875379977846109	0	0	0	0
-1.9524227272871215	0	0	0	0
2.7766728921970767	0	0	0	0
-1.3545383955289836	0	0	0	0
0.357536745751851	0	0	0	0
-0.7515576868276099	0	0	0	0
-0.23706831664566153	0	0	0	0
1.0435296956978917	0	0	0	0
0.2689649804658316	0	0	0	0
-1.1907857140575402	0	0	0	0
0.5702662182912022	0	0	0	0
-1.0208516703221377	0	0	0	0
2.15424140741208	0	0	0	0
-1.1061872060306257	0	0	0	0
0.2316070983719527	0	0	0	0
-1.2706190526473762	0	0	0	0
1.585260770636154	0	0	0	0
-0.036238203839467076	0	0	0	0
-0.19223390763841763	0	0	0	0
-1.1032450654637174	0	0	0	0
1.2640863088182073	0	0	0	0
-1.4906698053806409	0	0	0	0
2.576189957006946	0	0	0	0
-2.2159079155365475	0	0	0	0
0.11982585646877908	0	0	0	0
0.3298224781154886	0	0	0	0
-0.11284601468477717	0	0	0	0
1.267760334225187	0	0	0	0
-1.6566294930334067	0	0	0	0
0.0678410646389267	0	0	0	0
0.719090054326351	0	0	0	0
0.37799943616465725	0	0	0	0
-0.024651046634055263	0	0	0	0
-0.9051480083259378	0	0	0	0
0.61649337322946	0	0	0	0
-0.082016174650974	0	0	0	0
0.7956897644141634	0	0	0	0
-0.18912144757742766	0	0	0	0
-1.4069165597718651	0	0	0	0
0.9413568026357666	0	0	0	0
-0.1715382654052391	0	0	0	0
0.7788421762183191	0	0	0	0
-0.7395806639957456	0	0	0	0
-0.40185939350440236	0	0	0	0
-0.14304348432141722	0	0	0	0
1.2206163050666703	0	0	0	0
-0.4138758893953991	0	0	0	0
-0.8174260674105867	0	0	0	0
0.19522746836886284	0	0	0	0
-0.07300588519679962	0	0	0	0
0.6664148559071634	0	0	0	0
-0.05363529457640226	0	0	0	0
-1.2879293080677314	0	0	0	0
0.7271227567254854	0	0	0	0
0.11431933947634576	0	0	0	0
0.5453586408879474	0	0	0	0
-0.31514305999388625	0	0	0	0
-0.617657731497502	0	0	0	0
-0.06527293089123276	0	0	0	0
1.0904131202248522	0	0	0	0
0.09657434365158224	0	0	0	0
-0.8574733275880533	0	0	0	0
-0.22621107199427115	0	0	0	0
0.3195674569771185	0	0	0	0
0.8757269573959761	0	0	0	0
-0.7303995235700498	0	0	0	0
0.4052919822707892	0	0	0	0
-1.6366177055377378	0	0	0	0
1.8414981904772887	0	0	0	0
-0.31775761380296785	0	0	0	0
-0.14037733224070337	0	0	0	0
-0.22575948895949693	0	0	0	0
-0.06759669850035266	0	0	0	0
0.5215269237640427	0	0	0	0
-0.08409673681214258	0	0	0	0
