-0.27703829048508055	5.6894790357730685	-9.435354180183651	-0.15596110307261313	16751.172481605354
-0.10709091991874686	17.003883021881286	-30.161824641557175	-0.16223066793604346	16747.304815187388
5.160615424014786	-4.016694437439021	3.8864867004037222	-11.702434119616953	16752.690958251624
-6.566795240135768	23.769950669935625	56.05172444271885	35.22436623304773	16753.90438684806
11.416790595364994	-16.85706007712048	3.9962649684983518	-9.137772044889743	16727.536345646848
-13.06342551882991	-13.936919880433265	12.012524618558132	22.660486860900107	16824.39500077963
10.17746840951095	0.6842670447056705	-2.954216404714984	61.12637465498473	17070.281719384297
-8.385870036761439	10.769850509651157	-51.655976802669514	-49.78494696407952	17035.027108622104
6.117751622245301	-25.524688565760968	-37.012459981789334	51.85051872170591	17064.529981874963
-0.28309043707917425	10.469312205031223	22.98964686684596	-36.33500898268838	16926.70578907843
-4.555384378824769	4.779155323544572	18.86067554520679	-6.336500645123735	16704.18697333223
3.3932380428499656	67.11777595761842	-24.121061593141846	-11.732615636154918	16881.272732617545
1.1708332769251228	9.036607677211975	11.44045422164993	8.989397483323813	16987.41758908093
-3.0771954303489295	27.16968483780991	16.467247807635886	0.547549949204253	17114.09846812023
0.30029384768943146	26.10366029424	-32.92927388943744	25.438838410521697	17069.68744328939
2.3705946287896325	52.32513136556812	-5.09941734286204	0.8840365733504285	17108.012599699927
-1.905216134458584	-16.837129184957305	25.051147759322305	7.918584892489093	16995.348369723386
-0.08659268261533981	-12.423669071107	-9.968251683191568	4.590321990653294	16909.009678369515
0.9285429984786475	-18.647549821854568	16.428853983577895	7.591484466945502	16837.074278698874
-0.6858259519448993	4.15767595817978	6.897198751683547	-7.363328093831242	16848.126387805336
4.65595946988865	8.921509819539828	25.52068278907285	5.1080832008060355	16849.113858537683
-11.624723590286742	-24.57767740403216	-0.244398582756574	21.74612464010262	16787.512035364092
12.665871661469374	-7.456590860220942	24.863960412374396	21.708927043666947	16768.42040960533
-5.67030170269723	6.151460906802448	-33.86184616920434	4.146746612533519	16742.274923712695
-4.538211674206906	19.122940593881296	-5.830151253422727	22.41995371650998	16850.722130573897
8.841321261290553	16.573530256203696	25.94255486971376	14.027874135989293	16815.98854896798
-12.071680434459118	12.309893451492123	15.886292828208553	22.584370062877966	16752.659883326352
17.72959138716506	15.396678377922889	-0.7696487969221408	-15.371031775334245	16688.501968809218
-11.634103033902171	-11.728864137950964	-3.6277132530586016	-39.47078088071825	16632.036603759072
1.0544062066508033	7.627811506774471	-14.699508693155124	-26.16382266062459	16619.42260209013
2.787980302017914	-16.433568272131247	8.922599696155856	54.852799253067104	16571.683309780266
-2.9136010242731984	-4.612054383883127	-9.625591694836956	-16.639375909696412	16612.729004943332
-2.4693990303359925	-0.760207276781955	-0.9583999390615787	-2.0419568573620808	16794.150560326714
10.035516552451668	17.30361230081563	-0.9377465371998284	-42.65016575437505	17186.724928799784
-15.663719022100977	-9.331651919982349	-34.677510831935194	-5.863599571190235	17574.56481684711
19.272155207756278	15.747938817876843	4.491410334720825	9.668445823700608	17828.845324921065
-17.807898272284206	12.484609538315297	14.336589859333444	17.064418271814134	17661.84631420473
14.392460384656438	-7.208315662382546	0.7085301779850539	31.578011034845588	17528.28211754882
-8.35444798095343	8.872303939810593	5.9936436217519	0	0
3.1486693711586966	-2.044555713737651	14.336441874874069	0	0
-1.7386276567942218	9.032459674894668	1.7589174506821763	0	0
1.1652556389493398	-7.7802485052698245	-26.206920534193316	0	0
-1.4690361821507594	-6.0372066212638416	-22.343813501877705	0	0
2.034408042550176	6.171643780765507	36.54638598395432	0	0
-2.2790194316775114	23.06139870272858	34.50974249520333	0	0
2.314767109667052	9.35561972122278	-10.456639083804433	0	0
-1.3369914374336602	-15.837178199673957	-3.758302614118321	0	0
-0.7564347412402057	-9.103741726870922	-21.49729256217222	0	0
1.3851274758082042	-1.0987337670962063	17.705531582139074	0	0
-0.6024318255492673	21.530207257157166	10.642092486998962	0	0
0.03868108882485899	-2.6432655944418926	26.126313684625217	0	0
1.8944162018959076	-2.963139188343817	-31.390698179173867	0	0
-2.1177561680274906	-6.499382093352715	17.01448323836337	0	0
-0.7470956447496491	-12.502989340373553	8.685572370076983	0	0
-0.31352560952216635	7.863610021629015	-9.47475845814138	0	0
2.526839972935626	-2.363766152695419	41.545714625471504	0	0
-1.148598199682759	-5.736613728568507	48.672388646219744	0	0
0.7710472427951203	-1.9942857565454872	-41.85116668872786	0	0
-2.8665051363924263	14.917265686580336	5.7490755795574415	0	0
5.707807551095151	9.059589140588507	18.842043320772206	0	0
-8.745992205650808	2.238895775077687	-36.348389565666466	0	0
11.404645813593142	11.960534058832714	-10.745748548302998	0	0
-13.10114019037401	17.069465070485208	14.953942108448445	0	0
11.75513577666004	13.566848395856674	6.903583725286495	0	0
-8.615119305467886	-2.042906233270358	27.532871645422134	0	0
5.410534759201944	-4.901258908367929	14.511223362015116	0	0
-3.5913009197367884	-12.002507388619478	-2.1216939769001755	0	0
1.9703655766386774	-1.4280709468237873	-0.49749212846370483	0	0
1.0022080625566048	1.12345169456853	-20.978805630637297	0	0
-3.1587905265437115	18.012701055763728	-25.632676585636545	0	0
3.1159705339013186	4.481939644017835	0	0	0
-2.9969456722933856	-18.26687326681683	0	0	0
2.992430739806501	-9.267137834963911	0	0	0
-1.2612790356326116	11.109540327129636	0	0	0
0.3722787597049617	-5.219507354830952	0	0	0
-2.0431636757832905	-12.047142799883758	0	0	0
1.5213695785684322	1.8178460271137808	0	0	0
1.1518179504307398	-6.212069078823312	0	0	0
-2.6370787724061344	19.235586186774967	0	0	0
2.8652001836611163	-22.209708513988133	0	0	0
-2.8324340210051844	0.04444409290923801	0	0	0
6.009312275006735	6.378380709464757	0	0	0
-9.713141297905189	-2.271644824958635	0	0	0
10.800094493461167	9.536768110076274	0	0	0
-12.462978945606814	-1.1182347079886839	0	0	0
13.38398990251811	13.111385459317823	0	0	0
-12.175265610225111	-12.117188687954219	0	0	0
10.043369152218958	-16.53912888917835	0	0	0
-5.472689947632823	9.170479650905804	0	0	0
-1.2202940972753424	-24.321949935586133	0	0	0
5.470984313590492	3.0063188371975755	0	0	0
-5.193814699458123	4.768510431346556	0	0	0
2.5725135477658583	3.207200192988104	0	0	0
1.6248002136547797	2.4137245951198523	0	0	0
-4.078909805028793	-10.746191472444146	0	0	0
2.181347705663306	-5.620054715145031	0	0	0
3.8719603130613294	-2.486021808243649	0	0	0
-7.639859630379618	-2.7156081419726803	0	0	0
7.549808194987527	6.49026554223822	0	0	0
-6.633758955264568	-34.59230890279782	0	0	0
6.158477677267008	35.621026555815774	0	0	0
-5.6969562130474785	-4.1433760379262665	0	0	0
6.021497534589535	-4.05136017562571	0	0	0
-5.604656476263571	5.7299020692963865	0	0	0
3.509687871878249	0.3838844104321595	0	0	0
-1.0378136795226496	-8.12721063704614	0	0	0
0.9380673098366259	10.669465273903697	0	0	0
-2.4653458196119047	-13.522605329108906	0	0	0
3.9412094157243587	-20.76018356585501	0	0	0
-4.348025077812537	22.321155116363173	0	0	0
2.0415794681632846	14.359981434266018	0	0	0
2.535267514168517	-13.262637820325764	0	0	0
-6.122321981634549	25.735651834169445	0	0	0
6.219863552694882	-3.4189342307966157	0	0	0
-2.0885919110822115	4.265450699438112	0	0	0
-3.587842601795245	-2.016462954532493	0	0	0
6.724334971729533	39.767625954599296	0	0	0
-5.604003880704241	-4.061349395124026	0	0	0
1.607624075038963	11.266353892431255	0	0	0
4.532621881428518	16.94205870775751	0	0	0
-9.098866243832589	13.872329744936849	0	0	0
9.317340361223145	-12.122729261491315	0	0	0
-6.29228048640887	-10.381243187592972	0	0	0
2.763346787226155	22.890011420183143	0	0	0
0.11749429571526804	-42.214153326582434	0	0	0
-0.799646062514789	32.067166693155656	0	0	0
0.04025723957399663	-2.3551827906432123	0	0	0
1.8149919648338013	-25.746122055269865	0	0	0
-3.0089267455272974	-19.327498804028636	0	0	0
0.4025841567321038	-6.892311814562504	0	0	0
1.8850952573093238	15.773551465433343	0	0	0
-1.2677377221625434	23.671729745522157	0	0	0
1.2999048520255272	16.10914349877956	0	0	0
-3.6324476585737457	0	0	0	0
5.0203845211452105	0	0	0	0
-5.525465840430648	0	0	0	0
5.931271342223681	0	0	0	0
-5.638837587948828	0	0	0	0
4.790153208161577	0	0	0	0
-5.412472438860874	0	0	0	0
5.117083920849687	0	0	0	0
-1.5650847775525492	0	0	0	0
-3.0433166764762944	0	0	0	0
6.202616243420266	0	0	0	0
-6.857666045787468	0	0	0	0
5.319766890850957	0	0	0	0
-3.17758768693394	0	0	0	0
1.0934308069719947	0	0	0	0
-0.720657374751319	0	0	0	0
1.2175961565634807	0	0	0	0
-0.7163619610356804	0	0	0	0
-0.6358575983370756	0	0	0	0
1.06285450825483	0	0	0	0
-1.3721164664056573	0	0	0	0
3.599110855589821	0	0	0	0
-5.9560702929921305	0	0	0	0
3.7669994327050986	0	0	0	0
1.1412425690198518	0	0	0	0
-4.91348737338479	0	0	0	0
9.577251640230003	0	0	0	0
-12.458690742154282	0	0	0	0
9.472590443204481	0	0	0	0
-5.153504584221643	0	0	0	0
2.1956782262847696	0	0	0	0
1.059157968349119	0	0	0	0
-1.2639636859501096	0	0	0	0
-1.8272128474068552	0	0	0	0
2.16381509633829	0	0	0	0
-0.4289644563150219	0	0	0	0
2.7762778329098126	0	0	0	0
-6.219158153320876	0	0	0	0
5.437470285480231	0	0	0	0
-3.834875487944835	0	0	0	0
2.4098275777542497	0	0	0	0
1.99076193989292	0	0	0	0
-5.428372537092962	0	0	0	0
6.096246751447538	0	0	0	0
-6.0278983934416175	0	0	0	0
7.075156675507458	0	0	0	0
-7.563050570850976	0	0	0	0
6.052733538620473	0	0	0	0
-4.56439897354803	0	0	0	0
2.749757057390937	0	0	0	0
1.619660131459348	0	0	0	0
-5.308895394309829	0	0	0	0
8.108576071398488	0	0	0	0
-11.724109189727706	0	0	0	0
11.802755786714904	0	0	0	0
-9.07017120574698	0	0	0	0
6.19587050861881	0	0	0	0
-3.3146516214760524	0	0	0	0
-0.492901390510049	0	0	0	0
2.9307895342242105	0	0	0	0
-3.0782182730934053	0	0	0	0
4.298494091880748	0	0	0	0
-5.090452906267544	0	0	0	0
0.1635915899105811	0	0	0	0
5.278983365135538	0	0	0	0
-3.7583427232421585	0	0	0	0
-0.24315830777535297	0	0	0	0
1.7058967788500468	0	0	0	0
-0.6717163488972062	0	0	0	0
0.18700444357885715	0	0	0	0
-1.061014052635045	0	0	0	0
2.820716727719436	0	0	0	0
-3.6805876587785207	0	0	0	0
3.2611580472655746	0	0	0	0
-2.494433545362938	0	0	0	0
0.8585445453163203	0	0	0	0
0.9207528244024274	0	0	0	0
-0.2680745244845326	0	0	0	0
0.3617690279932049	0	0	0	0
-1.6326736879899073	0	0	0	0
7.526578519268398	0	0	0	0
-16.30582027288858	0	0	0	0
17.727432436285966	0	0	0	0
-12.340464625789792	0	0	0	0
9.569877625563635	0	0	0	0
-7.2294413817070975	0	0	0	0
2.176873813568683	0	0	0	0
-1.6220769023476365	0	0	0	0
4.124180073984448	0	0	0	0
-2.2260641652235904	0	0	0	0
-0.5394869061340444	0	0	0	0
2.296740785123575	0	0	0	0
-6.250389542410126	0	0	0	0
9.290082792816179	0	0	0	0
-8.790378152470382	0	0	0	0
4.663191285080515	0	0	0	0
-0.19160722763431437	0	0	0	0
1.6272127369030258	0	0	0	0
-6.467146843149081	0	0	0	0
7.718508850817365	0	0	0	0
-5.913774813080977	0	0	0	0
3.1654981329532887	0	0	0	0
3.221922649993445	0	0	0	0
-10.40369374945741	0	0	0	0
12.463820186844643	0	0	0	0
-11.265253902455875	0	0	0	0
8.703281089985971	0	0	0	0
-5.645321866066091	0	0	0	0
4.447647664522464	0	0	0	0
-5.668619498462675	0	0	0	0
3.9208847538470266	0	0	0	0
1.4891226971027933	0	0	0	0
-4.004664737208444	0	0	0	0
-2.091482811567573	0	0	0	0
7.88243854870268	0	0	0	0
-5.066170690059671	0	0	0	0
-1.4051785041876528	0	0	0	0
7.3715645833735906	0	0	0	0
-11.934226004262804	0	0	0	0
11.635249779003075	0	0	0	0
-5.344997636065493	0	0	0	0
-1.9037874443868645	0	0	0	0
-0.2951540127920822	0	0	0	0
-0.5393406263400493	0	0	0	0
3.3109072153730423	0	0	0	0
0.06505520598802406	0	0	0	0
