-0.06310121996956042	2.264365863885473	3.384991931560066	-0.5461702637736607	17088.901847423105
-0.5638637028767235	7.8246900436620805	10.54367800075697	-1.9263745039369837	17089.63775617056
2.0693098875505385	1.1085348555288874	0.6554909259750588	-1.3812630137177848	17087.383830634964
-2.370814147023104	-20.966044060314218	7.568539899404669	-2.5924343747417993	17088.903801050514
-0.23676326481846388	10.434415613573933	6.03673914698733	0.4015536529113888	17089.729964019865
3.8702985410131916	-9.461984526109575	6.919663637916955	-50.92031990526448	17084.427246262778
-4.233857033665515	-1.8180888376945745	-12.732256113442077	41.27934366718115	17068.491550202296
1.5524189422229924	4.651697016091788	18.852870027913937	-37.868013545374865	17047.243477299628
-0.38032784799637653	0.58584099379393	-7.95035552547543	15.086369923911775	16868.185522820902
1.8680247162249302	-2.4271167318288036	4.567732200061414	29.929199144362286	17073.16653469943
-3.331359675641913	2.7663275096866045	17.622527539844285	3.157126681158985	17125.31395488313
2.638532419176137	-1.9511629505270704	-24.72431989548967	-0.9401453704718108	17244.463796786575
-0.7272580052807456	-3.641975704474504	24.43685514318173	19.52146487162713	16995.844239118553
-0.22082466693948533	1.5014753110801138	6.497733363629266	-36.38175310193773	17025.588592239612
0.805130920293152	15.082029218573723	-3.8600911388500947	-6.720472267942753	17001.650898742515
-0.07334936627953681	0.6679789452319795	-7.8133739082116165	7.254344097013174	17018.146922510972
-2.018487612507762	3.461920312019707	11.417729539757758	4.649281126451527	16935.101951106964
2.9212889192314506	-4.174589940174265	9.491407491860727	13.330426414805643	16924.102447625937
-2.140255915788323	2.671000673106093	15.488726297405506	-31.84018265684695	16990.75502944571
1.5733304101562524	-9.967814493150833	0.06973521155364892	30.92397695859343	17029.73952052798
-0.5939018807656069	-2.210473074958969	-5.829323662924011	-16.061310320651785	17052.518647678975
0.8020885521572012	4.971204133085067	-13.206749652324689	52.349957791300994	16913.900165752053
-2.8258011029029433	-4.3819593398199	10.295604968792745	-38.694029085042374	16757.72316237259
4.2915012947186995	0.026412191143052155	-8.866533889657163	23.919781059581567	16800.037103743434
-4.928291904253385	10.529632744665335	-11.294378014334711	-40.497907542086935	16892.920384818925
5.24837103479225	14.192262230923703	-6.644511769615548	-23.445559391931766	16707.897335129157
-3.824643691568248	1.1533204183036645	-6.302871215664624	54.94466652641522	16915.471811530464
1.428254616289692	-11.091217762845034	-0.6726589921938739	-31.675007984235933	16966.97853142902
0.39450954204135513	-6.497369622519912	4.683912231654347	23.155983743752742	16975.96216181917
-1.5972148802358603	7.269825158951946	-16.620408021896253	-12.610493456380397	16903.765188707777
3.025970592785768	-11.656779948945726	-6.531477280683163	-9.965863884588387	16721.86077520268
-4.991624447210647	13.056935987866012	23.356482528877223	13.596593282495874	16808.41610148523
5.581396240993399	6.404167781483196	3.4935058926648708	-5.912337360693826	16803.016393653445
-3.766406660964286	1.901136880864314	-26.35222730039621	14.165528845294773	16838.311519554223
2.8791189935619315	-19.54089922325148	3.1609875196894563	20.469846534297133	16898.242715082564
-3.2167812764607433	11.357841406715714	4.091396617824799	-3.9995684672076095	16891.180351123516
1.9671385393927991	-10.36772055489137	-20.856306649175593	-25.482845358780935	16773.521730232922
-0.5185417893568527	2.9255740641635555	6.869202279891624	-2.9632570999503116	16811.387554765675
-0.36622644674137916	8.195699453927077	-11.319542566837143	0	0
0.9242627786843016	-0.8290932636560839	39.56068301942993	0	0
0.17612592981692643	8.556459162433569	-10.147904955292375	0	0
-1.5360606438577236	-6.281928719759698	4.977724508248357	0	0
2.424531736457965	4.555321848929637	-7.5300344709429226	0	0
-3.112327818683319	-3.2485975176479016	1.3875701646324927	0	0
2.9451975810253685	1.704265426684465	11.46994320942403	0	0
-0.5222870054772457	3.9100074436933028	-17.948047752638573	0	0
-2.079138130975764	1.82338213372077	0.9573013790172382	0	0
2.515883882098244	1.4202158361472215	-18.511143463071633	0	0
-0.33894463619893145	-0.6661991268942131	-40.508597713042874	0	0
-2.45503579543756	-0.6011094229738561	14.481176342315635	0	0
4.264882154293986	11.751733771676435	13.938258442335027	0	0
-4.1865310785765	6.129468929669201	-9.339933394520543	0	0
2.74370150979275	-4.154647002266621	10.240414715868184	0	0
-0.635121341189631	5.876189757702356	0.70836244303743	0	0
-1.659884739728703	-9.538532004858176	-3.5794741045258007	0	0
3.337503919232006	3.8842949909942135	-2.603670838921545	0	0
-2.480172512601918	-2.2542026872664493	-7.712413372962857	0	0
2.054436238552732	7.413272539951997	-5.06600417563611	0	0
-3.909696773317492	-11.829542231883813	0.42729966693094923	0	0
4.519789492791951	-9.663741861928258	17.193914652869694	0	0
-3.4114615280269405	3.9079237466750456	-12.910281633936819	0	0
3.25870024465474	1.8920608475472207	-13.481491995978729	0	0
-2.66769366125893	-0.9283282003613778	21.733964311462216	0	0
0.5142320098177677	3.814182680520389	-5.5085615339331895	0	0
1.9962194572735115	4.269095464842316	-8.152984865315034	0	0
-2.1624174523227353	0.5686425735515712	-20.824095637387742	0	0
-0.50725813336539	-11.103970068904957	8.055792274313148	0	0
2.8588855203706487	12.824894444875149	-3.8867780892333315	0	0
-2.1108435461791544	-10.80941932926656	24.800295254040634	0	0
0.9241037090456743	10.636915258715838	3.58848504530053	0	0
-1.966640762792423	3.8905954527080837	0	0	0
3.8643092463654938	-7.035105728972049	0	0	0
-3.881591922797945	-2.5046860897006553	0	0	0
1.3735469789171475	-11.37318499135364	0	0	0
1.859102565682008	1.3577369738084002	0	0	0
-2.967840210507596	7.29805533409489	0	0	0
2.0600246063965884	-6.021506955063089	0	0	0
-0.9588772027863541	-2.5784967588239454	0	0	0
1.3123779301805882	-9.55721021390751	0	0	0
-1.5029152959882666	13.633429106724655	0	0	0
1.0301197723702344	-1.5200238581544951	0	0	0
-0.6644162170219801	0.806569609662894	0	0	0
0.8696245238490192	2.6780361841467197	0	0	0
-1.4543171208348085	9.923049673395468	0	0	0
1.0406846543450143	-19.9596028590312	0	0	0
0.5741412205251848	10.043052203467788	0	0	0
-1.0144727137737206	5.094538098892599	0	0	0
0.6406455364190009	-8.397485416224512	0	0	0
-0.6186407330675721	13.217702939767626	0	0	0
0.08436569349004941	-1.1522944317181967	0	0	0
0.7981942061640908	5.294236446316646	0	0	0
0.6164013187942388	-5.710610558551856	0	0	0
-2.459556811756613	-6.7951881241780825	0	0	0
2.1811269999113136	34.41063612189461	0	0	0
-1.464584777204358	4.955324152004145	0	0	0
2.5429201273132946	-11.575668184784405	0	0	0
-3.837648309066047	-0.610613056532685	0	0	0
3.0398482060122163	0.24046980632681425	0	0	0
-0.3684161197939133	-2.7842807979110518	0	0	0
-2.2021699347372703	4.799061764329764	0	0	0
4.561274032340897	-9.07277097599546	0	0	0
-5.549580484199659	5.294050279372776	0	0	0
4.039059074631666	3.157367205023583	0	0	0
-1.7554849225768763	3.536022619946884	0	0	0
1.4916089019975658	-3.2639135456588875	0	0	0
-1.262904699880231	-7.963855633610088	0	0	0
-0.5939438816057105	2.26286817307286	0	0	0
1.6830106499378772	-4.044829097688947	0	0	0
-1.4952051007537577	-0.789544506964269	0	0	0
-0.13162380766473092	13.605444647848067	0	0	0
1.6448039374659729	-11.270393080976646	0	0	0
-1.5421660061931775	6.151476587215448	0	0	0
1.5269837698183863	11.327891806074128	0	0	0
-2.9935701290160424	-3.4948103328427393	0	0	0
3.4507718874313866	-5.459201589356844	0	0	0
-1.6663644192803346	-2.1104861568415103	0	0	0
-1.0890726371223138	2.7765344856082876	0	0	0
3.6603898930719794	1.4403978652050569	0	0	0
-4.479556838514284	13.895416858592064	0	0	0
2.877336795243963	-5.208315425152243	0	0	0
-1.2491469337519092	4.4508823499012	0	0	0
1.7903112078848054	-2.7040643100047106	0	0	0
-3.136103972014027	2.2617209976180206	0	0	0
4.10938204297085	-3.3260912594433236	0	0	0
-3.685128555134277	12.24837900821418	0	0	0
1.067614002770739	-9.689452217409425	0	0	0
1.399159320429618	11.118207966251198	0	0	0
-1.4647938227428625	1.484608174808443	0	0	0
1.5532702322512364	-1.5172605430595851	0	0	0
-1.5317544638641394	5.323677953190966	0	0	0
-0.2849185065531472	-7.301453454856123	0	0	0
1.8292559028522248	3.4588122995465724	0	0	0
-0.7781198261953293	-4.1475432380534585	0	0	0
-0.035850055326065444	0	0	0	0
-1.4568268752722844	0	0	0	0
3.572957682081473	0	0	0	0
-3.9488146081651223	0	0	0	0
0.7630110726418664	0	0	0	0
3.726554085071399	0	0	0	0
-5.776657287423674	0	0	0	0
5.424301407333843	0	0	0	0
-4.505571610216236	0	0	0	0
3.9706361568603583	0	0	0	0
-2.2537070382020303	0	0	0	0
-1.21662389997217	0	0	0	0
3.68155201346989	0	0	0	0
-4.3013452770538265	0	0	0	0
3.0783631134453913	0	0	0	0
0.22024811486866014	0	0	0	0
-1.7713764275595736	0	0	0	0
0.6230074113029502	0	0	0	0
-0.7887955183405708	0	0	0	0
2.1564609586278536	0	0	0	0
-1.6931151514678078	0	0	0	0
-1.0136163706263162	0	0	0	0
2.9524013300574268	0	0	0	0
-2.251441563696467	0	0	0	0
0.942895252471061	0	0	0	0
-0.8547763712900078	0	0	0	0
0.8947756596550178	0	0	0	0
-1.2180662547896333	0	0	0	0
2.1729792900476284	0	0	0	0
-2.906091205522486	0	0	0	0
2.220030138755284	0	0	0	0
-0.43687392348774523	0	0	0	0
-0.811003689367567	0	0	0	0
-0.8131667683094079	0	0	0	0
3.658785057671615	0	0	0	0
-3.9421336749946434	0	0	0	0
1.6174627413907245	0	0	0	0
1.2178064291949653	0	0	0	0
-1.9370390601487344	0	0	0	0
-0.46319909461564635	0	0	0	0
1.810904268340387	0	0	0	0
-0.5879232943389923	0	0	0	0
-0.5441323787687651	0	0	0	0
1.0934591060141443	0	0	0	0
-1.3485739248410766	0	0	0	0
1.2296136854167372	0	0	0	0
-0.8819550274779004	0	0	0	0
0.24888744782759886	0	0	0	0
0.6138462817520463	0	0	0	0
-1.1836746956089925	0	0	0	0
1.244858594878771	0	0	0	0
2.7742060940560265	0	0	0	0
-10.746652741281267	0	0	0	0
15.396632933658559	0	0	0	0
-10.773174234066545	0	0	0	0
2.847647876863725	0	0	0	0
2.0188348214912466	0	0	0	0
-2.8387294624504094	0	0	0	0
1.6661219310355833	0	0	0	0
-0.7496983638282302	0	0	0	0
1.5170924829892272	0	0	0	0
-2.8407409675869317	0	0	0	0
2.157768083842207	0	0	0	0
-0.3382242750528661	0	0	0	0
-0.4922254807231994	0	0	0	0
-0.952197798908827	0	0	0	0
3.3034047426222415	0	0	0	0
-4.361645568412612	0	0	0	0
3.7119422755056632	0	0	0	0
-3.1290063943076944	0	0	0	0
2.313184692609113	0	0	0	0
-0.7240548599761567	0	0	0	0
-0.35671868622972625	0	0	0	0
0.5109047040909616	0	0	0	0
-0.45951307507284866	0	0	0	0
0.016255850397016047	0	0	0	0
0.6717619018510206	0	0	0	0
-0.8754358689864361	0	0	0	0
0.8822752624705572	0	0	0	0
-1.9307555301342845	0	0	0	0
3.1493407084589577	0	0	0	0
-3.6460291485425174	0	0	0	0
2.2034918105889005	0	0	0	0
0.8093005544578631	0	0	0	0
-3.104001005356409	0	0	0	0
2.508480076928265	0	0	0	0
1.3438845554446104	0	0	0	0
-4.640500905129578	0	0	0	0
3.979204954242988	0	0	0	0
-0.755537188235941	0	0	0	0
-1.11280258029835	0	0	0	0
1.3532743993308713	0	0	0	0
-0.9442931248178965	0	0	0	0
-0.08141253674981641	0	0	0	0
0.6875956593278048	0	0	0	0
-0.44107247952292994	0	0	0	0
0.4806667493468808	0	0	0	0
-1.0957696019470404	0	0	0	0
0.5773318203211204	0	0	0	0
0.022239839180727472	0	0	0	0
-0.69062392946784	0	0	0	0
2.694214061544237	0	0	0	0
-3.58586343040745	0	0	0	0
2.3902912179579303	0	0	0	0
-1.4187245888229043	0	0	0	0
1.84234258909526	0	0	0	0
-2.5098858173898364	0	0	0	0
1.8824269962081601	0	0	0	0
0.183092001903141	0	0	0	0
-1.7852229698491513	0	0	0	0
2.1411539431088897	0	0	0	0
-3.3696552573947898	0	0	0	0
4.376614274266323	0	0	0	0
-2.210937362131851	0	0	0	0
-0.276625607252484	0	0	0	0
0.5130394764558588	0	0	0	0
-0.6224259024978664	0	0	0	0
1.7208546544302408	0	0	0	0
-2.1024979962297152	0	0	0	0
1.8057068003530077	0	0	0	0
-2.1130976175245166	0	0	0	0
1.975164300173489	0	0	0	0
-0.8360247716063043	0	0	0	0
-0.21825791794680782	0	0	0	0
-0.11215201551466691	0	0	0	0
-0.4577577930896197	0	0	0	0
