0.26897190211594335	-1.5166067265811876	3.0993069177695958	-0.2561839575389655	17017.050433728764
-0.34373396366480335	-4.1298360946160955	10.176025403527248	-0.9079983137708751	17017.247826623894
-1.0225240368692852	6.54230293413557	2.6183461741247243	-5.708161400617186	17014.236556483524
0.7868025149196427	-3.572962600478391	9.998812087238122	7.7468980820987525	17017.98299254085
-0.30695541007747806	4.835961659070328	-28.402137696160963	31.390149770495583	17012.247659175762
1.4757994254225153	-1.2003056639072724	4.461129319348572	-23.716994719382953	17027.674943757633
-1.5774006673484706	4.040259123828655	-8.0488084104297	16.753761050502717	17077.262199260957
0.8088918314902571	-7.102323662243393	-20.247024596355544	-6.371374651509086	17063.981072682556
-0.754040015867254	-0.7825020756544703	13.380346015216134	-12.1197032924847	17002.99123762683
-0.07963273842246821	2.850125969364136	-8.732679443864185	-19.747613874601313	17114.493537555467
2.279952113793037	3.684742229984735	7.388140207394798	33.43961834210742	17111.3777219851
-2.5096086535841096	-4.489730913998287	-14.039301330869122	-0.9933902260645624	16981.950408119985
1.9347757321845336	-6.087367625083573	-11.304352973387495	24.188487274885304	16974.070852885885
-1.9686920814524669	8.380135707932482	10.066070621568741	-33.90023044805457	16902.339135216826
2.411704844994347	-1.9654915244487938	3.8365542062119715	-8.217684665727688	16863.972333994338
-2.093685664413428	8.645776768731864	-9.866528889175783	17.365025312636888	16810.264893211228
1.6658622057532213	-1.207333084329747	8.161631883993067	-14.480228843978054	16645.58631825974
-2.8114826867634335	2.2228724969587788	19.862363231773827	43.06440596609944	16639.342076147568
4.477683090851535	-5.614162665561949	-15.9964672773081	-37.06309782242489	16572.89031269125
-4.945121831987045	1.951862949673533	-28.431743220672473	19.5813029295212	16833.11089005518
4.006594836067158	8.234017835726668	6.307154227024768	16.100117842550148	16964.957342491132
-3.3422810661874536	-2.3052169919803447	-2.651400989627092	-62.335522415537994	16881.275451116333
2.2281085266021066	5.3986127067692	28.341692604429795	-1.082996535677836	16960.697232673403
-0.04663580542551671	0.14042250917725596	-6.971015699118425	18.13102684662556	16879.79458618139
-0.6004871718055682	-0.840838608029145	-0.56487295345147	-3.3927933908744308	16955.3330281578
0.07165253829787588	-3.090360188338863	3.014774797769249	17.838796817167704	16990.96446730473
-0.6383175801829424	1.9240294734849073	20.927200898637352	25.764508469834453	16957.5525418527
1.4588411371662175	1.110083169292352	-16.246228397435516	10.896873770622662	16910.2935395168
-0.7990277915832138	-0.12526357841849745	-0.014964682330216306	16.7841129680275	16876.919856035776
-0.3640134383295148	4.764339883039831	-9.093070842313523	-43.6385034063709	16873.126989573662
1.5183993101444102	-1.2345529967560864	9.822948955732599	-4.591975231418331	16849.278985779605
-1.877629714418667	-0.5844601385645873	4.438144783919682	14.180592198906766	16772.86003019344
2.546055755838715	5.7613238067598544	-16.192095771037643	15.279548439836006	16810.805856201674
-2.617505285210541	-19.23540664922175	-10.37993464286292	6.981529955710485	16871.87330729412
1.9018136840489461	2.292539006955309	20.805179504016948	-9.442361754762558	16901.395085900982
-0.7516496694142418	5.954755591587983	-8.618552684413046	3.5593009915945686	16935.23353085277
-0.13198497507833196	6.599728088981756	15.602178047164259	6.255803090063367	16936.406554451503
-0.5338690864530093	-4.804657045727858	2.4920106022335773	-14.56006714069882	16910.97256420862
2.3582571154876817	1.7633557962847988	-1.130877892929405	0	0
-2.366045434092534	14.997397004831612	22.111485787965094	0	0
0.4703210845046044	-17.322993145842034	34.133053767163176	0	0
0.38543012769385854	12.402952586569057	-17.720720768235992	0	0
-0.05364188660983871	0.5836801074720341	19.389899033877754	0	0
-0.08421336601740848	-2.484011425119256	-10.215533041973757	0	0
0.17018721097002043	11.781103303823528	-16.24662327878194	0	0
-0.09691828375670042	-1.7776055679201264	-6.634545764832964	0	0
-0.2690755189518512	-4.734040685438885	32.45030748831661	0	0
-0.030838377094553948	9.931285182873182	-32.27723554462362	0	0
0.02859926040692784	-0.6044625075251204	2.617688830120045	0	0
0.20977004391298237	6.648740190260725	-8.15015369275099	0	0
-0.6184430740286118	7.774799302666956	23.128615176089127	0	0
0.3283035199898592	-1.6525398750550977	-7.650309922295833	0	0
-0.009190167918724512	-2.3169491791086756	-19.35101281702869	0	0
-0.34240745554581764	-1.3319543748643667	1.5020632012169273	0	0
0.11022308506152001	-5.410981545804432	-30.094348233341208	0	0
0.039219010372242735	-2.6722713996954113	-11.594419276611376	0	0
0.18280513729257564	13.558939034747873	8.826488133959344	0	0
-0.8580113824343272	-1.008864482284089	-9.349321858919495	0	0
1.1216726406365893	-4.6351254481045245	12.489891363405675	0	0
-0.9824617051759219	-0.5046591370298614	-9.15606743998326	0	0
1.0338152099412667	-7.244884333581098	21.31910341552556	0	0
-0.4144369721996384	1.0160402780320084	-2.261292092880595	0	0
1.4378082533792735	-1.5913042579906076	2.7430408602760536	0	0
-3.5225547116298017	2.226290068623669	24.217195818150216	0	0
2.5367142827032794	-13.139279316130285	-0.008998707308350617	0	0
0.629038751432681	12.504463225281071	-13.519688685389838	0	0
-2.5400806142090957	-9.478775971893	4.253016782224051	0	0
3.463521015354594	10.51594751206543	-0.46890519188664825	0	0
-3.7562832998490734	-5.632861256337094	12.920258677779557	0	0
1.6389742160304124	-0.9316274016841959	-11.847976374755703	0	0
1.5154658815367696	-5.339315116946608	0	0	0
-0.7387824311457152	6.140437686442425	0	0	0
-1.6870777221648936	12.34564574125195	0	0	0
3.0262284158381263	-4.0106193060308755	0	0	0
-3.88060519496603	5.844644982506587	0	0	0
3.393045160480135	3.1481664053322618	0	0	0
-0.177706346605909	-6.066230770146667	0	0	0
-2.215288167567522	3.7588483084618147	0	0	0
1.1062684983033364	3.454226742125627	0	0	0
1.7520497663056602	-5.741703096352147	0	0	0
-1.943549565481554	8.630811569662512	0	0	0
1.0267330956874048	-13.009912824861622	0	0	0
-0.5139697363996305	0.039334432891578786	0	0	0
-1.2394927072587336	1.8906980903610844	0	0	0
2.48518237195988	-14.423925083143033	0	0	0
-1.780047170591871	10.394860574834183	0	0	0
1.8525488504576515	14.495985438575225	0	0	0
-3.221195317026215	-10.114637366550106	0	0	0
3.128554633012712	4.903217290350199	0	0	0
-1.6148695076440163	0.5720599386641894	0	0	0
-0.8721878524776301	2.551439110744603	0	0	0
2.514996844995025	-3.45159916517202	0	0	0
-2.132531093762765	1.5022928700551006	0	0	0
0.3678625209998998	4.225741659520317	0	0	0
-0.09894094342655535	-5.8786458512124184	0	0	0
-0.06834930378911253	-7.747352635227209	0	0	0
0.5952363902943176	10.177207679529786	0	0	0
-0.3123000894046939	1.0936070526990278	0	0	0
0.28594278729814704	-2.2385554441673037	0	0	0
-1.1212998066375945	-3.3647429605747945	0	0	0
1.059034469195005	0.9005861170045577	0	0	0
-0.058691490616702424	-8.066837437235598	0	0	0
-0.8680038744139651	-10.764880522003686	0	0	0
2.0110829221828297	3.701034300466503	0	0	0
-2.705472900977476	2.2415651074679133	0	0	0
2.1806777557835346	0.5578388933329563	0	0	0
-2.144185051639326	-3.117028702609808	0	0	0
2.9152357658104364	-0.028243820180634316	0	0	0
-3.960240675925192	-3.6129706297223336	0	0	0
3.6467491985950247	-0.49589600294077485	0	0	0
-1.7089617223155784	-3.3590550660494074	0	0	0
0.027602651814412127	1.102719096584046	0	0	0
-0.005107717456510841	-0.5341701822703158	0	0	0
0.9092522576240398	9.557508132038826	0	0	0
-1.8669447939971846	-9.234140690677613	0	0	0
1.6450177456232282	5.233615156606454	0	0	0
-0.23588968759329276	3.6582581354532238	0	0	0
0.15756866585167728	-3.253660391504148	0	0	0
-1.1652484986440328	0.554792001658555	0	0	0
2.2165230837653738	2.139896800914727	0	0	0
-2.801406995220553	-0.2548220547640767	0	0	0
1.3945698701913614	-3.2378007202715082	0	0	0
-0.06237275692274835	1.887502518547329	0	0	0
-0.059404048375419904	-2.276625577813583	0	0	0
0.3559903903446582	7.386573890138131	0	0	0
-0.7953593825152581	-9.77321934279896	0	0	0
-0.845612975525178	10.627849931322295	0	0	0
3.0319023643842513	-19.872648700862463	0	0	0
-2.3206595841442947	6.699391964063516	0	0	0
1.4509812657336028	-6.864189167243843	0	0	0
-2.7016371466529634	7.114408671774925	0	0	0
3.6824176839387732	-2.414213222346966	0	0	0
-2.5235939396874656	16.873223375397302	0	0	0
0.09535946573863185	0	0	0	0
1.0322069075072804	0	0	0	0
-0.719552440668302	0	0	0	0
0.37724039993403125	0	0	0	0
1.2442117282550242	0	0	0	0
-3.6661330013014393	0	0	0	0
4.345051244197691	0	0	0	0
-3.4748320965505286	0	0	0	0
2.363462517101233	0	0	0	0
-0.5297292123156865	0	0	0	0
-0.6507698989104895	0	0	0	0
0.10740481792579715	0	0	0	0
1.4615790239368422	0	0	0	0
-1.7235424972264468	0	0	0	0
0.33460661979883355	0	0	0	0
1.314473543382178	0	0	0	0
-0.6291562944341251	0	0	0	0
-2.2845823152323703	0	0	0	0
2.114091097373951	0	0	0	0
0.18184197263418156	0	0	0	0
0.6142874767583777	0	0	0	0
-1.7545822373484157	0	0	0	0
1.229213360555164	0	0	0	0
-1.6557893829045227	0	0	0	0
1.7898170990991957	0	0	0	0
0.18809429208189243	0	0	0	0
-2.0065772416608354	0	0	0	0
1.8573550773053782	0	0	0	0
1.2125172010078131	0	0	0	0
-3.7942406006477896	0	0	0	0
2.5331179012996117	0	0	0	0
0.6581767410803749	0	0	0	0
-1.6671662329711125	0	0	0	0
0.4874970877873892	0	0	0	0
3.0358523816654355	0	0	0	0
-5.087156853424148	0	0	0	0
2.534709433120618	0	0	0	0
1.994631029603191	0	0	0	0
-3.6846072834279724	0	0	0	0
2.054552219409935	0	0	0	0
-0.4239278979247061	0	0	0	0
0.33584190862752195	0	0	0	0
-0.425158546381347	0	0	0	0
0.40354908161186387	0	0	0	0
1.312221681848328	0	0	0	0
-2.3485508498158225	0	0	0	0
0.7061226040514867	0	0	0	0
0.7669813423161926	0	0	0	0
-1.3682975746889596	0	0	0	0
1.1970589130239375	0	0	0	0
0.7498443179877867	0	0	0	0
-1.977367387385918	0	0	0	0
0.3438446965337647	0	0	0	0
1.6351490947157927	0	0	0	0
-1.7038496782872983	0	0	0	0
-0.1074108728397789	0	0	0	0
1.901455279555556	0	0	0	0
-2.182511812849654	0	0	0	0
1.458643392487886	0	0	0	0
-0.25828088570570173	0	0	0	0
-0.07907430376998548	0	0	0	0
-0.5417917972222241	0	0	0	0
0.030194360817397126	0	0	0	0
-0.021010951404676348	0	0	0	0
1.3113248716149215	0	0	0	0
-0.7598579822360776	0	0	0	0
-0.182628824264647	0	0	0	0
0.9392662966544449	0	0	0	0
-2.1920891712406885	0	0	0	0
2.299490097750109	0	0	0	0
-0.10059185299943607	0	0	0	0
-1.560658952071698	0	0	0	0
1.7178284064413418	0	0	0	0
-1.3120480472576403	0	0	0	0
2.236452679773201	0	0	0	0
-3.457168162490575	0	0	0	0
2.05676351431903	0	0	0	0
-0.5998551671791148	0	0	0	0
2.2643395110418183	0	0	0	0
-4.402740182158119	0	0	0	0
3.6019655962043444	0	0	0	0
-2.6299042195436115	0	0	0	0
2.910672010247282	0	0	0	0
-3.376533004973574	0	0	0	0
3.7138100766256983	0	0	0	0
-4.301068400676485	0	0	0	0
5.197743693290569	0	0	0	0
-5.615418159383985	0	0	0	0
4.927025981313662	0	0	0	0
-4.50097482398688	0	0	0	0
3.514922071901843	0	0	0	0
-1.82044682728025	0	0	0	0
1.4011863459240246	0	0	0	0
-3.440732141448997	0	0	0	0
5.7672653478809295	0	0	0	0
-6.457885197544421	0	0	0	0
5.449774327029559	0	0	0	0
-3.7200857736903643	0	0	0	0
2.7382699453135544	0	0	0	0
-2.343986396297737	0	0	0	0
2.9385721669288216	0	0	0	0
-3.4073951481637863	0	0	0	0
1.7872092431596158	0	0	0	0
0.4659178844690217	0	0	0	0
-1.0279542069001266	0	0	0	0
0.9067346696112466	0	0	0	0
-0.48325347604765057	0	0	0	0
-0.18916399593197752	0	0	0	0
0.36104046254495614	0	0	0	0
-0.12866472504617832	0	0	0	0
-0.648734174476914	0	0	0	0
0.6419645310389086	0	0	0	0
1.3191662723119961	0	0	0	0
-2.0458640876048833	0	0	0	0
0.00823588743679693	0	0	0	0
0.4583061572966045	0	0	0	0
0.538606146786961	0	0	0	0
0.26239793303819425	0	0	0	0
-1.6866396235227157	0	0	0	0
0.19901081429574674	0	0	0	0
2.0403998247825896	0	0	0	0
-1.7698060746085176	0	0	0	0
-0.014335586049767812	0	0	0	0
-0.06061921363971834	0	0	0	0
0.8441789275075422	0	0	0	0
0.013367655315576599	0	0	0	0
