-0.06771323552700892	0.03811558467836562	0.7965183044226478	0.003679647389958518	16907.80112469358
0.15295328317209567	0.10354309611737733	2.3759731981956804	-0.3178462862659188	16907.285865002792
0.029377506281527133	-1.3486017147283178	-3.45743686372721	-4.563072676375711	16907.172595004875
-0.40552525075899837	-0.08829438313772187	0.5742066750257351	-0.04246355243141409	16908.13312664761
0.5153725437471834	-0.5235925566667774	2.4267889913348313	1.5714259320489532	16904.48540574759
-0.41042324409705344	1.8189279428604834	0.05119175259375197	1.0505219861352657	16917.320410784556
0.5068389202522496	2.9680913775399276	-2.4420759766799307	1.2974178338128581	16918.003035530666
-0.55996729643158	-0.7429008523501395	2.6353995807821065	1.2187675431582363	16910.798694018395
0.6529798760778576	-2.1331603313622054	3.3135738559578414	3.1234520616861516	16916.023605238788
-0.3605714517317651	1.7033726173588946	-0.27782367705168554	1.5333686422279555	16912.318715546928
0.4597364663026866	0.4415740116085516	-1.9827187342520745	-2.417162278207101	16911.06569926427
-0.8380023623492647	-2.2176608225956045	0.823418698096873	0.6751861364176648	16912.79954937714
0.8968144614261746	2.335742075896526	-0.8009042709448408	0.008570833503043218	16915.46343783575
-0.7354636530717258	1.4526749242026753	-4.5890811073818725	0.46611706988669255	16908.312273359978
0.5091034185925238	1.010105955270383	0.5991166981222449	1.3192920635231076	16909.012655956183
0.16320138720490718	-0.5704818627444581	-0.005518857251686882	1.026151671714942	16911.957764547853
-0.3792311018772381	2.334624309208806	5.3524372871568175	-1.2758865972210316	16909.892088283166
-0.35755886222413125	1.0777702904247946	-0.7449825877921796	-1.3405957223084926	16908.57907569428
1.0334496312602681	0.005020700505518505	-4.199561882692507	2.684987023457083	16910.81273804127
-0.8941717097155575	0.1107213962432354	1.1630928341504472	0.034698599014589604	16914.18261765533
0.5173273313031288	-1.3030832619358748	-2.020154839304084	-2.225407485280087	16915.92563534473
-0.13483905180370215	0.7598698308516063	-0.005229880869393355	1.9061688645374346	16915.980344045674
-0.3193475693731713	1.7747643515990248	-1.7200860400686224	0.8839135557766156	16909.43251314344
0.41287039259706404	-3.404621169789486	-1.9412122785354455	1.9817472456413725	16905.04915228641
0.0021838548789290257	-0.41618820153486524	-1.0766031290491185	-3.3283427467956272	16905.6128632323
0.1603062532516475	0.4198479008243794	0.8918257051891771	-0.00909201480472177	16900.309115584307
-0.6139452806676005	2.4707349994837315	-2.9760893638180477	2.2520050732281476	16898.057569740202
0.1684125453727603	-2.0050241462108076	0.8281998402511732	-2.640688104275	16898.27419092362
0.1896368738054548	0.42489051469348027	-1.3416502847748148	-1.792470690069834	16894.983643736403
0.20160344718561873	-0.16372708125751956	-0.21629318152260169	3.9428771556311375	16896.78829739597
-0.3716168336926984	1.3249010131662828	0.8889484900745117	0.33593230463451107	16894.022991295362
0.1553074628378468	-0.7168008552944656	0.1755697411569912	-1.697051813161167	16891.57044651895
-0.0816769896604086	0.9277138591989669	-3.3456671037778705	3.684683879647366	16891.44326397652
-0.041640041325827326	2.809657862760602	-2.0627122718442905	1.6509957425461863	16890.721432865896
0.3047118419934094	0.7514398374677214	0.6740120228104445	1.7896647237062098	16891.383661505817
-0.7629768471247047	0.4664767251241031	0.7678492732087676	-0.6537856573589522	16890.56256798871
0.7458240008936556	1.0306972510293377	-3.658401629299817	-2.2915139005190497	16893.045937764837
-0.9448986384953244	1.70073033871558	1.4877745127249682	-1.8445100913999397	16903.044474531758
1.030617041830837	-0.7463061457986626	2.788568973352696	0	0
-0.6908194835376023	2.3774268020482836	-0.9178903701128149	0	0
-0.0734726927151641	-1.4087535077526923	0.9132287186005925	0	0
0.1690416923179896	1.3903395802149987	0.6842536503194907	0	0
0.40489623447651724	-0.5407965353001529	0.6172267951931758	0	0
-0.473239397309257	-0.40977743552324597	-0.34886966644464223	0	0
-0.13614434621690918	-0.06512433265206852	-1.6038988084211923	0	0
0.2117098132216455	2.588323401964338	-0.2022552433721927	0	0
-0.47341439074501324	-1.2153549201786547	3.9047182439865793	0	0
0.6862414127701086	-0.9823247547939644	0.22839754669152512	0	0
-0.9359223520222244	0.2675016751461712	2.8811809514535867	0	0
0.5069966165811195	1.720464646058204	0.32529027911590447	0	0
-0.24941367757605093	0.6967173929486918	1.549138311802892	0	0
0.0063493682865356504	1.258476181452842	1.6842511443813208	0	0
0.40315978421819665	-0.5710758153278448	0.4472839297076092	0	0
-0.03064541243091412	1.845023520086741	-6.24746078175788	0	0
-0.5513174962402516	-0.2530099094858045	-1.5563954218195164	0	0
0.4810572997163405	0.9338788488909131	-0.7287730139364328	0	0
-0.3790033465406637	-2.664304401045122	-0.21181184011973642	0	0
0.41463495935425954	3.2893294824762123	3.750967684241786	0	0
-0.15322337929908514	0.2704465145602839	1.886814891870344	0	0
-0.5563981718942443	-0.6963825741517482	-1.689548186248075	0	0
0.5522086311838166	1.5418378697461677	2.1727369327803956	0	0
0.5445494560772843	2.619814886152625	-0.9254672044515928	0	0
-1.3528917807163907	-0.038224086607911545	0.4748903127313895	0	0
1.4366554058473469	4.136986738550078	-1.459140153645592	0	0
-1.331974706329902	-1.4086134385041262	-2.548642191626584	0	0
0.5570952110457768	-0.5908615589684487	-5.362103352123825	0	0
0.43007043126846867	-0.5307352393205349	1.7701383136103885	0	0
-0.45529057795929617	-0.4343326958113991	-0.6582036190495586	0	0
0.12655394764065164	1.6565860096979819	6.279954852907139	0	0
-0.22782522856734744	0.6490217048532969	1.3641911734890044	0	0
0.4197501975441327	-1.3452387147270173	0	0	0
-0.33299883992698653	-1.9205632532813723	0	0	0
0.46925637048543223	-1.1117473971824623	0	0	0
-0.9516236572642001	2.475831615198743	0	0	0
0.602971794801725	-3.7699194251212234	0	0	0
0.43041398304848855	2.0119978000699703	0	0	0
-0.6769887495307216	0.14961875121968404	0	0	0
0.6672332909483103	1.2506671144553465	0	0	0
-0.9350818947768857	0.7623671866739201	0	0	0
1.0492849061771707	-0.6589895205447505	0	0	0
-0.8372048590452721	-3.914252275676155	0	0	0
0.4552866459912437	-0.07673886970931676	0	0	0
-0.29049477491483344	-3.2368237156142285	0	0	0
0.032412694767636197	4.534367288230712	0	0	0
0.11359358724330804	0.9074248605868647	0	0	0
0.18469511089337232	-0.10931692652326319	0	0	0
-0.6675382732410569	-1.4472137457581198	0	0	0
0.6726125091999933	-2.82497205939017	0	0	0
-0.7456009736162201	1.8028084143068241	0	0	0
0.2060754597126362	-0.6634815572118313	0	0	0
0.7308419810709452	1.9119242297175205	0	0	0
-0.9687990476940911	-0.4445278522549003	0	0	0
0.705575665748853	1.5559682178257717	0	0	0
-0.7263191807380736	-0.1514676394174117	0	0	0
0.8627710594412221	-1.8459246041401514	0	0	0
-0.5202761251745969	0.19526148574358615	0	0	0
0.11287679802962458	-1.9145344912464566	0	0	0
0.1632852448346469	2.41505957563178	0	0	0
-0.459259512176601	-4.118951297937073	0	0	0
1.1829067926451984	-0.6291776249437007	0	0	0
-1.3628622961036712	-0.7682386724016155	0	0	0
0.9053188735528082	-0.5532046810360427	0	0	0
-0.8829699683013104	0.26790950435667327	0	0	0
0.8873550919049507	3.6804677578689606	0	0	0
-0.20715505836813009	1.2219017209326068	0	0	0
-0.08545132283413182	1.1930770598505802	0	0	0
-0.030387510325724065	1.9567288548867978	0	0	0
0.13219438899024993	1.5581531849263754	0	0	0
0.4940444953315648	-0.6686366376583948	0	0	0
-1.0489604111790598	-0.5376425713151605	0	0	0
1.0889479771537793	1.6253376901777798	0	0	0
-1.1983544196344411	-0.4080006274933865	0	0	0
1.1183333181883626	-2.2930024832843827	0	0	0
-0.8560857846369956	-0.4387820561914211	0	0	0
0.6283726650245214	-0.8736812052111489	0	0	0
-0.21682496269004758	-1.434890446422628	0	0	0
-0.4572564724653674	1.4924654508630155	0	0	0
0.9778456877218176	0.5332040269572857	0	0	0
-0.5722675229944088	0.9324374839653657	0	0	0
-0.04127338269494629	1.5428149816720165	0	0	0
0.3612957266896686	-0.5475134377544322	0	0	0
-0.6435371587094494	3.014236502235306	0	0	0
0.22977788048942216	0.22922202765840893	0	0	0
0.8790706847976111	2.264150374513058	0	0	0
-1.2683531815029099	-0.021998339668243716	0	0	0
0.40637031526026846	-0.8379034893279638	0	0	0
0.10245120020908871	1.675101879520362	0	0	0
0.2825397502443536	0.6615142039215129	0	0	0
-0.4747538916798888	-0.4438949238225689	0	0	0
0.5253984038800041	-0.5410544592270838	0	0	0
-0.7160347376918281	0.8388368012144909	0	0	0
0.7539296149138295	-0.17121479967459408	0	0	0
-0.6168732271460158	-0.7533778284787545	0	0	0
0.5378956476708723	0	0	0	0
-0.575553987061717	0	0	0	0
0.3788253260594061	0	0	0	0
-0.2931567091537488	0	0	0	0
0.5748304730737246	0	0	0	0
-0.6565115715886591	0	0	0	0
0.46672263209319453	0	0	0	0
0.00023877304885644435	0	0	0	0
-0.256334597137581	0	0	0	0
0.6963861392709916	0	0	0	0
-0.8236602599829297	0	0	0	0
0.7968573857102399	0	0	0	0
-0.2603537229892936	0	0	0	0
-0.6903575459315405	0	0	0	0
1.5389578130573653	0	0	0	0
-1.6646179725791868	0	0	0	0
0.9652106715229394	0	0	0	0
-0.19869071570600738	0	0	0	0
0.10114275003510187	0	0	0	0
0.0016963861779117906	0	0	0	0
-0.16986559143134627	0	0	0	0
0.27485413205801734	0	0	0	0
-0.4690907448596988	0	0	0	0
0.981975328981683	0	0	0	0
-1.1213115680543382	0	0	0	0
0.32361967708176564	0	0	0	0
0.15100998810425637	0	0	0	0
0.4334879866776902	0	0	0	0
-0.8374064417593985	0	0	0	0
0.5328095644815605	0	0	0	0
-0.19554711604267538	0	0	0	0
0.3356712020071697	0	0	0	0
-0.4737381155044247	0	0	0	0
0.7191341680869598	0	0	0	0
-0.8270868298778282	0	0	0	0
0.4021767038284736	0	0	0	0
-0.21983609052551856	0	0	0	0
0.6210184945347592	0	0	0	0
-0.8533320420291588	0	0	0	0
0.37526574993096773	0	0	0	0
0.2885919397505603	0	0	0	0
-0.42870151667175804	0	0	0	0
0.6291531721327814	0	0	0	0
-0.6930069040627629	0	0	0	0
0.3645941270731399	0	0	0	0
0.05711864540450762	0	0	0	0
-0.36617087941297655	0	0	0	0
0.3237514229022693	0	0	0	0
0.11363502207889553	0	0	0	0
-0.692091513865698	0	0	0	0
0.7182177925119362	0	0	0	0
-0.20795020244207763	0	0	0	0
0.26737318997203374	0	0	0	0
-0.9279679735835558	0	0	0	0
1.1562765460607451	0	0	0	0
-0.6781667035738153	0	0	0	0
0.6540524670216712	0	0	0	0
-0.8190755288828129	0	0	0	0
0.46925163289920846	0	0	0	0
0.31596580712554356	0	0	0	0
-0.8930430278782353	0	0	0	0
0.6227116665383292	0	0	0	0
-0.03421055737618417	0	0	0	0
-0.495002406398406	0	0	0	0
1.1209488158261465	0	0	0	0
-1.0905918851702125	0	0	0	0
0.7670576487099439	0	0	0	0
-0.6775645321466754	0	0	0	0
0.6312743977832653	0	0	0	0
-0.43386269565892377	0	0	0	0
0.7501580311995397	0	0	0	0
-0.8713703246470388	0	0	0	0
0.173855229821271	0	0	0	0
0.07097335777556424	0	0	0	0
0.36112683597384887	0	0	0	0
-0.9094663994529597	0	0	0	0
0.7548055772642286	0	0	0	0
-0.6731607106058277	0	0	0	0
0.600323072165267	0	0	0	0
-0.27738696953792186	0	0	0	0
-0.4094554881005834	0	0	0	0
0.46744656450671584	0	0	0	0
-0.22569269965514138	0	0	0	0
-0.0273078922349157	0	0	0	0
0.4807213459499877	0	0	0	0
-0.4573170312149344	0	0	0	0
-0.18352223415743651	0	0	0	0
0.61529381369904	0	0	0	0
-0.4056373987811597	0	0	0	0
0.05508134588680491	0	0	0	0
0.05131024884192925	0	0	0	0
-0.2209297591587216	0	0	0	0
0.3169072197960432	0	0	0	0
-0.039432351947944255	0	0	0	0
-0.1847916898379296	0	0	0	0
-0.2816047373574406	0	0	0	0
0.8171478920943898	0	0	0	0
-0.9124591898197281	0	0	0	0
0.7716242865321448	0	0	0	0
-0.24747983409847052	0	0	0	0
0.04393350168301424	0	0	0	0
-0.46479116883285343	0	0	0	0
1.2181779554508196	0	0	0	0
-1.227444308113192	0	0	0	0
0.8294597020237546	0	0	0	0
-0.5892021890139034	0	0	0	0
0.4643327595845861	0	0	0	0
-0.03612487243886875	0	0	0	0
-0.19345189083633585	0	0	0	0
-0.027502590980517994	0	0	0	0
0.24659156656520054	0	0	0	0
-0.19066551763827988	0	0	0	0
0.5795530625811764	0	0	0	0
-0.866225049484143	0	0	0	0
0.8988099164954164	0	0	0	0
-0.9552869649415143	0	0	0	0
0.7007886555370391	0	0	0	0
0.20976406731685415	0	0	0	0
-0.6762635630469376	0	0	0	0
0.6352650473782688	0	0	0	0
-0.8741696441249971	0	0	0	0
1.317214391158835	0	0	0	0
-0.5024248669069067	0	0	0	0
0.03360653887073539	0	0	0	0
0.052534360773229594	0	0	0	0
-0.9312337704877436	0	0	0	0
