-0.08459868442601959	-0.025290534295152156	-6.936865336419288	0.6935672662964976	16597.230057728408
-0.2939138467648519	-1.2372324047385916	-22.035501601754504	3.5211514176310317	16597.848796382314
-3.4431025046391923	-7.51286606675977	7.589349929915798	17.712248490774257	16601.595629643427
5.088900289569565	3.679630422692874	-13.499462488159779	-5.013585481762661	16595.50447869367
-3.775088701650624	6.884944216378791	-4.292472842113682	-69.52354909309612	16607.053063122272
1.3660747580094181	2.8446967401734824	9.28767329355918	23.963942329141773	16576.807986636253
0.698775031601123	-11.761880983243522	1.1915272608466694	20.7449421256636	16498.051217016826
-1.569394324776276	7.1547471564951834	7.708682773734324	6.83971700099795	16860.862643965454
1.9277254706571938	8.637657494020686	-14.309537133325975	-52.94261225977007	16420.94279429697
-2.1547258582940856	-17.431578474076865	2.6954902003000143	14.570884161274805	16452.64430863376
0.6542120522994495	19.74364728628825	9.431228350692606	-7.171784114327494	16473.57959279335
2.504911697533643	6.047782646953536	-15.633533437354785	-8.07919571146526	16556.681931437568
-4.311427969031449	-9.171131636261208	-3.332710776029728	-10.332152621793654	16636.723798204137
3.1684009086512717	12.689560372969424	-16.038649540242503	27.54631799971503	16591.150370698604
0.5392857709454972	-12.625418552882458	-20.935554243631486	-13.766225561076482	16550.3835432429
-4.6099859119964535	8.005883456649592	14.441593299892133	43.129690588672986	16613.841817641405
3.910848978061857	-0.9866519834804492	-0.9171145230169628	94.99883410739082	16651.728212724578
0.4875180560761052	-8.65290630996995	25.218146154934985	-50.34476608839495	16790.499736513848
-1.791201186988289	3.1778406774713446	1.8523150596099498	57.009899317563494	16821.22565799616
0.7528277524626148	4.775536825868826	8.451491260290055	155.70516970291084	17206.252714895825
1.2667828117971993	6.434018748868326	0.5873338758402724	38.065334406415815	17255.474263769403
-3.4949406759706605	4.414673854275968	-16.75117681307114	19.164857049908136	18121.440828611176
2.9298208251203164	-2.046261381855423	11.51269685994508	-38.57012635903894	17629.60416841516
-2.0705292871701815	-3.940243797450627	10.59305528331825	21.973487318081425	17224.933701664402
2.98032759944536	-2.2541760705584295	-0.92734305205407	-55.939304237548384	17424.67942481192
-3.165222921187933	9.111454725409125	-16.124918523767093	86.91422036846475	17562.05256366735
0.57948012181145	-7.182668682301454	12.559648554684188	-41.387372719216785	16967.726020126836
2.880533095207106	4.496915049718673	-9.889585993820731	-40.44056824743488	16480.50452342715
-3.9228212293384246	10.792936020692665	-18.55609820656791	14.93423998034703	16472.727988706843
3.500503574335326	0.7899300938953147	-36.29101709539107	2.9445288201426933	16602.872555303475
-2.446406375755565	-13.020412144907482	32.245949015929426	33.697185746311916	16925.623000108382
2.713899950916101	-0.9983353488435114	-29.45909135092107	65.48256984414704	16884.736451991354
-3.0683650090678185	-10.7995515782994	11.47299602664387	-81.14225514658727	15738.029290618284
3.032423151186542	7.529363671149689	-30.955314890827736	-62.11300959754392	15568.395900563175
-2.1444796694324495	-0.04923088974010881	-54.52493999831651	-19.669086916188476	16229.98038741864
0.6263800388937852	2.5198036943806628	-41.90653114173848	2.6241143057233387	16579.582564447628
0.4276039009956918	-2.1165909101677016	46.460028495004124	46.65348731003935	16961.82085400953
-1.0128783072799408	-6.882824924659481	24.777072880897236	53.505836133306204	16965.32183022689
1.4930385458096538	10.176447339436358	3.4271035209602445	0	0
-1.9856065539866279	-8.43823012410055	-19.906012248090803	0	0
2.264837394125614	-4.456578479255725	20.392447882787778	0	0
-3.6870309308452107	-2.540444403127921	-4.9852112458059565	0	0
4.906431036621349	6.86500372106989	22.864007887058264	0	0
-4.128257277692711	-3.1114088346561175	8.036398105304514	0	0
2.4722900099100045	11.811264688356708	-7.172397925677075	0	0
-1.5068926010518169	-19.5645399143621	-66.11148208429158	0	0
1.1562348946506589	7.794262213882114	28.63063896865272	0	0
0.1583118160234278	4.974264820666015	5.941020211505503	0	0
-0.6497751226636836	13.92804264774464	28.229759360792627	0	0
-2.315094097009279	4.437857298905328	-21.62352905977491	0	0
4.670714937858179	6.437414230355152	55.47538073942327	0	0
-2.765892834524692	-15.631735486040391	45.05789787097427	0	0
0.6409213621752556	9.117706238165901	-26.30146688971915	0	0
-0.09546005453695727	-12.59619159511395	-31.84312981070478	0	0
-0.0752442348133755	3.1988077034762696	22.948979916778583	0	0
-0.23684166896765646	-6.169312222438251	-32.27505015421559	0	0
1.0259981280401718	-8.406492061073578	-12.525138713220898	0	0
-0.41360144366282015	71.95692939627607	-83.48895548564461	0	0
-2.0392426139325295	-29.613892965428008	79.04638930693905	0	0
2.9941959151450774	18.92431875934068	-39.50651781882907	0	0
-1.866507188855124	-10.345234934740617	27.030963698864525	0	0
2.5524346691852813	9.11096540375857	69.96890199460054	0	0
-4.792308952831327	-1.7576510587369825	1.2338465444052105	0	0
4.4949478638509675	12.249732066789917	53.32003247272587	0	0
-2.227733403223347	27.69430173942692	-39.01618794819443	0	0
0.9853348784591347	5.58411846287278	11.985206327363244	0	0
-0.8811100425809215	24.429530504156403	-7.742602632121873	0	0
-0.20656044839203247	-15.260100493515779	4.753428735451465	0	0
1.263833315888597	-1.1084613444577656	1.6465695688070099	0	0
-1.3303569107421325	2.406495058509833	16.59601569835195	0	0
1.5771085641759726	-1.346034966438637	0	0	0
-1.458461171346535	23.831604464244393	0	0	0
0.3164424531115273	-1.2100314264483814	0	0	0
0.6355681545051297	0.858418319147205	0	0	0
0.5171967930810837	-12.695923861468629	0	0	0
-2.014462855727885	-1.5292128894871837	0	0	0
1.7997155599803492	-12.459440228940807	0	0	0
-0.9804123501978594	18.663501958148473	0	0	0
-0.08578439653014414	8.757808078635733	0	0	0
2.7959250092137395	-9.360292187458455	0	0	0
-5.585169464639378	20.471625622464614	0	0	0
6.441418166141958	-29.15875482174637	0	0	0
-5.85970737837421	22.1807407568907	0	0	0
4.057389503354123	-11.255860897024576	0	0	0
-2.0901450761929325	-4.802416223885388	0	0	0
1.5891160084173777	-7.313809315775842	0	0	0
0.4281909036626743	-2.0620792866487108	0	0	0
-3.5499062212874293	10.985797748644075	0	0	0
4.076050963819142	42.79016069403259	0	0	0
-2.817587331405605	-30.79323246201207	0	0	0
3.8280005587623336	21.6085336691022	0	0	0
-6.969946719282696	2.2776987218839437	0	0	0
8.51149545354015	13.875380340608814	0	0	0
-9.237509360114416	21.101600472965117	0	0	0
9.97105336438419	1.7072662941990444	0	0	0
-9.3484223760561	-5.9886292287534175	0	0	0
7.18211550543316	-6.804753330945438	0	0	0
-5.970502057258983	13.931542298968175	0	0	0
6.657132548250921	-20.880240221752572	0	0	0
-6.706300551473163	-6.377699015133089	0	0	0
3.628293450782536	-1.9770325829976727	0	0	0
-0.3501376958031628	-25.368603342683052	0	0	0
-0.4718534055442376	67.70675043585186	0	0	0
1.0871543627017104	-17.214426834206378	0	0	0
-3.0334627620013848	18.03297089558471	0	0	0
3.156130946202623	4.891633137602888	0	0	0
-1.962524428490525	-1.6674062503181233	0	0	0
1.0380950711109733	15.275700472705552	0	0	0
-1.186567643258094	-21.872242410587134	0	0	0
3.2829068438546045	37.34550886373153	0	0	0
-8.953775215246672	-42.27194943666254	0	0	0
14.709928352123512	67.09480762923891	0	0	0
-9.668875618255946	3.430247644843007	0	0	0
-1.2453823028903273	5.562448680722049	0	0	0
3.7481574734295577	-2.483430552590434	0	0	0
-1.057150257446935	-10.763498109601578	0	0	0
0.7739176310961113	27.25985600688726	0	0	0
-1.8089260599904478	-8.14842206337535	0	0	0
1.4604226768219775	-5.510736681863207	0	0	0
0.35172125745328486	-3.96424134149391	0	0	0
-0.8301349886013583	-16.419838601963782	0	0	0
-0.731440164017755	-20.618450104005504	0	0	0
1.5736257287166353	-2.3292275605218578	0	0	0
-1.5443255771509214	-8.79808684545263	0	0	0
1.3188207952787465	4.844082529384153	0	0	0
-3.9600923562510744	-1.9709560524903083	0	0	0
9.65138947861157	82.92304858655845	0	0	0
-10.054974165033919	-42.0207037194421	0	0	0
5.071722274652785	8.894112884535012	0	0	0
-6.554771733587771	8.864856745775896	0	0	0
11.917885656722149	-12.043345683884553	0	0	0
-10.333760672938794	5.515039268506911	0	0	0
4.988645433694266	11.000138382116823	0	0	0
-4.448057071491618	0	0	0	0
5.619655691156446	0	0	0	0
-1.6032873665903367	0	0	0	0
-3.2736839598855596	0	0	0	0
7.224830715774978	0	0	0	0
-12.743753914451872	0	0	0	0
9.69579257883867	0	0	0	0
-0.7573845055274546	0	0	0	0
-0.6714374075238041	0	0	0	0
-0.6967088238252188	0	0	0	0
-0.5408653079217203	0	0	0	0
2.86889685112655	0	0	0	0
-4.598474087472738	0	0	0	0
4.120886028604048	0	0	0	0
-1.2725467237646413	0	0	0	0
-2.186570604857792	0	0	0	0
4.82179744371755	0	0	0	0
-6.8379260286262	0	0	0	0
7.915127159334361	0	0	0	0
-5.923496002620517	0	0	0	0
1.6992171553618647	0	0	0	0
1.2833775003823575	0	0	0	0
-0.954308802998753	0	0	0	0
-2.1078014226423605	0	0	0	0
3.226051328865843	0	0	0	0
-0.7121847727614536	0	0	0	0
-1.9284452225314226	0	0	0	0
-0.4791330788189043	0	0	0	0
6.890325372840138	0	0	0	0
-8.352983112140649	0	0	0	0
3.3862371500591806	0	0	0	0
0.26089283917500694	0	0	0	0
1.126621839542679	0	0	0	0
-4.027391285878942	0	0	0	0
5.158446783429568	0	0	0	0
-5.730018945166208	0	0	0	0
7.137140758278882	0	0	0	0
-7.253683488572456	0	0	0	0
9.364851769330954	0	0	0	0
-12.709514048450018	0	0	0	0
7.908112660292325	0	0	0	0
3.5324542537907746	0	0	0	0
-9.053506986767964	0	0	0	0
5.136408942366501	0	0	0	0
1.4455976375958883	0	0	0	0
-3.077156848860824	0	0	0	0
0.6870127714480674	0	0	0	0
0.941436976884944	0	0	0	0
-0.3924514128021741	0	0	0	0
-1.2139988034361693	0	0	0	0
1.4714557323681774	0	0	0	0
0.8632918363546764	0	0	0	0
-2.2536795842562327	0	0	0	0
1.831778239904068	0	0	0	0
-3.1645936867240465	0	0	0	0
4.393027372659418	0	0	0	0
-3.8535093172734847	0	0	0	0
1.4759836480542106	0	0	0	0
-1.1523259615555403	0	0	0	0
4.205675107921877	0	0	0	0
-4.714712036159824	0	0	0	0
1.1320065481901835	0	0	0	0
-1.3734664215667323	0	0	0	0
3.40077620452049	0	0	0	0
-1.9086480021067231	0	0	0	0
1.497681230547549	0	0	0	0
-3.562313853456402	0	0	0	0
-0.051999143262762004	0	0	0	0
5.468089609963769	0	0	0	0
-1.1912681821449027	0	0	0	0
-4.45117879288523	0	0	0	0
2.5945139180955294	0	0	0	0
-0.19131775179149457	0	0	0	0
0.10364470738332443	0	0	0	0
-0.06746140365061137	0	0	0	0
0.1457581867755593	0	0	0	0
0.18138292158335645	0	0	0	0
-2.1658817849079597	0	0	0	0
3.148397891275309	0	0	0	0
-1.8013370306945902	0	0	0	0
1.2661487876020416	0	0	0	0
-5.666772936420365	0	0	0	0
10.151655914566916	0	0	0	0
-6.366307992496033	0	0	0	0
-1.2334813279958823	0	0	0	0
0.15254519302719416	0	0	0	0
6.571207750653635	0	0	0	0
-6.078091333804245	0	0	0	0
-3.1672262562605127	0	0	0	0
9.86773733415739	0	0	0	0
-6.404157548423733	0	0	0	0
2.853189207998831	0	0	0	0
-4.548365033771937	0	0	0	0
6.821534720419734	0	0	0	0
-7.444127134590815	0	0	0	0
3.8014685030916695	0	0	0	0
1.33095701079786	0	0	0	0
-0.8561704950191071	0	0	0	0
-1.4964713137245624	0	0	0	0
2.305150852695917	0	0	0	0
-2.117586743304088	0	0	0	0
1.0835124694217555	0	0	0	0
-3.2598227967039364	0	0	0	0
7.795486319945539	0	0	0	0
-6.445260593600892	0	0	0	0
1.3526996128903406	0	0	0	0
-1.3819830036780516	0	0	0	0
0.79590357560717	0	0	0	0
5.3850526516650135	0	0	0	0
-9.816141191966913	0	0	0	0
7.367377978747342	0	0	0	0
-3.0799125954568325	0	0	0	0
3.4196992876877914	0	0	0	0
-5.566273944616356	0	0	0	0
6.296207615113332	0	0	0	0
-11.408456302434033	0	0	0	0
14.41831535713586	0	0	0	0
-5.443828946932392	0	0	0	0
-4.327420866249177	0	0	0	0
3.2462261383262856	0	0	0	0
2.2954122012442895	0	0	0	0
-4.564027772308158	0	0	0	0
2.4933005704794127	0	0	0	0
-0.027585329311527573	0	0	0	0
-1.0599560507524401	0	0	0	0
3.5734971930570367	0	0	0	0
