0.18028932089686123	-2.6425771369863185	5.20070252406056	-0.2063832736897524	16643.904815063488
0.2092400450777845	-7.613194720028936	16.78371620785714	-1.17293665334293	16644.99222922469
-0.5153341829755789	6.614032623397144	-1.0762006961823118	-5.400915221199597	16641.092375370998
-0.4713204027535127	-3.7371785649541707	-0.24567421966605707	3.4147803647537955	16644.849759786724
0.39965347713047805	6.702329130333126	-8.464979581832424	3.7739486564490505	16641.009643287005
-0.02543720978177788	-3.2640834907170913	-10.913480625606596	-25.82165077837827	16652.480352221744
0.4114725534097303	0.7110578963984935	-38.38569277704529	22.365850092230446	16617.766797775057
-0.6943564542499914	-5.786425015004355	0.9587156423784791	9.404314418696032	16524.835012374773
0.20711309036275338	-1.8428797337463578	-2.142649684670829	-7.383927868879596	16512.988040288612
0.2814918485384581	6.104535228121975	14.618608114728033	-4.741814068593655	16678.34229783122
-0.48171767794464415	-11.700254631111555	1.0060138702843346	3.9481379760375575	16690.98936277817
0.4917054902909257	11.628903421474746	-8.376455212025732	27.94039646769106	16723.552042933847
-0.5067018289976488	-7.372518865059433	-3.589307532111903	-2.2668255712617764	16656.671678035615
0.14989504027674627	-0.12490989508196293	5.7001746155691535	-30.117620503775996	16749.155531803972
0.6601973185066043	-16.003604377296384	9.556913900140486	17.06272528475978	16863.754282371134
-0.14184161982407062	-0.9215527317915431	-10.228326784374588	-18.395574385298033	16983.090752281296
-0.4223475875010507	6.278414511720513	2.271250351846888	13.184619705535766	17024.91893293431
-1.714696078148826	-3.7689383857326035	9.430304648756078	16.898484802941695	17052.86211050053
2.292185967724677	-7.698861514541115	-11.343457340899832	53.9193882614548	16995.49960332575
1.3501879242003625	-6.181204495466858	7.0782703126244115	-18.851510460413294	16964.64130289291
-3.6180388998199575	-2.3557795287874725	3.0390566217762114	18.60495578589935	16725.48415795284
2.0285552670985183	-3.6902632889130516	-9.715156885732341	-9.584310796651565	16844.259729669655
-1.0590387110133648	7.391726564878738	-2.3018714288549234	10.492657217897502	16845.523212426015
1.7413534081647128	0.8996046269189364	-8.381470959516946	8.079132528232137	16831.056597387156
-1.2867795959615478	-5.297301468601738	-2.3295724959303357	-14.803104293295661	16777.11169252087
0.25448606070332147	-6.996953900710459	-1.092807670755576	22.1049231431643	16876.07049190796
-0.3787788544269617	1.6991090037813024	-4.720546176189359	-55.4786241436294	16841.748388295215
1.441619512398617	3.5976078296172815	4.61688219840282	21.168795804926475	16949.002861730798
-1.9258558269627457	-1.9563610544486778	-3.8470320007943997	14.752833528132953	17357.89681685817
1.1086919875566252	12.256664021054284	12.035154046287943	-41.166719884405865	17300.84545731017
0.6327891862423414	-4.580221609281047	17.784136721275317	-14.074937634354086	17124.111602293717
-3.2458982156094294	12.45304337018002	7.470642485682404	7.831846259342683	17001.690027280427
5.220084787321717	-5.8044079790288805	-3.1334536775034536	-8.386870619850953	16955.863580836034
-4.537511838216929	-5.941360554967652	-3.0724052474340056	24.34722422774621	16959.635174890558
2.2642511787920796	-15.582970101737502	26.73971035811023	5.254560653684308	16948.94409143051
0.08995766207552691	9.194645808848563	-18.539794064529886	-1.6331462077467478	16884.42241463821
-2.347162010631287	2.9523244732216725	2.593548589586021	-12.313405598834464	16839.91118043767
2.876208703402348	-8.466260034515393	5.96146567033739	-16.722683113846614	16852.379559469882
-2.3680285988722005	-5.2887144210294466	-6.458737404793851	0	0
1.9998930626332552	1.7721648851269478	6.685972502101279	0	0
-1.7626198295762947	-5.353093816713816	-15.472917873202846	0	0
0.6196414526831333	-1.9287115542498512	-6.871747760599263	0	0
1.0951938624829793	2.702870626735617	-4.295675015518469	0	0
-3.219037063463759	-5.614154556844369	-12.167351865821871	0	0
4.501806731627802	-6.244496242793048	-44.003017945520895	0	0
-4.543315650151172	1.648286380363956	-8.205700621919249	0	0
3.978637462945329	5.685077026465095	14.121266878996977	0	0
-3.463796124127363	-2.416658202997766	-0.13781134321116895	0	0
2.519351108183031	10.51403121921274	16.77825206785306	0	0
-0.5690450371042743	2.504343009899962	-4.256049714363158	0	0
-0.31102767984327073	-12.738759845654172	27.409025458164407	0	0
-0.21856959013976507	1.7234124014418555	8.496779527138386	0	0
0.7736872232726242	6.632001333576461	0.4876619131520812	0	0
-1.0065567247720253	-4.711035406682704	7.6263127479164865	0	0
0.37784181175045006	-7.986022223400042	16.297233336909883	0	0
0.5262669966393716	12.070567127261981	-2.1653176749564693	0	0
0.8706374328440987	-4.849410789035247	28.583268328089346	0	0
-2.3983900061547487	-4.396374447234507	8.009097621577396	0	0
1.4643033864006227	5.59241756821708	-14.210136038910576	0	0
0.1918263852208426	-4.672490419888064	-6.138486326248753	0	0
0.5981842625043257	2.0190972074712334	-13.540724764952401	0	0
-2.0550149254410783	-1.8822365328420716	-1.297736765573589	0	0
2.5001390856147125	1.8873829664166237	25.843977318392874	0	0
-2.2332035289267225	-5.057466104821579	27.18226903833191	0	0
2.1879209687872674	1.60744557695714	-14.883368851809252	0	0
-1.6832801449867816	7.704169552481041	4.309109909307168	0	0
0.01905507655707339	-11.031853441032375	-1.138938811667046	0	0
1.5674655236478685	-11.014551034914113	0.357253059276573	0	0
-1.1671619092873087	7.926055457487095	-0.3387673302994756	0	0
-0.9662017643400489	8.9072596045091	7.0295593329807105	0	0
2.800147129928277	-1.3458876082844782	0	0	0
-3.5183850702959845	-8.724094325550801	0	0	0
2.93921622820649	4.066396239261678	0	0	0
-0.8955221917590634	7.9628707748933465	0	0	0
-0.976504046635867	-3.4585730606822267	0	0	0
1.1699485862826222	5.9997514974653186	0	0	0
-0.7791636848456633	-3.3628027620020333	0	0	0
-0.07790745678686761	-6.945025278623497	0	0	0
0.4602551097155825	3.964595825656602	0	0	0
0.646158348180542	6.3162797173161636	0	0	0
-1.5387664013300224	-1.5302567871273283	0	0	0
0.4790512198864718	0.3635440712876843	0	0	0
1.6925361009596642	1.5860631931570097	0	0	0
-2.155965424083206	16.180566345115302	0	0	0
1.1994905939737421	3.1638234833573406	0	0	0
-0.527712144930021	-7.174189956730416	0	0	0
0.010229397935198392	-6.622988993320554	0	0	0
0.33649147714251626	11.003554794119715	0	0	0
0.6010128553874807	-9.513661192978901	0	0	0
-2.4724084604784196	10.314863265470343	0	0	0
4.229564943316731	-0.1622274593675641	0	0	0
-4.679967745687641	0.8957637928780997	0	0	0
3.4464195984340193	2.5363565988988768	0	0	0
-2.3126171461897727	-5.313709981633032	0	0	0
2.7884845825260385	5.124813556035505	0	0	0
-4.175762284059999	-1.1559636980342347	0	0	0
4.999006424813203	5.1065276853532	0	0	0
-4.219954141682862	2.99661735891722	0	0	0
1.1072710198142346	8.836518248393133	0	0	0
3.0559656911029833	-2.7063829854487125	0	0	0
-5.861639106061041	13.560903015987094	0	0	0
5.812507318424217	-1.1267698516000593	0	0	0
-3.331490375329878	1.4750341591288105	0	0	0
-0.17519450783817092	0.1190102704562861	0	0	0
2.577627230388444	0.2041998944902872	0	0	0
-2.7173893922417136	15.26749806885367	0	0	0
1.2240996363986483	-0.6666537492056435	0	0	0
-0.12431149703576239	1.0220888485843247	0	0	0
1.4522179955568575	-4.638449303016074	0	0	0
-3.7341374640945517	2.6230376708952363	0	0	0
3.7280984524481156	-4.7683118315875745	0	0	0
-2.4249887174273823	-6.383299390538994	0	0	0
0.9203873385725885	1.7637713869519658	0	0	0
1.4280065002414162	-2.6985196287383104	0	0	0
-2.3252494784244675	-1.8888129880777882	0	0	0
0.43236020372264505	8.148090473149622	0	0	0
1.160835874004725	5.661809979682637	0	0	0
-0.24955978323691852	7.270930672909223	0	0	0
-0.6549628734616348	-19.39207277324782	0	0	0
-0.5574945130411209	-2.0620469804484856	0	0	0
1.6937069626884522	-14.18644281618252	0	0	0
-1.7648601007013127	-1.6269533099389832	0	0	0
1.249355233853997	2.2550747200159833	0	0	0
-1.28142805553572	-7.623523888407078	0	0	0
0.44574475924842716	-3.973453751313457	0	0	0
1.406370240258319	12.141328492717669	0	0	0
-2.397753045015726	1.2190094937896134	0	0	0
2.8406811761944653	-0.22260884424213856	0	0	0
-2.4118452829665387	0.4266049573063242	0	0	0
1.2047394829343432	-1.1143046712285027	0	0	0
-0.9922172147210659	1.0013659379956081	0	0	0
0.618034020889958	-0.6965756747129603	0	0	0
-0.5064940243414782	0.663608934603694	0	0	0
1.1274063202070153	0	0	0	0
-0.8820179021392178	0	0	0	0
0.2503390538288812	0	0	0	0
0.17036405256214948	0	0	0	0
-0.9696197039779619	0	0	0	0
1.1797235578669358	0	0	0	0
-0.4810755967310669	0	0	0	0
-1.018431494966201	0	0	0	0
3.0971720947006816	0	0	0	0
-4.78942041197638	0	0	0	0
4.146816554734919	0	0	0	0
-2.4656818325822343	0	0	0	0
0.9777418736601078	0	0	0	0
-0.969885548169465	0	0	0	0
1.0726483178892963	0	0	0	0
-0.17830170471813744	0	0	0	0
-0.8144308885643454	0	0	0	0
1.3288835227855103	0	0	0	0
-0.550495970070294	0	0	0	0
-1.1088809059674816	0	0	0	0
2.0306979888509673	0	0	0	0
-1.5322563913112788	0	0	0	0
1.4246930733254999	0	0	0	0
-1.0728373149120145	0	0	0	0
-1.0208047717201651	0	0	0	0
2.828512007107399	0	0	0	0
-2.5412960921892065	0	0	0	0
1.7598209233548587	0	0	0	0
-1.6858319583260624	0	0	0	0
1.1302594618087056	0	0	0	0
0.04881710903483594	0	0	0	0
0.175844612335176	0	0	0	0
-2.4494484239332266	0	0	0	0
4.621885806390203	0	0	0	0
-3.902815863421864	0	0	0	0
1.8840859553004492	0	0	0	0
-2.6407057678198456	0	0	0	0
3.536125821158315	0	0	0	0
-1.1065128979705108	0	0	0	0
-0.43896582400129347	0	0	0	0
-1.1297524513971453	0	0	0	0
1.0781038363249067	0	0	0	0
1.6601300994575396	0	0	0	0
-3.630893473596295	0	0	0	0
3.9037238751804324	0	0	0	0
-4.2209096069613565	0	0	0	0
4.5137143686904935	0	0	0	0
-4.874888183780783	0	0	0	0
5.302461248565876	0	0	0	0
-5.187109542429887	0	0	0	0
4.121917190379982	0	0	0	0
-3.3390089522459476	0	0	0	0
3.0794581576679647	0	0	0	0
-2.1203381541286817	0	0	0	0
0.8986647217564823	0	0	0	0
-0.7234746172760538	0	0	0	0
1.5235090221688807	0	0	0	0
-2.527617592860345	0	0	0	0
1.3848239130585398	0	0	0	0
0.3102686483247652	0	0	0	0
0.8359316382869935	0	0	0	0
-2.138013758894786	0	0	0	0
0.9515821928259811	0	0	0	0
-0.10304210184231977	0	0	0	0
1.3011961212736978	0	0	0	0
-0.8041872834272823	0	0	0	0
-2.023251194197883	0	0	0	0
3.626936918770589	0	0	0	0
-3.0386871648245304	0	0	0	0
1.9065819907380614	0	0	0	0
-1.4500799856456226	0	0	0	0
0.7460621245549532	0	0	0	0
1.6520595696471005	0	0	0	0
-4.062147121961054	0	0	0	0
4.020798531737121	0	0	0	0
-1.2963802300928506	0	0	0	0
-0.9333559064730039	0	0	0	0
0.6168046270284293	0	0	0	0
0.3935312581388004	0	0	0	0
-0.9811378825852941	0	0	0	0
1.7265875506655988	0	0	0	0
-2.8363744651719855	0	0	0	0
2.8920349473333857	0	0	0	0
-1.5224384470550447	0	0	0	0
2.5138545068076112	0	0	0	0
-4.441726753329753	0	0	0	0
3.726914530335307	0	0	0	0
-1.8965063511311726	0	0	0	0
1.1931141904429197	0	0	0	0
-0.14460820757400228	0	0	0	0
-2.1715205620944715	0	0	0	0
3.3319254321503635	0	0	0	0
-1.9253478364881005	0	0	0	0
0.2506324058665328	0	0	0	0
1.920478506685349	0	0	0	0
-2.813263319119301	0	0	0	0
1.026577832802296	0	0	0	0
1.4064307897834496	0	0	0	0
-2.3920596132102148	0	0	0	0
3.315755777331802	0	0	0	0
-3.9282883554644172	0	0	0	0
2.4333046248816927	0	0	0	0
1.446877538328259	0	0	0	0
-3.313316121925837	0	0	0	0
2.6596423921960763	0	0	0	0
-3.4172629218911936	0	0	0	0
5.1426072970503185	0	0	0	0
-5.177641440097339	0	0	0	0
4.296667494140706	0	0	0	0
-2.19220412658683	0	0	0	0
-1.9807417731156605	0	0	0	0
5.182104955151786	0	0	0	0
-1.9180499487748648	0	0	0	0
-3.219839892013752	0	0	0	0
4.169661707501312	0	0	0	0
-2.4052761871106725	0	0	0	0
1.075435884358619	0	0	0	0
-0.7477281647974152	0	0	0	0
1.4579508326754294	0	0	0	0
-1.9900148364400394	0	0	0	0
1.8107688205998755	0	0	0	0
-0.7979056065110584	0	0	0	0
0.04417072768083585	0	0	0	0
-0.06515018783787241	0	0	0	0
0.230624892491619	0	0	0	0
0.08448013144960242	0	0	0	0
