0.28365241198327595	-3.3016467165435444	2.274239321871079	0.08574618272373868	17096.849715010292
0.286906235037911	-10.085221420963165	7.726796709198027	0.30892114294681505	17097.93077226203
-1.8731053051024773	5.9504679085040095	3.886441934533323	-0.29587865726961127	17095.258147614706
1.554119195934625	-0.3479070099972432	2.7834274431098436	-16.435477344594972	17096.473588634155
-0.7046646298848174	0.6936166305251348	-9.34886376722406	6.35184615386072	17101.98285184773
1.1679296331135305	-4.478868451716792	15.404992304458318	-6.403400491919882	17079.95818693628
-1.7571579042462702	5.7050136221966525	16.45572719674	28.553860437659196	16894.06473724563
2.448054271815245	0.36845787062848245	-0.802886779258003	45.429263493583036	16832.968594955313
-3.112028230940112	1.5535840565126904	9.480529223302298	-12.694972056169732	16841.653305491705
2.6956025290881414	7.5936502951467375	2.560216088803756	-8.886460731336882	16868.09389068614
-0.43711348765682345	3.0418486988313376	-8.843122090963917	-75.40465517620123	16902.63686893344
-2.009796345439611	10.262704573426646	-13.37265189527615	69.66821623040997	16920.448918306047
3.1387643322026975	-0.05546033489988389	-10.841798505427391	-50.229813320380984	16850.956468818742
-2.1779947533210304	12.991470986266805	-19.707048610440538	42.72048472830656	17143.085508229422
0.16018204054984153	-17.450048591746473	22.27787968576054	27.606347029650436	16893.949514914395
1.057207123629432	16.59077941066677	0.49243539690297666	-6.260453226767524	16527.039486618538
-0.6623445975994287	-5.681781625949071	8.69020586393728	33.699659213677904	16492.240137394707
1.2242517608050463	4.753110710526677	8.78339871262672	-74.82906215201406	16541.186044827107
-1.3986407547682091	0.7557256536915773	-30.38564643982474	40.40767763583975	16566.54636782153
-0.5072934219765202	9.589594464529078	42.426073352562284	-18.85540480618465	16812.97926239787
2.9674579500132694	4.605034792021783	-35.495890715411775	28.00358802889471	16664.92666695437
-2.998686894982896	-6.417790920442677	21.114378420979307	12.174277332507515	16669.81548196772
0.6478996954655329	10.088547010946598	10.850362942868813	-19.989352430204804	16698.41399566972
0.20483153030999546	-1.4560352155934595	16.847914852670954	-21.040521668249397	16690.81885965001
2.677220503715958	6.491772675225754	-0.007974035217358733	-15.195254879820851	16771.118295068336
-4.425169775294677	-4.676214303194385	2.950953365658222	-29.73540134950548	16812.532154007873
2.3338171074989162	1.3645560163527648	4.7288894102415355	-5.9202331677723095	16856.13812637808
0.13615032637210334	-2.200750137146521	-1.7646194840974232	12.503692096622729	16881.63041689716
0.8124165224259485	5.433800314466211	13.578899803066435	-8.094106855591988	16923.499242539383
-3.0453853950061784	-0.24502006846996238	-33.00380552354187	-6.755853028491174	16937.436673359534
3.9761933027780643	11.991385637811298	23.352174483802216	7.446408728557898	16966.060847997924
-3.7633408129562014	4.115730056042963	-9.627051312502843	-22.32904911266492	16984.137411098636
3.0248586637619255	2.985480483857721	-2.4124213752690906	39.97813072669942	17032.31252840295
-1.935251878938189	-4.622841654762155	7.609084344291489	-69.72582724013282	16929.19003577035
-0.3358947326059436	-9.314032611577161	-3.343872268112065	-5.240383657520283	16897.899790492844
2.7442815092862745	16.325200552457893	5.030949676408653	9.628652516388001	17145.39961286461
-2.6753690515102093	-20.4480147150784	-9.533397541100882	19.097872889534884	16967.26890631036
-0.3089196243531518	2.4620078586719174	-1.7191535670209532	46.78733472541337	16829.89331672422
4.130727721585799	-0.061604643611232746	-1.5020149369419045	0	0
-3.462944118006426	-2.279141645604085	14.158973915912142	0	0
-0.9083049634692131	2.5442015023168665	-0.8629057502151767	0	0
2.4491636063490816	0.6504789674108764	-15.904901728036819	0	0
-0.8101045356772332	0.7726223436789184	10.060157828974326	0	0
-0.0861807728053634	2.9329988564931284	2.0055950300360905	0	0
-0.5567378931216069	12.872676224722156	5.883063984656516	0	0
0.917426425064626	-11.556388049639509	-12.84555694664381	0	0
-0.031015610154611295	-3.176526709490659	-17.482236638751615	0	0
-0.04920503230137996	-9.489993487335077	13.509703601468573	0	0
-0.24929358983767713	-1.4490109570192402	-15.895384270452979	0	0
1.2269195119149643	7.184717401281979	15.29602732290543	0	0
-2.309236772374284	2.0677099948247104	-5.828463031022665	0	0
2.9746394895506754	6.597030209269732	14.58493681017299	0	0
-3.7836772083804533	-6.1004289653913375	7.086819322846324	0	0
4.694462240054214	-2.908944446550251	-9.817646352384173	0	0
-4.48343634723588	1.8823174103731546	3.9378457309860835	0	0
2.2717676301426337	1.9102201897845674	-16.278049450376756	0	0
-0.32897448597702805	4.175326081058941	-9.949826966424126	0	0
1.0389190031053417	-3.818984297431328	-4.262388810375896	0	0
-1.0926960606865492	7.635885626737263	-7.34648631306851	0	0
-0.38350898669549593	-12.140293952312085	8.978400946078352	0	0
1.8251067827973912	-14.601775110876893	1.3648219059959246	0	0
-2.013398069071229	11.527524813432372	-20.303157329612958	0	0
1.6477606830394436	6.956884556124052	21.356458270248694	0	0
-1.4536980431638042	4.207576199826853	-30.190522102054715	0	0
0.7918235062574013	3.458641539223237	11.743986304096012	0	0
0.16065743877733496	-3.71481249268264	3.5627531119866376	0	0
-1.4529925126267926	1.4620431957710736	1.846430307990417	0	0
3.7910003693758654	-2.4398770670553773	-2.4117789335818713	0	0
-2.5715694204107535	-4.8043524754478355	-3.3974764710179386	0	0
0.5572460671365178	2.6155535411507884	-4.069168060090519	0	0
-1.1911593614116143	-0.9079798496913796	0	0	0
1.5079082785915858	7.884202065142489	0	0	0
-0.2839049348869054	15.091771006776703	0	0	0
-2.001509709589129	1.965718095585828	0	0	0
3.6669623510262284	-2.609358124907196	0	0	0
-3.712438365961752	3.156291680667735	0	0	0
3.7604379923945856	15.408385451795766	0	0	0
-4.071641063366826	-10.66021304134982	0	0	0
4.131496341623411	-7.605839073788516	0	0	0
-4.773130510900067	-7.666687414330795	0	0	0
4.409868416821254	-3.3097655297522977	0	0	0
-1.817067065947235	5.684517844457112	0	0	0
-0.6375039274318937	-3.2292147580559742	0	0	0
0.15812922580374789	-1.715153090391368	0	0	0
1.6425727266076606	-0.616381352078335	0	0	0
-2.6604137013166067	-8.829247462386355	0	0	0
4.239679553472584	0.9322915711453348	0	0	0
-6.529618501167519	-9.043701030964819	0	0	0
6.405426843849696	11.132328403686778	0	0	0
-3.9119656068785886	-0.8160439534200989	0	0	0
2.2036834563727297	0.7965727692893552	0	0	0
-2.0698682831904236	12.120056478155327	0	0	0
1.5300107043699782	11.59222377303714	0	0	0
0.49330259388770514	2.3242304200041985	0	0	0
-2.132839398289164	0.8842229056835649	0	0	0
2.845696742278804	12.25620344150667	0	0	0
-2.8730677147115244	-14.828601457199547	0	0	0
2.4239472088473875	2.473568672042397	0	0	0
-3.218118534453197	9.133398523322278	0	0	0
3.3156997857822503	-2.7048806928399856	0	0	0
-1.839945825513503	5.722539584514642	0	0	0
0.57567364522491	2.9846053147213496	0	0	0
-0.41674755608862313	-1.0425521477089816	0	0	0
0.562133160253353	-4.95949327736232	0	0	0
-1.2898411073763327	-6.138524513354568	0	0	0
2.67611654653183	9.232597804617981	0	0	0
-4.035507985532952	1.7972094864920862	0	0	0
4.175887272322171	-7.618852506612264	0	0	0
-3.5501868017677083	7.8406448855457	0	0	0
1.267938169886854	8.294379038703006	0	0	0
2.0181165322662267	5.76448837209886	0	0	0
-2.2481528945202314	-3.6815508354216107	0	0	0
0.36855071168805154	-0.30693453535609194	0	0	0
0.2713745945211272	-3.131677607648953	0	0	0
1.1581693710863163	-6.109807056098958	0	0	0
-3.6439994061074117	-5.314492325756881	0	0	0
4.250668660029518	7.307494626696403	0	0	0
-2.3031150381047	-13.834252994708919	0	0	0
-1.2770160161339206	-0.6494787935876687	0	0	0
2.8561497094798796	6.028309346281823	0	0	0
-1.7195337218692472	-17.84944329477989	0	0	0
-0.02323384720024535	6.29065283886797	0	0	0
1.2415897575640145	-12.289987388509601	0	0	0
-1.3741156165269928	0.8446190779833955	0	0	0
1.2641722312706207	-6.6746788269402515	0	0	0
-1.6614120552455631	6.081128892181042	0	0	0
1.8129575965769078	-10.37001100059382	0	0	0
-1.0501962269206757	-5.800061161144868	0	0	0
0.06662654135499224	1.7746006101803928	0	0	0
0.35262695189756954	-6.783280439162397	0	0	0
0.19520067085113624	9.196487433657396	0	0	0
-0.6495587959606652	-2.9608124629775716	0	0	0
-0.07973364788232118	9.081551609312399	0	0	0
2.098979419465863	0	0	0	0
-4.463710629127185	0	0	0	0
5.356510226843994	0	0	0	0
-4.0441848682073385	0	0	0	0
2.911802156564889	0	0	0	0
-1.6655871395816888	0	0	0	0
1.682093473456078	0	0	0	0
-1.7612872703858216	0	0	0	0
0.43365765592088934	0	0	0	0
1.6059200311146853	0	0	0	0
-2.2239105067530787	0	0	0	0
1.4287247424018332	0	0	0	0
-0.32039874360312837	0	0	0	0
-1.025738730326843	0	0	0	0
1.955735013375552	0	0	0	0
-2.6201844605113536	0	0	0	0
3.2904294552695887	0	0	0	0
-1.868145064031367	0	0	0	0
-1.0954397996573988	0	0	0	0
3.007945638813716	0	0	0	0
-3.3547500783389737	0	0	0	0
3.3089279480996794	0	0	0	0
-2.8979494508080137	0	0	0	0
1.5630721250075368	0	0	0	0
0.2254023053513663	0	0	0	0
-2.3325352460172866	0	0	0	0
4.493247686850729	0	0	0	0
-4.348370978486898	0	0	0	0
2.1249225447160285	0	0	0	0
0.6327389444698639	0	0	0	0
-3.112593311694475	0	0	0	0
4.583776460721474	0	0	0	0
-4.522631383584411	0	0	0	0
3.8902588001037017	0	0	0	0
-3.3419109197256702	0	0	0	0
2.4080009257992145	0	0	0	0
-1.004866412910303	0	0	0	0
1.1210448088998817	0	0	0	0
-1.633352203432402	0	0	0	0
0.5156332917866422	0	0	0	0
0.14026103294943226	0	0	0	0
1.4768500362865211	0	0	0	0
-2.129261030523942	0	0	0	0
1.6063511201164715	0	0	0	0
-1.3294225001281461	0	0	0	0
0.5609942933502055	0	0	0	0
1.9213054637881086	0	0	0	0
-3.497064003676222	0	0	0	0
3.5478957224074534	0	0	0	0
-2.3915841083518004	0	0	0	0
0.8696189980205915	0	0	0	0
0.6634139322250903	0	0	0	0
-0.9567675167355247	0	0	0	0
0.37778670832965844	0	0	0	0
0.6900881576538183	0	0	0	0
-0.34593000330819734	0	0	0	0
0.3004036880243319	0	0	0	0
-2.671272089115149	0	0	0	0
4.955800988736058	0	0	0	0
-5.201217944515186	0	0	0	0
3.458648185266277	0	0	0	0
-0.2563450245891019	0	0	0	0
-2.3772790803546613	0	0	0	0
2.437040551661674	0	0	0	0
-0.3402852948442785	0	0	0	0
-2.0868902500675333	0	0	0	0
2.8701113750964495	0	0	0	0
-2.4465123063919734	0	0	0	0
2.4942889861238413	0	0	0	0
-1.7754893840375416	0	0	0	0
-0.24304536949409083	0	0	0	0
1.4337899147914683	0	0	0	0
-1.444806710836346	0	0	0	0
-0.2192934225653147	0	0	0	0
2.1586106540265604	0	0	0	0
-2.5069576921792276	0	0	0	0
1.9404319906218888	0	0	0	0
-1.1434689151644832	0	0	0	0
1.2809761498401997	0	0	0	0
-2.461850618237186	0	0	0	0
2.478562255393733	0	0	0	0
-1.1656552057607783	0	0	0	0
0.3172896061271544	0	0	0	0
0.4659029053471073	0	0	0	0
-2.613117749600505	0	0	0	0
4.86996010655519	0	0	0	0
-4.887254165035358	0	0	0	0
2.8779231621072583	0	0	0	0
-2.1410353338010992	0	0	0	0
2.5224254570012974	0	0	0	0
-2.615317508925088	0	0	0	0
2.504740566252721	0	0	0	0
-3.133603966874425	0	0	0	0
3.7180658274971847	0	0	0	0
-2.9034470903414515	0	0	0	0
1.2945095556889612	0	0	0	0
-0.26436839242362	0	0	0	0
0.3003651073612801	0	0	0	0
-0.950241494637929	0	0	0	0
-0.166006546491829	0	0	0	0
3.1291032934219345	0	0	0	0
-4.231765159278076	0	0	0	0
2.9137248961715088	0	0	0	0
0.15454202983662668	0	0	0	0
-2.440801585033732	0	0	0	0
0.8662817827515212	0	0	0	0
2.896810674813473	0	0	0	0
-3.4583751080844536	0	0	0	0
1.2289461703498645	0	0	0	0
0.4071211596884865	0	0	0	0
-1.1731995780129338	0	0	0	0
2.153704961793423	0	0	0	0
-3.6141411289674252	0	0	0	0
4.098810044900304	0	0	0	0
-3.1370628311434174	0	0	0	0
3.1339016236976462	0	0	0	0
-3.9559352900169173	0	0	0	0
3.7510834544348697	0	0	0	0
-1.8360963081352324	0	0	0	0
-0.3630169374670089	0	0	0	0
1.899898285506552	0	0	0	0
-2.0060359843927387	0	0	0	0
0.21919424020704525	0	0	0	0
0.08222792149472724	0	0	0	0
0.8175872662164565	0	0	0	0
0.39836824267737114	0	0	0	0
