0.06965121708462618	1.4371977855487543	-3.292691612483736	-0.16119373848425766	16920.553051010786
-0.5753211986983331	4.465475051240695	-10.175721766400443	0.5134168906698449	16921.523831960058
0.9791611223851149	2.6466948401603005	8.251726463953403	15.435601941172948	16923.250449666968
-1.4694458607281788	4.250305364559331	-9.004504813975387	-0.9888454587505748	16918.88579043823
2.463508784839874	-0.3743403966477601	-5.489295773472875	-19.685436982358638	16931.064089915108
-3.5229773620300833	-1.9442001974251681	0.6808924984797216	6.312940413603215	16891.786328969763
4.03416511366715	-0.885300728332929	-2.2373661121404496	-21.400142839593784	16915.488428279583
-3.1539344172109693	2.368265644960303	0.35997086463677874	27.315491261144388	16884.021719726767
1.411948176649048	2.8439529990764214	9.775741548554052	-20.79416683618841	16884.214328231832
-0.9357217032660614	-3.611383390895597	-3.2700516906040775	5.241245348239019	16902.840397106047
0.4000010488539658	3.2598010245609075	-6.499339925166822	-20.3225143172549	16914.035205402804
0.8805844500019191	1.527935226381942	3.8860726033259994	-17.639490221227362	16923.39019628354
-1.4657223144264364	4.898230478614131	-4.531905904811353	11.451760945926523	16996.367962141543
0.38221251232997133	-5.703362120699303	-3.0745785621247705	-11.14280524432472	16988.361497501297
0.7272748885499496	3.3932420165335344	-1.98864421324879	-3.6006578844763055	17061.224696348894
-1.6855700306303731	-5.552975818406267	-13.623719844967553	-1.8886854477291024	17150.073056719706
1.6047038900585378	1.194792076870101	0.7987224443264722	-13.502579320841932	17165.736415137908
-0.21791575917053052	-1.8323767646031968	-4.7366413251874775	14.071581147653347	17232.97802747688
-1.2615185842671295	-6.119765021860658	-1.7514647736623914	-3.8174377837137285	17260.39243295728
1.9042455818153812	0.3032722851668339	-9.524781650721295	-15.422553421885993	17246.81031238349
-1.954941071050662	-4.247946614805869	7.475042957518156	4.024279392862496	17233.653591363243
1.3861977180110046	-3.6830101477998127	9.616886002667187	15.141045730798396	17133.142904155047
0.09418582539673537	-5.734580293131131	-5.938749383797244	-13.562522998749245	17020.415385848442
-1.450725183176857	7.094933791380363	8.518265209915597	-2.3157455145094445	17001.644517922574
0.9220982978648138	-6.489621967843746	-7.03818485725769	22.06665852710917	16955.86407940889
0.5726417934443475	3.1793629215910855	-2.193251413525701	2.4980019470545898	16884.324762846198
-0.7745807992462659	6.000045299338808	-26.754406743795826	-5.533648465189074	16889.801961703026
-0.40942665572145387	2.0028984618828005	13.028113799625402	15.798636381975783	16872.849060889075
0.31643290848211336	-5.683822847515465	-9.220046570267257	7.388733912501209	16812.5173358865
0.7341571243518672	1.8167262671180993	-11.304243695636359	2.821542516981694	16788.890375951283
-1.0813677871527716	-5.082315486576867	-1.0230835862289496	12.94078584678715	16817.667210631902
1.0129243139413049	3.2065763081205034	-0.9464759478346423	-42.013386738196175	16797.950843838986
-0.5988824615872517	-7.922192928574447	0.07074448407838929	69.88502144511475	16801.721658106882
0.13458246083735048	2.696018291642666	5.95866630654956	-26.030485160634612	16677.90555488827
0.050654255885525856	8.23828562584054	4.508278374407283	17.200040652783713	16854.486872707355
0.63152829501459	-7.264141068672146	-4.347582084372959	-2.844117106506502	16953.399778427498
0.013427136904923032	-1.773413753069235	3.3268551744233577	-8.653270347090213	16899.23491091617
-2.0966190974899916	1.033608756440465	-7.421655470186579	0.6349235102354669	16912.939541534313
3.6289939206028166	-1.7648570900953615	0.40587528188567035	0	0
-3.744296546148469	-1.3700513367003353	12.484375663044318	0	0
3.400782493643021	1.2189991691457465	0.18835781846738087	0	0
-2.347163575406128	-4.5847130765992645	7.016342571898505	0	0
0.446593654932542	-2.035092837521816	5.0794538789513695	0	0
0.8256129282732871	-2.591224300892364	3.238893140629912	0	0
0.0809349533974455	-0.22005239850804514	8.98692381070552	0	0
-1.3293418352762174	5.133220265312815	4.590244867561395	0	0
1.247474668865344	4.785702370054338	-1.800122113599528	0	0
-0.41853334267475617	4.179615793016239	-2.1245216944668357	0	0
0.16263661394996376	-8.575246757789088	15.0897497375327	0	0
-0.7636547671531559	-9.936016037444816	0.1825040652559693	0	0
2.1935110642791003	2.4495589291957884	-16.746581297264086	0	0
-3.0255821399418252	7.950954308338822	5.902054704874004	0	0
2.943359888950532	-3.411772640326234	-7.241174862233166	0	0
-2.7718260896595908	11.434953557771237	-2.673084288925679	0	0
2.405870758246401	3.8163834254568485	7.659083149051142	0	0
-0.5397837416062146	-6.937261389314898	4.13628191045639	0	0
-0.4670180049227497	-6.158901906472806	0.18295750178968717	0	0
-0.21858445232634693	13.10691672442789	-6.001955526206942	0	0
1.1853360398593793	-2.872697830503256	15.516752212855607	0	0
-1.549751624466417	4.386269030362712	-20.785087806571312	0	0
2.2168396328823974	1.8188134743159736	2.987719457946838	0	0
-3.773057196335259	5.824795854444247	70.8035644889221	0	0
3.762081143730903	-2.659765885576988	-35.36599406806633	0	0
-1.9774786549994303	1.7858469593213329	16.173601953671465	0	0
0.24584674709072374	1.620277344808997	-10.006113063395503	0	0
0.1399910799500148	8.877263774129062	-1.2696694365070869	0	0
0.32015613956450295	-2.1492613315784865	1.5019160802168727	0	0
0.057328306563611875	-3.745831992517239	-1.921603131883458	0	0
-1.2049957101477915	-0.19876309810193504	5.166860953693671	0	0
1.864036220529215	1.255726743970115	6.396714194668903	0	0
-2.3356916438341173	2.8194912898442936	0	0	0
2.022692899265273	-1.5835457557176653	0	0	0
-0.9972715304757713	-1.9455014200151126	0	0	0
0.5391369633274294	-7.095002876408188	0	0	0
-0.9142411289017645	3.874861636715991	0	0	0
1.3199182447324702	-3.4337009691145965	0	0	0
-1.7759379592149571	-1.0633134107937963	0	0	0
2.1708135544084612	0.8245255329592354	0	0	0
-1.8313625780281697	-0.03558613997811477	0	0	0
-0.07822478474855643	1.713031253857224	0	0	0
0.9302878863553445	-5.647671968791883	0	0	0
-0.385105506969893	4.574387673905463	0	0	0
0.1216032986315696	-2.077841258980733	0	0	0
0.07165320806659281	3.1772166476900807	0	0	0
-0.5874203597811203	-0.671409512351282	0	0	0
0.9652999905408137	-5.926361718217187	0	0	0
-1.0776888205280528	5.999313052057957	0	0	0
0.835887833821559	5.2343234102704415	0	0	0
-0.2914285885848784	3.9626825664511074	0	0	0
-0.3795972679087143	-9.906171782781541	0	0	0
0.9770478290621725	-2.3387017018273113	0	0	0
-1.1037796772464787	-2.1540519444863904	0	0	0
1.8430332801140494	-1.9679372380591218	0	0	0
-3.2648742384959277	2.347089224552043	0	0	0
3.5901138819794696	-4.224351063004086	0	0	0
-1.248523709870156	1.817652565933784	0	0	0
-1.8136318639264886	8.464869721468496	0	0	0
2.8414895124875557	-4.502626935443132	0	0	0
-2.194303672799684	2.646405904995227	0	0	0
1.8617800230495334	-1.7142816168473374	0	0	0
-0.509295916764998	-3.666745700543899	0	0	0
-0.7229146296447055	4.8558779074743725	0	0	0
-0.13162891320438064	-8.441105649709314	0	0	0
0.904779399319807	-0.6142271234320731	0	0	0
-0.4175807347272169	-5.031127674423587	0	0	0
-0.767544120166292	-1.5368886774082924	0	0	0
2.4188189991184927	-4.037144855228256	0	0	0
-2.5359493983827477	-8.627431445070492	0	0	0
0.8534097117760737	2.065963917383769	0	0	0
0.9327829010698352	-4.880326874266245	0	0	0
-2.577763487504086	2.827350660481585	0	0	0
4.44260347791284	-2.1514766762761255	0	0	0
-3.7132471936975406	0.00640287309033738	0	0	0
1.0180340411261923	-0.07305532245926116	0	0	0
0.7731685187849138	2.6332732321257737	0	0	0
0.05753130187348887	-0.8340086819623451	0	0	0
-1.067996581885538	4.177943728368888	0	0	0
0.9467031317949832	-6.538955139506392	0	0	0
-0.6063089218467965	-3.369484914920463	0	0	0
0.5913522902850943	5.852405552720889	0	0	0
0.1838285953383476	-24.256475407836945	0	0	0
-1.146131891726455	2.487377519213311	0	0	0
0.8922512769662916	-4.54640377602378	0	0	0
0.15481720447415626	0.771436377375629	0	0	0
-0.3546067487929818	2.4367165799659176	0	0	0
0.7476297845641255	-4.533669610676739	0	0	0
-1.8191945561562406	-8.01602840558025	0	0	0
1.0695037075914087	5.816650506156492	0	0	0
1.1082734431125445	-0.030318212662791666	0	0	0
-2.3481192878623176	11.337465686360439	0	0	0
2.7669489118826434	-15.136626967489029	0	0	0
-2.6035812277809	2.7271472082288213	0	0	0
2.0479606257286846	-3.342049817841925	0	0	0
-1.3169575581485589	0	0	0	0
1.1672256512291241	0	0	0	0
-1.5907079027196431	0	0	0	0
1.1523263647080881	0	0	0	0
-0.570373233804645	0	0	0	0
0.7505227823868239	0	0	0	0
-0.8354375669179248	0	0	0	0
0.5297569997565148	0	0	0	0
-0.751739694973665	0	0	0	0
1.1169842584980145	0	0	0	0
-0.392381541095844	0	0	0	0
-1.466415614117615	0	0	0	0
1.7963390448633803	0	0	0	0
-1.0679930876285155	0	0	0	0
-0.07180197934309263	0	0	0	0
1.0431096950716636	0	0	0	0
-0.7592808196700815	0	0	0	0
-0.0727390088873463	0	0	0	0
-0.5025455489083797	0	0	0	0
1.7844786603592269	0	0	0	0
-1.6301911525774244	0	0	0	0
0.3790495420537283	0	0	0	0
-0.12537743509801658	0	0	0	0
1.0981017582713406	0	0	0	0
-0.9861931213973705	0	0	0	0
-0.18521808697948927	0	0	0	0
0.4147701172607583	0	0	0	0
0.3919289533909591	0	0	0	0
-0.7873549656245373	0	0	0	0
1.2480208720574595	0	0	0	0
-2.345655791371854	0	0	0	0
3.4495411829826352	0	0	0	0
-4.01171522688302	0	0	0	0
4.230510564477797	0	0	0	0
-3.895045798794989	0	0	0	0
2.3842036492627585	0	0	0	0
-0.23324739367421188	0	0	0	0
-1.212358094418903	0	0	0	0
1.0788198773858753	0	0	0	0
-0.5569685749308917	0	0	0	0
0.28197237696544164	0	0	0	0
-0.18208763081179313	0	0	0	0
0.507394939199429	0	0	0	0
-1.8604157690005607	0	0	0	0
3.152251369073973	0	0	0	0
-3.5509742608071235	0	0	0	0
2.453736258581273	0	0	0	0
-0.8047088054287599	0	0	0	0
0.35888137447847157	0	0	0	0
-0.8617526195310816	0	0	0	0
0.8360518976159454	0	0	0	0
0.29312519241587154	0	0	0	0
-0.6160961952614201	0	0	0	0
-0.05027543960364511	0	0	0	0
-0.23489207059224526	0	0	0	0
0.39932456791449766	0	0	0	0
0.3324094477295887	0	0	0	0
0.20081152791770052	0	0	0	0
-0.9860996859948656	0	0	0	0
0.057723989406795795	0	0	0	0
0.4094736093122222	0	0	0	0
0.17444916413116118	0	0	0	0
-0.01589051427933441	0	0	0	0
-0.33345539464198737	0	0	0	0
-0.034254732104017194	0	0	0	0
-0.09730691106301492	0	0	0	0
0.7442673941654618	0	0	0	0
-0.7639899227673794	0	0	0	0
-0.3418054752305224	0	0	0	0
0.29799719447471773	0	0	0	0
0.9247026494457558	0	0	0	0
-1.4754283308149496	0	0	0	0
0.9538057909405069	0	0	0	0
-0.886539313068667	0	0	0	0
1.0505341230634926	0	0	0	0
-0.46340828627869257	0	0	0	0
0.11049421225028766	0	0	0	0
-0.5579768788423607	0	0	0	0
0.6536841032770795	0	0	0	0
-1.027717535321898	0	0	0	0
2.3203472654299233	0	0	0	0
-2.293409070237871	0	0	0	0
0.9722169127311489	0	0	0	0
-0.3989543772981179	0	0	0	0
0.5013790517375085	0	0	0	0
0.6079907028052745	0	0	0	0
-2.0809721819776357	0	0	0	0
2.0228957774457967	0	0	0	0
-1.3327691828338715	0	0	0	0
0.44644856798421984	0	0	0	0
0.8852372735641154	0	0	0	0
-2.035444196308397	0	0	0	0
2.6732920046146376	0	0	0	0
-2.3158648033982203	0	0	0	0
0.7519972991042962	0	0	0	0
0.43656596360592914	0	0	0	0
-2.297666475788624	0	0	0	0
4.234091756290788	0	0	0	0
-4.540551854734254	0	0	0	0
3.5986885931120725	0	0	0	0
-2.9045686725375717	0	0	0	0
2.0472922390729096	0	0	0	0
-4.042566401697897	0	0	0	0
9.503447657131169	0	0	0	0
-9.093797521679512	0	0	0	0
2.544987091737994	0	0	0	0
0.3852679253309361	0	0	0	0
-0.5822404165918158	0	0	0	0
1.1496424376714458	0	0	0	0
-2.032669718273425	0	0	0	0
2.760062595625925	0	0	0	0
-3.132674725316271	0	0	0	0
2.8880128322065772	0	0	0	0
-1.22613627158956	0	0	0	0
-0.5504769036629114	0	0	0	0
1.1377139957685998	0	0	0	0
-0.9712711437831132	0	0	0	0
0.408515620700868	0	0	0	0
0.4016047847423536	0	0	0	0
0.020172374555748718	0	0	0	0
-1.2219426929728314	0	0	0	0
1.1688028642425294	0	0	0	0
0.30519318760619996	0	0	0	0
0.0075421453285642315	0	0	0	0
-1.351626005987086	0	0	0	0
0.6159227591582663	0	0	0	0
